-2.064088661772203
-1.225694613429558
-0.3718242507978348
0.3683388903475721
0.402231899597651
-0.2069639541848262
0.2908391951031414
-0.2174900888225213
-0.176686222786163
-0.1234365996270335
0.1542053706310753
-0.02182829671536599
0.1580520937685682
-0.06494999995521325
0.1455889167522077
0.1078259743800595
-0.06770952233017336
-0.09708654223821418
0.06620942583631903
0.01330922553935504
-0.05644582424945567
-0.07542471242289396
0.04774615988950694
0.04759161299319127
0.06939670757687028
0.04462544872813887
-0.004558380979815223
0.05557934012256497
-0.0378261405073711
-0.03123076031049212
0.03827732072701585
0.02069823016328637
0.004249121380366537
-0.024016168177011
-0.03922332520341372
-0.02430153764642987
0.003874730210224561
0.03362084596022971
0.02092000087153824
0.01601819538349422
-0.02906946994345345
-0.001096130540762072
0.01673927447734247
0.01142025313052102
0.01807847253361821
0.0001143927011954407
-0.00995028033860124
0.01429065899444312
0.006423061275426479
-0.008209695517563276
-0.00615229612511846
-0.02008843325778748
-0.01474654277101505
-0.0006957191994627619
-0.01416240012348476
0.01090442297351022
-0.001427355741511729
-0.005670567576298505
0.006938385326298693
0.004616745769034064
0.0008968837675478909
0.001120293966471773
-0.01064777103914112
-0.009269947143728493
