7.808515696606787
4.638782568630223
1.405794542695018
-1.394699832092412
-1.520893037298242
0.784075019240505
-1.099341172448696
0.8239342520501758
0.6675798492471853
0.4679681865326654
-0.5825652007154684
0.08277898031288861
-0.5988355783218506
0.2449572932546612
-0.5516575251667062
-0.4072091541887648
0.2569097932392129
0.3666478163239627
-0.2511945576030974
-0.05020588462600517
0.2129232098426403
0.2860076433763965
-0.1800418741764048
-0.1806604111142392
-0.2620069682477131
-0.1693921806334655
0.01725374001914932
-0.2097665931324722
0.1436258985516244
0.1176795986152593
-0.1452996240389497
-0.07786891869099491
-0.0159731108939363
0.091306569029935
0.1479855798449332
0.09235707124144886
-0.01455519365557771
-0.1268261921790307
-0.07953509932404555
-0.06023803280552668
0.1103410095756546
0.004241285562958615
-0.06299988208107915
-0.0435445288079348
-0.06808114969283584
-0.000544449977911662
0.03794207272332283
-0.05376927356062297
-0.02459571494624152
0.03098149429199208
0.02300287666808611
0.07628226306632013
0.05553108384760139
0.002798958583952398
0.05378893516271582
-0.04100655511963319
0.005643161884134607
0.02135824487048837
-0.02603302391459519
-0.01723773156133199
-0.003612037844211519
-0.004172610701088047
0.04050364154719462
0.03486246069347022
