6.006465237214777
3.566453239939517
1.082130298429248
-1.071666033759463
-1.170606023280661
0.6020887886027935
-0.8464780636818685
0.6327137363577656
0.5142819279035731
0.3590439983656539
-0.4488582119173
0.06348891359957315
-0.4597874943060618
0.1891190957080516
-0.42352437647832
-0.31387970734876
0.1969161942987414
0.2826179246782756
-0.1925571431503298
-0.03875171826176167
0.164350915873655
0.2193809699935697
-0.1390304475170531
-0.1383953594281032
-0.2020239043652153
-0.1297711252493595
0.01326339370594286
-0.1618107843522218
0.1099920630613165
0.09095303414870218
-0.1113100868912681
-0.06029826791233432
-0.01238050919531376
0.06981692574824089
0.1142005170953984
0.07065182079392443
-0.01129128246336678
-0.09789200469033874
-0.06081614595314613
-0.04666807245802261
0.08453463688385293
0.00317514518350254
-0.04876116692141479
-0.03318014789238824
-0.05265589719096082
-0.0003156652470749904
0.02890894382513035
-0.0416307174387302
-0.01864521710617905
0.0239018070064951
0.01794492965142907
0.05841277391243153
0.04295160450625551
0.001998783837002421
0.04117966207203583
-0.03176950474811766
0.0041160543907094
0.0165157061925285
-0.02022375678314185
-0.01346974225801226
-0.002576137655275701
-0.003270134255689203
0.03095049855870413
0.02700717007553872
