4.106308832733129
2.440644559130485
0.7387512498201263
-0.7342333266751895
-0.7993199020986015
0.4130335759457845
-0.5775418454519725
0.4340187934629736
0.350541434120919
0.2467249576191722
-0.3058539519469493
0.04365852446346578
-0.3154919111237484
0.1283444684441797
-0.2906635392172332
-0.2137007062566512
0.1355825996689583
0.1924122497773425
-0.1325516761100447
-0.02631182416984335
0.1115851880669265
0.1508283777874206
-0.09431247067229719
-0.09539498664309816
-0.1374539504633768
-0.089439601233993
0.009079135197185787
-0.1100016565688227
0.07586184448639258
0.06159077172288118
-0.07672115697289314
-0.04067686197961652
-0.008336045970617529
0.04830065688442466
0.07757195325042343
0.04883478341668963
-0.007589414230381184
-0.06646676867521992
-0.04207343294842657
-0.03145173036637813
0.05825852557572708
0.002289878226915731
-0.03292551553209812
-0.0231136653215272
-0.0356071076065986
-0.0003565538026634382
0.02014135096199807
-0.02809188885395619
-0.01312106439675655
0.01624459961180832
0.01192599239324955
0.04029546880605766
0.02904179630425233
0.001576908217614382
0.02841963414468392
-0.0214102076649838
0.003120609666197401
0.01117288295383035
-0.01355493850149639
-0.008921879061807844
-0.002037177385673182
-0.00215309826368774
0.02143988950139925
0.01820383828187975
