-7.031890474908919
-4.180264347893522
-1.264758274371849
1.257838231373858
1.368505261257061
-0.7077424487642541
0.9886607701705339
-0.7436938062310422
-0.5999641113351285
-0.4228985677276054
0.5234507878314548
-0.07484229471598564
0.5406263305312873
-0.2194916815565575
0.498097190641296
0.3656806591789148
-0.2324774572645016
-0.329250942294615
0.2272713409177509
0.04500200160705975
-0.190845876476631
-0.2585504409387009
0.1612786948482246
0.1636019647768399
0.2351803568469659
0.1533851771260361
-0.01555126145543095
0.1881815924931164
-0.1301165005869538
-0.1052894550321278
0.1315750948038246
0.06948859307696062
0.01423558616674288
-0.08288945296495599
-0.1326838941756575
-0.08379276453523095
0.01295640507879672
0.1136803678212561
0.07220268950684439
0.05371979091346851
-0.09990971966017061
-0.003958191279375398
0.05625685866043363
0.03971424568110256
0.06085486000821884
0.000654108531801036
-0.03460808161039996
0.04799220055377396
0.02258502094066485
-0.02778860581623485
-0.02031705779135513
-0.06911620290602283
-0.04963340110258435
-0.002765443336557323
-0.04875009516323567
0.03656864585725333
-0.005438698642277241
-0.01909663072867239
0.02312855377891911
0.01518977401397822
0.003573869164946175
0.003661585613593882
-0.036801675650002
-0.03109315665253748
