8.693517008628113
5.166568432742298
1.564254516220901
-1.55409649527135
-1.692466606048524
0.8741197415283453
-1.222979962327698
0.9185369024710064
0.742370990823525
0.5220598350801272
-0.6477537095723257
0.09237276444108755
-0.6676710934275292
0.2719325329428823
-0.615115017754797
-0.4526268883293174
0.2868274106122627
0.407538016395959
-0.280422061093484
-0.05574572471724093
0.2364121983864512
0.3191297041079019
-0.1998354518308154
-0.2017862365467726
-0.2911536772896652
-0.1891913967855962
0.01921893137741803
-0.2330252327665719
0.160458328661889
0.1305269995171296
-0.1622869882969649
-0.08624019046950188
-0.01767708412554699
0.1021296999612798
0.1643411312116004
0.1032687538155169
-0.01609682132805472
-0.1408202876701424
-0.0889625890705041
-0.06668858922037342
0.1232349994371051
0.004821146305185767
-0.06979912091494345
-0.04883758812642278
-0.07547208218818738
-0.0007232426679588747
0.04255662729554822
-0.05955654277450299
-0.02769468837304358
0.03441316637727443
0.02532548733900046
0.08522879026091368
0.0615570570396773
0.003291226036334952
0.06010753784892951
-0.04539719517548772
0.006537811751903336
0.02368075986857652
-0.02875817684772273
-0.01895299358310482
-0.004250960404237517
-0.004576885879653897
0.04532763940489704
0.03859784487133168
