-2.042486347701366
-1.214248369291405
-0.3673423320875759
0.3653827129991453
0.3974783090396299
-0.2055982926194197
0.2871448903153667
-0.2160416667605433
-0.1742458743137035
-0.1228594998111477
0.1520225305019156
-0.02174359095418558
0.157052733135815
-0.06373558083849748
0.1446989860540007
0.1061989256751059
-0.06754387616422243
-0.09561913127073901
0.06603073134917831
0.01306785236779665
-0.05541842552609522
-0.07511490031675755
0.04683104693540349
0.04753482378636947
0.06829801553581362
0.04456611377381943
-0.004517249299123125
0.05464748392940041
-0.03780641475169551
-0.03057118391580192
0.03822928013128535
0.02017327321301641
0.004132435483692397
-0.02408699656333794
-0.03852987047677511
-0.02434867211770116
0.003760846781905427
0.03301093956141361
0.02098150185212388
0.01559484026686879
-0.02902872589649479
-0.001151971683208716
0.01633257671990403
0.01154362195079908
0.01766847733456493
0.0001926767205605003
-0.01005948419838929
0.0139328057459
0.006567192155235699
-0.008069665275640049
-0.005894782882027691
-0.0200824212546738
-0.01441040544982724
-0.0008072632612892365
-0.01416507002684284
0.01061585923990508
-0.001585571215567658
-0.005544566873149951
0.006712767779426837
0.004406566864473285
0.00104332629451815
0.001061972949644868
-0.01069477969786971
-0.009026389100263568
