-7.769717295985878
-4.614553135482074
-1.39931409983269
1.387001951072926
1.513800927720465
-0.7794952290170418
1.094434685757394
-0.8191329747499666
-0.6647680476634182
-0.4650321618857344
0.5801568403936757
-0.08224482871071942
0.5953005496361293
-0.2441971233490635
0.5483748402830952
0.4056119715762179
-0.2551691907694025
-0.3652118159403063
0.2495069020886821
0.05004368261746205
-0.2122384974047282
-0.2841766281507131
0.1795024065924441
0.1793855283752866
0.2610234948213047
0.1682019805337111
-0.01716239037686368
0.2090237033761129
-0.1425906774118388
-0.1173793556671587
0.1442762402489011
0.07774564650841932
0.01595549285029151
-0.09057742176687106
-0.1474922354947373
-0.09164039518281873
0.01454558219182405
0.1264166921161573
0.07890009454076213
0.06015741073238215
-0.1095674268278777
-0.004162646663761671
0.0628848513524366
0.04312043898474309
0.06793171673801794
0.0004737676975056782
-0.03757107981952119
0.05368027071875197
0.02429272619880973
-0.03087383933740445
-0.02305377965745289
-0.07572854819354152
-0.05541069091981597
-0.002683406469728188
-0.05339259686401618
0.04095203808582595
-0.005466990319354489
-0.02130914108353682
0.02603457461048694
0.01729056191959903
0.003460767906556042
0.004191736860683946
-0.04016683058829137
-0.03481462321672588
