-3.00144332849299
-1.784732091390577
-0.5396453192914699
0.5371842636637436
0.5839433783599827
-0.3023526301058131
0.4217779711835816
-0.3177069028869251
-0.2558890012602981
-0.1807434817808146
0.2232379570791332
-0.03199270181056546
0.2309737278873266
-0.09350951646296901
0.2128139163089663
0.1559197666117254
-0.09940858816134331
-0.1403859966824327
0.09717692162623437
0.01917459972187065
-0.08131500422011409
-0.1105163965981512
0.06870179080982365
0.06997657570294075
0.1002596996946748
0.06560459464357964
-0.006639965962822377
0.08020643262685206
-0.05566231098392684
-0.04483110564214702
0.05627707689989003
0.02955818356017836
0.006052366255050186
-0.0354863800168163
-0.05654043024849884
-0.03586509016369786
0.00550600747683555
0.04843733660343232
0.03091110598682891
0.022844955534731
-0.04273177462627063
-0.001711712055767629
0.02393586342063299
0.01703153869638668
0.02590199163036559
0.0003054326452847931
-0.01484229317220881
0.02041591731303338
0.009709787486785582
-0.01184323927845503
-0.008608263629624757
-0.02956848026843853
-0.02112519519378438
-0.001219591334353013
-0.02085793996819977
0.01555116035613668
-0.002378539197898129
-0.008129082349223075
0.0098215651816446
0.006430108277215081
0.001576842353197348
0.001547510129253518
-0.01576043382421013
-0.01322326188750075
