7.610776299957159
4.525238038613723
1.368517018748447
-1.361934921760972
-1.480833164122583
0.7664936430563403
-1.06965387358426
0.8054212865612206
0.6489947035290549
0.4581483304352225
-0.5661961588349147
0.08109110966798094
-0.5855312086672265
0.2372351678563029
-0.5394881089434556
-0.3954808849350953
0.2519464315278486
0.3560809757134366
-0.2462941875841665
-0.04864453125354119
0.2062909623824298
0.2801271274885868
-0.1743026874984515
-0.1773388697080439
-0.2543143776800934
-0.1662605233570946
0.01683549114963666
-0.2034600951558938
0.1410570620506254
0.1137546783985466
-0.1426213434455056
-0.07502145097767229
-0.01536355368496925
0.08990923222784662
0.1434346544414719
0.09087428173699276
-0.0139783990632161
-0.1228818824930587
-0.07831726102750902
-0.05798660351988245
0.1082948834742216
0.004324991113354751
-0.06074727543539604
-0.04313138209555073
-0.06573033617680457
-0.0007562998706982741
0.03758687087269666
-0.05181640116715123
-0.02457281064570955
0.0300433438115977
0.02187219419568965
0.07493023855829567
0.05360884773198019
0.003065347266730202
0.05285508277062707
-0.03947304906629352
0.005991681909773769
0.02062820117968115
-0.02493957486325803
-0.01634186525630528
-0.003962784639426675
-0.003934687436216231
0.03992759530172861
0.03356379101627139
