-9.052947168202502
-5.379214191313073
-1.629339961996425
1.617722924015822
1.762820477838521
-0.9097014378185911
1.27399740523895
-0.9559359039037618
-0.7734764921732955
-0.5431455139436471
0.6749317780029082
-0.09609159351723087
0.6948188709200037
-0.2835484883370951
0.6401045517339295
0.4716883832444952
-0.2983073706335182
-0.4247023630222089
0.2916572597802298
0.05812172173211332
-0.2464911700796756
-0.3319894516900657
0.2083873486598222
0.2098211736920944
0.3034510765465297
0.1967290446754522
-0.02000894365290269
0.2429038228687285
-0.1668300360186824
-0.1361556607243175
0.1687507651370158
0.09002081364618134
0.01845830460784129
-0.1061274996805387
-0.1713330944195485
-0.1073280968432829
0.01681348143122859
0.1468224086040275
0.09244511936275586
0.06962413820489254
-0.128146338360421
-0.004973529817404367
0.072846387466101
0.05068736981049844
0.07874641485713854
0.000697716361990057
-0.04416733791062366
0.06216413287958239
0.02869232920759436
-0.03587369717633912
-0.02650722865987384
-0.08861012540623595
-0.06422887825542953
-0.003344442659722058
-0.06248744417115705
0.04739575649465817
-0.006687379804010796
-0.02470630848676773
0.03005385198935125
0.01984945479367674
0.004318064860963276
0.004798607549083855
-0.04709121756358856
-0.04029582737021052
