9.446555189146901
5.614221382654326
1.699699332699549
-1.688792371627614
-1.839021366411538
0.9499069186343867
-1.328858115997372
0.9981739351921661
0.8066236896689243
0.5673438257153437
-0.7038125538353979
0.1003867882120628
-0.725562752999017
0.2954405157680839
-0.668452386905878
-0.4917899103235482
0.311720310081658
0.4427995644995012
-0.3047575964918486
-0.06056548525367871
0.2568520069462086
0.3468150720922295
-0.2171088267250082
-0.219303870825663
-0.3163408784843932
-0.2056151044483208
0.0208842656534318
-0.2531792644618132
0.1743903849860476
0.1418041016421035
-0.1763753697948516
-0.09368328415124377
-0.01920194045288844
0.1110045462707505
0.1785516114915001
0.1122404451244917
-0.01748469690941304
-0.1529955669092554
-0.09669322266845694
-0.07244273718043737
0.1339328414069484
0.005244669919271538
-0.07582483248222691
-0.05308926636229555
-0.08199013194625179
-0.0007928714809895543
0.04626164799733169
-0.0646970767427405
-0.03011218255512739
0.03738930543647313
0.02750223747764146
0.0926293001328828
0.06687320492172333
0.003586749222912907
0.06532734299002817
-0.04931421234185359
0.007119326048718018
0.02572614969072018
-0.03123579468643869
-0.02058050202098102
-0.00463286373697154
-0.004969246702138884
0.04926786160118365
0.04192834954146415
