-4.751643716218502
-2.821692961374863
-0.8559263309139935
0.8479865797801724
0.9259289984177294
-0.4764872203405066
0.6694909763859644
-0.5007204952716796
-0.4067079909733881
-0.2841979248738896
0.3549571007444617
-0.050258004121098
0.3638812934999667
-0.1494883374330831
0.3351892076865901
0.2481931762994104
-0.1559015274005858
-0.2234730775404227
0.1524466097579651
0.03063281319643579
-0.1299167705567402
-0.1736587496212369
0.1098908651025785
0.1095832993037468
0.1597340139118383
0.1027531411400537
-0.01049400949095381
0.1279269355552032
-0.08709899277392645
-0.07187616881646156
0.08813630829421044
0.04763108589616163
0.009777641328414102
-0.05530465598115491
-0.090278282695873
-0.05596042804988401
0.008915708826962552
0.07738247365593885
0.0481747657175848
0.03686034999097502
-0.0669343308051475
-0.002527142820473803
0.03852167447912687
0.02630372140945304
0.04160518297240924
0.0002678153096654333
-0.02291810171307306
0.03288613432029938
0.01479814210292768
-0.01889611428051605
-0.01415203630176122
-0.04625616644597132
-0.03393709314980685
-0.001608279007237739
-0.03261111384397583
0.02509273974328511
-0.003295609144900367
-0.01305019688892595
0.01596391372144447
0.01061887469968416
0.002073459092584044
0.002576351650241244
-0.02452067611286264
-0.02133165789045878
