-2.130885479998276
-1.268373451673987
-0.382569121553744
0.3822191929259243
0.4140624576694391
-0.2154072086253344
0.2988327030561932
-0.2263336284211342
-0.1811149037249264
-0.1289898091105272
0.1579551365551018
-0.0228481180499574
0.1645946021910172
-0.0658862016707622
0.151682162647162
0.1102285578200525
-0.07108439813567995
-0.09924468197163183
0.06947296864285776
0.01351744352491475
-0.05732084852196372
-0.07891079408156379
0.04838604399767632
0.05009343102994218
0.07083109368953761
0.04695797440235791
-0.004720227426274572
0.05661509663617983
-0.0398697785996695
-0.03151665587005309
0.04028406647888456
0.0206964819019161
0.004229343786162347
-0.02549510710073263
-0.03987647429237112
-0.02574452836058501
0.003840446614065529
0.03414701882745134
0.02220769191271316
0.0159798324398454
-0.03058391436301588
-0.00127816056053613
0.01677701777009896
0.01231859596966682
0.01818295352690508
0.0002911131906449061
-0.01073665889762382
0.01429981822990033
0.007090907654688597
-0.008357618966949537
-0.005931136041782195
-0.0211829877000244
-0.0148282086914872
-0.000976796506000693
-0.01494904166604183
0.01087780537502767
-0.001850251099322421
-0.005709053352209465
0.006830110524811117
0.004414062122318502
0.001264856758718336
0.001055153075883472
-0.01133700045686973
-0.009251238674716594
