-8.627728758613118
-5.128846070878473
-1.551829038703228
1.543230786762191
1.679117299747944
-0.8683017442119133
1.213077462791458
-0.9124100323683774
-0.7361645280999058
-0.5188207387808812
0.6422854299798881
-0.09181683334475393
0.6632703352937661
-0.2693424489180861
0.6110910277788366
0.4487053769138755
-0.2851973245419478
-0.404004771327367
0.278811798723257
0.05522227133621452
-0.2341885808163456
-0.3171919815829245
0.1979097957774876
0.2006983839736252
0.2885798098095079
0.1881653990220519
-0.01908003602886165
0.2309133956495279
-0.1596183427510401
-0.1292082043023658
0.1614096625116285
0.08528082261522728
0.0174714708384665
-0.1016773538086146
-0.1628160177163763
-0.1027871641989356
0.01590206804014722
0.139497972001619
0.08856832408607815
0.06592959244176594
-0.1225644972656184
-0.00485161272882622
0.06904067951178688
0.04870957251046384
0.07468138906338706
0.0007968134735072893
-0.04244673636811794
0.05889873494799231
0.02769527147254628
-0.0340989424383464
-0.0249418158641105
-0.08478689449345821
-0.06091047877784939
-0.003384462263601949
-0.05980269422222645
0.04488023627597596
-0.006660473871755952
-0.02343528931445941
0.02838846039595719
0.01864866973863172
0.004373686848349045
0.004495921113899087
-0.0451421222722268
-0.0381601061203849
