7.762355691557916
4.620344131968965
1.393645164953356
-1.392298707574626
-1.508366312679853
0.7846434230344054
-1.08861432061061
0.824444695327866
0.6597909364098541
0.4698476296230878
-0.575423827117065
0.08322384543956506
-0.599551096317295
0.2400349207034845
-0.5525148860157426
-0.4015628044838355
0.2589190079000521
0.3615486377052206
-0.2530503077902908
-0.04924603315452208
0.2088284534476983
0.2874319412351755
-0.1762798624376676
-0.1824583569030951
-0.2580402582462989
-0.1710381853699768
0.01719445343028558
-0.2062533775004847
0.145218940018407
0.1148243347447048
-0.146729239525129
-0.07540760221282521
-0.01541004927334827
0.09285771812088854
0.1452749486993786
0.09376730415930946
-0.01399343180999284
-0.1244025806318344
-0.0808843857677267
-0.05822332872842914
0.1113979717177371
0.004652838179159902
-0.06112613861259428
-0.04486235350477769
-0.06624714155295226
-0.001056656836508506
0.03910111756650221
-0.0521011165661127
-0.02582053185368941
0.03044759006303011
0.02161508580483175
0.07715527885163881
0.05402465466551878
0.003552575712023413
0.05444891512261014
-0.03963383418468973
0.006731788725800228
0.02080003553298197
-0.024887927956681
-0.01608720898006641
-0.004600155739127768
-0.003845923529987142
0.04129067476270326
0.03370726260021157
