10.11898424101656
6.023026974747618
1.81676885613362
-1.814970444573151
-1.966317698418018
1.0228356318661
-1.419133315201936
1.074719668014354
0.8601186835563728
0.6124712563102227
-0.7501373177249941
0.1084861916975885
-0.7815540601677559
0.3129243229947035
-0.7202384085358488
-0.5234905470584937
0.3375103199526179
0.4713268226238466
-0.3298607375542486
-0.06419994198119217
0.2722408090064788
0.374681542937785
-0.2298099418103316
-0.2378393995273189
-0.3363913038287816
-0.2229530741373864
0.02241444865388107
-0.2688814308773593
0.1892960988501727
0.1496942907902413
-0.1912656071197248
-0.09831004526367131
-0.02009058310465242
0.1210397325625517
0.1893881751983532
0.1222260681170239
-0.01824391546975961
-0.1621782944792757
-0.1054325442768308
-0.0759071465317977
0.1452104576086101
0.00606348186487028
-0.07969053909217852
-0.0584754192563415
-0.08636595154005386
-0.001375160146674752
0.0509659446785098
-0.06792487212302596
-0.03365347165542944
0.03969295008127926
0.02818293249084118
0.1005735037395068
0.07043162246086324
0.004627700692369832
0.07097509541455616
-0.05167157750458257
0.008770549710495963
0.02711678690787835
-0.03244823760329949
-0.02097590158917077
-0.005992260955895473
-0.005014878442849972
0.05382183827521515
0.04394490803356869
