3.083505401278416
1.835394466095126
0.5536022332447741
-0.5530852224245922
-0.5991744328453665
0.3117000557717154
-0.4324315670850122
0.3275109742257212
0.2620871832907017
0.1866500626286112
-0.2285735999172193
0.03306142517256732
-0.2381725339527986
0.09534467485289756
-0.2194876934774482
-0.1595101801849905
0.1028590605060619
0.1436155857371874
-0.1005274417459189
-0.01956119195197094
0.08294944805710777
0.1141847286773717
-0.07002015507757817
-0.07248473487145508
-0.1024990365547027
-0.06794780138633555
0.00683037504353678
-0.08192756838968324
0.05769102803231294
0.04560865556123572
-0.05829069353757899
-0.02995111013478559
-0.006120600403151127
0.03689049440398783
0.05770540477185265
0.03725156832895389
-0.005557852922446913
-0.04941439811631289
-0.03213372678075456
-0.02312548947957958
0.04425469026371201
0.00184908867434291
-0.02427888674614408
-0.01782394354709806
-0.02631327436182118
-0.0004206921443923803
0.01553500630372601
-0.02069408043703033
-0.01025942366651359
0.01209430605038512
0.008584041112014964
0.03065146892627471
0.02145850080701075
0.001412634281280326
0.02163099405812123
-0.01574200313252062
0.002676185346263052
0.008261778439405093
-0.009884619515204647
-0.006388530899916867
-0.00182921176838198
-0.001527193440021248
0.01640412448082104
0.01338807528897387
