4.055586926609432
2.413781415374565
0.7282226053899707
-0.7273001774942047
-0.7881539511263234
0.4098338689272164
-0.5688623644822218
0.4306247797219689
0.3448068941291675
0.2453755947493549
-0.3007244411785363
0.04346072713442049
-0.3131504144230336
0.1254892221544923
-0.2885785835377206
-0.209877135977097
0.1351973251292286
0.1889640338299627
-0.1321353566582171
-0.02574448299462559
0.1091703663899102
0.1501037882349536
-0.09216161418724499
-0.09526402942522709
-0.1348725186605671
-0.08930229517826345
0.008982596832431836
-0.1078122250190213
0.07581719664932705
0.06004085216522276
-0.0766097560532748
-0.03944326033347403
-0.008061842022320414
0.04846805080308051
0.07594301413566815
0.04894632897032601
-0.00732185976895544
-0.06503419692270293
-0.04221850254041846
-0.03045726835122098
0.05816338427128874
0.002421113525386376
-0.03197034043231309
-0.02340364668604124
-0.03464432356646631
-0.0005404476269572633
0.02039791596040837
-0.02725163329195946
-0.01345952902104572
0.01591581489008415
0.01132141577330632
0.04028136563314688
0.02825273041702627
0.001838752783680572
0.02842580898151757
-0.02073289755426647
0.003491870643230251
0.01087709774675625
-0.01302548607696193
-0.008428680980816908
-0.002380700697691931
-0.002016180736883129
0.0215499598154698
0.01763235729614717
