9.312212945622662
5.542293094474021
1.67214583643513
-1.669922790447254
-1.809753571643567
0.9409812710707377
-1.306235942665236
0.9887182805056738
0.7917680604490472
0.5633673980099831
-0.6905468085706543
0.09978197212934856
-0.7189924026105515
0.2881790306761883
-0.6625734246476023
-0.4819433037402193
0.3103943283206099
0.4339204657635284
-0.3033656418246228
-0.05912023371998094
0.2507016484138123
0.3446262043027066
-0.2116455943837648
-0.2187089088605513
-0.3097129574474226
-0.205022279291111
0.02062487590681126
-0.2475770465727175
0.1740607753096127
0.1378858467500047
-0.1758822730915365
-0.09058908225053162
-0.01851622629560822
0.1112670013593154
0.1743959911678945
0.1123666591181963
-0.01681719511754471
-0.1493460163901835
-0.09692008257941583
-0.06995223079838385
0.1335330276045422
0.005554501365696175
-0.07342475739488222
-0.05372110790525131
-0.07956385074699346
-0.001235369802317941
0.04682159547410765
-0.06258828586485875
-0.03089020231928346
0.0365488010101593
0.02600914024073351
0.0924775112343271
0.06488508279808947
0.004213714603527178
0.06525918652985482
-0.04761794252125039
0.008005711281182083
0.02498005583647608
-0.02991910757190928
-0.01936480048371295
-0.005455523829709541
-0.004632707558254489
0.04947072506623881
0.04049669120398073
