4.075875814254719
2.425736716866489
0.7319170145077297
-0.7308605109478712
-0.7921441212560465
0.4118145790635837
-0.5717647318059378
0.4327071318496143
0.3465832190255739
0.2465410378572973
-0.3022782901315436
0.0436656626108884
-0.3146601375099969
0.1261634332251331
-0.2899672199076685
-0.2109703640220518
0.1358265405798821
0.1899485265753611
-0.1327517622263099
-0.02588213139870437
0.1097543923038722
0.1508131046639451
-0.092658696400594
-0.09570233337887908
-0.1355795266220611
-0.0897136987629476
0.009026963635724243
-0.1083819217588934
0.07616388496483013
0.06037004291372815
-0.07696246395670028
-0.03966728629000437
-0.008108426642657998
0.04868261797209813
0.07634742686536442
0.04916509088487719
-0.007364834804089187
-0.06538187161739183
-0.04240543615684222
-0.03063175873092256
0.05843155874284094
0.002427401888933469
-0.03215029838756837
-0.02349972118083277
-0.03483672459907473
-0.0005362782990001869
0.02048151636447252
-0.02740596490921066
-0.01350859695272893
0.01600011234583802
0.01139473795195431
0.04046523282026789
0.02840976957451534
0.00183768718850618
0.02855498173755266
-0.02085167784194005
0.003494390396766795
0.01093726854058334
-0.01310385236836969
-0.00848481608690415
-0.002379164257786726
-0.002030292377634331
0.02164409435883215
0.01773320643773107
