-2.01367278901823
-1.198410688626927
-0.3616081590233943
0.3610685091976794
0.3913626064318951
-0.2034461054074207
0.282486171831337
-0.213767677184207
-0.1712352955364647
-0.121794287109382
0.1493463282750164
-0.02157116796827158
0.1554490135059446
-0.06233696543571218
0.1432498116292391
0.1042351147167846
-0.06709820541617115
-0.09384878434945532
0.06557946421132577
0.01278819052216946
-0.05422896594199404
-0.07450302256800156
0.04578264137754279
0.04727618647201176
0.06698702198134315
0.04431792124200671
-0.004459663156444763
0.05354987186702629
-0.03762405650109336
-0.02982955641413393
0.0380188725389196
0.01960113906706554
0.004006795626076427
-0.02404767074307677
-0.0377225374387357
-0.02428628111923743
0.003639439199993579
0.03230474585583036
0.02094694630423271
0.01513654094041111
-0.02886479976673866
-0.001198453864399426
0.01588648313380694
0.01160708752228657
0.01721357535852885
0.0002640071885710088
-0.01011630376652807
0.0135422850468867
0.006671380653355949
-0.007905440822462943
-0.005631812312448485
-0.01998930060881314
-0.0140378969810425
-0.0009065003848973056
-0.01410571175828765
0.0103037597299618
-0.001724348777976959
-0.005404307501058284
0.006475718874700279
0.00419380407622531
0.001173580394472899
0.001003609269653908
-0.01069132347250586
-0.008762758668624082
