-4.650172317805017
-2.767468994301324
-0.8350696686581098
0.8338024163370191
0.9037809054407184
-0.4698065725657276
0.6523541791029377
-0.493641779575305
-0.3954418166415477
-0.2812493297793608
0.3448933329526193
-0.04981224702884274
0.3589689998491236
-0.143962222943063
0.3307976950193542
0.2407170610063873
-0.1549421579747096
-0.2167312520219608
0.1514353377683975
0.02953319215602856
-0.1252370411458769
-0.1720429914998773
0.1057316522084452
0.1091686305132401
0.1546982969138015
0.1023375866763555
-0.01029860255025399
0.1236675866689995
-0.08687989820165444
-0.06889004175283689
0.08779198001549512
0.04526922455035717
0.009253904114904558
-0.05552872846499783
-0.08711659078392237
-0.05608004371611542
0.008405583335521263
0.07460493927201504
0.0483688184879528
0.03495838926032423
-0.06665374790972109
-0.002766642532689156
0.03668988866851119
0.02680082323450107
0.0397543896245864
0.0006085554691337078
-0.02335857406179465
0.03127610666281587
0.01540324585596558
-0.0182567849097533
-0.01300824720034918
-0.04615840389549329
-0.03242024921393748
-0.002091713573625789
-0.03257218813053304
0.02379690639452799
-0.003979609207275882
-0.01248109598252823
0.01495651451378851
0.009687015469975691
0.002707964374325016
0.002318287411679902
-0.02468724101814669
-0.02023788141565205
