0.9838657822867167
0.5855387376051695
0.176677369000545
-0.1764180636565075
-0.191215310924494
0.0994046224395389
-0.1380187703802395
0.1044477466925062
0.08366258062390584
0.05950989008942509
-0.07296785700977558
0.01053993558727104
-0.07595316697989049
0.0304558200623759
-0.06999266428524736
-0.05092705524047386
0.03278528074885567
0.04585250890158761
-0.03204315037895002
-0.006247917737288251
0.02649459893047846
0.03640303386734252
-0.02236784907089636
-0.02310008869784785
-0.03272828038907283
-0.02165460339757906
0.002178977996341244
-0.02616305249309939
0.01838393751638034
0.01457353125790772
-0.01857677249044233
-0.009576072922531629
-0.001957480207369046
0.01175045646836754
0.0184301300039273
0.01186697901229707
-0.001777989432019656
-0.01578310965806893
-0.01023534282205598
-0.007394857378034818
0.01410389839378613
0.0005857520976960268
-0.007761344490373929
-0.005671846117970747
-0.008409783517356287
-0.000129223665951173
0.004943373707452372
-0.00661605455422886
-0.00326020349237042
0.003862382900964106
0.002751099826489671
0.009767220860877956
0.006858284463700195
0.0004432554643483256
0.006892386843269689
-0.005033833892963997
0.0008430081297666442
0.002640311044249103
-0.003163543724300373
-0.002048591063095411
-0.0005738560790331092
-0.0004902204481405184
0.005224163320347157
0.004280993630711227
