-8.502854656815588
-5.060252327536069
-1.526958810389352
1.524562635862412
1.652595075491553
-0.8590003125448009
1.192866162825169
-0.902581621481283
-0.7230979540017431
-0.5142273671437626
0.6306687069289119
-0.09107422679761869
0.6563412156324335
-0.2632637192853312
0.6048310189899759
0.4401783202014867
-0.2832834420980502
-0.3963176823716691
0.2768727415596063
0.05400694149065689
-0.2290194484390013
-0.314555744580218
0.1933526520635936
0.1995918144099639
0.2828860293108054
0.1871030147047274
-0.0188306786946053
0.2261450963041367
-0.1588402597480069
-0.1259832561292039
0.1605092585103042
0.08279122299946229
0.01692461095591628
-0.1015174161629016
-0.159307913541891
-0.1025265979599359
0.01537351020970768
0.1364289981612039
0.08842771510994964
0.06393503160187856
-0.1218626652669524
-0.005055258569643572
0.0670998004341912
0.04899256221317955
0.07270267980756384
0.00110854887205971
-0.04269996348357807
0.05719944987478157
0.02815372967309517
-0.03338544319632907
-0.02379580863857975
-0.08439000943885835
-0.05929011350659159
-0.003818437157477123
-0.0595503895354826
0.04352191382298817
-0.007267599476985791
-0.02282523778554787
0.02735609630254923
0.01772126810439892
0.004943310369871765
0.004241453722540582
-0.04513234781142779
-0.03701274794693121
