1.853114022059536
1.102672795307043
0.3328539884636892
-0.3321596389197563
-0.3602297886993711
0.1871182268834412
-0.2600486634159622
0.1966131965115376
0.1576604161179953
0.111988261705111
-0.1375137812751182
0.01983213617671283
-0.1429675285605035
0.05743748406083295
-0.1317438283357576
-0.09599010397425803
0.06167618007536967
0.08642563867975112
-0.06028236444891645
-0.01178206160633646
0.04996291935642238
0.0684990213317283
-0.04218722565232435
-0.04344818936067923
-0.06169517233323821
-0.04073026523411549
0.004103203758032596
-0.04932646636587069
0.03457432551885433
0.0274951519185735
-0.03494079884517389
-0.01807905051130575
-0.003696870354943106
0.0220876184103083
0.0347521764156039
0.02230995543199153
-0.003358946333195785
-0.02976306261320503
-0.01923967336674145
-0.01396343758270715
0.02652845280044963
0.001093998479854023
-0.01465037326223487
-0.01064950948894371
-0.01587022439967386
-0.0002324557727165304
0.009281506919896522
-0.01249000308702884
-0.006111533877356471
0.007282249884663465
0.005208257010571821
0.01836850251733938
0.01294258378807121
0.0008185376532405678
0.01296108870903176
-0.009505208677374468
0.001564016520561227
0.004982193983597622
-0.005979558268140313
-0.003880759597178589
-0.001059458620721196
-0.0009297377011200142
0.009817964411646386
0.008083381509488868
