-8.414249179023605
-5.00638663027699
-1.511531676167449
1.507937760988233
1.635820390663224
-0.8493919423763386
1.180969509628963
-0.8924967167963336
-0.7160478756122425
-0.508282269097396
0.6245634484039291
-0.09000724515045666
0.6489645142733976
-0.2609588487109392
0.598008442722781
0.4360001381638887
-0.2798862059878019
-0.392557716156921
0.273565989211966
0.05352781300774734
-0.2269907314192628
-0.31088482806278
0.1916781043664564
0.197150383436638
0.2802431280431421
0.1848193402125217
-0.01862906191449276
0.2240751871262144
-0.1568770386525637
-0.1249427465412588
0.1585480466946833
0.08218077092129336
0.01680732930279161
-0.1001959054367905
-0.1578792328592486
-0.1012115883579632
0.01527326838466785
0.1352182876732477
0.08727689774695582
0.06347781226712886
-0.1203773489784752
-0.004947551890744823
0.06658974922898123
0.0482835292148833
0.07212542342870379
0.001032051786824882
-0.04208071209930479
0.05677349040585097
0.02768773772723924
-0.03308172720452099
-0.02370551217599241
-0.08334383259235541
-0.05882063801687409
-0.003681645551509488
-0.05880666733057714
0.04321071420870281
-0.007050585626060021
-0.02264178043494278
0.02719581837345703
0.01766862341813748
0.004764711967104797
0.004235294930338349
-0.04453280776040146
-0.03674651725917005
