-0.4490035369451716
-0.2668176932406072
-0.08208442743386402
0.08203885528617423
0.09030328491644135
-0.04748392757559816
0.06404136112266455
-0.05043332192983029
-0.0386337464499547
-0.02578852749740052
0.0330961275986939
-0.004918346238727426
0.03443533434763935
-0.01672106271745558
0.03449492584523515
0.02501300996924751
-0.01946345436026326
-0.02489734869219156
0.01818846159734407
0.002926706698445802
-0.01601619968208513
-0.01944301349581111
0.0152028316344492
0.01407968119988686
0.0162375215726853
0.01288013025409248
-0.0002289372689171432
0.01505583809534007
-0.01306334795303739
-0.01221889492266847
0.01288640025360648
0.01125999132706752
0.001566801348059766
-0.01121576049521403
-0.01200928990921244
-0.009703458931072327
0.002022185713285368
0.01073382036470464
0.01013514923119992
0.009022811805034793
-0.01006396086124042
0.0008573265399650567
0.009340741382188435
0.008522312521058152
0.009106745573983676
0.002111488168362489
-0.008007590612560704
0.008294761831361266
0.008363543493849677
-0.003094466292455096
-0.007189808255993377
-0.007378615397660617
-0.007456282324177573
-0.002951057980368893
-0.006570626623648506
0.007458845201477286
-0.006745194929123637
-0.002656626027395711
0.006465406156322873
-0.006487014981804174
-0.006463693404783569
0.001849103276212412
-0.006484173044433912
-0.006714913707344277

-0.2670925774696022
-0.1587181826825979
-0.04882843783938884
0.04880132896070926
0.05371747689645107
-0.02824611291664282
0.03809540638201784
-0.03000057869527486
-0.02298152702053518
-0.01534046775061523
0.01968743962406077
-0.002925709188673425
0.02048407518012077
-0.009946629306341791
0.02051952355719995
0.01487914627222538
-0.01157795822034781
-0.01481034443426748
0.01081952075764282
0.001740969883899599
-0.009527337097280491
-0.01156579884358484
0.009043499999356261
0.008375386900534434
0.009658991815677202
0.00766182647716051
-0.0001361847740662041
0.008956059968272171
-0.007770814677521841
-0.007268486482143705
0.007665556225800949
0.00669807664833292
0.0009320216345800133
-0.006671765659857607
-0.007143801621804393
-0.005772163564455259
0.001202909887876066
0.006385080542591166
0.006028957254132009
0.005367276341350357
-0.005986610404610434
0.0005099860835176262
0.005556398749588499
0.005069551194931642
0.005417204871613747
0.001256032014848674
-0.004763365630876094
0.004934191236233103
0.004975106440692888
-0.001840762733332691
-0.004276902653521453
-0.00438921576904147
-0.004435416428686437
-0.00175545539707864
-0.00390857856586021
0.00443694097236189
-0.004012421620123682
-0.001580310698343132
0.003845987509201594
-0.003858841654922805
-0.003844968668177061
0.001099950711770579
-0.003857151110610906
-0.003994408644936052

-0.08068426472006331
-0.04794614657122498
-0.0147502661504957
0.01474207700513407
0.01622716425542646
-0.008532685084201115
0.01150799427772949
-0.009062680274150315
-0.006942340469970957
-0.004634102424879005
0.005947250969444641
-0.0008838085165419583
0.006187901438648133
-0.003004712746521537
0.006198609809011037
0.004494744810994462
-0.003497510319525107
-0.00447396090992784
0.003268398864630674
0.0005259183026086041
-0.00287805148205839
-0.003493837172244492
0.002731892270670933
0.002530066317145799
0.002917822202204628
0.002314511476053488
-4.113917528405483e-05
0.002705478078705725
-0.002347435014745371
-0.002195689947637648
0.002315638171632663
0.002023378539865343
0.0002815483717357956
-0.002015430423973755
-0.002158024706718505
-0.001743675460599887
0.0003633792475520118
0.001928827575958807
0.001821248601088894
0.001621365704931146
-0.001808456315922635
0.00015405838887743
0.001678496466838598
0.001531427846100405
0.0016364482908686
0.0003794265664096755
-0.001438934234565437
0.001490537833941087
0.001502897642735653
-0.0005560640773695182
-0.001291981788291324
-0.001325909729044266
-0.001339866186721566
-0.000530294137350494
-0.0011807171531108
0.001340326726234312
-0.001212086427983997
-0.0004773858110658215
0.001161809426686134
-0.001165692452213748
-0.001161501651608484
0.0003322769776992644
-0.001165181766645241
-0.001206645005118854

0.08042820863561523
0.04779398675920248
0.01470345534534738
-0.01469529218869322
-0.0161756664304888
0.008505606124761696
-0.01147147300602167
0.009033919344946446
0.006920308559242454
0.004619395838337797
-0.005928377031610414
0.0008810037001519637
-0.006168263782925491
0.002995177120420029
-0.006178938169665713
-0.004480480483729562
0.003486410772408197
0.004459762541549811
-0.003258026415698991
-0.0005242492710845514
0.00286891782265474
0.003482749282071437
-0.002723222455804056
-0.002522037008374504
-0.002908562328166431
-0.00230716624277939
4.100861778098618e-05
-0.002696892090771567
0.002339985296757897
0.002188721801216277
-0.002308289362727116
-0.002016957233454678
-0.0002806548620297321
0.002009034341359419
0.002151176093071416
0.001738141807755822
-0.0003622260429267857
-0.001922706332386935
-0.001815468765489437
-0.001616220209025352
0.001802717077365278
-0.0001535694758536818
-0.001673169663223722
-0.00152656777308338
-0.00163125492952145
-0.0003782224347088622
0.001434367695264669
-0.001485807527694636
-0.001498128111934813
0.0005542993765224238
0.00128788161090271
0.00132170187941385
0.001335614045481086
0.0005286112188675972
0.001176970080344413
-0.001336073123445861
0.001208239803046827
0.00047587080015307
-0.001158122358661035
0.001161993061186006
0.001157815560324481
-0.0003312224778889128
0.001161483996307311
0.001202815648844835

0.08731458011962015
0.05188617223877733
0.01596238498364604
-0.01595352288654127
-0.01756064876356835
0.009233867570162224
-0.01245367596600939
0.009807415679391401
0.007512834693183695
0.005014914727968774
-0.006435972652966542
0.0009564364228367011
-0.006696398830830367
0.003251628217138823
-0.006707987172931576
-0.004864105253713502
0.003784921955636639
0.004841613413432038
-0.00353698302288784
-0.0005691361993420317
0.003114558428347936
0.003780946963567889
-0.002956388428073866
-0.002737977211826198
-0.003157597349782922
-0.002504708922054767
4.451983083517912e-05
-0.002927803621742374
0.002540337987611296
0.002376123107972666
-0.002505928205044464
-0.002189651826714457
-0.0003046849090930261
0.002181050565934265
0.00233536268575849
0.001886963848967049
-0.0003932403242977257
-0.002087331036631177
-0.001970911644909052
-0.001754603158840119
0.001957068140081552
-0.0001667183010889216
-0.001816428701964489
-0.001657274560655962
-0.00177092517234319
-0.0004106063486762212
0.001557180188069419
-0.001613024368191631
-0.001626399857438707
0.000601759235256725
0.001398151767985417
0.001434867773410616
0.001449971117862405
0.0005738716229659697
0.001277743842887549
-0.00145046950270035
0.001311690921339353
0.0005166154986097921
-0.001257282353903644
0.001261484471189058
0.001256949287080683
-0.0003595821922887531
0.001260931819489953
0.001305802343752316

-0.0452909525010084
-0.02691388035198891
-0.00827984993005813
0.008275253070992382
0.009108885457019589
-0.004789700150277571
0.006459847208411313
-0.005087205333684611
-0.003896983055645425
-0.002601286800322714
0.003338403864783824
-0.0004961132097018235
0.003473489547326996
-0.001686652320053614
0.003479500537139864
0.002523060406451003
-0.001963277155749341
-0.002511393662269496
0.001834668733067601
0.0002952166812885274
-0.001615552839474304
-0.001961215287310105
0.001533508466591295
0.001420216367985064
0.001637877561689835
0.00129921775563897
-2.309288484173492e-05
0.001518681239524423
-0.001317698910945505
-0.00123251899822681
0.001299850210011159
0.001135794465730529
0.0001580431323909479
-0.001131332905095848
-0.00121137615651664
-0.0009787871617499026
0.0002039777185532017
0.001082719640916701
0.001022331729373151
0.000910130338097428
-0.001015150963931304
8.647846264990411e-05
0.0009421998702778464
0.0008596450135238754
0.0009185967309638469
0.0002129856503805786
-0.0008077250538989036
0.0008366919928219245
0.000843629993867798
-0.0003121385787310035
-0.0007252354100106934
-0.0007442803719801109
-0.0007521146289309711
-0.0002976729932366461
-0.0006627786060172259
0.0007523731461681974
-0.0006803872976645666
-0.0002679736646129468
0.0006521650255085388
-0.0006543447060854285
-0.0006519922603914579
0.0001865189063365631
-0.0006540580400809593
-0.0006773328331370374

0.06304729185277383
0.03746547987495211
0.01152596901172411
-0.01151956995188951
-0.01268002830917853
0.006667504359848512
-0.008992433362141724
0.007081646591130625
0.005424797105981727
0.003621122520864836
-0.004647226679120297
0.0006906146282397253
-0.004835272767407206
0.002347905159961105
-0.004843640368620365
-0.003512227432272197
0.002732980893340843
0.003495986735511851
-0.002553951477712323
-0.0004109565208323349
0.00224893109438984
0.002730110668406193
-0.002134721186308198
-0.001977012866851844
-0.00228000823450774
-0.001808576691300709
3.214646126748459e-05
-0.002114080937854209
0.001834303392288124
0.001715728654495418
-0.001809457099708786
-0.001581083223279688
-0.0002200040172031934
0.001574872505688264
0.001686296751692308
0.001362521131505094
-0.0002839472795988221
-0.001507200388292226
-0.001423137367463618
-0.00126694736766344
0.001413141379531769
-0.0001203823848382824
-0.00131158977510526
-0.001196669247710001
-0.001278733013858601
-0.0002964867753601914
0.001124394043355536
-0.001164717484384617
-0.001174375532022118
0.0004345126561721641
0.001009564295560956
0.001036075843878892
0.001046981524972519
0.0004143758310421937
0.0009226212720171861
-0.001047341394015067
0.0009471334595553774
0.0003730328665830931
-0.0009078466322499927
0.000910880857628115
0.0009076061344870977
-0.0002596437317940454
0.0009104818040803719
0.0009428814907636448

-0.04758994409796997
-0.02828004249595789
-0.008700139289463621
0.008695309091512029
0.009571257077994227
-0.005032827746177163
0.006787752311521027
-0.005345434442773989
-0.004094795881467697
-0.0027333294305835
0.003507862929090876
-0.0005212961665015841
0.003649805629027664
-0.001772267642688706
0.003656121739716623
0.002651132225495748
-0.002062934094593006
-0.002638873271492685
0.001927797443497084
0.0003102020289591338
-0.001697559116608018
-0.002060767564672692
0.001611350129967917
0.00149230726728303
0.001721017052984254
0.001365166704334272
-2.426509132602563e-05
0.001595770265374525
-0.001384585972407846
-0.001295082284348422
0.001365831262409576
0.001193447965787435
0.0001660654815194216
-0.001188759934084329
-0.001272866221327516
-0.001028470891850803
0.000214331730448084
0.001137679036091521
0.001074225803694072
0.0009563290131946749
-0.001066680538975366
9.086815303994644e-05
0.0009900264110068149
0.0009032810280772221
0.0009652251644342123
0.000223796909439319
-0.0008487255851098266
0.0008791629004653326
0.0008864530779442116
-0.0003279828904526802
-0.0007620487252840835
-0.0007820604191306115
-0.0007902923469161587
-0.0003127830245411406
-0.0006964215824117642
0.0007905639866188633
-0.0007149241001307294
-0.000281576143014021
0.0006852692512023844
-0.0006875595734649514
-0.0006850877164408888
0.0001959867001157874
-0.000687258356149231
-0.0007117145894424506

-0.03823545162757768
-0.02272119073420983
-0.006990000960513636
0.006986120207898152
0.007689887936567473
-0.004043552592597725
0.005453521328643521
-0.004294711917382419
-0.003289904470751126
-0.002196053960689386
0.002818341687171024
-0.0004188278581896283
0.002932383494536504
-0.001423902780462737
0.002937458082231121
0.002130013806227786
-0.001657434533277409
-0.002120164527105982
0.001548860947322851
0.0002492273293833934
-0.00136387929673596
-0.001655693866177614
0.001294615934464413
0.001198972669819308
0.001382726236117577
0.001096823425127525
-1.949543634103431e-05
0.001282098517805803
-0.001112425554929261
-0.001040515112499667
0.001097357354692398
0.0009588584906080695
0.0001334229070026959
-0.0009550919594048256
-0.001022665938286494
-0.000826310048921239
0.0001722017259556849
0.0009140517514087179
0.0008630711704493482
0.0007683487009100088
-0.0008570090367433013
7.300670206492045e-05
0.0007954223873461938
0.0007257280652414107
0.0007754961848343267
0.0001798063869891377
-0.0006818962843865111
0.0007063507047688183
0.0007122078923245458
-0.0002635131051375715
-0.0006122570161772922
-0.0006283351218896108
-0.0006349489450955437
-0.0002513009929188417
-0.0005595298383182655
0.0006351671900822165
-0.0005743954183193436
-0.0002262282757368386
0.0005505696592599964
-0.0005524097855249213
-0.0005504238077839287
0.0001574626769155625
-0.0005521677768333093
-0.0005718167834206148

-0.02709226699035906
-0.01609941924331559
-0.004952863487258356
0.004950113725412391
0.00544877824728263
-0.002865116057610815
0.003864169235198387
-0.00304307852946843
-0.002331108081644132
-0.001556044918933318
0.001996975639325906
-0.0002967663692741042
0.002077781565806756
-0.001008926340725423
0.002081377236286571
0.001509251238707378
-0.001174398548549873
-0.001502272393467036
0.001097467207253625
0.000176593529343333
-0.0009663958571662838
-0.001173165174395716
0.0009173183277158784
0.0008495489474343607
0.000979750121127007
0.0007771696634909821
-1.381376560133602e-05
0.0009084489360989376
-0.0007882247719885128
-0.0007372716166637764
0.0007775479867932052
0.0006794126688120982
9.453867720341435e-05
-0.0006767438401557691
-0.0007246243332458578
-0.0005854936063065191
0.0001220159547540325
0.000647664223594696
0.0006115412159699049
0.0005444242780104926
-0.0006072458058755044
5.172992550718491e-05
0.0005636077192963876
0.0005142248271949588
0.0005494887282664089
0.0001274043442804696
-0.0004831672024242386
0.0005004947259108469
0.0005046449185283668
-0.0001867159166676331
-0.0004338233195348362
-0.0004452156874582511
-0.0004499020049070138
-0.0001780628528050851
-0.0003964627361131116
0.0004500566454617035
-0.0004069959518907574
-0.0001602972264255317
0.0003901138752262449
-0.0003914177225706197
-0.000390010530111626
0.0001115723942681301
-0.0003912462439086634
-0.0004051688238678267

0.03335266974170867
0.01981962650991178
0.006097356866631999
-0.006093971697768315
-0.006707866176060432
0.003527178795159687
-0.004757090293459421
0.003746264320646681
0.002869773799548137
0.001915611281364354
-0.00245843099820239
0.000365342284142085
-0.002557909324621718
0.001242066123440852
-0.002562335872243512
-0.001858004652759267
0.001445775170784922
0.001849413156130868
-0.001351066757496433
-0.000217400251695681
0.001189707818666712
0.001444256792096128
-0.00112928959555959
-0.001045860262756131
-0.001206147947345199
-0.0009567557830770882
1.70058106305703e-05
-0.001118370690562519
0.0009703654740940284
0.0009076382109065106
-0.0009572215282347226
-0.00083640938461467
-0.0001163844014864444
0.0008331238507463849
0.000892068429791061
0.0007207877765994801
-0.0001502110489158977
-0.0007973246004390033
-0.0007528543926187603
-0.0006702282666236517
0.0007475664115745521
-6.368352717838435e-05
-0.0006938445620761091
-0.0006330504139991546
-0.0006764629954070236
-0.0001568445719200752
0.000594816083062504
-0.0006161476005944581
-0.0006212568077267079
0.0002298616910261889
0.0005340699583334341
0.0005480948417093067
0.0005538640598491964
0.0002192091021762523
0.0004880761992778154
-0.0005540544342962118
0.0005010434001134565
0.0001973382462009022
-0.0004802602619674105
0.0004818653985875833
0.0004801330361623991
-0.0001373542206579063
0.0004816542951319673
0.0004987940646276078

-0.004796791937854259
-0.002850465206842169
-0.0008769238710599906
0.000876437014959911
0.0009647275208466265
-0.0005072800150337981
0.0006841662914551547
-0.0005387889674055912
-0.0004127318122280911
-0.0002755038448697158
0.0003535723551749588
-5.254364753111906e-05
0.0003678793608166298
-0.0001786343586088386
0.0003685159883522573
0.0002672188405867565
-0.0002079318608338916
-0.0002659832087143838
0.0001943108656683536
3.126657574033168e-05
-0.0001711041699862937
-0.0002077134871111779
0.0001624148012567631
0.0001504159671583132
0.0001734685947029641
0.0001376009315686225
-2.445781281112546e-06
0.0001608444407469696
-0.0001395582818093016
-0.0001305368261755754
0.0001376679151904221
0.0001202926729385048
1.673844292122931e-05
-0.0001198201463763663
-0.0001282975751319004
-0.0001036639352253379
2.160340248610899e-05
0.0001146714864164689
0.0001082757664936163
9.63924498626299e-05
-0.0001075152473196825
9.158985835590141e-06
9.978895324619625e-05
9.104551886379669e-05
9.728913060796121e-05
2.255743794751e-05
-8.554664480641557e-05
8.861455067759791e-05
8.93493585286811e-05
-3.305878404561297e-05
-7.681011715775124e-05
-7.882718050011703e-05
-7.965691135152818e-05
-3.152672521169364e-05
-7.019527959486857e-05
7.968429106715236e-05
-7.206022668625139e-05
-2.838125150812468e-05
6.907118891883476e-05
-6.930204019577938e-05
-6.905289126168707e-05
1.975432921516037e-05
-6.927167922730657e-05
-7.173672651648772e-05

0.03460198475328564
0.02056202455824474
0.00632574996150264
-0.006322237991926838
-0.006959127558563093
0.003659298875845122
-0.004935280056411514
0.003886590845911411
0.002977268987051543
0.001987365715078395
-0.00255051822164726
0.000379027173642129
-0.002653722779505105
0.001288591090270126
-0.002658315135514325
-0.001927601273427513
0.001499930614358789
0.001918687958911056
-0.001401674639710176
-0.0002255435697588873
0.001234271562702112
0.001498355360664245
-0.001171590210625491
-0.001085035805115885
-0.001251327501140533
-0.0009925936746604919
1.764280954758586e-05
-0.001160262308326652
0.001006713153692209
0.0009416362701551333
-0.0009930768655703427
-0.0008677393743311708
-0.0001207438959741988
0.0008643307718506318
0.000925483280516287
0.0007477868443337012
-0.0001558376125394628
-0.0008271905631984839
-0.0007810546027226196
-0.0006953334903183654
0.0007755685459573629
-6.606896699806159e-05
-0.0007198343983868223
-0.0006567630400474938
-0.0007018017578356598
-0.0001627196122003211
0.0006170965381942736
-0.0006392270857672214
-0.0006445276721567966
0.0002384717862123215
0.0005540750020482098
0.000568625225598324
0.000574610545503975
0.0002274201756569248
0.000506358421578949
-0.0005748080509440849
0.0005198113442111362
0.000204730087251395
-0.0004982497170662476
0.0004999149784467808
0.0004981177256724444
-0.0001424991967903082
0.0004996959675365755
0.0005174777537431365

-0.01394841560952911
-0.008288763386151525
-0.002549974810230806
0.002548559099205987
0.002805295827928669
-0.001475100978269625
0.001989462103604171
-0.001566724706963324
-0.001200167721847011
-0.000801127541083288
0.001028140103200888
-0.0001527897484191695
0.001069742920958484
-0.000519444309508366
0.001071594146854811
0.0007770358805397027
-0.0006046374433051287
-0.0007734428318705243
0.0005650294502867784
9.091893056090939e-05
-0.0004975475497808464
-0.0006040024423537944
0.0004722800526715512
0.0004373890824145567
0.0005044229738257073
0.0004001247097312562
-7.111997818725004e-06
0.0004677136588551118
-0.000405816416814372
-0.0003795832563579846
0.0004003194889520362
0.0003497946583185535
4.867310518077477e-05
-0.0003484206156328889
-0.0003730718202529606
-0.0003014405608946263
6.281974293645755e-05
0.0003334490158881966
0.0003148511361463467
0.0002802960749022904
-0.0003126396502923268
2.663307949388885e-05
0.0002901726427055124
0.0002647479300643754
0.0002829035000034828
6.559394771626168e-05
-0.000248757955570637
0.0002576790067017601
0.0002598157275421112
-9.613042745807437e-05
-0.0002233533267674354
-0.0002292186713925607
-0.0002316314153493793
-9.167540968145013e-05
-0.0002041182828650596
0.0002317110318217352
-0.000209541294214278
-8.252880189135625e-05
0.0002008495807541731
-0.0002015208647282002
-0.000200796373667065
5.744289048806876e-05
-0.0002014325791801229
-0.0002086005999180879

0.0318837639879318
0.01894673796325957
0.005828819365631032
-0.005825583285103274
-0.006412440853355633
0.003371836111444202
-0.004547580309480416
0.003581272754503685
0.002743384299732116
0.001831244648798777
-0.002350157703545902
0.0003492520164836062
-0.002445254842877383
0.001187363513742531
-0.002449486438151287
-0.001776175109694013
0.001382100883734797
0.001767961996532462
-0.001291563582812871
-0.0002078255914642307
0.00113731115376206
0.001380649376910086
-0.001079553847344227
-0.0009997988778805437
-0.001153027232467763
-0.0009146187042286668
1.62568471060292e-05
-0.001069115828659691
0.0009276290023456961
0.0008676643497235678
-0.0009150639372128581
-0.0007995725566458657
-0.0001112586433892121
0.0007964317230264255
0.0008527802870603015
0.0006890431120646077
-0.000143595510317644
-0.0007622091298551694
-0.0007196974622252821
-0.0006407103250373649
0.0007146423724557871
-6.087880119341121e-05
-0.0006632865204757599
-0.0006051698454344507
-0.00064667046623751
-0.0001499368821931749
0.0005686194165405621
-0.0005890114593892032
-0.0005938956487398271
0.0002197382087642304
0.0005105486498210676
0.0005239558545508281
0.00052947098695214
0.0002095547772314166
0.0004665805306266877
-0.0005296529769993457
0.0004789766348736798
0.0001886471492804431
-0.0004591088198917915
0.0004606432636878215
0.0004589871973178774
-0.0001313049176608507
0.000460441457571128
0.0004768263637762863

0.02328745547438625
0.01383843252857632
0.00425728817641144
-0.004254924588434153
-0.004683557151882521
0.00246274195674828
-0.003321489081818108
0.002615711552867147
0.002003729539376993
0.001337515490258192
-0.001716522330921352
0.0002550887902155003
-0.00178597995200819
0.0008672337108204125
-0.001789070650037536
-0.001297293468781082
0.001009467163389455
0.001291294725749833
-0.0009433399845283599
-0.0001517929065556279
0.0008306761668341864
0.001008407003096914
-0.0007884910376872364
-0.000730239122984087
-0.0008421549710067252
-0.0006680247149872414
1.187377385175244e-05
-0.0007808672547663204
0.0006775272548447928
0.0006337299108894151
-0.0006683499069344444
-0.0005839966171647757
-8.126175770988142e-05
0.0005817025961985294
0.0006228587996026536
0.0005032674560696707
-0.0001048801532374945
-0.000556706892586092
-0.0005256569648720406
-0.0004679658641285793
0.0005219647979759514
-4.446502529192878e-05
-0.0004844552016562562
-0.000442007594690755
-0.0004723190679369103
-0.0001095118026015268
0.0004153116724099474
-0.0004302057354212222
-0.0004337730790408754
0.0001604937156903119
0.0003728975962408324
0.0003826900311396724
0.0003867182067428586
0.0001530558796654724
0.0003407838966658945
-0.0003868511297290564
0.0003498378379073237
0.0001377852405035565
-0.0003353266636012993
0.0003364473998980218
0.0003352378321736129
-9.590327618631676e-05
0.0003363000035318293
0.0003482673099592705

-0.01491195663689676
-0.008861341936462029
-0.002726124232302863
0.002724610725536925
0.002999082541761408
-0.001576999312237718
0.002126891931686855
-0.001674952306141377
-0.001283073972427779
-0.0008564685400616881
0.001099162877331799
-0.0001633442942031683
0.001143639571441963
-0.000555326944329558
0.001145618677963163
0.0008307126544188225
-0.000646405124999025
-0.0008268714019451446
0.0006040610559020714
9.719950910204008e-05
-0.0005319175808088084
-0.0006457262588889282
0.0005049046331188947
0.0004676034334656489
0.0005392679514947221
0.0004277648793882998
-7.603286713239926e-06
0.0005000227978989325
-0.0004338497632627391
-0.0004058044452764036
0.0004279731137409797
0.000373958084035135
5.203538911928084e-05
-0.0003724891240101479
-0.0003988432064118483
-0.0003222637393736037
6.715926086764285e-05
0.0003564833028166068
0.00033660070223954
0.000299658615820299
-0.0003342364494035657
2.847286298586689e-05
0.0003102174459360584
0.0002830364224402359
0.0003024461589458964
7.012510462629094e-05
-0.000265941878303599
0.0002754791857186449
0.0002777635088566785
-0.0001027710104051457
-0.0002387823260149882
-0.0002450528421192855
-0.0002476322557434524
-9.800824495845458e-05
-0.0002182185466859374
0.0002477173720331363
-0.0002240161736242308
-8.822979968130934e-05
0.0002147240462710308
-0.0002154417017949064
-0.0002146671636975369
6.14109814358853e-05
-0.0002153473175792447
-0.0002230104972126501

-0.02096722724715101
-0.01245965064282172
-0.003833116449739917
0.003830988356085305
0.004216914434321427
-0.002217368501897847
0.002990554998764488
-0.002355097086596386
-0.001804089443784793
-0.001204253133695941
0.001545497910959959
-0.0002296732091890995
0.00160803517386489
-0.0007808275279867704
0.001610817932505256
0.001168038603277221
-0.0009088896567770711
-0.001162637540525564
0.0008493510099757682
0.0001366691337212773
-0.0007479123675821052
-0.0009079351247633391
0.0007099303222595508
0.0006574822935554658
0.0007582474896770029
0.0006014665716166385
-1.069073926539117e-05
0.0007030661292537559
-0.0006100223330152837
-0.0005705887047021614
0.0006017593633071629
0.0005258105505399433
7.316530319425663e-05
-0.000523745092638823
-0.0005608007284662895
-0.0004531247790947494
9.443049752971292e-05
0.0005012398172805168
0.000473283525915713
0.0004213404348915163
-0.0004699592253096371
4.003478571850595e-05
0.000436186869594457
0.0003979684982347068
0.0004252599104909082
9.860067596984933e-05
-0.0003739324042248747
0.0003873425083959056
0.0003905544223992841
-0.0001445030442386041
-0.000335744222845668
-0.0003445609958096409
-0.0003481878271461539
-0.0001378062714489937
-0.0003068301477344037
0.0003483075064499557
-0.0003149820063048785
-0.0001240571110106922
0.0003019166420089409
-0.0003029257145820842
-0.0003018366612341866
8.634802491655331e-05
-0.0003027930039426413
-0.0003135679567354227

0.01457593970823384
0.008661665866193404
0.002664695412867608
-0.002663216010538881
-0.002931503046392912
0.001541464172330004
-0.002078965847144107
0.001637209953258451
0.001254161966715974
0.0008371694007648298
-0.001074395011978256
0.0001596635935822781
-0.001117869495412192
0.0005428135459354591
-0.001119804005955077
-0.0008119938825277004
0.0006318394264752834
0.0008082391864922926
-0.0005904495127849092
-9.500927469409367e-05
0.0005199316747232845
0.0006311758575198325
-0.0004935274203079966
-0.0004570667431191245
-0.0005271164166426564
-0.0004181258867021473
7.431958891459666e-06
-0.0004887555893827942
0.000424073657517619
0.000396660295607989
-0.000418329428828975
-0.0003655315408318959
-5.086285542304826e-05
0.0003640956814555609
0.0003898559170509272
0.0003150020449789706
-6.564593507699901e-05
-0.0003484505256668483
-0.0003290159474750285
-0.0002929062914817745
0.0003267049692692259
-2.78312728710597e-05
-0.000303227195364812
-0.0002766586524611902
-0.0002956310218121238
-6.854494832273196e-05
0.0002599493063478182
-0.0002692717058990611
-0.0002715045554938031
0.0001004552311876978
0.0002334017508323192
0.0002395309709542621
0.0002420522616462052
9.579978699039615e-05
0.0002133013431545823
-0.0002421354599773769
0.000218968329906396
8.62416832304062e-05
-0.000209885585679035
0.0002105870699913844
0.0002098299848627302
-6.002718386521548e-05
0.0002104948125719778
0.0002179853147931452

0.00286076536678361
0.001699992880370067
0.0005229898382375401
-0.0005226994814561065
-0.0005753551781648929
0.0003025374285721364
-0.00040803087919495
0.0003213290961809685
0.0002461496953566639
0.0001643081184323492
-0.0002108675050828468
3.133657849852465e-05
-0.0002194000799316409
0.0001065359917727525
-0.0002197797591066337
-0.0001593670132887706
0.0001240087695759406
0.0001586300930899709
-0.0001158853254626114
-1.86471162757711e-05
0.0001020450521831975
0.0001238785333700624
-9.686278756907721e-05
-8.970678633408403e-05
-0.000103455174704365
-8.206400956496161e-05
1.458642875154459e-06
-9.592623809619929e-05
8.323135637764527e-05
7.78510379962009e-05
-8.210395801968296e-05
-7.174151330280552e-05
-9.982663084693583e-06
7.145970253408395e-05
7.651556797457973e-05
6.182427745862778e-05
-1.288408303669628e-05
-6.838908611175785e-05
-6.457473387642279e-05
-5.748762626341389e-05
6.412116679612511e-05
-5.462340208370991e-06
-5.951327160595907e-05
-5.429876270245625e-05
-5.802239893122672e-05
-1.345306156277271e-05
5.101928161114218e-05
-5.284895422945956e-05
-5.328718729829522e-05
1.971597386150502e-05
4.580889182409825e-05
4.701185101582662e-05
4.750669534386037e-05
1.880226717822645e-05
4.186385971675087e-05
-4.752302437027271e-05
4.297609808762303e-05
1.692633377317228e-05
-4.119346172647176e-05
4.133113943825747e-05
4.118254916145785e-05
-1.178131167559016e-05
4.131303241829396e-05
4.278316537461815e-05

-0.01213155894459107
-0.007209107070791499
-0.002217826782880876
0.002216595475884027
0.002439890855439871
-0.001282961088061315
0.001730323891513589
-0.001362650329941054
-0.001043839377071776
-0.0006967763406875367
0.0008942192872975149
-0.0001328880563188843
0.0009304031127605695
-0.0004517838753625917
0.0009320132064594628
0.0006758227493879484
-0.0005258801421544592
-0.0006726977147636095
0.0004914313047074119
7.907624752201241e-05
-0.0004327392871624793
-0.0005253278535158727
0.000410763018377139
0.0003804167859331457
0.0004387191499941097
0.0003480062995815478
-6.185621590803506e-06
0.0004067914220821235
-0.0003529566309961944
-0.000330140481743871
0.0003481757077540674
0.0003042320099063064
4.233316966221803e-05
-0.000303036943721263
-0.000324477195451618
-0.0002621762955132203
5.463713124508256e-05
0.0002900154759156057
0.0002738400707193052
0.000243785993320564
-0.0002719166428728417
2.31639766695465e-05
0.0002523760846851127
0.0002302630785422356
0.0002460537871830613
5.704998082979303e-05
-0.0002163558848135056
0.0002241149207264702
0.0002259733221067693
-8.360891872772342e-05
-0.0001942603464799896
-0.0001993616982063
-0.0002014601691974306
-7.973419114080831e-05
-0.0001775307712049937
0.0002015294151931537
-0.0001822474059601698
-7.177897854497936e-05
0.0001746878352444361
-0.0001752716808457964
-0.0001746415586685289
4.996064294415229e-05
-0.0001751948949682423
-0.0001814292421897284

-0.01656885689834027
-0.009845945106179477
-0.003029029884676179
0.003027348208848674
0.0033323171915501
-0.001752223170272857
0.002363215566706786
-0.00186105993651682
-0.00142563914024145
-0.0009516326410922105
0.001221293279341911
-0.0001814938375771163
0.001270711876644769
-0.0006170305410915164
0.001272910886039391
0.0009230149624132229
-0.0007182286185011613
-0.0009187468999376208
0.0006711796068629705
0.0001079995600923276
-0.0005910201117628638
-0.0007174743220863999
0.0005610056961113023
0.0005195598782186748
0.0005991871982830468
0.0004752947748780459
-8.448104603330036e-06
0.000555581429454778
-0.0004820557635676714
-0.0004508942686880239
0.000475526146607074
0.0004155093882868168
5.781715551893354e-05
-0.0004138772088865563
-0.0004431595512804776
-0.0003580711714245851
7.462147388236768e-05
0.0003960929457374701
0.0003740011457311567
0.0003329543429330069
-0.0003713741955683759
3.163654534320112e-05
0.0003446863878593311
0.0003144852211297525
0.0003360516160992456
7.791685905660122e-05
-0.0002954912646399919
0.0003060882832339445
0.0003086264225341013
-0.0001141901231451229
-0.0002653139548306406
-0.0002722812017547705
-0.0002751472196931858
-0.0001088981563665138
-0.0002424652888044004
0.0002752417934408159
-0.0002489071028086108
-9.803320655271605e-05
0.0002385825067715369
-0.0002393799025772536
-0.0002385193038503346
6.823449049473296e-05
-0.0002392750311238999
-0.000247789683481403

0.01024627698596433
0.00608878942979803
0.001873169608957413
-0.001872129650894145
-0.002060724234579886
0.001083584948194162
-0.001461426181816665
0.001150890234252578
0.0008816234941594154
0.000588495132122563
-0.0007552548312783826
0.0001122368394192721
-0.0007858155778237324
0.0003815752572195477
-0.0007871754579584543
-0.0005707977940239471
0.0004441567338989459
0.0005681583994912601
-0.000415061352840394
-6.678755292882643e-05
0.0003654902572065054
0.0004436902726310423
-0.0003469291688813715
-0.0003212988352595958
-0.0003705408307717678
-0.0002939250392021278
5.224356773865472e-06
-0.0003435747709922702
0.0002981060737319054
0.0002788356249742406
-0.0002940681208182437
-0.0002569534101704487
-3.57544635470139e-05
0.0002559440609841751
0.0002740524309703709
0.0002214332844815432
-4.614635126552216e-05
-0.00024494616973954
-0.0002312844727755682
-0.0002059008923971906
0.0002296599515935004
-1.956422271338728e-05
-0.0002131560568701222
-0.000194479480597676
-0.0002078162640463437
-4.818423652687761e-05
0.000182733507990784
-0.0001892867656117997
-0.0001908563656426513
7.06158329439657e-05
0.0001640716849758443
0.0001683802707915508
0.0001701526328696674
6.734325006471428e-05
0.0001499419376855112
-0.0001702111178224775
0.0001539255927428566
6.062430222698169e-05
-0.0001475408028076092
0.000148033916988222
0.0001475017177554001
-4.219660377867879e-05
0.0001479690638746607
0.0001532345741647754

0.01050138204009836
0.006240384097718096
0.001919806551834644
-0.001918740701580695
-0.002112030788964609
0.001110563332367014
-0.001497811808101795
0.001179544341096868
0.0009035735751022239
0.0006031470962207925
-0.000774058668504564
0.0001150312383053413
-0.0008053802963840215
0.000391075466591491
-0.0008067740339184186
-0.0005850091414571089
0.0004552150556484796
0.000582304033018159
-0.0004253952769604358
-6.845038542191282e-05
0.0003745899928449832
0.0004547369807352372
-0.0003555667827707563
-0.0003292983219877813
-0.0003797663122635211
-0.0003012429911899845
5.354429367007728e-06
-0.00035212886929289
0.0003055281223630237
0.0002857778906676033
-0.0003013896351579052
-0.00026335086689558
-3.664465462531387e-05
0.000262316387598266
0.0002808756078505775
0.0002269463845179727
-4.729527271805455e-05
-0.0002510446781028194
-0.0002370428412082224
-0.0002110272771683152
0.0002353778737679989
-2.005131984156631e-05
-0.0002184630759465873
-0.0001993215025822464
-0.0002129903364789176
-4.938389590408377e-05
0.0001872830864876697
-0.000193999502799625
-0.0001956081816979799
7.237397943079477e-05
0.0001681566336977169
0.0001725724918445554
0.0001743889810260571
6.901991793899987e-05
0.0001536750932680316
-0.0001744489220987077
0.0001577579307445689
6.213368616445513e-05
-0.0001512141765158316
0.0001517195679284305
0.0001511741183497335
-4.324718702037826e-05
0.0001516531001447775
0.000157049707641186

0.01497045043986229
0.008896101532533823
0.002736817756809057
-0.002735298313145351
-0.003010846775494521
0.001583185266858982
-0.002135234901065355
0.001681522492238269
0.001288106972319218
0.0008598281328540104
-0.001103474465565292
0.0001639850303046964
-0.001148125624439435
0.0005575052758297075
-0.001150112494225326
-0.0008339712168943955
0.0006489407207590598
0.0008301148966812351
-0.0006064305523571979
-9.758078495148803e-05
0.000534004086485491
0.0006482591917215742
-0.0005068851775136608
-0.000469437659769546
-0.000541383289814928
-0.000429442834547636
7.633111448237821e-06
-0.0005019841927534096
0.0004355515870538195
0.0004073962581985823
-0.0004296518857226072
-0.0003754249760747149
-5.223950370147295e-05
0.0003739502538913841
0.0004004077131030444
0.0003235278546157364
-6.742270051335276e-05
-0.0003578816480897891
-0.0003379210558080517
-0.0003008340599594604
0.0003355475289280308
-2.858455094728047e-05
-0.0003114343082569475
-0.000284146664183178
-0.0003036325375321055
-7.040017812293627e-05
0.000266985064802393
-0.0002765597833628998
-0.0002788530670116083
0.0001031741410861607
0.0002397189761590305
0.0002460140890578875
0.0002486036207178044
9.839269316403405e-05
0.0002190745331258507
-0.0002486890708855773
0.0002248949018987131
8.857589085129903e-05
-0.0002155663251457611
0.0002162867957529992
0.0002155092194440685
-6.165187281827021e-05
0.0002161920413046537
0.0002238852806097256

0.00984482084892414
0.005850226497418133
0.001799777543110993
-0.001798778331315375
-0.001979983650282456
0.001041129349145476
-0.001404166504928485
0.001105797568083761
0.0008470808829481386
0.0005654374905291948
-0.000725663430669068
0.0001078393233215883
-0.0007550267862721822
0.0003666248777828772
-0.0007563333853736196
-0.0005484335462357831
0.000426754369423009
0.0005458975649852578
-0.0003987989652849166
-6.417077094666789e-05
0.0003511700990665933
0.0004263061844264249
-0.0003333362468710465
-0.0003087101272424761
-0.0003560227877068696
-0.0002824088552282556
5.019662903903633e-06
-0.0003301132765844959
0.000286426073966854
0.0002679106545654939
-0.0002825463308088537
-0.0002468857998972145
-3.435357922217927e-05
0.0002459159977020951
0.0002633148693726779
0.0002127573770156078
-4.433830567559942e-05
-0.0002353490113549822
-0.0002222225890176724
-0.0001978335546716948
0.0002206617176861364
-1.879768309265666e-05
-0.0002048044568406857
-0.0001868596415945662
-0.0001996738807501697
-4.629634519923814e-05
0.00017557388422439
-0.0001818703807317614
-0.0001833784827603703
6.784905633363941e-05
0.0001576432441930545
0.0001617830166709873
0.000163485936391272
6.470469548885909e-05
0.0001440671100611812
-0.0001635421298636313
0.0001478946827900068
5.824900062072722e-05
-0.0001417600532892995
0.0001422338469192161
0.0001417224996161541
-4.05433119954826e-05
0.0001421715347949723
0.0001472307387922455

-0.0009938059088674053
-0.0005905632769338944
-0.0001816822859901589
0.0001815814184782089
0.0001998735661433068
-0.0001050989667519971
0.000141746507229502
-0.0001116270345634701
-8.551034088702359e-05
-5.707926307729804e-05
7.325360372879603e-05
-1.088606470043536e-05
7.621774870948824e-05
-3.700971053418962e-05
7.634964607230219e-05
5.536276456780089e-05
-4.307960708240243e-05
-5.510676466772078e-05
4.025759068994671e-05
6.477851890042423e-06
-3.544959576481969e-05
-4.303436411615909e-05
3.364932047673476e-05
3.116338563082902e-05
3.593946050869187e-05
2.850834904463926e-05
-5.067203081697227e-07
3.332397104019047e-05
-2.891387554242126e-05
-2.704479803569677e-05
2.852222680295135e-05
2.492240036853477e-05
3.467893478785092e-06
-2.48245016696925e-05
-2.658086694437475e-05
-2.147723576471502e-05
4.475822449788827e-06
2.375779526313013e-05
2.243272126932248e-05
1.997071949021788e-05
-2.227515586750137e-05
1.897571201873101e-06
2.067441170282766e-05
1.886293501888613e-05
2.015649503244742e-05
4.673480820445433e-06
-1.772367077709179e-05
1.835928370797813e-05
1.851152220272152e-05
-6.849164055946685e-06
-1.591362503969046e-05
-1.633152297942808e-05
-1.650342775107502e-05
-6.53175001305816e-06
-1.454315395369797e-05
1.650910031798666e-05
-1.492953624072188e-05
-5.88006647262345e-06
1.431026331129538e-05
-1.435809139432154e-05
-1.430647237768147e-05
4.092728922606015e-06
-1.435180116736037e-05
-1.48625130334074e-05

0.01197223991753455
0.007114432682308821
0.002188700929655308
-0.002187485792932773
-0.002407848721450251
0.001266112461003252
-0.001707600223422672
0.001344755175181778
0.001030131042082164
0.0006876258490501532
-0.0008824758545303327
0.0001311428893591802
-0.0009181844919412793
0.000445850774119085
-0.0009197734409083038
-0.0006669474330840223
0.0005189739635687769
0.0006638634383187384
-0.0004849775292539414
-7.803777003728746e-05
0.0004270562910601813
0.0005184289279213262
-0.0004053686280324933
-0.0003754209208108832
-0.0004329576226878074
-0.0003434360687224215
6.104388237526889e-06
-0.0004014491891607497
0.0003483213893675396
0.0003258048756951131
-0.0003436032521236097
-0.0003002366497024846
-4.177722467332028e-05
0.0002990572778551322
0.0003202159631306833
0.0002587332365866011
-5.391960313261621e-05
-0.0002862068159021278
-0.0002702438359869057
-0.0002405844470524776
0.0002683456677672899
-2.285977320793247e-05
-0.0002490617281010667
-0.0002272391234341165
-0.0002428224588636575
-5.630076570579527e-05
0.0002135145674509223
-0.0002211717069745359
-0.0002230057026950674
8.251091544179672e-05
0.0001917092011954323
0.0001967435588612561
0.0001988144714521193
7.868707313946408e-05
0.0001751993289006673
-0.0001988828080672181
0.000179854021933252
7.083633324468343e-05
-0.0001723937281081499
0.0001729699062931746
0.000172348059264445
-4.930452932667118e-05
0.0001728941288145213
0.0001790466027880435

-0.008355119098789329
-0.004964980053058002
-0.00152743822917476
0.001526590216429425
0.001680375850981314
-0.0008835874052811404
0.001191690388606093
-0.0009384701379815208
-0.0007189020269590291
-0.0004798764394792858
0.0006158572595599223
-9.152125810227147e-05
0.000640777401528047
-0.0003111478172597291
0.0006418862882486846
0.000465445503467245
-0.0003621786152510923
-0.0004632932626386027
0.0003384533758981476
5.44605577032046e-05
-0.0002980316296925761
-0.0003617982488552052
0.0002828963660477829
0.0002619966294659137
0.0003021500176409524
0.0002396752217429508
-4.260095947046581e-06
0.0002801610902098633
-0.0002430845616915489
-0.0002273708644454099
0.0002397918947496703
0.0002095274554606726
2.915525333327095e-05
-0.0002087044021043267
-0.0002234705057463911
-0.0001805632881888529
3.762910775555811e-05
0.0001997363943771951
0.0001885962402137091
0.00016789771356781
-0.0001872715573095245
1.595324926990777e-05
0.0001738137905327304
0.0001585843545797605
0.0001694595645961379
3.929086002827176e-05
-0.0001490063390531587
0.0001543500602880406
0.0001556299588514964
-5.758225112549404e-05
-0.0001337889333452974
-0.0001373022824072676
-0.000138747519176603
-5.491368968076223e-05
-0.000122267117020348
0.0001387952095471421
-0.0001255155078747479
-4.943485971356945e-05
0.0001203091602030079
-0.0001207112601768721
-0.0001202772890885834
3.4408366142968e-05
-0.0001206583770185706
-0.0001249520307671742

-0.006681552279737505
-0.003970472880173149
-0.001221485685797008
0.001220807533705611
0.00134378923450247
-0.0007066009918348527
0.0009529896029711854
-0.0007504904736552538
-0.0005749028135137143
-0.0003837550943659958
0.0004924983627345011
-7.318915068562712e-05
0.0005124268915094286
-0.0002488235515455807
0.0005133136633805273
0.0003722147378168915
-0.000289632657989746
-0.0003704936002191549
0.000270659687621282
4.355187031748691e-05
-0.0002383345935900059
-0.0002893284806428823
0.0002262309893068816
0.000209517561173389
0.0002416280504588099
0.0001916672288328127
-3.406780136864149e-06
0.0002240436011566576
-0.0001943936631105895
-0.0001818274880008723
0.0001917605317270975
0.00016755819170833
2.331532885072228e-05
-0.0001668999995312439
-0.0001787083881712741
-0.0001443956735470259
3.009183325047177e-05
0.000159728322890204
0.0001508195902237077
0.0001342670687978848
-0.000149760247086446
1.27577438176809e-05
0.0001389981297276719
0.0001268192162606751
0.0001355160742489784
3.14207292907121e-05
-0.0001191597190445961
0.0001234330695949734
0.0001244565988904289
-4.604827492353721e-05
-0.0001069904261121077
-0.0001098000360239458
-0.0001109557855610577
-4.391423798236794e-05
-9.777647988076832e-05
0.0001109939233422503
-0.0001003742038703474
-3.95328415684227e-05
9.621071035889411e-05
-9.653226795314706e-05
-9.618522316778861e-05
2.751622023890934e-05
-9.648997752225406e-05
-9.992359368655211e-05

0.008445307585916609
0.005018574027521188
0.001543926006481798
-0.001543068839948866
-0.001698514497961249
0.0008931252000616556
-0.001204553969843529
0.0009486003588626923
0.0007266621420978023
0.0004850564171162579
-0.0006225050683905736
9.250917505603735e-05
-0.0006476942083081738
0.0003145064708684877
-0.000648815064794283
-0.0004704697078265524
0.0003660881156416587
0.0004682942348519424
-0.0003421067765948303
-5.504842667900659e-05
0.0003012487019427056
0.0003657036434193188
-0.000285950062227022
-0.0002648247255546834
-0.0003054115454126786
-0.0002422623716561833
4.306081121399881e-06
-0.0002831852607308575
0.0002457085133797293
0.0002298251962196835
-0.0002423803040778653
-0.0002117891783632563
-2.94699667633112e-05
0.000210957240640868
0.0002258827354936548
0.0001825123603205904
-3.803529134916589e-05
-0.0002018924286623117
-0.000190632023232755
-0.0001697100684367369
0.0001892930411730136
-1.612545500383007e-05
-0.0001756900058954568
-0.0001602961773380798
-0.0001712887787078767
-3.971498123852944e-05
0.0001506147728927528
-0.0001560161763853793
-0.0001573098906842835
5.820381690488309e-05
0.0001352331044397525
0.0001387843779924416
0.0001402452152237079
5.550644994384247e-05
0.0001235869170350612
-0.0001402934203831311
0.0001268703723157018
4.996847930132727e-05
-0.0001216078252511467
0.0001220142656524524
0.0001215756101072013
-3.477978376734259e-05
0.0001219608116522127
0.0001263008128114627

0.004398622652427046
0.002613855466571149
0.0008041326898623779
-0.0008036862464273767
-0.0008846479859022113
0.0004651720137454572
-0.0006273754181147307
0.0004940654895212818
0.000378472012579233
0.0002526349836670629
-0.0003242232289608057
4.818213532415019e-05
-0.0003373426470883026
0.0001638063827779224
-0.0003379264298196548
-0.0002450376961493817
0.0001906719751605579
0.0002439046308812929
-0.0001781816235547578
-2.867121820104512e-05
0.0001569012556260157
0.0001904717280754178
-0.0001489331689080341
-0.0001379303269770501
-0.0001590694155657221
-0.0001261790343283716
2.242763306258677e-06
-0.0001474931599603906
0.000127973909990846
0.0001197013020431941
-0.0001262404578130967
-0.0001103074894561558
-1.534902809075758e-05
0.0001098741861010915
0.0001176479254337986
9.505906022804049e-05
-1.981015995189656e-05
-0.0001051529030805522
-9.928807531738219e-05
-8.839116204782578e-05
9.859068487198846e-05
-8.398722123373844e-06
-9.150573047510233e-05
-8.348806595420923e-05
-8.921341164494754e-05
-2.068500339853509e-05
7.844563920209348e-05
-8.125888614618443e-05
-8.193269949911487e-05
3.03146599328547e-05
7.043430810481504e-05
7.228394023898308e-05
7.30447972796331e-05
2.890977333801081e-05
6.436855108990361e-05
-7.306990427590695e-05
6.607869374939032e-05
2.602539726658786e-05
-6.333776827190565e-05
6.354945718174552e-05
6.332098945593781e-05
-1.811457346806682e-05
6.352161639873342e-05
6.578204649156704e-05

0.0008999850345620393
0.0005348107778964562
0.0001645304550681754
-0.0001644391100170907
-0.000181004375932776
9.517703243678731e-05
-0.000128364838716728
0.0001010888138851464
7.743768316514465e-05
5.169065920702981e-05
-6.633805101720108e-05
9.858358888998336e-06
-6.902236401911625e-05
3.351578544350376e-05
-6.914180952811446e-05
-5.013620782317576e-05
3.901264957565609e-05
4.990437575557217e-05
-3.645704742244757e-05
-5.866306192321875e-06
3.210295429394528e-05
3.897167780014372e-05
-3.047263513113568e-05
-2.822138653401424e-05
-3.254657304748462e-05
-2.581700035310122e-05
4.588830575360564e-07
-3.017800051370482e-05
2.618424286574908e-05
2.449161680119356e-05
-2.58295679728837e-05
-2.256958542598671e-05
-3.140504805321213e-06
2.248092891555587e-05
2.407148341743613e-05
1.944966376177578e-05
-4.053279605405513e-06
-2.151492560085526e-05
-2.031494605401065e-05
-1.808537110739473e-05
2.017225571351974e-05
-1.718429794450481e-06
-1.872263081233419e-05
-1.708216772852351e-05
-1.825360839221644e-05
-4.232277912777524e-06
1.605045644674292e-05
-1.662606393760938e-05
-1.676393026115403e-05
6.202564398724106e-06
1.441128922003346e-05
1.478973524093497e-05
1.494541123412332e-05
5.915116028969024e-06
1.317019832227244e-05
-1.495054827875274e-05
1.352010394547577e-05
5.324955084629628e-06
-1.295929386799529e-05
1.300260671063898e-05
1.295586081986279e-05
-3.706352264546171e-06
1.299691031656986e-05
1.345940810644569e-05

-0.005332816501509675
-0.003168994629944509
-0.000974917017611362
0.0009743757570609923
0.001072532415265025
-0.0005639667657270737
0.0007606194590295242
-0.0005989967322820484
-0.0004588531350667923
-0.0003062904268487711
0.0003930828175544958
-5.841521463379513e-05
0.000408988580564714
-0.0001985961175025827
0.000409696348979741
0.0002970796025879781
-0.0002311675121644661
-0.0002957058932165242
0.0002160244188790263
3.476050519054338e-05
-0.0001902244568873127
-0.0002309247359492188
0.000180564081880675
0.0001672244204344462
0.0001928530977183273
0.0001529773498619486
-2.719088704278981e-06
0.0001788182391282207
-0.0001551534270814416
-0.0001451238556315038
0.0001530518186669996
0.0001337349544379289
1.860890482146353e-05
-0.0001332096247007181
-0.0001426343761895011
-0.0001152480139941875
2.401750644164738e-05
0.000127485620167994
0.0001203752011242934
0.0001071639658146734
-0.0001195296966177743
1.018247016629482e-05
0.0001109400164597369
0.0001012195341544169
0.0001081608474674812
2.507815199756935e-05
-9.510618033526264e-05
9.851691385611589e-05
9.933383389026196e-05
-3.675298644642528e-05
-8.539337656676628e-05
-8.763583961627663e-05
-8.855828996091296e-05
-3.504972544685289e-05
-7.803935426038259e-05
8.858872926308671e-05
-8.011270260489556e-05
-3.155275616221363e-05
7.678965041997355e-05
-7.704629851206102e-05
-7.676930806425263e-05
2.196180576094794e-05
-7.701254481259289e-05
-7.975305243331085e-05

-0.008436968278648486
-0.005013618443555756
-0.001542401458887096
0.001541545138762181
0.001696837302175111
-0.0008922432848210653
0.001203364534695877
-0.0009476636647533404
-0.0007259446005729917
-0.0004845774488296673
0.000621890376623799
-9.241782699938375e-05
0.000647054643560125
-0.0003141959118898701
0.0006481743932580653
0.0004700051431658187
-0.0003657266224394443
-0.0004678318183589533
0.000341768963732533
5.499406918639671e-05
-0.0003009512343296261
-0.0003653425298636502
0.0002856677012344877
0.0002645632247465893
0.0003051099672055746
0.0002420231500131805
-4.301829087566749e-06
0.0002829056298377027
-0.0002454658888488456
-0.0002295982556483115
0.0002421409659826393
0.0002115800474327108
2.944086668548743e-05
-0.0002107489312060698
-0.0002256596878996721
-0.0001823321387434179
3.799773345345214e-05
0.0002016930702635524
0.0001904437839057041
0.0001695424884649344
-0.000189106124021932
1.610953194564374e-05
0.0001755165210427126
0.0001601378931000025
0.0001711196398408241
3.967576473536796e-05
-0.0001504660485440707
0.0001558621184283078
0.0001571545552508144
-5.814634362656994e-05
-0.0001350995686982621
-0.0001386473355508006
-0.0001401067302803629
-5.545164017679908e-05
-0.0001234648813051811
0.0001401548878396805
-0.0001267450943424479
-4.991913799571764e-05
0.0001214877437726862
-0.0001218937828349973
-0.0001214555604395496
3.47454405180785e-05
-0.0001218403816178355
-0.0001261760972489499

-0.00538791013691681
-0.003201733696570114
-0.0009849889416506839
0.0009844420893060674
0.001083612809617736
-0.0005697931389695916
0.0007684774626091376
-0.0006051850021331356
-0.0004635935733176528
-0.0003094547309459805
0.0003971437788549689
-5.901870559138803e-05
0.0004132138652217555
-0.0002006478254673426
0.0004139289456332428
0.0003001487491275164
-0.0002335557170894505
-0.0002987608478852219
0.00021825617963228
3.511961797813064e-05
-0.0001921896767425303
-0.0002333104327390979
0.0001824294998435321
0.0001689520255841409
0.000194845474213867
0.000154557767702369
-2.747179766790855e-06
0.0001806656206887501
-0.0001567563261013285
-0.0001466231385692592
0.0001546330058489603
0.00013511657797941
1.880115449239386e-05
-0.0001345858210303596
-0.0001441079401712906
-0.000116438647885766
2.426563268841669e-05
0.0001288026814760729
0.0001216188042823692
0.0001082710829374149
-0.0001207645648199559
1.028766585392434e-05
0.000112086144179874
0.000102265239010214
0.00010927826343218
2.533723583486502e-05
-9.608872777951598e-05
9.95346977854474e-05
0.0001003600574676794
-3.713268367297835e-05
-8.627558047407547e-05
-8.854121053892271e-05
-8.94731907713904e-05
-3.541182618560618e-05
-7.884558333834504e-05
8.950394454374767e-05
-8.094035156438762e-05
-3.187872950923027e-05
7.758296873535931e-05
-7.784226827371321e-05
-7.756241622157165e-05
2.218869444521325e-05
-7.780816586283048e-05
-8.057698582612993e-05

0.0008181704125777685
0.0004861929232149279
0.0001495735430427604
-0.0001494905018639819
-0.000164549874996037
8.652480753171764e-05
-0.0001166956216161265
9.189916874972808e-05
7.039808302494254e-05
4.699163468921124e-05
-6.030748122022939e-05
8.962168535928306e-06
-6.274777232733906e-05
3.046897776200967e-05
-6.285635944558142e-05
-4.557849326879511e-05
3.546614040601622e-05
4.536773627707192e-05
-3.314285947604557e-05
-5.333019965174817e-06
2.918458235526161e-05
3.542889323726463e-05
-2.770247004132918e-05
-2.565587490609906e-05
-2.958787321528719e-05
-2.347006341135248e-05
4.171675373386945e-07
-2.74346196690793e-05
2.380392113850717e-05
2.226516603436969e-05
-2.34814885509569e-05
-2.051786008716711e-05
-2.855012043088068e-06
2.043726304286913e-05
2.188322556789353e-05
1.768156004085458e-05
-3.684809546491737e-06
-1.955907585063073e-05
-1.846818242106966e-05
-1.644129065743506e-05
1.833846358100529e-05
-1.562213103461629e-06
-1.702061921924069e-05
-1.552928513414736e-05
-1.659423405476822e-05
-3.847535717893424e-06
1.459136326583727e-05
-1.511464420962622e-05
-1.523997756793177e-05
5.638710065462413e-06
1.310120723583893e-05
1.344524999784349e-05
1.358677400843712e-05
5.377392663231459e-06
1.197293975040163e-05
-1.359144406156496e-05
1.229103662658761e-05
4.84088127162614e-06
-1.178120791293668e-05
1.182058333027741e-05
1.177808695169245e-05
-3.369420206994507e-06
1.181540477628271e-05
1.223585844276202e-05

0.007226653742743809
0.004294396196973278
0.001321138222587459
-0.001320404744775191
-0.001453419668724262
0.0007642476610950272
-0.001030737408430642
0.0008117177810285452
0.0006218051427349987
0.0004150630082486162
-0.0005326778849196433
7.916014536543202e-05
-0.0005542322440013696
0.0002691233376282617
-0.0005551913614328891
-0.0004025811541290296
0.0003132617757449059
0.0004007196008635209
-0.0002927409324463112
-4.710496505247554e-05
0.0002577786584140055
0.00031293278268025
-0.0002446876050881475
-0.000226610644388197
-0.0002613408055633812
-0.0002073040273601125
3.684715676243787e-06
-0.0002423217631248176
0.000210252892482078
0.000196661530387323
-0.0002074049421897671
-0.0001812281012764827
-2.521746466212681e-05
0.0001805162117693305
0.0001932879648574172
0.0001561759140670554
-3.254681700914835e-05
-0.0001727594478213534
-0.00016312391350663
-0.0001452209867755418
0.0001619781459173288
-1.379855956356462e-05
-0.0001503380221206469
-0.0001371655156574384
-0.0001465718899100486
-3.39841284512917e-05
0.0001288811332405552
-0.0001335031167940266
-0.0001346101487387001
4.980503397876239e-05
0.0001157190321844858
0.0001187578586629621
0.0001200078977808327
4.74968957793809e-05
0.0001057533840490424
-0.0001200491469588327
0.0001085630383039673
4.275805165040638e-05
-0.0001040598742624473
0.0001044076655083537
0.0001040323077483608
-2.97610776134717e-05
0.0001043619248947703
0.0001080756659636245

0.004645231165159148
0.002760401115072107
0.0008492163404403964
-0.0008487448671811568
-0.0009342457216785581
0.00049125185453651
-0.0006625491829524478
0.0005217652412824235
0.000399691023053174
0.000266798948732852
-0.0003424007846652433
5.088346382433254e-05
-0.0003562557421759331
0.0001729901777121838
-0.0003568722546508105
-0.000258775719750347
0.0002013619879053943
0.0002575791292465102
-0.0001881713654929196
-3.027866831383718e-05
0.0001656979150245156
0.0002011505139795851
-0.0001572830980070365
-0.0001456633824092408
-0.000167987632719971
-0.0001332532542496004
2.368503695256287e-06
-0.0001557623550448738
0.0001351487595074637
0.0001264123482960223
-0.0001333181214382732
-0.0001164918721749006
-1.620957042149562e-05
0.0001160342756934893
0.0001242438492513333
0.0001003885406852079
-2.092081537037173e-05
-0.0001110482942262054
-0.0001048546552495509
-9.334680719717047e-05
0.0001041181656510533
-8.869595970793597e-06
-9.663599371480631e-05
-8.816881931787391e-05
-9.421515616818433e-05
-2.18447068618862e-05
8.284368921517772e-05
-8.581466067887083e-05
-8.652625133663855e-05
3.201424950685481e-05
7.438320332489437e-05
7.633653497268782e-05
7.714004941725605e-05
3.053059803012272e-05
6.797737001012794e-05
-7.71665640357604e-05
6.97833917142978e-05
2.748450958886135e-05
-6.688879641584855e-05
6.71123536516001e-05
6.687107689656838e-05
-1.913016593296534e-05
6.708295197676099e-05
6.947011294592159e-05

0.003398316305841743
0.002019429343015075
0.0006212620285832614
-0.0006209171124298574
-0.0006834670561618019
0.0003593855995944536
-0.0004847017536471034
0.0003817083077738967
0.0002924023525734506
0.0001951823678141877
-0.0002504904768546596
3.722486538643212e-05
-0.0002606263616687595
0.0001265545934675624
-0.0002610773843028311
-0.0001893128063419593
0.0001473105863940506
0.0001884374154570635
-0.0001376607098572625
-2.21509949863972e-05
0.0001212197857224006
0.0001471558782073309
-0.0001150637498084726
-0.0001065631031062735
-0.0001228948767358978
-9.748421351326046e-05
1.73272856438294e-06
-0.0001139512183926339
9.887091014824424e-05
9.247960525538327e-05
-9.753166846588072e-05
-8.522207283875866e-05
-1.185845128380567e-05
8.48873085333576e-05
9.089319428877787e-05
7.344134287415999e-05
-1.530506135794631e-05
-8.123970919579653e-05
-7.670862267317039e-05
-6.828981502054079e-05
7.616982825744739e-05
-6.488738997500856e-06
-7.069608841756602e-05
-6.450174936438523e-05
-6.892507392636417e-05
-1.598095355982133e-05
6.060603872794805e-05
-6.277951522681705e-05
-6.330009430016178e-05
2.342069581690585e-05
5.44165927921008e-05
5.584559353575066e-05
5.643342138368969e-05
2.233529945528078e-05
4.973027105008017e-05
-5.645281870907793e-05
5.105150411420777e-05
2.010686955568374e-05
-4.893390220123977e-05
4.909745018680566e-05
4.892093911519713e-05
-1.39950741980378e-05
4.907594077480815e-05
5.082231845930162e-05

-0.00641227834997445
-0.003810458441808494
-0.001172258464787672
0.001171607642974037
0.001289633045522082
-0.0006781241921518574
0.0009145830703767837
-0.0007202448794235302
-0.000551733595741423
-0.0003682893406011887
0.0004726501352593735
-7.02395471510269e-05
0.0004917755223344482
-0.0002387956878492445
0.000492626556320595
0.0003572140731554325
-0.0002779601422720272
-0.0003555622993017372
0.0002597518035455733
4.179668188552416e-05
-0.0002287294464735582
-0.0002776682236080372
0.0002171136307989679
0.000201073772261912
0.0002318901733961807
0.0001839428280120009
-3.269483138073055e-06
0.0002150143968047273
-0.0001865593839799357
-0.0001744996395934746
0.0001840323706966938
0.0001608054116871341
2.237569537029087e-05
-0.0001601737453811446
-0.0001715062429288994
-0.0001385763685668673
2.887909916507752e-05
0.0001532910952224241
0.0001447413943129681
0.0001288559577657577
-0.0001437247438730092
1.224359266404869e-05
0.0001333963517195349
0.0001217082619042597
0.0001300546269189691
3.015443922850265e-05
-0.0001143574508780827
0.0001184585806857052
0.0001194408606211034
-4.419247863126829e-05
-0.0001026785938791732
-0.0001053749734112444
-0.000106484144966635
-4.214444573367925e-05
-9.383597984822472e-05
0.0001065207457531729
-9.632901269457779e-05
-3.793962442995302e-05
9.233331256588276e-05
-9.264191103425082e-05
-9.230885253670247e-05
2.640728619997819e-05
-9.260132495434452e-05
-9.589656259834735e-05

-0.0002611180865330304
-0.0001551678768183835
-4.773621333015911e-05
4.770971083936252e-05
5.25158913566577e-05
-2.761428650188767e-05
3.724326491727014e-05
-2.932950731164055e-05
-2.246746209895003e-05
-1.499732273919695e-05
1.924705887402413e-05
-2.860265127296011e-06
2.002587479627777e-05
-9.724136988478744e-06
2.006053024226301e-05
1.454632038316879e-05
-1.131897533464847e-05
-1.447905754706613e-05
1.057750306728026e-05
1.702026799482483e-06
-9.314223765254253e-06
-1.130708794631936e-05
8.841209432922091e-06
8.188041098543023e-06
9.442933550001309e-06
7.49044203329426e-06
-1.331385093358324e-07
8.755725314211486e-06
-7.59699231860365e-06
-7.105900509049443e-06
7.494088352633213e-06
6.548249953009332e-06
9.111736018051532e-07
-6.522527504881208e-06
-6.984004676288565e-06
-5.643048262068765e-06
1.176002460154559e-06
6.242255136528075e-06
5.894097832665717e-06
5.24721780524607e-06
-5.852698223527545e-06
4.985784013465007e-07
5.432109807207775e-06
4.956152357886369e-06
5.296029503439886e-06
1.227936318739525e-06
-4.656815740714092e-06
4.823820213942932e-06
4.863820201958215e-06
-1.79958742111798e-06
-4.181234266228055e-06
-4.291035092956324e-06
-4.336202307854346e-06
-1.716188291793939e-06
-3.821149078155461e-06
4.33769274959689e-06
-3.922669307146927e-06
-1.544961337325115e-06
3.759958096726759e-06
-3.772524713002706e-06
-3.758962045760283e-06
1.075346338181902e-06
-3.770871983836666e-06
-3.905059257275974e-06

0.003563332562559156
0.002117489276493761
0.0006514294188940659
-0.00065106775421956
-0.0007166550130931963
0.0003768367315746334
-0.0005082380174357161
0.0004002433911615618
0.0003066008960092256
0.0002046600799561415
-0.0002626538533958218
3.903243931129806e-05
-0.0002732819189312765
0.0001326998617136723
-0.0002737548424304044
-0.0001985055029127736
0.0001544637291135198
0.000197587604587673
-0.0001443452715617526
-2.32266083037716e-05
0.0001271060050968874
0.0001543015085696609
-0.0001206510429173367
-0.0001117376197775241
-0.0001288624355807993
-0.0001022178752902324
1.816866812818285e-06
-0.0001194844889346229
0.0001036719074724134
9.697025206651636e-05
-0.0001022676345718261
-8.936030665335662e-05
-1.24342768000934e-05
8.900928678269685e-05
9.530680777642222e-05
7.700752518288067e-05
-1.604824819131768e-05
-8.518456644328703e-05
-8.043345833657251e-05
-7.160584820651921e-05
7.986850101261242e-05
-6.803820739110098e-06
-7.412896600321559e-05
-6.763384075139211e-05
-7.227195416638016e-05
-1.675696052853726e-05
6.354896126527863e-05
-6.582797795628512e-05
-6.637383543288929e-05
2.45579635711723e-05
5.705896673193568e-05
5.855735723579511e-05
5.917372896909942e-05
2.341986227318333e-05
5.214508545688037e-05
-5.919406819445436e-05
5.353047527245226e-05
2.10832237410477e-05
-5.131004633884525e-05
5.148153592664372e-05
5.129645378816276e-05
-1.467465036128995e-05
5.145898205545637e-05
5.329016076563637e-05

0.002566077394185249
0.001524876297523459
0.0004691165577120845
-0.000468856110636434
-0.0005160877342325141
0.0002713729917753115
-0.0003659995424256848
0.0002882289262089792
0.0002207937694485412
0.0001473827085873663
-0.0001891460041581593
2.810859171805424e-05
-0.0001967996368841135
9.556169944192872e-05
-0.0001971402052366176
-0.0001429505876038645
0.0001112346031533462
0.0001422895776922975
-0.0001039479565292416
-1.672627335942455e-05
9.153337237486166e-05
0.0001111177826031521
-8.688493380272383e-05
-8.046607358624789e-05
-9.279823791300944e-05
-7.361058067380485e-05
1.308387801241202e-06
-8.604485846551018e-05
7.46576788740446e-05
6.983158808998528e-05
-7.364641403075406e-05
-6.4351406671941e-05
-8.954347103331269e-06
6.409862528283759e-05
6.863368508363754e-05
5.545574713690407e-05
-1.155689124633116e-05
-6.134431362941697e-05
-5.792287852732813e-05
-5.156581518797704e-05
5.751603347645752e-05
-4.899663527386406e-06
-5.338279842690563e-05
-4.870543705564608e-05
-5.204550082373892e-05
-1.206725918858703e-05
4.576377592149824e-05
-4.740497362312296e-05
-4.779806422204594e-05
1.768502772639212e-05
4.109010935572914e-05
4.216915149734941e-05
4.261302181915002e-05
1.686544213851769e-05
3.755145573970088e-05
-4.262766878950832e-05
3.854912222897641e-05
1.518274898248299e-05
-3.695011557106574e-05
3.707361107614917e-05
3.694032711140558e-05
-1.056771656829006e-05
3.705736926375425e-05
3.837606355073476e-05

0.003858265284653722
0.002292751300277435
0.0007053474432141028
-0.0007049558439925741
-0.0007759716808768715
0.0004080270516131449
-0.0005503042628180663
0.0004333710520755167
0.0003319778809718341
0.0002215995469933139
-0.0002843933948477657
4.226310705674197e-05
-0.0002959011325004107
0.0001436832686087777
-0.0002964131993050055
-0.0002149355630593788
0.0001672485049638731
0.0002139416914010078
-0.0001562925549309673
-2.514904655273828e-05
0.0001376264152522973
0.0001670728576220494
-0.0001306371836681281
-0.0001209860072864006
-0.0001395282233607836
-0.0001106783250734106
1.967246679245787e-06
-0.0001293740754245014
0.0001122527057389659
0.0001049963624287529
-0.000110732202870506
-9.675655104699117e-05
-1.346344683672584e-05
9.637647768666926e-05
0.0001031952368687326
8.3381344809685e-05
-1.737654226459558e-05
-9.22351898753023e-05
-8.709083830278416e-05
-7.753257756977966e-05
8.64791201450473e-05
-7.366964744337594e-06
-8.026453077179506e-05
-7.323181186647074e-05
-7.825381631351187e-05
-1.814391386393508e-05
6.880883185086443e-05
-7.127647999416692e-05
-7.186751743323228e-05
2.659059648377566e-05
6.178166832739632e-05
6.340407879915143e-05
6.407146687454666e-05
2.535829591924507e-05
5.646107104837343e-05
-6.409348955297852e-05
5.79611279017355e-05
2.282825664476426e-05
-5.555691675353316e-05
5.574260032689182e-05
5.554219916388793e-05
-1.588925340517873e-05
5.571817969906896e-05
5.770092285408565e-05

5.165614356787305e-05
3.069635745300218e-05
9.443500148914347e-06
-9.43825724691893e-06
-1.0389048339983e-05
5.46284467281525e-06
-7.367714220713427e-06
5.802161238805927e-06
4.444665106083083e-06
2.966871681739591e-06
-3.807583188331339e-06
5.658369667647448e-07
-3.961653814341437e-06
1.92369445946092e-06
-3.968509588713593e-06
-2.877651349437114e-06
2.239196153260169e-06
2.86434496103482e-06
-2.092513101119711e-06
-3.367064376084416e-07
1.842602656913563e-06
2.236844509788459e-06
-1.749027766790592e-06
-1.619813595186508e-06
-1.868064895948515e-06
-1.481809836239831e-06
2.633835918288319e-08
-1.732116721104841e-06
1.502888333328125e-06
1.405737234566581e-06
-1.482531175760024e-06
-1.295419035044372e-06
-1.802545163155375e-07
1.290330446576047e-06
1.381622977570222e-06
1.116345922435906e-06
-2.326447498203401e-07
-1.234885073626065e-06
-1.166010244165893e-06
-1.038040067897153e-06
1.157820293915922e-06
-9.863214693925549e-08
-1.074616652538003e-06
-9.804595351307976e-07
-1.047696327698578e-06
-2.429186565031949e-07
9.212427436656801e-07
-9.542806965940858e-07
-9.621937644077902e-07
3.560065387210642e-07
8.271600041291027e-07
8.488815453180591e-07
8.578168288755213e-07
3.395079596514332e-07
7.559255201064179e-07
-8.581116781147938e-07
7.760089374769104e-07
3.056346869813494e-07
-7.438203068482876e-07
7.463063197497856e-07
7.436232613125716e-07
-2.127322759048044e-07
7.45979365729589e-07
7.725251985142125e-07

-0.002236353944058931
-0.001328940089607753
-0.0004088382783933705
0.0004086112969913503
0.0004497739789713795
-0.0002365034125015412
0.0003189710965391475
-0.0002511934742810016
-0.0001924232754042444
-0.0001284450353610889
0.0001648420321852396
-2.449682932130448e-05
0.0001715122252869266
-8.328267258509925e-05
0.0001718090329280833
0.0001245824117066406
-9.694171502448891e-05
-0.0001240063370620161
9.059135281259923e-05
1.45770612692814e-05
-7.977195808180093e-05
-9.683990511853152e-05
7.572081217399547e-05
7.012673173276592e-05
8.087429702187526e-05
6.415212292014904e-05
-1.140268889120399e-06
7.498868079012488e-05
-6.506467614055258e-05
-6.085870511890069e-05
6.418335193503033e-05
5.608268965022696e-05
7.803774549585949e-06
-5.586238894620607e-05
-5.981472448178491e-05
-4.833006171652626e-05
1.007190951386031e-05
5.346198756188186e-05
5.048018354372142e-05
4.49399595022157e-05
-5.01256153080918e-05
4.270090169088801e-06
4.652347278279924e-05
4.244712045838042e-05
4.535800880420027e-05
1.051669865512579e-05
-3.988344272429593e-05
4.131375771063114e-05
4.165633884760611e-05
-1.541262223670096e-05
-3.581031044805691e-05
-3.675070303117764e-05
-3.713753904285397e-05
-1.469834780909059e-05
-3.272634969581273e-05
3.715030397737963e-05
-3.359582284313314e-05
-1.323186925132618e-05
3.220227763902871e-05
-3.23099048136763e-05
-3.219374692969888e-05
9.20983703794078e-06
-3.22957499634393e-05
-3.344500102515517e-05

0.003038511853160711
0.001805617677445101
0.0005554845011118355
-0.0005551761037393027
-0.0006111034301968932
0.0003213348334724866
-0.0004333828552609876
0.0003412940742529935
0.0002614435897739556
0.0001745169915797279
-0.0002239692290321922
3.328359826736574e-05
-0.0002330319540344896
0.0001131553386194561
-0.0002334352236234135
-0.0001692688832516003
0.0001317137436810026
0.0001684861763634764
-0.0001230855697267588
-1.980570811191552e-05
0.0001083853657537485
0.0001315754155747966
-0.0001028811141157312
-9.528049267855947e-05
-0.0001098831027038343
-8.716285112929568e-05
1.549271994529691e-06
-0.0001018863744887236
8.840272811046687e-05
8.26881171306502e-05
-8.720528168111145e-05
-7.619899243233633e-05
-1.060291083677195e-05
7.58996720576987e-05
8.126967102613547e-05
6.566557399370337e-05
-1.368460324590354e-05
-7.263827057963222e-05
-6.858692312768512e-05
-6.105947584498971e-05
6.81051747936549e-05
-5.801729027426499e-06
-6.321097958415732e-05
-5.767248023866233e-05
-6.162747527223139e-05
-1.428893382670907e-05
5.418923680873834e-05
-5.613259154970311e-05
-5.659805313199266e-05
2.094097648493522e-05
4.865511251067835e-05
4.993281455690969e-05
5.045840479711955e-05
1.997049892682827e-05
4.446496572048328e-05
-5.047574838666042e-05
4.564631023494441e-05
1.797800910114166e-05
-4.375291423120493e-05
4.389914620256324e-05
4.37413236413164e-05
-1.251331395006627e-05
4.387991414834515e-05
4.544139013141886e-05

0.001468399849649012
0.0008725879161285671
0.000268445014313732
-0.0002682959773253615
-0.0002953235756138837
0.0001552891823233823
-0.0002094378268898898
0.000164934741589992
0.0001263459701552033
8.433757595188342e-05
-0.0001082360043765062
1.608472602820659e-05
-0.0001126156825458234
5.468376963635917e-05
-0.000112810567750276
-8.180136024749919e-05
6.365235706305068e-05
8.14231070985782e-05
-5.94826812646906e-05
-9.571362633807719e-06
5.237861903061849e-05
6.358550823037766e-05
-4.971861878436659e-05
-4.604552092763737e-05
-5.310241963392307e-05
-4.212256646620413e-05
7.487055748896603e-07
-4.923789809307754e-05
4.27217529300454e-05
3.996009383210053e-05
-4.214307157492341e-05
-3.68241410395064e-05
-5.123992740838641e-06
3.667949062692515e-05
3.927461154757907e-05
3.173373139194087e-05
-6.613260148340322e-06
-3.510337650545848e-05
-3.314551085383479e-05
-2.95077753463809e-05
3.291269978863809e-05
-2.803760012557456e-06
-3.054751714096803e-05
-2.787096625052658e-05
-2.97822683593426e-05
-6.905310657560483e-06
2.618764415864939e-05
-2.71267952784775e-05
-2.735173556191569e-05
1.011999564522654e-05
2.351320756604275e-05
2.413067347806311e-05
2.438467170713981e-05
9.650999910049383e-06
2.148826535287856e-05
-2.439305321937146e-05
2.205916525097187e-05
8.688103629944638e-06
-2.114415733212502e-05
2.121482580904009e-05
2.113855603080782e-05
-6.047219563670669e-06
2.120553167203839e-05
2.19601349810074e-05

-0.001767640954479966
-0.001050410170843338
-0.0003231506741444926
0.0003229712653247282
0.0003555067423930245
-0.0001869351311421716
0.0002521185767738204
-0.0001985463319958624
-0.0001520936625901503
-0.0001015244950413101
0.0001302931174577394
-1.936258742867547e-05
0.0001355653180110593
-6.582762234542262e-05
0.0001357999183271474
9.847143102092734e-05
-7.662389315888214e-05
-9.801609471879622e-05
7.160449077344642e-05
1.152188389677316e-05
-6.305271153493502e-05
-7.654342138931766e-05
5.985063726654394e-05
5.54290090547182e-05
6.392401344185179e-05
5.07066066585206e-05
-9.012821932269221e-07
5.927195184787731e-05
-5.14278996586526e-05
-4.810344976507716e-05
5.073129044608736e-05
4.432842990999175e-05
6.168196912673235e-06
-4.41543015938241e-05
-4.727827496006796e-05
-3.820065989540454e-05
7.960957966356348e-06
4.225699557684603e-05
3.990014195147445e-05
3.552108248333985e-05
-3.961988696934926e-05
3.375130435976042e-06
3.67727103547776e-05
3.355071263266348e-05
3.585151366093423e-05
8.312524633300481e-06
-3.152435103243088e-05
3.265488913633214e-05
3.292566937196828e-05
-1.218232129754371e-05
-2.830489847499893e-05
-2.904819604093518e-05
-2.935395585979254e-05
-1.161775023117478e-05
-2.586729894284558e-05
2.936404541700675e-05
-2.655454093699012e-05
-1.045862800705319e-05
2.545306610948333e-05
-2.553813591798158e-05
-2.544632333461758e-05
7.279565551606524e-06
-2.552694775470264e-05
-2.643532956478432e-05

-0.001273275683741938
-0.0007566365358851503
-0.0002327734569224407
0.0002326442242932168
0.00025608033653406
-0.0001346540180099052
0.0001816072729088549
-0.0001430178543813661
-0.0001095568428285146
-7.313061541846853e-05
9.385336869311385e-05
-1.394735264801545e-05
9.765106570103643e-05
-4.741727138551899e-05
9.782005413563405e-05
7.09314175733515e-05
-5.519409340759273e-05
-7.060342752565881e-05
5.157849319866144e-05
8.299499148559555e-06
-4.541843420614323e-05
-5.513612759320301e-05
4.311190057832882e-05
3.992689195411194e-05
4.604605461098547e-05
3.65252282142442e-05
-6.49215949603861e-07
4.269505909814195e-05
-3.704479347747649e-05
-3.46501096472972e-05
3.654300855951266e-05
3.193086908276472e-05
4.443105440346271e-06
-3.180544013161631e-05
-3.405571573971408e-05
-2.751688414119709e-05
5.734475755459896e-06
3.043876348278778e-05
2.874106327744585e-05
2.558671797660338e-05
-2.853918865299656e-05
2.431190283688569e-06
2.648829661998866e-05
2.416741163360218e-05
2.582473576094663e-05
5.987717957781651e-06
-2.270777304262865e-05
2.352212771893907e-05
2.371717744825276e-05
-8.775228612091966e-06
-2.038872140156089e-05
-2.09241371001617e-05
-2.114438349210562e-05
-8.368554050307334e-06
-1.863285791410987e-05
2.115165125075642e-05
-1.912789539197846e-05
-7.533609522277002e-06
1.833447571560741e-05
-1.83957536116018e-05
-1.832961872739067e-05
5.243651874867376e-06
-1.838769449974767e-05
-1.904202447970279e-05

-0.004438642919192508
-0.002637637273134969
-0.0008114489811899872
0.0008109984758503581
0.0008926968346416104
-0.0004694043177086885
0.000633083507573733
-0.0004985606768225577
-0.0003819154884360738
-0.0002549335485225853
0.0003271731296774917
-4.862051389431461e-05
0.000340411913037219
-0.0001652967527540156
0.0003410010072359385
0.0002472671381231409
-0.0001924067780554796
-0.0002461237638153691
0.0001798027846934384
2.893207935954146e-05
-0.0001583288002468923
-0.0001922047090497117
0.0001502882169813739
0.000139185267197453
0.0001605166868932568
0.000127327057019433
-2.263168781542863e-06
0.0001488351063090572
-0.0001291382631127802
-0.0001207903879728273
0.0001273890393573307
0.0001113111070663001
1.548867912412811e-05
-0.0001108738613599632
-0.0001187183289971642
-9.592394208980326e-05
1.999039998352961e-05
0.0001061096223913924
0.0001001914342947735
8.919537694976234e-05
-9.948769873773356e-05
8.475136748231392e-06
9.233828285204262e-05
8.424767070673231e-05
9.002510767243166e-05
2.087320307365232e-05
-7.915936612435187e-05
8.199820901104232e-05
8.26781529626224e-05
-3.059047372124831e-05
-7.10751450264484e-05
-7.294160578568017e-05
-7.3709385380055e-05
-2.917280495782226e-05
-6.495419955068922e-05
7.373472080891402e-05
-6.667990170939001e-05
-2.626218578509982e-05
6.391403829619682e-05
-6.412765322863414e-05
-6.389710682045145e-05
1.82793864379071e-05
-6.409955914001997e-05
-6.638055544700206e-05

-0.003146609864105329
-0.001869854280389826
-0.000575246401864973
0.0005749270329562481
0.0006328440283835058
-0.0003327666323344115
0.0004488008713473028
-0.0003534359424952652
-0.0002707446994600541
-0.0001807256030899926
0.0002319371519303492
-3.446769460912329e-05
0.0002413222921784547
-0.0001171809497157525
0.0002417399084747824
0.0001752907882098034
-0.0001363995880659939
-0.0001744802357638985
0.0001274644584413997
2.051031541829571e-05
-0.0001122412804315078
-0.0001362563388029822
0.0001065412096943633
9.867018876598524e-05
0.0001137923008286378
9.026375423269442e-05
-1.604388850777078e-06
0.0001055110812388701
-9.154774104192426e-05
-8.562982722505563e-05
9.030769429261231e-05
7.890984561176878e-05
1.098011969000655e-05
-7.859987662400842e-05
-8.416091852241894e-05
-6.800169057944727e-05
1.417144630030039e-05
7.522244762006901e-05
7.102696954679927e-05
6.323172601450691e-05
-7.052808254785535e-05
6.008131173676565e-06
6.545977158926333e-05
5.972423474917641e-05
6.381993257313339e-05
1.479727652859495e-05
-5.611707155040168e-05
5.812956302417006e-05
5.86115838544319e-05
-2.168597206652312e-05
-5.038606540430793e-05
-5.170922294206738e-05
-5.225351156568656e-05
-2.068096882651321e-05
-4.604685007155311e-05
5.227147217026295e-05
-4.727022206470853e-05
-1.861759423967197e-05
4.530946665880709e-05
-4.546090097461398e-05
-4.529746372242827e-05
1.295848724991705e-05
-4.544098472139916e-05
-4.705801172947489e-05

-0.0001913574932389815
-0.0001137130573112046
-3.498295442028527e-05
3.49635323638086e-05
3.848568844311757e-05
-2.023682354861436e-05
2.729331357006404e-05
-2.149380409300001e-05
-1.64650303767784e-05
-1.099062161013914e-05
1.410499359601423e-05
-2.096113570767189e-06
1.467574020542284e-05
-7.126225926032635e-06
1.470113706459379e-05
1.066010953632411e-05
-8.294985517162649e-06
-1.061081671313261e-05
7.751605790849122e-06
1.2473114601107e-06
-6.825825567379997e-06
-8.286273976455599e-06
6.479182260901453e-06
6.000515092432171e-06
6.920149105466778e-06
5.489287355626273e-06
-9.756907971432759e-08
6.416536172818862e-06
-5.567371550266481e-06
-5.207480365134657e-06
5.491959520306716e-06
4.79881234098011e-06
6.677434668021895e-07
-4.779961930170003e-06
-5.118150356214575e-06
-4.135445322803263e-06
8.618203579978865e-07
4.57456743398735e-06
4.319424215794732e-06
3.845365363299497e-06
-4.28908497150642e-06
3.653776508981149e-07
3.980861415989611e-06
3.632061278879214e-06
3.881136474857124e-06
8.998795101783238e-07
-3.412695759369787e-06
3.535083135089169e-06
3.564396682611284e-06
-1.31880767946374e-06
-3.064171151242719e-06
-3.144637469133938e-06
-3.17773776157306e-06
-1.257689552649648e-06
-2.800286715466254e-06
3.178830015265281e-06
-2.874684689126604e-06
-1.132207778418386e-06
2.755443583480818e-06
-2.764652888824122e-06
-2.754713638575719e-06
7.880556355525952e-07
-2.763441704607747e-06
-2.86177935945846e-06

-0.003131577687393192
-0.001860921498386831
-0.0005724982996412739
0.0005721804564413294
0.0006298207672625466
-0.0003311769192665865
0.0004466568324300923
-0.0003517474867370819
-0.0002694512813555625
-0.0001798622297074934
0.0002308291276106994
-3.430303343454267e-05
0.0002401694325940659
-0.0001166211457301093
0.0002405850538283738
0.0001744533783566783
-0.0001357479716280999
-0.0001736466981312403
0.0001268555274501892
2.041233228752428e-05
-0.0001117050745355161
-0.0001356054067042464
0.0001060322345242066
9.8198815517413e-05
0.0001132486853032668
8.983254071630904e-05
-1.596724266428515e-06
0.0001050070272611831
-9.111039358541308e-05
-8.522075118764487e-05
8.987627086309228e-05
7.853287268065776e-05
1.092766479199862e-05
-7.822438449569596e-05
-8.3758859845343e-05
-6.767682875240666e-05
1.410374560201835e-05
7.486309035174242e-05
7.068765517243935e-05
6.292965155334262e-05
-7.019115148685989e-05
5.979428762698556e-06
6.514705317279496e-05
5.94389164893836e-05
6.351504809571506e-05
1.472658607594827e-05
-5.584898565084643e-05
5.785186292749078e-05
5.833158101840455e-05
-2.158237251706809e-05
-5.01453580171311e-05
-5.146219448592748e-05
-5.200388290068516e-05
-2.058217043988113e-05
-4.582687224869933e-05
5.202175770277481e-05
-4.704439987452666e-05
-1.852865313206659e-05
4.509301150901663e-05
-4.524372238356334e-05
-4.508106591379142e-05
1.289658117364666e-05
-4.522390127547034e-05
-4.68332033234184e-05

0.002313311180051587
0.001374671471426892
0.000422907189067142
-0.0004226723967990142
-0.0004652515657530633
0.0002446419493275195
-0.0003299475048205317
0.0002598375243570636
0.000199044930019891
0.0001328650758134838
-0.0001705145632289484
2.533981228480244e-05
-0.0001774142904910729
8.614858936246091e-05
-0.0001777213118534176
-0.0001288695318576363
0.0001002776656957175
0.0001282736333775619
-9.370877531897852e-05
-1.507868595492439e-05
8.251706442787304e-05
0.0001001723523153256
-7.83265108057595e-05
-7.253992730844544e-05
-8.365733696878935e-05
-6.635972072737114e-05
1.179507732430947e-06
-7.756918537424887e-05
6.73036766574544e-05
6.295297009184483e-05
-6.639202439265936e-05
-5.80126027545452e-05
-8.072317425479376e-06
5.77847210800491e-05
6.18730640752135e-05
4.999319199828989e-05
-1.041850327172012e-05
-5.53017172721092e-05
-5.22173036486729e-05
-4.648642985327661e-05
5.185053403876978e-05
-4.417032176067875e-06
-4.81244348683176e-05
-4.39078074283691e-05
-4.691886503496465e-05
-1.08785984619273e-05
4.125590861780119e-05
-4.273544349090603e-05
-4.308981350300816e-05
1.594300018063341e-05
3.704261203409166e-05
3.801536533279868e-05
3.841551311485406e-05
1.520414619761253e-05
3.385252626702747e-05
-3.842871731530974e-05
3.475191965591744e-05
1.36872032950858e-05
-3.331041988386119e-05
3.342175071637896e-05
3.330159561643281e-05
-9.526765225574744e-06
3.340710877053006e-05
3.459590776937101e-05

-0.0003688015985190394
-0.0002191581662122314
-6.742233759877021e-05
6.738490564203996e-05
7.417312579574976e-05
-3.900225043405541e-05
5.260216102968672e-05
-4.142481788198225e-05
-3.173290692639775e-05
-2.118212749315979e-05
2.718442898296322e-05
-4.039821083028876e-06
2.828442385840262e-05
-1.373431198572231e-05
2.833337099969951e-05
2.054513450641897e-05
-1.598685197354212e-05
-2.045013288553837e-05
1.493960104925743e-05
2.403932307811102e-06
-1.3155353040417e-05
-1.597006229844927e-05
1.248727047210822e-05
1.156473948616757e-05
1.333714195821283e-05
1.057945480595734e-05
-1.880440214593452e-07
1.23665332224034e-05
-1.072994578133621e-05
-1.003633069406454e-05
1.058460484520556e-05
9.2487084377676e-06
1.286936057689178e-06
-9.212378208345107e-06
-9.864165760675157e-06
-7.970207070714396e-06
1.660978727765575e-06
8.816523218596716e-06
8.324787958478525e-06
7.411138539052376e-06
-8.266315402119229e-06
7.04189104038085e-07
7.672278878966263e-06
7.000039470116392e-06
7.480079884942882e-06
1.73432979401074e-06
-6.577258251170596e-06
6.813134354223734e-06
6.869630094218194e-06
-2.541726336901603e-06
-5.905549866887664e-06
-6.060631887259811e-06
-6.124425787089425e-06
-2.423933913486991e-06
-5.39696773561365e-06
6.126530877952562e-06
-5.540354290055651e-06
-2.182094003602554e-06
5.310541965303397e-06
-5.328290977779331e-06
-5.309135148980314e-06
1.518812632815884e-06
-5.325956673151702e-06
-5.515481962643149e-06

-0.001211079171867311
-0.0007196766269778796
-0.0002214030229612252
0.0002212801030413336
0.0002435714165141288
-0.0001280764870507961
0.0001727361862702937
-0.0001360317697559691
-0.0001042052496403145
-6.955835746358393e-05
8.926885315190642e-05
-1.326605739074677e-05
9.288104162495292e-05
-4.510104959616203e-05
9.304177537341026e-05
6.746658524248497e-05
-5.249799221782119e-05
-6.715461673411131e-05
4.905900554535875e-05
7.8940882042159e-06
-4.319985089524409e-05
-5.244285789670033e-05
4.100598599106575e-05
3.797655752054503e-05
4.379681352451669e-05
3.474105702555068e-05
-6.175032827948942e-07
4.060950623314537e-05
-3.52352427520598e-05
-3.29575335748436e-05
3.475796884292103e-05
3.037112149360969e-05
4.226070226528093e-06
-3.025181945075684e-05
-3.239217440676329e-05
-2.617274929828566e-05
5.454360149749835e-06
2.895190173045973e-05
2.733713017317442e-05
2.433686719508755e-05
-2.714511664752919e-05
2.312432376602791e-06
2.519440584976146e-05
2.298689061699842e-05
2.456325837252133e-05
5.695232068214137e-06
-2.159855192612888e-05
2.237312729853942e-05
2.255864930892641e-05
-8.346579406345061e-06
-1.939278048411299e-05
-1.99020423895403e-05
-2.011153026502312e-05
-7.959769937041578e-06
-1.772268678363205e-05
2.011844301084203e-05
-1.819354284921141e-05
-7.165610478516759e-06
1.743887985128742e-05
-1.749716446670548e-05
-1.743426011548931e-05
4.987511857235796e-06
-1.748949902338545e-05
-1.811186652821894e-05

0.001457797393624062
0.0008662874694147209
0.000266506729956364
-0.0002663587690769396
-0.0002931912168942607
0.0001541679300114139
-0.0002079255989025236
0.0001637438443387062
0.0001254336998408448
8.372862366931951e-05
-0.0001074544955273132
1.59685876341488e-05
-0.0001118025506036103
5.428893013616031e-05
-0.0001119960286560569
-8.121072049436539e-05
6.319276064132811e-05
8.083519848993984e-05
-5.905319163188013e-05
-9.502253425272868e-06
5.200042367401149e-05
6.312639448500395e-05
-4.935962973292111e-05
-4.571305316631469e-05
-5.271899813665527e-05
-4.181842406340406e-05
7.432996100676502e-07
-4.888238004434389e-05
4.241328415246133e-05
3.967156537875345e-05
-4.183878111673705e-05
-3.655825546610641e-05
-5.086995387757048e-06
3.641464948953498e-05
3.899103256069129e-05
3.150460068775587e-05
-6.565509666816247e-06
-3.484991556580053e-05
-3.290618651634975e-05
-2.929471696820628e-05
3.267505644358264e-05
-2.783515702233264e-06
-3.032695139575526e-05
-2.766972631299824e-05
-2.956722802777609e-05
-6.855451450216749e-06
2.599855850492155e-05
-2.693092856406639e-05
-2.715424468533235e-05
1.004692507877921e-05
2.334343245387299e-05
2.395644000587982e-05
2.420860426235836e-05
9.581315687357564e-06
2.1333111163438e-05
-2.421692525660366e-05
2.189988892748955e-05
8.625371917815055e-06
-2.099148774534882e-05
2.106164596654016e-05
2.098592688774911e-05
-6.003556129962358e-06
2.105241893703949e-05
2.180157369711137e-05

0.0009497850217236791
0.0005644041253996834
0.0001736346226221256
-0.0001735382230623485
-0.0001910201153640019
0.0001004435811147554
-0.0001354678094051464
0.0001066824864913459
8.172263844711885e-05
5.45509225072043e-05
-7.000881659900379e-05
1.040386367772783e-05
-7.284166401887664e-05
3.537035593172234e-05
-7.296771895429265e-05
-5.291045673865501e-05
4.11713848584978e-05
5.266579641967692e-05
-3.847437040450482e-05
-6.190913782272655e-06
3.387934684543245e-05
4.112814594098914e-05
-3.215881521208483e-05
-2.978299548659949e-05
-3.43475129050989e-05
-2.724556442567375e-05
4.842750024005787e-07
-3.184787721214553e-05
2.763312802341633e-05
2.584684178332601e-05
-2.725882746512211e-05
-2.381845626417374e-05
-3.314282249376644e-06
2.372489401325349e-05
2.540346063847806e-05
2.052589610839404e-05
-4.277564748577283e-06
-2.270543764005566e-05
-2.143905813799826e-05
-1.90861113579649e-05
2.128847213599828e-05
-1.813517799715817e-06
-1.975863334387811e-05
-1.80273964833824e-05
-1.926365792499608e-05
-4.466467791107704e-06
1.693859624281478e-05
-1.75460545362166e-05
-1.769154958787474e-05
6.545778580720213e-06
1.520872694471778e-05
1.560811398823396e-05
1.577240419403524e-05
6.242424474121622e-06
1.389896122631935e-05
-1.57778254931365e-05
1.426822861102518e-05
5.619607422939826e-06
-1.367638653453831e-05
1.372209606039586e-05
1.3672763521302e-05
-3.911440447253858e-06
1.371608446064487e-05
1.420417421385484e-05

0.0002475685992324329
0.0001471161742192112
4.525916846204875e-05
-4.523404119283723e-05
-4.979082771822173e-05
2.618137379495952e-05
-3.531070194677825e-05
2.780759133826451e-05
2.130161948568827e-05
1.421910765393594e-05
-1.824832384479295e-05
2.711845205381969e-06
-1.898672680082365e-05
9.219548921190573e-06
-1.901958396647219e-05
-1.379150793070436e-05
1.073163067934771e-05
1.372773538101568e-05
-1.002863360608945e-05
-1.61370817394574e-06
8.830906204696144e-06
1.0720360130755e-05
-8.382436712477327e-06
-7.763161457524447e-06
-8.952937204274262e-06
-7.101760994231442e-06
1.262299165030874e-07
-8.301388387479838e-06
7.202782356773512e-06
6.737173432465234e-06
-7.105218105073207e-06
-6.208459512770044e-06
-8.638925600784137e-07
6.184071809387057e-06
6.621602807074361e-06
5.350228979533002e-06
-1.114979378189841e-06
-5.918342849119801e-06
-5.588251520829691e-06
-4.974938270896223e-06
5.549000148427234e-06
-4.727070348452335e-07
-5.15023617748114e-06
-4.698976287398622e-06
-5.021217117053196e-06
-1.164218374974493e-06
4.415172327319573e-06
-4.573510893777911e-06
-4.611435271719981e-06
1.706206348861155e-06
3.964268902651276e-06
4.06837213512247e-06
4.111195611156899e-06
1.627134822648634e-06
3.622868631201052e-06
-4.112608713484109e-06
3.719120948405611e-06
1.464792880617266e-06
-3.564852866156965e-06
3.576767397372516e-06
3.563908500545064e-06
-1.019546329286279e-06
3.575200428736927e-06
3.702424688693229e-06

0.0002280063873773184
0.0001354914456548691
4.168290941905079e-05
-4.1659767640037e-05
-4.585648902083487e-05
2.411259131444323e-05
-3.252054425180599e-05
2.561030947544219e-05
1.961842220411272e-05
1.309555160856995e-05
-1.68063898589686e-05
2.49756241432929e-06
-1.748644617861771e-05
8.491044701531638e-06
-1.751670705848086e-05
-1.270173967749972e-05
9.883645783261576e-06
1.264300626488858e-05
-9.236197667877761e-06
-1.486197248606985e-06
8.133111498218979e-06
9.873265803440088e-06
-7.720078871749108e-06
-7.149737099336802e-06
-8.245499932933755e-06
-6.540598740465866e-06
1.162555644386515e-07
-7.645434769682108e-06
6.633637663791592e-06
6.204819917545005e-06
-6.543782679600596e-06
-5.717883564690288e-06
-7.956300690658405e-07
5.69542291274029e-06
6.09838137540996e-06
4.927468124222852e-06
-1.026876675034023e-06
-5.450691147723185e-06
-5.146682757730428e-06
-4.581831888574206e-06
5.110532924264822e-06
-4.353549829714934e-07
-4.743278221108264e-06
-4.327675686607741e-06
-4.624453903498752e-06
-1.072224937334456e-06
4.066297160169209e-06
-4.212124234482447e-06
-4.247051929008752e-06
1.571386463924738e-06
3.651022924142823e-06
3.746900196217038e-06
3.786339875119383e-06
1.498562959277698e-06
3.336599193545755e-06
-3.787641317877e-06
3.425245908816533e-06
1.349048845470085e-06
-3.283167679854271e-06
3.294140756530307e-06
3.282297935506108e-06
-9.389844916794352e-07
3.292697605574283e-06
3.409868943078286e-06

-0.002369572155502426
-0.00140810422296259
-0.0004331925199761197
0.0004329520174333457
0.0004765667347390987
-0.0002505917734688831
0.0003379720060760946
-0.0002661569130778819
-0.0002038858100614656
-0.0001360964261104656
0.0001746615693639612
-2.595609018514614e-05
0.0001817291017141184
-8.824376951509577e-05
0.0001820435900015869
0.000132003708370848
-0.0001027164726044589
-0.0001313933173183277
9.598782327122695e-05
1.544540772917833e-05
-8.452392393563365e-05
-0.0001026085979458856
8.023145378950776e-05
7.43041374608469e-05
8.569192851966997e-05
6.79736249227896e-05
-1.20819399658403e-06
7.945570979504731e-05
-6.894053837017806e-05
-6.448402027458454e-05
6.800671423064708e-05
5.942350053931674e-05
8.268640538609898e-06
-5.919007665961394e-05
-6.337785036124516e-05
-5.120905338864502e-05
1.067188688991514e-05
5.66466848599981e-05
5.348725663384564e-05
4.761700489711078e-05
-5.31115669892218e-05
4.524456780663615e-06
4.929484707748645e-05
4.49756689841959e-05
4.805995713563214e-05
1.114317184327407e-05
-4.225927456441945e-05
4.377479252352899e-05
4.41377810054307e-05
-1.633074254297381e-05
-3.794350833557551e-05
-3.893991951911187e-05
-3.934979911101997e-05
-1.557391923262931e-05
-3.467583796226451e-05
3.936332444475093e-05
-3.559710508342007e-05
-1.402008346063435e-05
3.412054725951389e-05
-3.423458571791498e-05
-3.411150838114369e-05
9.758461293576156e-06
-3.421958767203269e-05
-3.543729890365078e-05

-0.001967164746869092
-0.001168976003071125
-0.0003596265477398377
0.0003594268880154428
0.0003956348313478616
-0.0002080355736280525
0.0002805766493488528
-0.0002209573974468073
-0.000169261348302198
-0.0001129841482132474
0.0001450000503625844
-2.154815394002179e-05
0.0001508673544892037
-7.325796436193137e-05
0.000151128435491092
0.000109586467312283
-8.527287230355462e-05
-0.0001090797345853017
7.968690112654225e-05
1.282242514341838e-05
-7.016983342203378e-05
-8.518331722288215e-05
6.660632263008323e-05
6.168559983286682e-05
7.113948418225992e-05
5.643015274063318e-05
-1.003015093648016e-06
6.596231766283514e-05
-5.72328622266034e-05
-5.353316256940731e-05
5.645762272915164e-05
4.933203452996411e-05
6.864436744123691e-06
-4.913825135007774e-05
-5.261484554220206e-05
-4.251258790019642e-05
8.85955704013915e-06
4.702678549998941e-05
4.440390026209793e-05
3.953055118728694e-05
-4.409201128969417e-05
3.756100803676936e-06
4.092345748910712e-05
3.733777436871371e-05
3.989828003070738e-05
9.250807057078247e-06
-3.508268569001813e-05
3.634083412643991e-05
3.664217888333275e-05
-1.355740990883663e-05
-3.149983502165296e-05
-3.23270328552766e-05
-3.266730554197912e-05
-1.292911246186409e-05
-2.878708962252707e-05
3.267853396548939e-05
-2.955190456979139e-05
-1.163915345133538e-05
2.832609994884087e-05
-2.842077207547528e-05
-2.831859607822424e-05
8.101251947877215e-06
-2.840832103994322e-05
-2.94192371249957e-05

