-0.4693651743376445
-0.2789079657406383
-0.08581087886110328
0.08575298329860226
0.0944021055978294
-0.04963171130895164
0.06695000389668893
-0.05271465913595875
-0.04038979195349881
-0.02695309775901725
0.03460090590483922
-0.005140394997491415
0.03599242170802736
-0.01748297699506036
0.03605482161478612
0.02615071720445803
-0.02034229346524932
-0.02602945403046801
0.0190096934187171
0.003060129414642018
-0.01674545742931218
-0.0203213868774474
0.01589504253195226
0.01471508945758432
0.01697640990256189
0.01346137987495379
-0.0002392848474927393
0.01574095985790418
-0.01365309999402724
-0.01277521050881717
0.01346829440974932
0.01177263535225428
0.001638339894822443
-0.01172208257656445
-0.01255578506630435
-0.01014136527028775
0.002114375080257411
0.01122230434515195
0.01059276028802435
0.009433657904695329
-0.01051848635853136
0.0008966511157635923
0.009765836418084605
0.008907035895962584
0.009521162811288812
0.002206666594044489
-0.008369177858929096
0.008672270683681
0.008741270747662228
-0.003235147912915434
-0.007517095522599359
-0.007711782576979258
-0.00779559851898053
-0.003084030433672314
-0.006867511729426286
0.007798215130162441
-0.007049802653691381
-0.002777536389674679
0.006759579872070706
-0.006779977290076025
-0.006757784633291947
0.001933253822254102
-0.00677707693248831
-0.007020361282121388

-0.2791953357293809
-0.165904518251432
-0.05104340595076883
0.05100896758192826
0.05615377749982755
-0.02952273210572185
0.03982427720887797
-0.03135658067535559
-0.02402530511645892
-0.01603267474709908
0.02058186688915471
-0.003057692358896232
0.02140959068099339
-0.01039950532881727
0.02144670839630814
0.0155553898513146
-0.01210032990100604
-0.01548325814146963
0.01130765132637516
0.001820275354900843
-0.00996080208871856
-0.01208789390847928
0.009454944633253854
0.008753065983644922
0.01009818095028265
0.008007314302486685
-0.0001423352583091878
0.009363290700952107
-0.008121356344678867
-0.007599156013347063
0.008011427317201451
0.007002788147266066
0.0009745436644700866
-0.006972717532840176
-0.007468633845442272
-0.006032449862491734
0.001257706563386531
0.006675431413760876
0.006300955900892366
0.005611479994386066
-0.006256775088564338
0.0005333604259220009
0.00580907175584733
0.005298226228300441
0.005663531069129086
0.001312604884748548
-0.00497828886729931
0.005158579412037965
0.005199623138934927
-0.001924382670604775
-0.004471439558977604
-0.00458724644129926
-0.004637103186850742
-0.001834492543132928
-0.004085043688272995
0.004638659641564321
-0.004193476905271294
-0.001652178830502026
0.004020841926406646
-0.004032975046370835
-0.004019774053628758
0.001149969106071153
-0.004031249809059417
-0.004175964115506798

-0.08434723018332231
-0.05012113312293225
-0.01542063695235779
0.01541023283506623
0.01696452264885951
-0.008919062612758344
0.01203124496276901
-0.009473083499326232
-0.007258244252504887
-0.004843604223601794
0.006217952959584493
-0.0009237542616948642
0.006468015192959005
-0.003141776947925588
0.006479228763092173
0.004699412491801981
-0.00365561017982829
-0.004677620903069127
0.003416135397705163
0.0005499203056374367
-0.003009241054809398
-0.003651853163184543
0.002856417315383177
0.002644373944873913
0.003050744350086071
0.002419076167076364
-4.3000663905982e-05
0.002828727901071042
-0.002453529215364177
-0.002295768157381951
0.002420318742990701
0.002115600471044963
0.0002944177365143167
-0.002106515888632098
-0.002256336326217106
-0.001822453214672025
0.0003799636004945405
0.00201670328252066
0.001903571119335734
0.001695274720542075
-0.00189022372892418
0.0001611326152653982
0.001754968833063188
0.001600638155628607
0.001710999782608078
0.0003965488394154952
-0.001503982421169249
0.001558449692396669
0.001570849343241749
-0.0005813719905248772
-0.001350859034755845
-0.001385845255907783
-0.00140090739289587
-0.0005542154363036172
-0.001234125632449318
0.001401377610794243
-0.00126688420805327
-0.0004991369492489905
0.001214729746868061
-0.001218395263198581
-0.001214407133632329
0.000347415219670965
-0.001217874054674826
-0.001261593448786297

0.08406933354265203
0.04995600032024495
0.01536983097808298
-0.01535946113895783
-0.01690863007427084
0.008889677207539599
-0.01199160593074416
0.00944187277580133
0.007234330702638118
0.004827646125871006
-0.006197466830578226
0.0009207107923890373
-0.006446705190365405
0.003131425816563178
-0.006457881815436608
-0.004683929458849125
0.003643566135392242
0.004662209666296737
-0.003404880344644344
-0.0005481084974101945
0.002999326586031061
0.003639821496893556
-0.00284700635103201
-0.002635661594336923
-0.003040693141472987
-0.002411106099312242
4.28589907292545e-05
-0.002819408164317759
0.002445445636030139
0.002288204349331272
-0.002412344581342384
-0.002108630256816795
-0.0002934477260023369
0.002099575605142949
0.002248902433201967
0.001816448825137877
-0.0003787117442340751
-0.002010058902304681
-0.001897299472735824
-0.001689689342708276
0.00188399605762584
-0.000160601735799616
-0.00174918678257868
-0.001595364574439774
-0.00170536259581799
-0.0003952423401964985
0.001499027289132023
-0.001553315108448447
-0.001565673906483293
0.0005794565592438753
0.001346408394385525
0.00138127934733791
0.001396291859491871
0.0005523894770204833
0.001230059590603868
-0.001396760528175976
0.001262710237375199
0.0004974924556342596
-0.001210727608146608
0.001214381047795107
0.001210406057815391
-0.0003462705997200931
0.001213861556483507
0.001257436909436419

0.09127790044328976
0.05423950246334189
0.01668772479486522
-0.0166764657887093
-0.01835846898642744
0.009651927009882667
-0.01301983215730213
0.01025147086232783
0.007854641993969028
0.005241595048796135
-0.006728871712481632
0.0009996575981199517
-0.006999481139633843
0.0033999314837532
-0.007011616109992586
-0.005085555324540077
0.003955985529447751
0.005061973157550349
-0.00369683350662055
-0.0005951063336712939
0.003256505338867393
0.003951919805053794
-0.003091124329410846
-0.002861657711226265
-0.003301418890220977
-0.002617847593375732
4.653395624815593e-05
-0.003061159722422936
0.002655131590782026
0.00248440757159235
-0.002619192269662929
-0.002289435809025455
-0.0003186095475083571
0.002279604761731378
0.00244173569307979
0.0019722011348773
-0.0004111845714749846
-0.002182412404598121
-0.002059984361546196
-0.001834572597457245
0.002045540238478129
-0.0001743726116718165
-0.001899171674960025
-0.001732159904926387
-0.001851589761465466
-0.0004291325916262201
0.001627562131079897
-0.001686504886518599
-0.00169992339584898
0.0006291423506890173
0.001461856853146619
0.001499717833337326
0.001516017600827094
0.0005997543880113846
0.001335531663201227
-0.001516526455740999
0.00137098195595139
0.0005401501941683567
-0.00131454205027428
0.001318508755926477
0.001314192928449795
-0.0003759617448573332
0.001317944720573599
0.001365256463880897

-0.0473393318968572
-0.02813015852206802
-0.008654731745925497
0.008648892503061665
0.009521227506828236
-0.005005765622850399
0.006752457634790779
-0.005316706225996812
-0.004073642168342275
-0.002718441227053219
0.003489785476454003
-0.0005184510444560971
0.00363013127126808
-0.001763301786679581
0.003636424814246587
0.002637514559590619
-0.002051687331194044
-0.002625284172779181
0.001917283674224143
0.0003086391788894475
-0.001688916882529312
-0.002049578730147433
0.001603145557180643
0.001484137600767853
0.001712210335860935
0.001357690694859184
-2.413384169232349e-05
0.001587605054293095
-0.001377027243126961
-0.001288484879993281
0.001358388082472855
0.001187366943078785
0.0001652400311768484
-0.001182268280549347
-0.001266354022361298
-0.001022839960581439
0.0002132520884614178
0.001131861542118005
0.001068366854627329
0.0009514618616129236
-0.00106087571895777
9.043462763241297e-05
0.000984964792281284
0.0008983477078188295
0.000960287449964416
0.0002225604454537665
-0.0008441003083089647
0.000874669708448918
0.0008816289314782383
-0.0003262912315575962
-0.0007581608080452263
-0.0007777965961002309
-0.0007862501220833806
-0.0003110497929156696
-0.0006926449486240756
0.0007865140288070098
-0.0007110304851690471
-0.0002801373518859098
0.0006817591345559589
-0.0006838163816495161
-0.0006815780699848996
0.0001949845223639598
-0.0006835238567704096
-0.0007080610810952961

0.06591085818357395
0.03916580177071748
0.01205003902389489
-0.0120419090082566
-0.01325646667983804
0.006969559874372429
-0.00940149046731387
0.00740248448856199
0.005671758355888285
0.003784903314374171
-0.004858850905016004
0.000721842744649405
-0.005054255263459393
0.002455056489810121
-0.005063017804079944
-0.003672228591505594
0.002856577549893056
0.003655200144789056
-0.002669446468420189
-0.000429720326303093
0.002351489906338915
0.002853641731007887
-0.002232069934936437
-0.002066374386993776
-0.002383921532168661
-0.001890321541526107
3.360170398417741e-05
-0.002210432792187878
0.001917243942825747
0.001793965837581609
-0.001891292518812179
-0.001653178679573316
-0.0002300647648528861
0.001646079778735143
0.001763152901269279
0.001424106697011071
-0.0002969122629480257
-0.001575898150581197
-0.001487494086245086
-0.001324726507853797
0.001477064129569018
-0.0001259127173520309
-0.001371372855057308
-0.001250775327767355
-0.001337014431636271
-0.0003098723486327011
0.001175246322336503
-0.001217808295999287
-0.001227497667262594
0.0004542973934780983
0.001055592199913685
0.001082931234706531
0.001094701133644286
0.0004330766398133051
0.0009643740448174788
-0.001095068572683376
0.00098997234634132
0.0003900370480999722
-0.0009492176554367678
0.000952081973880024
0.0009489655580622799
-0.0002714782124413395
0.0009516746895980501
0.0009858380258316456

-0.04974239177989945
-0.02955811393968596
-0.009094067026411665
0.009087931369344791
0.01000454822434515
-0.005259870488090859
0.007095228844352344
-0.005586595194211183
-0.004280430174855126
-0.002856435930302693
0.003666935494060461
-0.0005447688832667242
0.003814405583528844
-0.001852811283655441
0.003821018602090317
0.00277140122793143
-0.002155835981389255
-0.002758549996870579
0.002014609667163422
0.0003243064559592949
-0.00177465042044799
-0.002153620342612817
0.001684525133544909
0.001559476043166497
0.00179912630625147
0.001426610384083567
-2.535893432608722e-05
0.001668195756849252
-0.001446928502676412
-0.001353891513356025
0.001427343172791653
0.001247640583475558
0.0001736280179540568
-0.001242283100407272
-0.001330637239444217
-0.001074761810289486
0.0002240772843023505
0.001189317593060253
0.001122599760455496
0.0009997603850241588
-0.001114728356478504
9.502530977753397e-05
0.001034964006121318
0.0009439500273104298
0.001009033981754251
0.0002338581561859189
-0.0008869488975661342
0.0009190700749743885
0.0009263825651282759
-0.0003428545698500597
-0.0007966468987803666
-0.0008172794473017913
-0.0008261620948702142
-0.0003268394386296466
-0.0007278052946310257
0.0008264393981424963
-0.0007471241258281324
-0.0002943578067399874
0.0007163668901053967
-0.0007185285680761154
-0.0007161766342550975
0.0002048824120200446
-0.0007182211939213211
-0.0007440039875653843

-0.03997343084440614
-0.02375316467867548
-0.007308073584060445
0.007303142915174369
0.008039744416492575
-0.004226878959430623
0.005701789346799629
-0.004489437854931304
-0.003439791965291952
-0.002295457456622883
0.002946782153768424
-0.0004377811460655677
0.003065290436382658
-0.001488935715890857
0.003070604717233852
0.002227122809394155
-0.001732449072719709
-0.002216795445194227
0.001618958343723488
0.0002606155680460027
-0.001426124947281857
-0.001730668565586191
0.001353699460801492
0.001253208893549937
0.001445793987983396
0.001146436861790151
-2.037866639097436e-05
0.001340577027667234
-0.001162764683581423
-0.001087999327001274
0.001147025737348645
0.001002615129624486
0.0001395290278571322
-0.0009983098083228877
-0.001069311984539679
-0.0008636882015629747
0.0001800705094257895
0.0009557462529867936
0.0009021312060962422
0.0008034163855363257
-0.0008958056754720188
7.636318867955706e-05
0.0008317063302505141
0.0007585666830061172
0.0008108687307956781
0.0001879305055346614
-0.0007127600654239031
0.0007385729308254959
0.0007444493133033849
-0.0002755209982308355
-0.0006401925716945904
-0.000656773072188245
-0.0006639112472052837
-0.0002626510955704758
-0.0005848708429997096
0.0006641340905945171
-0.0006003956285039227
-0.0002365485657243316
0.0005756788388373292
-0.0005774159825851243
-0.0005755259475347435
0.0001646453384139293
-0.000577168973965675
-0.0005978882574948092

-0.02831595289772204
-0.01682601362967889
-0.005176815274747518
0.005173322540073667
0.005695108460746544
-0.00299419146646418
0.004038972766814777
-0.003180180138459822
-0.002436643170467421
-0.001626031687734349
0.002087410134764181
-0.0003101107423015739
0.002171357768921244
-0.001054716413084745
0.002175122242550431
0.001577625518652548
-0.00122721380938655
-0.001570309930472101
0.001146820456384898
0.00018461207840593
-0.001010223190265574
-0.001225952552720596
0.0009589191960760733
0.0008877347590928208
0.001024156135681597
0.0008121007252294987
-1.443562249863856e-05
0.0009496236667535731
-0.0008236668536053655
-0.0007707053671735633
0.0008125178666215327
0.000710221819475379
9.883808562858063e-05
-0.0007071720618585236
-0.0007574678266934181
-0.0006118102428828434
0.000127556428243914
0.0006770213441793245
0.0006390420887017655
0.0005691155362333822
-0.0006345612767368413
5.409334170456247e-05
0.000589155265750765
0.0005373453819710934
0.00057439454913969
0.0001331242085143202
-0.0005048973784231726
0.0005231824208982824
0.0005273450700866119
-0.00019517062817561
-0.0004534927906521069
-0.0004652379088740306
-0.0004702943732126973
-0.0001860539836987198
-0.0004143045741081025
0.0004704522286377115
-0.0004253018561977307
-0.0001675637518116613
0.0004077932401695645
-0.000409023779542737
-0.0004076849366582052
0.0001166297100067476
-0.0004088488062094772
-0.0004235257114461375

0.03486906878339169
0.02072003116839929
0.006374877389648686
-0.006370576336950523
-0.007013118342300252
0.003687132429266784
-0.004973705802132455
0.003916164163433707
0.003000551619028223
0.002002341611754174
-0.002570496138031177
0.0003818791775379965
-0.002673871639473029
0.001298807752917951
-0.002678507319238888
-0.001942732880049941
0.001511225946942871
0.001933724256946144
-0.001412227288282226
-0.0002273365577148233
0.001244017534397761
0.001509672799654803
-0.001180840338535332
-0.001093181800662567
-0.001261174959183175
-0.001000043902790645
1.77764356246168e-05
-0.00116939355966489
0.001014286761837213
0.0009490684829420202
-0.001000557582550423
-0.0008745873241209831
-0.0001217120263849183
0.0008708317659557553
0.0009327673995497434
0.0007534005130788341
-0.0001570766092975143
-0.0008337033156993169
-0.0007869345816088933
-0.000700825038461536
0.0007814167824666225
-6.661207763103548e-05
-0.0007255025306677457
-0.0006617023679925213
-0.0007073257649180312
-0.0001639329320891161
0.0006217449746572211
-0.0006442616953933239
-0.0006493876998540291
0.0002403386558430948
0.0005584439050009193
0.000572907177228533
0.0005791338510566179
0.0002291121608532436
0.0005101864219094967
-0.0005793282387112202
0.0005237287874797633
0.0002063427640463835
-0.0005021681803270427
0.0005036835014677482
0.0005020348123064521
-0.0001436211380595829
0.0005034680343347272
0.0005215415923771201

-0.005013332420237797
-0.002979041529618746
-0.000916553857262492
0.0009159354694569188
0.001008317536978729
-0.0005301208546801272
0.0007150991241392673
-0.0005630501028139297
-0.0004314070674993189
-0.0002878885060268793
0.0003695754453593332
-5.49050298204848e-05
0.000384438353114533
-0.000186737278698452
0.0003851048522345193
0.0002793182058264359
-0.0002172778998251207
-0.0002780229827579138
0.000203044276664543
3.26855225809704e-05
-0.0001788597646608658
-0.0002170545946459567
0.0001697764052455147
0.0001571732183764877
0.000181326589182581
0.0001437822314861798
-2.555823374199686e-06
0.0001681306340901711
-0.0001458300116393949
-0.0001364531936346392
0.0001438560862659159
0.0001257445965529424
1.749925848604828e-05
-0.0001252046377251788
-0.0001341094903839622
-0.0001083208513856749
2.258383390574675e-05
0.0001198664606565582
0.0001131422429171635
0.0001007617641887521
-0.0001123489162728655
9.577212699356459e-06
0.0001043097933172677
9.513686627574862e-05
0.0001016964121112995
2.356960801828399e-05
-8.939195531525408e-05
9.262931753919777e-05
9.33663135429968e-05
-3.45549111924765e-05
-8.029078583132286e-05
-8.237025609226855e-05
-8.326550184622121e-05
-3.294081155454981e-05
-7.335252183569767e-05
8.329345010996581e-05
-7.529958789536054e-05
-2.966712059623803e-05
7.21996917808209e-05
-7.241755847089398e-05
-7.218051667105467e-05
2.064926115860486e-05
-7.238657948576438e-05
-7.498512190873811e-05

0.03616663753611647
0.02149107742623643
0.006612103159989831
-0.006607642053932083
-0.007274094718718056
0.003824340218126729
-0.005158790332900468
0.004061894818891515
0.003112209949968335
0.002076853951726237
-0.002666150985840873
0.0003960898950988867
-0.002773373358596345
0.00134713976793236
-0.002778181544064545
-0.002015027024058158
0.001567462595511197
0.002005683166654633
-0.001464779939240494
-0.0002357963423874858
0.001290310662858105
0.001565851651572364
-0.001224782479197504
-0.001133861939108258
-0.00130810656005042
-0.001037258137781651
1.843794303522691e-05
-0.001212909735909545
0.001052031010662413
0.0009843857899601795
-0.001037790932901321
-0.0009071329934750329
-0.000126241247490558
0.0009032376812214212
0.0009674781008518036
0.0007814365059564143
-0.0001629218385256128
-0.000864727584750384
-0.0008162184644069505
-0.0007269045611664538
0.0008104953336055018
-6.909088631458976e-05
-0.000752500367050187
-0.0006863260343612838
-0.0007336471965645616
-0.0001700333029233293
0.0006448817224806365
-0.0006682363489671014
-0.0006735531053877402
0.0002492822824088186
0.0005792250553603524
0.0005942265435701626
0.0006006849281285248
0.0002376380203374647
0.0005291717857930423
-0.0006008865494533533
0.0005432180980132958
0.0002140213150464399
-0.000520855164583836
0.0005224268747659467
0.0005207168335922138
-0.0001489656542018124
0.0005222033895405278
0.000540949511691549

-0.01458462495889414
-0.008666531521235501
-0.002666408915724173
0.00266460992186876
0.002933364852673588
-0.001542210490009489
0.002080343304565972
-0.001638007196462516
-0.001255035524613606
-0.0008375159551416507
0.001075156964021409
-0.0001597279416491013
0.001118395655822686
-0.000543250067493642
0.001120334613563463
0.0008125835142549286
-0.0006320978573068485
-0.0008088154930855329
0.0005906898599522999
9.508766793602895e-05
-0.0005203330577647341
-0.0006314482250834954
0.0004939080415611694
0.0004572432568706161
0.0005275094640895251
0.0004182866297698759
-7.435318915500014e-06
0.0004891202172043485
-0.0004242439657352242
-0.0003969652292697679
0.0004185014857130263
0.0003658121240732249
5.090827830357637e-05
-0.0003642412932689865
-0.0003901470033748196
-0.0003151235266808434
6.570016109829163e-05
0.0003487116407378514
0.0003291497633976384
0.0002931328740452855
-0.0003268418431147904
2.786171824710853e-05
0.0003034546859349602
0.000276769102482628
0.0002958519216318547
6.856794334779018e-05
-0.0002600561928333874
0.0002694742225856293
0.0002716182675864435
-0.0001005260329826874
-0.0002335793641523372
-0.000239628891956934
-0.0002422333120259653
-9.583034638299933e-05
-0.0002133947903483556
0.0002423146182133302
-0.0002190591321215119
-8.630663024853212e-05
0.000210041014340039
-0.0002106748250869643
-0.0002099852307294857
6.007216446701852e-05
-0.0002105847020225663
-0.0002181442978168316

0.03332529454447797
0.01980268374665398
0.006092639525725823
-0.006088528895500767
-0.00670262334461315
0.003523890327932897
-0.004753502649104225
0.003742782035323943
0.002867706824096492
0.001913691025272238
-0.002456691386211517
0.0003649720659567065
-0.002555490096770641
0.001241305042916922
-0.002559920538964571
-0.001856721378225139
0.001444318749032429
0.001848111598013993
-0.001349703103289201
-0.0002172715822621706
0.00118894057681448
0.001442834364944783
-0.001128560453855089
-0.001044782862543473
-0.001205338383080688
-0.0009557685014459857
1.698941135541426e-05
-0.00111762046346411
0.0009693807798760057
0.0009070499396871912
-0.0009562594388263801
-0.0008358663192944277
-0.0001163234141433313
0.000832277032674557
0.0008914705616197827
0.0007200448673946836
-0.0001501222846932537
-0.0007967923872869514
-0.0007520942667629067
-0.0006697970908246342
0.0007468207596671324
-6.366293063527059e-05
-0.0006933820251256328
-0.0006324065162484291
-0.0006760100076439782
-0.0001566750543683267
0.00059421817487335
-0.0006157380025283905
-0.0006206370610476926
0.0002296980325500051
0.000533719662441708
0.0005475425955992661
0.0005534935930475526
0.0002189685733102719
0.0004875987049824729
-0.0005536793744885113
0.0005005415032046205
0.0001972072564278926
-0.0004799354586789075
0.0004813836913133396
0.0004798079953216321
-0.0001372625336908593
0.000481177763655425
0.000498451142791774

0.02434692758155014
0.01446752425418261
0.004451185063507413
-0.004448181902762891
-0.004896829492680293
0.002574497953948845
-0.003472833063845165
0.002734416736990383
0.002095100773324593
0.001398112078006681
-0.0017948194633493
0.0002666427583189793
-0.001867000222260523
0.0009068776255279094
-0.001870237032519144
-0.00135649096437577
0.001055196194602845
0.001350200796557596
-0.0009860715159928134
-0.0001587351455154978
0.0008686209834943097
0.001054111727312254
-0.0008245082306695056
-0.0007633016614106041
-0.0008806009586789334
-0.000698269191840635
1.241219240752418e-05
-0.0008165156485353102
0.0007082141049072155
0.0006626761892514329
-0.0006986278628447499
-0.000610670573865659
-8.49840272651299e-05
0.000608048298425861
0.0006512941446284106
0.0005260532721932466
-0.0001096769419074211
-0.0005821237836295716
-0.0005494680511506574
-0.0004893430497028084
0.000545615311148938
-4.651111964629733e-05
-0.0005065738257630863
-0.0004620260935023731
-0.0004938821074345787
-0.0001144642907041344
0.0004341263016287911
-0.0004498483437785522
-0.0004534275176349987
0.0001678137114933809
0.0003899270553473986
0.0004000258693910487
0.0004043735730165716
0.0001599749400535604
0.0003562318209438082
-0.0004045093019681543
0.0003656876224700769
0.0001440764697337481
-0.0003506331756701335
0.0003516912312868486
0.0003505400529785462
-0.0001002818133526328
0.0003515407838310538
0.0003641604385609766

-0.01558446529196022
-0.009260660460940325
-0.002849203000994604
0.002847280678179077
0.003134459944224445
-0.001647935817492388
0.002222960008690435
-0.001750299810464633
-0.001341073742289639
-0.0008949313658155535
0.001148863713427574
-0.0001706779961641724
0.001195066608155891
-0.000580492254382358
0.001197138489996964
0.0008682896961991335
-0.0006754309518481804
-0.0008642633605678415
0.0006311842537385599
0.0001016063467398107
-0.0005560041826137775
-0.0006747367844718055
0.0005277676150621486
0.0004885892977545994
0.0005636725632272164
0.0004469620221374984
-7.945042803627795e-06
0.0005226515642401667
-0.000453327759744387
-0.0004241789456434713
0.0004471916074024199
0.0003908901577562053
5.439826519581824e-05
-0.0003892116395759958
-0.000416893300307425
-0.0003367266335664044
7.020419676194687e-05
0.0003726173609057669
0.0003517144306408702
0.0003132284247534129
-0.0003492482922488699
2.977176185332889e-05
0.000324257842348927
0.0002957428445150028
0.0003161338750382851
7.326857812642782e-05
-0.0002778841912352858
0.0002879478684437601
0.0002902388971806052
-0.0001074175356838459
-0.0002495922592327882
-0.0002560565088358871
-0.0002588394733813794
-0.0001023999390681695
-0.0002280239439164006
0.0002589263534663203
-0.0002340766012876869
-9.222333021008562e-05
0.0002244402517786748
-0.0002251175130462565
-0.0002243806439555502
6.419037615215595e-05
-0.000225021211648632
-0.0002330990510588435

-0.02192115563583723
-0.01302607278799282
-0.004007697489312757
0.004004993544272013
0.004408940761485488
-0.002317991464985875
0.003126822217499236
-0.002461976964610261
-0.001886358349363514
-0.00125881314410925
0.001615995146103839
-0.0002400761814690323
0.001680984276444583
-0.0008165221465939469
0.001683898591657627
0.001221338891697823
-0.0009500632032834553
-0.00121567543591819
0.0008878256649732196
0.000142919792161365
-0.0007820771513759867
-0.0009490867853688232
0.0007423595107431519
0.0006872511720760361
0.0007928635185533093
0.0006286981213043736
-1.117552104412061e-05
0.0007351632583080202
-0.0006376521869203584
-0.0005966513775542002
0.0006290210566264322
0.0005498272686398574
7.651676302889693e-05
-0.0005474662599318331
-0.0005864033669665565
-0.0004736406930141147
9.874943379047197e-05
0.0005241246977683805
0.0004947225733452196
0.0004405880419991861
-0.0004912536956841811
4.18770495434571e-05
0.0004561020538793296
0.000415992772375859
0.0004446748570869364
0.0001030598018114202
-0.0003908727370934046
0.0004050283356478582
0.0004082509035423056
-0.0001510938279646345
-0.0003510772206581834
-0.0003601698535436108
-0.0003640843798226829
-0.0001440360615113413
-0.0003207391636250669
0.0003642065856107319
-0.0003292528496425233
-0.0001297216129598642
0.000315698331512611
-0.0003166509692434895
-0.00031561448696959
9.029037567817705e-05
-0.0003165155114087785
-0.0003278778245580214

0.01523340847256771
0.009052054137530744
0.002785021643174175
-0.002783142622744431
-0.003063852867375494
0.001610814293217585
-0.002172885446896586
0.001710872427302442
0.001310864615847189
0.0008747720755882996
-0.001122984324331479
0.0001668332909817695
-0.00116814644923097
0.0005674160428672948
-0.001170171659707974
-0.0008487305381949231
0.0006602161442030041
0.0008447949000979912
-0.0006169661504915524
-9.931755464793646e-05
0.0005434795912170958
0.0006595376136922087
-0.0005158790826774344
-0.0004775832990470763
-0.0005509752333209058
-0.000436893722523735
7.766072181001749e-06
-0.0005108782763952751
0.0004431160650537407
0.0004146238592980291
-0.0004371181361338421
-0.0003820849371122417
-5.317288584514054e-05
0.000380444229356934
0.0004075023309485251
0.0003291415044797667
-6.862277182619629e-05
-0.0003642237546369738
-0.0003437916853273536
-0.0003061726180589372
0.0003413810993514411
-2.910112094084403e-05
-0.0003169535861768583
-0.0002890809192959571
-0.0003090126199556057
-7.161812470910126e-05
0.0002716245513626323
-0.0002814615334330607
-0.0002837009542867718
0.0001049978403194203
0.0002439699255159318
0.0002502885609536266
0.0002530088362336674
0.0001000932704567229
0.0002228874596676542
-0.0002530937592513406
0.000228803774430692
9.014590064346401e-05
-0.0002193844940445126
0.0002200464992746149
0.0002193262289515759
-6.27444189848481e-05
0.000219952367169455
0.000227848244570804

0.002991197000349451
0.001777440500723884
0.0005468604350734171
-0.0005464914749494747
-0.0006016110920232547
0.000316295784405111
-0.0004266627815149088
0.0003359429691485195
0.0002573983566345997
0.0001717682298875998
-0.0002205066153405523
3.275900074778573e-05
-0.0002293745461628617
0.0001114165072399953
-0.0002297722118272706
-0.0001666547735872135
0.0001296385213908919
0.0001658819807552081
-0.0001211460522435455
-1.950176627116633e-05
0.0001067164007272294
0.0001295052867024837
-0.0001012968284429999
-9.377715657646044e-05
-0.0001081882277459006
-8.57874450513676e-05
1.52492804575703e-06
-0.0001003148816399104
8.700924989852056e-05
8.141458600273199e-05
-8.58315103908239e-05
-7.502531818974232e-05
-1.044090539069036e-05
7.470315259401745e-05
8.001621909924791e-05
6.462946770331872e-05
-1.347460941601497e-05
-7.151813753882681e-05
-6.75061434706396e-05
-6.011935007038603e-05
6.703280636074813e-05
-5.71422907891568e-06
-6.223627613808795e-05
-5.676326346879171e-05
-6.067700630144681e-05
-1.406277000885419e-05
5.333557126887781e-05
-5.526713841062621e-05
-5.570686593128693e-05
2.061713408213162e-05
4.790537263501223e-05
4.914608533569644e-05
4.968023232402266e-05
1.965408404065485e-05
4.376566820047428e-05
-4.969690761214736e-05
4.492738214019716e-05
1.770084141602015e-05
-4.307783393920184e-05
4.320782376138137e-05
4.306639313968923e-05
-1.232034959176515e-05
4.31893401980781e-05
4.473975649788139e-05

-0.01268470187067779
-0.007537551970628659
-0.002319058752390872
0.002317494111489738
0.00255123863239521
-0.001341308421899338
0.001809339265250477
-0.001424625796529719
-0.001091543424098855
-0.0007284136707561653
0.0009350974461978254
-0.0001389203579762287
0.0009727034810671311
-0.0004724814773642244
0.0009743898529105914
0.000706729151583432
-0.0005497551631010315
-0.0007034519863961112
0.0005137413401195258
8.270070178333834e-05
-0.0004525498413438317
-0.0005491901577541263
0.0004295671830021445
0.0003976786795769665
0.0004587913850920614
0.0003637968895381178
-6.466728079901984e-06
0.0004254030632703376
-0.0003689781698847163
-0.0003452530044826447
0.0003639837564330546
0.0003181581801127194
4.427651275575316e-05
-0.0003167919797136886
-0.0003393229813929178
-0.0002740727306768629
5.714147321147954e-05
0.00030328535797544
0.0002862717849290703
0.0002549467762277781
-0.0002842645148887857
2.423220278652031e-05
0.0002639239770098207
0.0002407146952288437
0.0002573116164692436
5.963567261442789e-05
-0.000226178957978847
0.0002343701113307089
0.0002362348539419379
-8.743061698340756e-05
-0.0002031512367145951
-0.0002084126991707151
-0.000210677844295367
-8.33466323240109e-05
-0.0001855960851892324
0.000210748558814908
-0.0001905225393755937
-7.506356023900723e-05
0.0001826792019012093
-0.0001832304468176691
-0.000182630685160237
5.224662952515529e-05
-0.0001831520639860832
-0.0001897268795320642

-0.01731693995480734
-0.0102901381689856
-0.003165939694620534
0.003163803673386636
0.00348290773074593
-0.001831131518873556
0.002470079291862976
-0.001944874986270113
-0.001490156578049015
-0.0009944179947896175
0.00127657918119016
-0.0001896517176440049
0.001327918302471848
-0.0006450237030944436
0.001330220508723837
0.0009648146568251126
-0.0007505164288708685
-0.0009603407264675663
0.0007013509682647183
0.0001129015960803533
-0.0006178133714932238
-0.000749745093149365
0.0005864378359415322
0.0005429041916592936
0.0006263342212076755
0.0004966493462839403
-8.828267546640046e-06
0.0005807530502765819
-0.000503722742376727
-0.0004713335487736282
0.0004969044538008186
0.0004343441538723449
6.044554461085769e-05
-0.0004324790402483605
-0.0004632379817811745
-0.0003741594456666608
7.800857053015818e-05
0.000414040029224003
0.0003908133877258248
0.0003480490168881531
-0.0003880730966953595
3.308139244460829e-05
0.0003603045392086851
0.0003286196211795249
0.0003512774566956444
8.141360927181125e-05
-0.0003087756791047727
0.0003199581027992336
0.0003225038177996623
-0.0001193587961269695
-0.0002773386244153487
-0.0002845214837647346
-0.000287613821488713
-0.0001137834095042402
-0.0002533726291587262
0.0002877103597519803
-0.0002600981408976073
-0.0001024754999136147
0.0002493905495428764
-0.0002501430997577631
-0.0002493243153104728
7.132621291003443e-05
-0.0002500360928449604
-0.0002590119195678469

0.01071377890438121
0.006366382601413309
0.001958728158745159
-0.001957406628539078
-0.00215483240508662
0.001132898669698631
-0.001528207840321515
0.001203270361503713
0.0009219416451056101
0.0006152342482285814
-0.0007898039224535284
0.0001173351976143151
-0.000821566808737197
0.0003990682742491304
-0.0008229911555815447
-0.0005969190251801258
0.0004643353331481478
0.0005941510591997898
-0.0004339172641341048
-6.98508363205633e-05
0.0003822335749631159
0.0004638581171735627
-0.0003628219149479076
-0.0003358881817966161
-0.0003875053204422269
-0.0003072708748183233
5.461941131071039e-06
-0.0003593048076013834
0.0003116470984490945
0.0002916083005980043
-0.000307428706718344
-0.0002687234144799045
-3.739691899410993e-05
0.0002675694914974358
0.0002865996723362531
0.0002314878717788121
-4.826294827421827e-05
-0.0002561615009491595
-0.0002417914619958405
-0.0002153336689136809
0.0002400960774584499
-2.046705280642576e-05
-0.0002229160106462122
-0.0002033129394770324
-0.0002173310651276189
-5.036960408837265e-05
0.0001910357352749841
-0.0001979541640152444
-0.000199529166743243
7.384582699567877e-05
0.0001715860141217018
0.0001760299613301719
0.0001779431528501119
7.039640349832822e-05
0.0001567585460429726
-0.0001780028798926229
0.0001609195378797248
6.340033816920138e-05
-0.0001542948820990906
0.0001547604757107755
0.0001542539037898536
-4.412865536285133e-05
0.0001546942718428264
0.000160247506031129

0.01097457754157938
0.006521355363232366
0.002006408220000908
-0.002005054520633899
-0.002207286106031108
0.001160476094226198
-0.001565408022037636
0.001232560798917206
0.0009443838783049845
0.0006302105002985884
-0.0008090296119574418
0.0001201914129521974
-0.0008415656817769573
0.0004087825368824055
-0.0008430247005815238
-0.0006114494415415009
0.0004756383498679727
0.0006086140967434379
-0.0004444798333407863
-7.155117035602007e-05
0.0003915380413265886
0.0004751495173313855
-0.0003716538557419472
-0.0003440644920271006
-0.0003969381135192644
-0.000314750572329213
5.594897655201751e-06
-0.0003680511337107012
0.0003192333235604288
0.0002987067341264706
-0.0003149122462297314
-0.0002752647759271191
-3.830724816890709e-05
0.0002740827637388102
0.0002935761840445717
0.0002371228323306782
-4.943778221930479e-05
-0.0002623970758052441
-0.0002476772362252006
-0.000220575398082885
0.0002459405820311429
-2.096526912458731e-05
-0.0002283423118892113
-0.0002082620557518251
-0.0002226214156296893
-5.159571900259933e-05
0.0001956859954549191
-0.0002027728350615168
-0.0002043861770691124
7.564340852270923e-05
0.0001757628222343551
0.0001803149455948855
0.0001822747087069361
7.211001792511805e-05
0.0001605744186255555
-0.0001823358896464748
0.000164836698813504
6.494365187204813e-05
-0.0001580507832929798
0.0001585277105508454
0.0001580088074750574
-4.520285087152262e-05
0.0001584598951246799
0.0001641483081253627

0.01565189079038583
0.009300726298022047
0.002861529951507998
-0.002859599311847432
-0.003148021046264235
0.001655065538775269
-0.002232577546652548
0.001757872405026115
0.001346875838402494
0.0008988032467087854
-0.001153834221370161
0.0001714164269507244
-0.001200237010874153
0.0005830037283949403
-0.001202317856619666
-0.0008720463130899606
0.0006783531739287422
0.0008680025576954028
-0.0006339150444396474
-0.0001020459420961049
0.0005584097100693193
0.0006776560032676728
-0.0005300509782595298
-0.0004907031576981878
-0.0005661112675916088
-0.0004488957835182937
7.979416679213092e-06
-0.0005249127930705079
0.0004552890622067014
0.0004260141370532141
-0.0004491263620734087
-0.0003925813267005538
-5.463361687939985e-05
0.0003908955464859315
0.0004186969706957413
0.0003381834664235865
-7.050793210801658e-05
-0.0003742294734043716
-0.0003532361075380149
-0.0003145835936517413
0.0003507592995075593
-2.990056806157493e-05
-0.0003256607295337638
-0.000297022362825256
-0.0003175016142386709
-7.358557138265478e-05
0.0002790864448734956
-0.00028919366213558
-0.000291494602906503
0.0001078822728915555
0.0002506721090812493
0.0002571643259736537
0.0002599593308918942
0.0001028429678664839
0.0002290104794042719
-0.000260046586859616
0.0002350893233293988
9.262233036113761e-05
-0.0002254112825814631
0.0002260914739899086
0.0002253514168675993
-6.446809296984578e-05
0.0002259947559486417
0.0002341075437729948

0.01028847325790636
0.006113655856520682
0.001880972387111572
-0.001879703317784626
-0.002069291869177662
0.001087925910282383
-0.00146754246452119
0.001155504052011015
0.0008853432617636594
0.0005908112503291111
-0.0007584510197264079
0.0001126773338931357
-0.0007889530124444677
0.0003832264324599602
-0.0007903208168904725
-0.0005732230879983402
0.0004459025802597323
0.0005705650021612376
-0.0004166920195041519
-6.707796268155232e-05
0.0003670600214340355
0.0004454443083616908
-0.0003484189474731007
-0.0003225544046506802
-0.0003721224940563096
-0.0002950731209516041
5.245118063832378e-06
-0.0003450414589881218
0.0002992756213203201
0.000280032305058973
-0.0002952246873874557
-0.0002580558818997926
-3.59123708294561e-05
0.0002569477662803893
0.0002752225046710966
0.0002222984811971091
-4.634705056904819e-05
-0.0002459926395477799
-0.000232193049057355
-0.0002067855528770905
0.0002305649663210371
-1.965457074916287e-05
-0.0002140668978482185
-0.000195242011195551
-0.0002087036583108126
-4.837007831686559e-05
0.0001834521760456897
-0.0001900959634260424
-0.0001916084431582426
7.091436392647677e-05
0.0001647745518623618
0.000169042087381059
0.0001708793308005538
6.760187244009511e-05
0.0001505356908431256
-0.0001709366868544037
0.0001545315034896886
6.088353041608125e-05
-0.0001481698271428114
0.0001486169380516121
0.000148130475552425
-4.237687697870836e-05
0.0001485533622833394
0.0001538861493374092

-0.001038828408881814
-0.0006172965829515126
-0.0001899220130206066
0.0001897938749344425
0.0002089366542623052
-0.0001098480128226851
0.0001481779429433944
-0.0001166713860955517
-8.939321791248586e-05
-5.965428453219236e-05
7.658089264457073e-05
-1.13770442466455e-05
7.966068259649225e-05
-3.869441996824396e-05
7.979878997936237e-05
5.787840562093151e-05
-4.502283831210094e-05
-5.761001836723729e-05
4.20734444036096e-05
6.772870133094809e-06
-3.706209546083652e-05
-4.497656654219838e-05
3.517990393275478e-05
3.256835786619142e-05
3.757325394346059e-05
2.979356927492705e-05
-5.296002153145094e-07
3.483887850550285e-05
-3.021789625340974e-05
-2.827489624625162e-05
2.980887295648496e-05
2.605593409989681e-05
3.626076494805567e-06
-2.59440475296912e-05
-2.778925011021698e-05
-2.244550495781543e-05
4.679667390117555e-06
2.483790703755704e-05
2.344456069029773e-05
2.087916267946741e-05
-2.328017297638794e-05
1.984524423280596e-06
2.161436097580263e-05
1.971360985763756e-05
2.107283402080101e-05
4.883932750356744e-06
-1.852318875405456e-05
1.919401278212598e-05
1.934672804646509e-05
-7.160232038120963e-06
-1.663730674560396e-05
-1.706820033120771e-05
-1.725370702498205e-05
-6.825769365773622e-06
-1.5199607199067e-05
1.72594982727784e-05
-1.560306489291052e-05
-6.147417546195253e-06
1.496072565060471e-05
-1.500587049400706e-05
-1.495675231566011e-05
4.278798474921821e-06
-1.499945124089193e-05
-1.553790340490142e-05

0.01251756301270454
0.007438234080378086
0.002288501878811192
-0.00228695785426302
-0.002517622461059761
0.00132363478951065
-0.001785498665639845
0.00140585434008571
0.001077160798224516
0.0007188157921221782
-0.0009227762169850614
0.0001370898861041317
-0.0009598867392446799
0.0004662558667549963
-0.0009615508907577304
-0.000697416997108461
0.0005425113625720413
0.0006941830131996312
-0.0005069720725594292
-8.161100326379505e-05
0.0004465868581828294
0.0005419538019682217
-0.0004239070288162912
-0.0003924387014502825
-0.0004527461607790706
-0.0003590033518365213
6.38151980641395e-06
-0.0004197977772417807
0.0003641163614985479
0.0003407038086505365
-0.0003591877564961227
-0.0003139659968496739
-4.369310718165674e-05
0.0003126177980700464
0.00033485192198836
0.0002704614354588352
-5.638855361805478e-05
-0.0002992891451445817
-0.0002824997499462224
-0.0002515874924656101
0.0002805189285229723
-2.391290929887792e-05
-0.0002604464059515578
-0.0002375429392295127
-0.0002539211725978193
-5.884988842204285e-05
0.0002231987308422671
-0.0002312819541828518
-0.0002331221261770467
8.627859515243316e-05
0.000200474432320949
0.0002056665675799595
0.0002079018662191771
8.224842275752368e-05
0.0001831505947047331
-0.0002079716489750539
0.0001880121359010359
7.407449184294882e-05
-0.0001802721454727485
0.0001808161269590678
0.0001802242680082691
-5.155820640881525e-05
0.000180738776932023
0.0001872269599994892

-0.008731432712284831
-0.005188425279355004
-0.001596309133535216
0.001595232123063381
0.00175612865630189
-0.0009232810003449855
0.001245447012416589
-0.0009806319777478447
-0.0007513568751732918
-0.0005013988517631113
0.0006436682954118764
-9.562493233208379e-05
0.000669554166943104
-0.0003252295772865509
0.0006707149701238328
0.0004864724528627703
-0.0003784204204234872
-0.0004842166373447965
0.0003536305376748157
5.69264946265087e-05
-0.0003115097641973969
-0.0003780315026374116
0.000295689799573405
0.0002737395539317522
0.0003158060905765263
0.0002504172423069206
-4.451330561329798e-06
0.0002928234546159172
-0.0002539837432126234
-0.0002376526786430071
0.0002505458709286995
0.0002190021310582667
3.047745195771043e-05
-0.000218061715826029
-0.0002335707854997488
-0.0001886561963043689
3.933296450429283e-05
0.0002087645198745634
0.0001970533366110752
0.0001754909689279153
-0.0001956716452263716
1.668008048261675e-05
0.0001816703671804189
0.0001656944077737696
0.0001771187914541703
4.104983057492269e-05
-0.0001556888267979141
0.0001613271543721085
0.0001626107379203439
-6.018230124500769e-05
-0.0001398378434018601
-0.0001434595371453913
-0.0001450187351810207
-5.737111674771846e-05
-0.0001277538680857112
0.0001450674110644414
-0.0001311449610476987
-5.166951750648276e-05
0.0001257460502892471
-0.0001261254961717838
-0.0001257126541035316
3.596363042612609e-05
-0.0001260715418552684
-0.0001305972737266691

-0.006986830609524127
-0.004151741157670814
-0.001277355261611929
0.001276493445461254
0.001405241711689494
-0.0007388029166537808
0.000996597877533863
-0.0007846947625408125
-0.0006012304494714808
-0.0004012158096517506
0.0005150588107305543
-7.651839351763585e-05
0.0005357725017740566
-0.0002602464040650962
0.0005367013682570783
0.0003892718109789383
-0.0003028093399796473
-0.0003874667233799963
0.00028297265139694
4.555217777602892e-05
-0.0002492679068118925
-0.0003024981307220864
0.0002366088831763951
0.0002190444520928535
0.0002527057967485495
0.0002003821035282276
-3.561923185327412e-06
0.0002343152542444365
-0.0002032359922905317
-0.0001901679900988323
0.0002004850312402458
0.0001752439540278641
2.438784117741062e-05
-0.0001744914404202175
-0.0001869016881186465
-0.0001509613519853842
3.147395959144922e-05
0.0001670518900741418
0.0001576806841798186
0.0001404266302912181
-0.0001565750645206465
1.33472822531554e-05
0.0001453713410026865
0.0001325874914470806
0.0001417292023464504
3.284778366019433e-05
-0.0001245810964221406
0.000129092846209372
0.0001301199606727433
-4.815745117047834e-05
-0.0001118972517849542
-0.0001147953054652078
-0.0001160429646891477
-4.590796124805481e-05
-0.0001022277403306981
0.0001160819147862667
-0.0001049412688989535
-4.134558192102372e-05
0.000100621098751823
-0.0001009247286593267
-0.0001005943753605762
2.877784232790832e-05
-0.0001008815547974076
-0.0001045030133840566

0.008825873374427841
0.005244544170150902
0.001613575084785053
-0.001612486425184548
-0.001775123242709323
0.0009332673647699648
-0.001258917979254669
0.0009912386601044077
0.0007594836790018535
0.0005068220670724924
-0.0006506303212356827
9.665922787381002e-05
-0.0006767961787583745
0.0003287473157424398
-0.000677969537383771
-0.0004917342217015731
0.0003825134800911114
0.0004894540068989674
-0.0003574554657515399
-5.754222128023162e-05
0.0003148791068201299
0.0003821203557039764
-0.0002988880307664978
-0.000276700367532345
-0.0003192219029965036
-0.0002531257978161203
4.499476910213775e-06
-0.0002959906829341801
0.0002567308746024893
0.000240223170459216
-0.0002532558177068579
-0.000221370895377868
-3.080710126477401e-05
0.0002204203084544674
0.0002360971268651338
0.0001906967338293373
-3.975839654211672e-05
-0.0002110225524493467
-0.0001991846990346476
-0.0001773891091131458
0.0001977880630407983
-1.68604950717532e-05
-0.0001836353447887739
-0.0001674865866863399
-0.0001790345384448973
-4.149383252834304e-05
0.0001573727836438647
-0.0001630720963286818
-0.0001643695633349436
6.083324325717361e-05
0.0001413503533139158
0.0001450112199132944
0.0001465872825002179
5.79916525099608e-05
0.0001291356756642219
-0.0001466364848702474
0.0001325634472647792
5.222838380101133e-05
-0.0001271061409688211
0.0001274896910026013
0.0001270723835642352
-3.635261917315569e-05
0.0001274351531070468
0.000132009836064536

0.004600205975949849
0.002733551956745227
0.0008410247272732975
-0.0008404572980584474
-0.000925226569963758
0.0004864359510315856
-0.0006561709833929065
0.0005166516461722569
0.0003958567283443603
0.0002641648936915509
-0.0003391203753900256
5.038055032421118e-05
-0.0003527584969715809
0.0001713490894666864
-0.0003533700728612886
-0.0002563008338420325
0.0001993729937360423
0.0002551123443503993
-0.000186312300202675
-2.999205392745018e-05
0.0001641207263513118
0.0001991680901443777
-0.0001557858862167447
-0.0001442212719659688
-0.0001663842708273628
-0.0001319337767925089
2.345209328630957e-06
-0.0001542757357480686
0.0001338128084841054
0.0001252086923783112
-0.0001320015455280797
-0.0001153825431905008
-1.605722236516086e-05
0.0001148870799699862
0.0001230581232964932
9.939461142713285e-05
-2.072280052159951e-05
-0.0001099887983494742
-0.0001038186935099275
-9.245843501166089e-05
0.0001030907413886363
-8.78799716426197e-06
-9.571408682798528e-05
-8.729705993725892e-05
-9.331606275268347e-05
-2.162734137054416e-05
8.202556155725431e-05
-8.499614714792413e-05
-8.567241058646269e-05
3.170739453150343e-05
7.367437900265431e-05
7.558248936109015e-05
7.640396189114985e-05
3.022630567128672e-05
6.730786650762949e-05
-7.642960706269892e-05
6.909448350655511e-05
2.722238503578272e-05
-6.625003605409471e-05
6.644994931849308e-05
6.623244107993378e-05
-1.894764731684313e-05
6.642152317382731e-05
6.880593126427516e-05

0.0009412927217117533
0.0005593385545681732
0.0001720902191556445
-0.0001719741119655361
-0.0001893195741220732
9.95343736082459e-05
-0.000134265503348154
0.0001057170997874396
8.100008112230681e-05
5.405333871210827e-05
-6.939070615685593e-05
1.030885260005343e-05
-7.218133437005556e-05
3.506139760484801e-05
-7.230647483918274e-05
-5.244419722184191e-05
4.079564021492063e-05
5.220100887029684e-05
-3.812316515023522e-05
-6.136964783461334e-06
3.358233218339443e-05
4.075371290546842e-05
-3.187685977712753e-05
-2.951051199172574e-05
-3.404549795287449e-05
-2.699624853579466e-05
4.798760063075308e-07
-3.156785325602625e-05
2.738073541845256e-05
2.562016384634516e-05
-2.701011535349791e-05
-2.360954024354566e-05
-3.285623866028788e-06
2.350815871283638e-05
2.51801150670178e-05
2.0338094598987e-05
-4.240293023056342e-06
-2.250587384507254e-05
-2.124334890425192e-05
-1.891881632960267e-05
2.109439556670694e-05
-1.798197257338324e-06
-1.958498679568283e-05
-1.786269736080493e-05
-1.909430385226024e-05
-4.425379891352553e-06
1.678404499534016e-05
-1.739188529864676e-05
-1.753026211395401e-05
6.487957246477086e-06
1.507522860809531e-05
1.546566555852997e-05
1.563375501315828e-05
6.184897302720581e-06
1.3772514793648e-05
-1.563900252021894e-05
1.413809181049473e-05
5.570235992860068e-06
-1.355606185394243e-05
1.359696804416807e-05
1.355246157579061e-05
-3.877061724221919e-06
1.359115149524421e-05
1.40790483400604e-05

-0.005572444350113319
-0.00331127915505174
-0.001018772531990964
0.001018085178481527
0.001120770156667717
-0.0005892425863513102
0.0007948505584818352
-0.0006258442690914971
-0.0004795197434308035
-0.0003199952734824092
0.0004107923492404157
-6.102831361845937e-05
0.0004273128428771061
-0.0002075631548863892
0.0004280536733158113
0.000310469170497832
-0.0002415098189772602
-0.0003090294976684317
0.0002256887909038313
3.633077569353628e-05
-0.000198807101045917
-0.0002412616096866808
0.000188710719914342
0.000174701962550027
0.0002015490381880339
0.000159817545762086
-2.840861592172603e-06
0.0001868814041204666
-0.0001620937046098211
-0.0001516711369177954
0.0001598996371966135
0.0001397682634788541
1.945086339938733e-05
-0.0001391680857393625
-0.0001490660521472424
-0.000120401335021587
2.510249612491898e-05
0.0001332345684394186
0.0001257604322741381
0.0001119992205772098
-0.000124878629870785
1.064531140622899e-05
0.0001159429436767081
0.0001057470058888745
0.0001130381051152087
2.619820870159102e-05
-9.936139369718565e-05
0.000102959802763622
0.0001037789922514108
-3.840864788177124e-05
-8.924521622897033e-05
-9.155659942393635e-05
-9.255168746626476e-05
-3.661453577151576e-05
-8.153316229738299e-05
9.258275266031183e-05
-8.369737491167165e-05
-3.297574640837464e-05
8.025176286333527e-05
-8.049392713739681e-05
-8.023044924934475e-05
2.295217013991856e-05
-8.045949322073576e-05
-8.334783810387057e-05

-0.008821509924860308
-0.005241951304491157
-0.001612777344640007
0.001611689223265074
0.001774245634294135
-0.0009328059639650493
0.001258295579082068
-0.0009907485986998406
-0.0007591081956258681
-0.0005065714978160024
0.000650308654192328
-9.661144023308282e-05
0.0006764615754995224
-0.0003285847853874566
0.0006776343540247131
0.0004914911117695189
-0.0003823243681236055
-0.0004892120242889908
0.0003572787422895874
5.751377281175079e-05
-0.0003147234328098554
-0.0003819314380943387
0.0002987402626314355
0.0002765635688216071
0.0003190640819384381
0.000253000654206417
-4.497252400554479e-06
0.0002958443472275184
-0.0002566039486682315
-0.0002401044058174851
0.0002531306098162281
0.0002212614511680126
3.079187045112154e-05
-0.0002203113342081
-0.0002359804021102985
-0.0001906024547086758
3.973874027120059e-05
0.0002109182243873029
0.0001990862235238488
0.0001773014091883243
-0.0001976902780169887
1.685215936186867e-05
0.000183544556769088
0.0001674037824987896
0.0001789460250314357
4.147331827010656e-05
-0.0001572949796492253
0.0001629914746340301
0.0001642883001817754
-6.080316773063311e-05
-0.0001412804706958803
-0.0001449395273886172
-0.0001465148107813069
-5.796298184584865e-05
-0.0001290718318966755
0.0001465639888260257
-0.0001324979088311192
-5.220256245631379e-05
0.0001270433005889235
-0.0001274266609982659
-0.0001270095598737558
3.63346466945487e-05
-0.0001273721500658718
-0.0001319445713323546

-0.005630178744838769
-0.003345586307491091
-0.001029327723178577
0.00102863324820927
0.00113238211410604
-0.0005953475489013216
0.0008030857624620046
-0.0006323284505024055
-0.0004844879011021088
-0.0003233106468210211
0.0004150484433619098
-6.166060934479542e-05
0.0004317401007897764
-0.0002097136533681859
0.0004324886067464626
0.0003136858467915913
-0.0002440120284822475
-0.0003122312579515584
0.00022802708356692
3.670718776923532e-05
-0.000200866880726914
-0.000243761247570932
0.0001906658940727381
0.0001765119962500663
0.0002036372262426862
0.0001614733665637162
-2.870294891855589e-06
0.0001888176252963591
-0.0001637731079984353
-0.0001532425552644145
0.000161556308522559
0.0001412163597875273
1.965238785700109e-05
-0.0001406099637897004
-0.0001506104800058247
-0.0001216487764969536
2.536257542384236e-05
0.0001346149711284241
0.0001270633977200972
0.0001131596103098755
-0.0001261724592312472
1.075560422785043e-05
0.0001171441931204389
0.0001068426183338677
0.0001142092584134015
2.646964034401219e-05
-0.0001003908467637013
0.0001040265378479273
0.000104854214707931
-3.880658815687761e-05
-9.016985866904349e-05
-9.250518939966187e-05
-9.351058724541749e-05
-3.69938877987601e-05
-8.237790250105359e-05
9.35419742964653e-05
-8.456453786153684e-05
-3.331739804989322e-05
8.108322687866109e-05
-8.132790014283405e-05
-8.106169244083399e-05
2.318997056777399e-05
-8.129310946687518e-05
-8.421137960957322e-05

0.0008557753372083919
0.0005085220878781865
0.0001564556507567551
-0.0001563500920208099
-0.0001721197016055643
9.049157629039042e-05
-0.0001220673481827958
9.611259561713362e-05
7.364114280013615e-05
4.914253886872084e-05
-6.30864911529307e-05
9.372283038594248e-06
-6.562358800390107e-05
3.187603459175956e-05
-6.573735933628079e-05
-4.767958949110636e-05
3.708931552995116e-05
4.745849504427605e-05
-3.46596374956791e-05
-5.579415399550024e-06
3.053134374205025e-05
3.705119735843245e-05
-2.898081520835033e-05
-2.6829452484188e-05
-3.095243043850004e-05
-2.454361237603855e-05
4.362787915419581e-07
-2.869988223852492e-05
2.489316824114442e-05
2.329254635587904e-05
-2.455621937948011e-05
-2.146458991683296e-05
-2.987121654118961e-06
2.137241899952752e-05
2.289247644796311e-05
1.84903583785877e-05
-3.855058164128762e-06
-2.046119271368689e-05
-1.931336942550427e-05
-1.720002295843531e-05
1.917794864753226e-05
-1.634829239372373e-06
-1.780567117190024e-05
-1.623985345343775e-05
-1.735956726428552e-05
-4.023329705460837e-06
1.525919773338401e-05
-1.581181513766639e-05
-1.59376202809863e-05
5.898519846515454e-06
1.370562902274546e-05
1.406059438602106e-05
1.421341274569298e-05
5.622993201530433e-06
1.252126806026218e-05
-1.421818351149956e-05
1.285363203976752e-05
5.064174485963254e-06
-1.232448008646585e-05
1.236166990843149e-05
1.232120689716522e-05
-3.524826791808243e-06
1.235638179879524e-05
1.279995272764904e-05

0.007556138384412431
0.004490037397051306
0.001381437974127475
-0.00138050593462871
-0.001519744993188076
0.0007990027795196765
-0.001077803641896113
0.0008486340297413859
0.0006502204978226534
0.0004339080692194711
-0.0005570273372146703
8.275334020326406e-05
-0.0005794288415192188
0.000281452056456112
-0.0005804333948106221
-0.000420990837948612
0.0003274831472028562
0.0004190386664338056
-0.0003060301061319292
-4.926390494108786e-05
0.0002695789985370504
0.0003271465796875911
-0.0002558884799389359
-0.0002368928466784985
-0.0002732970179887165
-0.0002167098343496577
3.852159298993767e-06
-0.0002534079592879257
0.000219796266471292
0.0002056634445256521
-0.0002168211489182596
-0.000189523353530406
-2.637503513858391e-05
0.0001887095228719969
0.0002021309945284385
0.0001632621327249842
-3.403855159366244e-05
-0.0001806637757980118
-0.0001705289761264861
-0.0001518690105196959
0.0001693332672833578
-1.443485857852914e-05
-0.0001572166309924127
-0.0001433911152862875
-0.000153277720026986
-3.552431894074515e-05
0.0001347323353401649
-0.0001396117159425636
-0.0001407225227525765
5.208146377396439e-05
0.0001210149732512764
0.0001241491689799366
0.0001254984911947486
4.964867871044385e-05
0.0001105575611939618
-0.0001255406150618171
0.0001134921961547222
4.471454312250849e-05
-0.0001088200056723813
0.0001091483762493978
0.0001087911047795518
-3.11227466625658e-05
0.0001091016844526141
0.000113018230274785

0.004853964888150757
0.002884341546301999
0.0008874177629419941
-0.0008868190329068641
-0.0009762643906963745
0.0005132689794729432
-0.000692367022403644
0.0005451514482255862
0.0004176931794286686
0.00027873689251401
-0.000357827106787334
5.315966797964895e-05
-0.0003722175413989617
0.0001808011354787151
-0.0003728628533502757
-0.0002704390313775287
0.0002103709086723785
0.0002691849818213129
-0.0001965897544897152
-3.164649092855084e-05
0.0001731740377043587
0.0002101547020840275
-0.0001643794268601822
-0.0001521768794499497
-0.00017556244497721
-0.0001392115751903248
2.474576963737975e-06
-0.0001627859726998653
0.0001411942589880451
0.0001321155182339227
-0.0001392830822194865
-0.0001217473339846466
-1.694297906858765e-05
0.0001212245397688664
0.0001298463183617641
0.0001048774677614174
-2.186592223084939e-05
-0.0001160560566351351
-0.000109545593320256
-9.755867443898058e-05
0.0001087774855321539
-9.272765153449457e-06
-0.0001009939161840557
-9.211258495587779e-05
-9.846361107961224e-05
-2.28203598242106e-05
8.65502974891192e-05
-8.968474803977185e-05
-9.039831586758066e-05
3.345645402733995e-05
7.773844273601492e-05
7.975180925283506e-05
8.061859627027147e-05
3.189366458675801e-05
7.102073742616989e-05
-8.064565609387421e-05
7.290590870474316e-05
2.872404014650292e-05
-6.990455438876237e-05
7.01154953707809e-05
6.988598883162438e-05
-1.999284711811758e-05
7.008550116861109e-05
7.260143919629262e-05

0.003554175404878324
0.002111975677483255
0.0006497859913657937
-0.0006493475886139364
-0.0007148413649510829
0.0003758263656547608
-0.0005069657277874305
0.0003991713813066582
0.0003058437502783075
0.0002040970280242318
-0.000262008550009571
3.89246294149965e-05
-0.0002725455295594787
0.0001323864023947305
-0.0002730180405724507
-0.0001980211591944674
0.0001540380136103116
0.000197102917676105
-0.0001439471620332925
-2.317222771502051e-05
0.0001268016806373712
0.00015387970258909
-0.0001203620812010173
-0.0001114271187771834
-0.0001285505227863337
-0.0001019336497104708
1.81193741295218e-06
-0.0001191953204773499
0.0001033854125789669
9.673776723357467e-05
-0.0001019860086645146
-8.914596418158172e-05
-1.24060064047737e-05
8.876316323712117e-05
9.507621125606454e-05
7.679349254329147e-05
-1.601068915590361e-05
-8.497869094329275e-05
-8.021159247404414e-05
-7.143451780418925e-05
7.964916776112354e-05
-6.789714100336167e-06
-7.394987421929544e-05
-6.744677628986525e-05
-7.209713148705087e-05
-1.67095484797744e-05
6.337395216263341e-05
-6.566906292498644e-05
-6.619155232938671e-05
2.449752084706746e-05
5.692172637265845e-05
5.839595577481591e-05
5.90306354994621e-05
2.335321347758466e-05
5.200288094639654e-05
-5.905044927268878e-05
5.338324309293956e-05
2.103234765184665e-05
-5.118558819903606e-05
5.134004363237498e-05
5.117199410679171e-05
-1.463918407695176e-05
5.131808124530954e-05
5.316030410110752e-05

-0.006701261436791529
-0.003982049153663804
-0.001225146569898241
0.001224319978320294
0.001347805982169213
-0.0007086062009307358
0.0009558644395359407
-0.000752622332749578
-0.0005766566632049853
-0.0003848171199949895
0.000494007074012333
-7.339089615059072e-05
0.0005138741449001862
-0.0002496094852002499
0.0005147650462959177
0.0003733613023032511
-0.0002904327678906962
-0.0003716299931311563
0.0002714068541875244
4.369034678990941e-05
-0.000239079706479685
-0.0002901342785306044
0.0002269380886765491
0.0002100915596481439
0.000242377081290095
0.0001921919877614681
-3.416338511213331e-06
0.0002247382060730162
-0.0001949292309803856
-0.0001823953505934275
0.0001922907085613988
0.0001680812970557419
2.339104935304318e-05
-0.000167359540553959
-0.0001792625505123138
-0.0001447911854519728
3.01875404544519e-05
0.0001602240631640405
0.0001512358818003429
0.0001346870440778119
-0.0001501754515709781
1.280174557646744e-05
0.0001394296521441774
0.0001271683103672204
0.0001359363767682129
3.150521291100352e-05
-0.0001194891566526098
0.0001238164999863262
0.000124801633722743
-4.618913617041697e-05
-0.0001073237323440416
-0.0001101033353506576
-0.000111299999633918
-4.403158850508937e-05
-9.804943791170619e-05
0.0001113373577435137
-0.0001006520578073738
-3.965568498702345e-05
9.650846377670385e-05
-9.67996835734732e-05
-9.648283263697972e-05
2.760162022007388e-05
-9.675827433489735e-05
-0.0001002317148872326

-0.0002724985580200265
-0.0001619251334352977
-4.981907911059453e-05
4.978546678030603e-05
5.480687331717344e-05
-2.881460002403835e-05
3.886905232587451e-05
-3.060446191246006e-05
-2.344903428679912e-05
-1.564811510323116e-05
2.008819034882758e-05
-2.98435056763617e-06
2.089606036262669e-05
-1.015006285409264e-05
2.093228777264895e-05
1.518227836019834e-05
-1.18100914579052e-05
-1.511187680113558e-05
1.103642606701845e-05
1.776614240753535e-06
-9.72188234735881e-06
-1.179795375501517e-05
9.228158385909643e-06
8.543114993554121e-06
9.855966040348823e-06
7.815250907879182e-06
-1.389212056257101e-07
9.138702864289688e-06
-7.926557538319398e-06
-7.41688270113359e-06
7.819265267862879e-06
6.834819311229917e-06
9.511682657649358e-07
-6.80546997037738e-06
-7.289491237171947e-06
-5.887755554945858e-06
1.227539221021611e-06
6.51531455442793e-06
6.149821209068051e-06
5.47688306767065e-06
-6.106700117443853e-06
5.205672458271099e-07
5.669735394275365e-06
5.171143004602638e-06
5.527685645616265e-06
1.281120751563685e-06
-4.858879659298438e-06
5.034845756069533e-06
5.074905008374835e-06
-1.878224438988638e-06
-4.364187635547075e-06
-4.477216774658002e-06
-4.525877656605196e-06
-1.790490415595151e-06
-3.987059853976894e-06
4.527396778209805e-06
-4.092892192456945e-06
-1.612549678619095e-06
3.924398035196318e-06
-3.936240130210449e-06
-3.92335577640854e-06
1.122385953736653e-06
-3.934556274427358e-06
-4.075799464359491e-06

0.003726508764760633
0.002214380264491358
0.0006812925408011289
-0.0006808328809612531
-0.0007495022919375262
0.000394049276160808
-0.0005315472684437295
0.000418526235097764
0.00032067337320908
0.0002139931987458557
-0.0002747127102148459
4.081199044959955e-05
-0.0002857606023905649
0.0001388054985080098
-0.0002862560243184394
-0.0002076227257477096
0.0001615069439278067
0.0002066599609213554
-0.000150926811390091
-2.429579293147337e-05
0.000132949987114572
0.0001613409567884271
-0.0001261981470933373
-0.0001168299499752481
-0.0001347836263849644
-0.0001068761655794377
1.899793870976539e-06
-0.0001249748129672115
0.0001083983209143671
0.0001014283473416558
-0.0001069310632923686
-9.346843614126414e-05
-1.300754361745958e-05
9.306707410584126e-05
9.968622653784191e-05
8.051702306145859e-05
-1.678700870740652e-05
-8.909910191358904e-05
-8.410085838185259e-05
-7.489820461264128e-05
8.351116305635185e-05
-7.118930897553671e-06
-7.753552457004766e-05
-7.071710716752985e-05
-7.559294682865948e-05
-1.751975402778558e-05
6.644680165964601e-05
-6.8853196785869e-05
-6.940102043640262e-05
2.568534631864527e-05
5.968172306349779e-05
6.122743427989922e-05
6.189288808768393e-05
2.448555425545219e-05
5.452437473218996e-05
-6.19136625827886e-05
5.597166729703068e-05
2.205215526518955e-05
-5.366745343838525e-05
5.38293980416981e-05
5.365320020150331e-05
-1.534900266791146e-05
5.380637075167374e-05
5.573791853329744e-05

0.002680782657245556
0.001592984904726613
0.0004901094679186572
-0.0004897787969864429
-0.0005391783228291878
0.0002834718854337157
-0.0003823854413614943
0.0003010801647006487
0.0002306865948280658
0.0001539428167703231
-0.0001976233294371946
2.935940396532982e-05
-0.0002055709822171769
9.985415213548078e-05
-0.0002059273797453053
-0.0001493600143109358
0.0001161851592570033
0.000148667418798009
-0.0001085740042567872
-1.747795173612306e-05
9.564180369254187e-05
0.0001160657511266067
-9.078465273008342e-05
-8.40453420376206e-05
-9.696089044802065e-05
-7.688477050359633e-05
1.36667717242947e-06
-8.990460840002299e-05
7.797978137868427e-05
7.296570910497616e-05
-7.692426292024639e-05
-6.723949369899019e-05
-9.357390400583221e-06
6.695076114749223e-05
7.171245907054997e-05
5.792248258676161e-05
-1.207626887541452e-05
-6.409627409034556e-05
-6.050062856192498e-05
-5.388040674507693e-05
6.007641246544835e-05
-5.121229465167086e-06
-5.577764677582671e-05
-5.087260125564747e-05
-5.438019166483006e-05
-1.260339253754877e-05
4.780062110764624e-05
-4.953173801305579e-05
-4.992583238779257e-05
1.847757118069924e-05
4.293394655504896e-05
4.404590310301857e-05
4.452461847435842e-05
1.761446258272427e-05
3.922384392637449e-05
-4.453956326845991e-05
4.026499988568053e-05
1.586391958844909e-05
-3.860739032648007e-05
3.872389032994768e-05
3.859713680699924e-05
-1.104179347363011e-05
3.8707324916132e-05
4.009684527458853e-05

0.004034742490984048
0.002397540085999812
0.0007376448404345533
-0.0007371471603792078
-0.000811496479752881
0.0004266425918817388
-0.0005755135665416881
0.0004531441332726256
0.0003471974886651342
0.0002316933908558697
-0.0002974352442692162
4.418770554517055e-05
-0.0003093969496643933
0.000150286629702413
-0.0003099333498258478
-0.0002247959917846879
0.0001748657980942128
0.0002237535930143015
-0.0001634105425170567
-2.63053904554793e-05
0.0001439467866705707
0.0001746860815265861
-0.0001366364762578773
-0.0001264933998926789
-0.0001459320932254107
-0.0001157163000969527
2.056933054290335e-06
-0.0001353119555091551
0.0001173643586942309
0.0001098178720735962
-0.0001157757386086453
-0.0001011995663155713
-1.408344706793203e-05
0.0001007650060982999
0.000107931653826137
8.717689255573405e-05
-1.817552610336248e-05
-9.646882782051643e-05
-9.10571605386346e-05
-8.109332024299149e-05
9.041868926788979e-05
-7.707764772847705e-06
-8.394878297398811e-05
-7.656638831134659e-05
-8.184552723250861e-05
-1.896887957864511e-05
7.194286957844145e-05
-7.45483068063782e-05
-7.51414430365037e-05
2.780987909312713e-05
6.461822557796023e-05
6.629178845335049e-05
6.7012284478855e-05
2.651084766095371e-05
5.903429333282708e-05
-6.703477731152669e-05
6.060129697534686e-05
2.387617297659839e-05
-5.81064928166565e-05
5.828183247461932e-05
5.809106064027057e-05
-1.661857711005223e-05
5.825690050979136e-05
6.034821396154055e-05

5.345471612903377e-05
3.176406548576459e-05
9.772766326028175e-06
-9.766172758899635e-06
-1.075119764411408e-05
5.652419872744069e-06
-7.624752855111226e-06
6.003528369817533e-06
4.599882951389941e-06
3.069614594894644e-06
-3.940602549913657e-06
5.854255287640997e-07
-4.099078479539737e-06
1.991088439156987e-06
-4.106185034314982e-06
-2.978233667722742e-06
2.316728172437796e-06
2.96442333656135e-06
-2.164961997541212e-06
-3.485097704641146e-07
1.907094352648348e-06
2.31434717833896e-06
-1.810242925662565e-06
-1.675861296914852e-06
-1.933396898255056e-06
-1.533079740965072e-06
2.725149690696906e-08
-1.792694871246984e-06
1.554914221071712e-06
1.454933788406347e-06
-1.533867218486523e-06
-1.340753245544247e-06
-1.865860502398544e-07
1.334995928151225e-06
1.429944024770034e-06
1.154972356972171e-06
-2.4080039568346e-07
-1.278077552113752e-06
-1.206380501108067e-06
-1.074373500468438e-06
1.197921646400046e-06
-1.021171434957685e-07
-1.112204402924063e-06
-1.014397960051097e-06
-1.084339194944147e-06
-2.513112237999635e-07
9.531427791107823e-07
-9.876611920370777e-07
-9.955194206545047e-07
3.68442148619789e-07
8.561014519840342e-07
8.782738282085269e-07
8.878193966437915e-07
3.512317921688724e-07
7.821221302392209e-07
-8.88117395340296e-07
8.028827450900497e-07
3.16326023669078e-07
-7.698300661530523e-07
7.721530723016115e-07
7.696256113338005e-07
-2.201729909293282e-07
7.718227584914025e-07
7.995297477802073e-07

-0.002336309385132764
-0.001388290681913085
-0.0004271317357808686
0.0004268435551630257
0.0004698953764422023
-0.0002470465200041887
0.0003332499533210186
-0.0002623921833298208
-0.0002010439955153741
-0.0001341615839770458
0.0001722292697013199
-2.558680049676334e-05
0.0001791556707392216
-8.702316547298708e-05
0.0001794662721554111
0.0001301676591554861
-0.0001012556826461427
-0.0001295640602801279
9.462254033945264e-05
1.523208252770675e-05
-8.33520923354218e-05
-0.0001011516181353518
7.911907204639101e-05
7.324574442783245e-05
8.450168003447479e-05
6.700528683885001e-05
-1.191062877016006e-06
7.835211101652075e-05
-6.79595917980171e-05
-6.358981415895655e-05
6.703970458747931e-05
5.85994018410878e-05
8.15499121278927e-06
-5.834777063628135e-05
-6.249760334156427e-05
-5.04796012880329e-05
1.052450120667939e-05
5.586007739365726e-05
5.272646252526464e-05
4.695692118608245e-05
-5.235675704213505e-05
4.463165423183712e-06
4.861037103875653e-05
4.433561051226497e-05
4.73924851044833e-05
1.098389091350097e-05
-4.165837144876915e-05
4.316704454539728e-05
4.351049886602417e-05
-1.610325359545921e-05
-3.741705132501497e-05
-3.838612448425306e-05
-3.880332623383103e-05
-1.535105210221324e-05
-3.418368678209844e-05
3.88163506625797e-05
-3.509105703552332e-05
-1.382544911625423e-05
3.364644579129068e-05
-3.374797586152147e-05
-3.363750982114051e-05
9.622953077308982e-06
-3.37335390582814e-05
-3.494450983412011e-05

0.003177728648787811
0.001888282048959617
0.0005809627621383446
-0.0005805707935869294
-0.0006391276811007808
0.0003360200533355587
-0.0004532695586527141
0.0003568924404837271
0.0002734497700865992
0.000182479731359004
-0.0002342574523617698
3.480185864373164e-05
-0.0002436783891396164
0.0001183644631106541
-0.0002441008533152164
-0.0001770473988917839
0.0001377228057401123
0.0001762264145431047
-0.000128700744503715
-2.071790035044931e-05
0.0001133712570074076
0.00013758126250981
-0.0001076137191021004
-9.962511898087831e-05
-0.0001149348674559124
-9.113716743299621e-05
1.620022866357138e-06
-0.0001065705378982158
9.243516427693723e-05
8.649161601191954e-05
-9.118398069601388e-05
-7.970391216899578e-05
-1.109200235738998e-05
7.936165626168413e-05
8.500604666612182e-05
6.865977434884792e-05
-1.431488877778775e-05
-7.597802302508379e-05
-7.171584019735153e-05
-6.386840487027853e-05
7.121298568978862e-05
-6.070569557172416e-06
-6.611734287466015e-05
-6.030303203113567e-05
-6.446083665638496e-05
-1.493972718387017e-05
5.666158825409395e-05
-5.871360831245894e-05
-5.918075733009994e-05
2.190282272314322e-05
5.089276133775201e-05
5.221084513282894e-05
5.277830163512078e-05
2.087971668677981e-05
4.649490409954909e-05
-5.279601679759062e-05
4.772906275495048e-05
1.880466945801018e-05
-4.576417635491754e-05
4.590227236863424e-05
4.575202210489642e-05
-1.308864907803046e-05
4.588263616655201e-05
4.752973673965066e-05

0.001533543680208476
0.0009112681800995601
0.0002803674796632283
-0.0002801783191146106
-0.0003084373540111595
0.0001621602994366828
-0.0002187438714655144
0.0001722331284726807
0.0001319644353305696
8.806310095059959e-05
-0.0001130505701762281
1.679506851628262e-05
-0.0001175970307631263
5.712164077757407e-05
-0.0001178009082298464
-8.544150545113793e-05
6.646380534840155e-05
8.504530568129108e-05
-6.210983856259688e-05
-9.998275076673213e-06
5.471196376924181e-05
6.639549784006398e-05
-5.193342700790478e-05
-4.807819939612463e-05
-5.546654831269112e-05
-4.398198921177643e-05
7.818086762831352e-07
-5.142999700508035e-05
4.460839098390949e-05
4.17400872716913e-05
-4.400458087761399e-05
-3.846440155967462e-05
-5.3529020240682e-06
3.829923189237458e-05
4.102316467267346e-05
3.313459853705245e-05
-6.908238444595641e-06
-3.666632048311757e-05
-3.460942882818469e-05
-3.08223260948209e-05
3.436675569986031e-05
-2.929603061993106e-06
-3.190764364233581e-05
-2.910170876422572e-05
-3.11082284237781e-05
-7.209779921137043e-06
2.734438027325515e-05
-2.833466696539432e-05
-2.856010894076196e-05
1.057010811121473e-05
2.456039553521525e-05
2.519649109194272e-05
2.547034057031538e-05
1.007636620633434e-05
2.243802861235124e-05
-2.547888975070835e-05
2.303362264053302e-05
9.074966805850281e-06
-2.208538587956241e-05
2.215202979177229e-05
2.207952034624718e-05
-6.316466034232498e-06
2.214255353467686e-05
2.293742967224104e-05

-0.001848170926573608
-0.001098227183554818
-0.0003378886635947347
0.0003376606941986176
0.0003717174526623119
-0.0001954296801136591
0.0002636221379450812
-0.0002075690863873911
-0.0001590387257089733
-0.0001061304382661458
0.0001362444250719331
-2.024080418593552e-05
0.0001417236535957802
-6.884091866813505e-05
0.0001419693592846798
0.0001029709869602501
-8.009975477055971e-05
-0.0001024935014439183
7.485251275649177e-05
1.204955656046466e-05
-6.593686380057192e-05
-8.001743305209123e-05
6.258827260812884e-05
5.794209286153953e-05
6.684626157829803e-05
5.300548970545168e-05
-9.422073099689123e-07
6.19815571250964e-05
-5.376040628104131e-05
-5.030363123249239e-05
5.303271635728263e-05
4.635589425204925e-05
6.451122339295282e-06
-4.615683779153766e-05
-4.943962225701492e-05
-3.993260998701471e-05
8.325557081898236e-06
4.418891250111342e-05
4.171002167793667e-05
3.714594355088316e-05
-4.141756087215401e-05
3.530650789703785e-06
3.845392868579157e-05
3.507231828202168e-05
3.749050261308048e-05
8.688963874471297e-06
-3.295445006124824e-05
3.414790747433301e-05
3.441960192282689e-05
-1.273870888323311e-05
-2.959929316602572e-05
-3.036589233733824e-05
-3.069592574343059e-05
-1.214366914252755e-05
-2.704149393729836e-05
3.070622890391064e-05
-2.775928214321515e-05
-1.093681909856782e-05
2.661650177400407e-05
-2.669681858700078e-05
-2.660943284709019e-05
7.612374550411371e-06
-2.668539814750824e-05
-2.764335388531579e-05

-0.001332337670096138
-0.0007917067766475189
-0.0002435823377229628
0.0002434179956649313
0.0002679693515855724
-0.0001408843310574399
0.0001900439510249803
-0.0001496355715616119
-0.0001146502643341927
-7.650893043098801e-05
9.821796093282983e-05
-1.459149989978153e-05
0.000102167910832411
-4.962709231427228e-05
0.0001023450389002595
7.423129694403749e-05
-5.774353395104422e-05
-7.38870798963062e-05
5.396082202843641e-05
8.686468271198906e-06
-4.753357291053605e-05
-5.768418861407116e-05
4.511958937511626e-05
4.177018039498434e-05
4.818915346262327e-05
3.821140655387646e-05
-6.792327885168057e-07
4.468221105607876e-05
-3.875562233881204e-05
-3.626364957379161e-05
3.8231034118355e-05
3.341774467662509e-05
4.650583549097874e-06
-3.327424581671805e-05
-3.564078959427439e-05
-2.878722946348711e-05
6.001854679797921e-06
3.185557779275634e-05
3.006855713561319e-05
2.677833482416652e-05
-2.985772352547787e-05
2.545229437085724e-06
2.772125511474938e-05
2.528346818623326e-05
2.702672582061231e-05
6.263832915880827e-06
-2.375670701375183e-05
2.461706481193377e-05
2.48129280534537e-05
-9.183274917637829e-06
-2.133799029419257e-05
-2.189062800706516e-05
-2.212854752686292e-05
-8.754313586005527e-06
-1.94940849411461e-05
2.213597502648099e-05
-2.001153506015801e-05
-7.884301103611704e-06
1.918771010288284e-05
-1.924561011307715e-05
-1.918261414697389e-05
5.487724769694674e-06
-1.923737717228898e-05
-1.992796292789651e-05

-0.00463853164604475
-0.002756325982741511
-0.0008480315518382836
0.0008474593952034783
0.0009329349048666393
-0.0004904885921260921
0.0006616377370047553
-0.0005209560231170904
-0.0003991547272716984
-0.0002663657291799524
0.0003419456870605185
-5.080028551894413e-05
0.0003556974318472319
-0.0001727766491689964
0.0003563141029555538
0.0002584361515331592
-0.0002010340288341835
-0.000257237760385529
0.0001878645228181011
3.024192655714183e-05
-0.0001654880644328276
-0.0002008274181302277
0.0001570837842916644
0.0001454228218353885
0.0001677704671642022
0.0001330329559227786
-2.364747957878693e-06
0.0001555610523149574
-0.0001349276423805061
-0.0001262518428506687
0.000133101289259574
0.000116343829121604
1.619099981125752e-05
-0.0001158442380512048
-0.0001240833567448696
-0.0001002226971924873
2.089544827268331e-05
0.0001109051474046125
0.000104683637605436
9.322873344966755e-05
-0.0001039496207007532
8.861212555450111e-06
9.6511509059609e-05
8.802435744019845e-05
9.409350633988079e-05
2.180752511769149e-05
-8.270894065546264e-05
8.570427506914577e-05
8.638617265739563e-05
-3.197155816868721e-05
-7.428818194083172e-05
-7.621218932828583e-05
-7.704050578779632e-05
-3.047812992120403e-05
-6.786862815609212e-05
7.706636461680068e-05
-6.967012998712705e-05
-2.744918273863917e-05
6.680198460571282e-05
-6.700356340636117e-05
-6.678424304259534e-05
1.910550574403742e-05
-6.697490043515336e-05
-6.93791737312612e-05

-0.003290546906577398
-0.001955321344796788
-0.0006015885656319146
0.0006011826811004607
0.0006618185019527867
-0.0003479497053573211
0.0004693618961578789
-0.0003695631206467261
-0.0002831580019918388
-0.0001889582723702448
0.0002425742473338944
-3.603742199539996e-05
0.0002523296537257474
-0.0001225667327152245
0.0002527671165615962
0.0001833330769016109
-0.0001426123506693833
-0.000182482945311641
0.0001332699810169684
2.14534437781332e-05
-0.0001173962538251088
-0.0001424657822584041
0.0001114343072155465
0.0001031620894393188
0.0001190153768192904
9.437279186349177e-05
-1.677538210668226e-06
0.0001103540901602528
-9.571687122702522e-05
-8.956231036954965e-05
9.44212671283703e-05
8.253362404930753e-05
1.148579947465984e-05
-8.217921709969614e-05
-8.802399915556855e-05
-7.109738843688831e-05
1.482310738007747e-05
7.867545541635666e-05
7.426195317338836e-05
6.613591193636775e-05
-7.374124592389756e-05
6.286091760898378e-06
6.846469353203654e-05
6.244395838612149e-05
6.67493767083862e-05
1.54701292977721e-05
-5.867323316684263e-05
6.07981056784814e-05
6.128183979326935e-05
-2.268043421028228e-05
-5.269959675472548e-05
-5.406447621231811e-05
-5.465207900809328e-05
-2.162100504714446e-05
-4.814560328011524e-05
5.467042310840797e-05
-4.942357802075969e-05
-1.947228783611501e-05
4.7388932656087e-05
-4.753193146465425e-05
-4.737634689619134e-05
1.355333274016585e-05
-4.751159812245083e-05
-4.921717537421962e-05

-0.0001992226487468201
-0.0001183828428885329
-3.642253731801946e-05
3.639796347267229e-05
4.006909449737652e-05
-2.106624336315024e-05
2.841701480883012e-05
-2.23748045126482e-05
-1.714349886890301e-05
-1.144027682719686e-05
1.468639877899627e-05
-2.181847233204201e-06
1.527702944213887e-05
-7.420671953046555e-06
1.53035151624381e-05
1.109970537415498e-05
-8.634312486848933e-06
-1.104823506492542e-05
8.0686886923564e-06
1.298875845119785e-06
-7.107630829727746e-06
-8.62543865893637e-06
6.746671138563275e-06
6.245838546598026e-06
7.205658902497154e-06
5.713699910165806e-06
-1.015647596560505e-07
6.681270550401634e-06
-5.795075760035442e-06
-5.422454444913115e-06
5.716634793371808e-06
4.996910137000085e-06
6.953954644261573e-07
-4.975452946659459e-06
-5.329319035054582e-06
-4.304515463707321e-06
8.974492079063654e-07
4.763321436929884e-06
4.496110656487134e-06
4.004128166929477e-06
-4.464584992079246e-06
3.805847132491361e-07
4.145121761899069e-06
3.780602781574337e-06
4.041269736443477e-06
9.366224590128909e-07
-3.55230824964259e-06
3.680956386857024e-06
3.710243552325416e-06
-1.373162670636597e-06
-3.190640811800689e-06
-3.273275981132777e-06
-3.308851764958555e-06
-1.309020663234781e-06
-2.914924139766736e-06
3.309962388934485e-06
-2.992297755792254e-06
-1.178928874138237e-06
2.869112324807619e-06
-2.877770034966407e-06
-2.868350333427968e-06
8.2057205823054e-07
-2.876538974456755e-06
-2.979801327935458e-06

-0.003272558178101352
-0.001944632013888676
-0.0005982998073588032
0.0005978961417125594
0.0006582004792747508
-0.0003460475374348854
0.0004667959933014178
-0.0003675427967246542
-0.0002816100366965646
-0.0001879252772021487
0.0002412481448974902
-3.584041298212893e-05
0.0002509502205323965
-0.0001218966861431459
0.0002513852918508086
0.0001823308334951538
-0.0001418327189163495
-0.0001814853493958689
0.0001325414220355197
2.133616230914632e-05
-0.0001167544731746549
-0.0001416869517640482
0.0001108251192743592
0.0001025981239743659
0.0001183647447636462
9.38568756415383e-05
-1.66836746178143e-06
0.0001097508075387447
-9.519360720558931e-05
-8.907269203900721e-05
9.390508590227291e-05
8.208243006991338e-05
1.142300902251131e-05
-8.17299605886449e-05
-8.754279044921903e-05
-7.070871395441645e-05
1.474207256690534e-05
7.824535323415243e-05
7.385597868049329e-05
6.577436080335515e-05
-7.333811802811364e-05
6.251727018174826e-06
6.809041143941878e-05
6.210259038734627e-05
6.638447189239808e-05
1.538555735173669e-05
-5.835247893046836e-05
6.046573521061059e-05
6.094682485262047e-05
-2.255644504242911e-05
-5.241149913336619e-05
-5.376891708176444e-05
-5.435330757652813e-05
-2.15028075559037e-05
-4.788240138409818e-05
5.437155139349353e-05
-4.915338970537863e-05
-1.936583693034218e-05
4.712986731937967e-05
-4.727208438351291e-05
-4.7117350363176e-05
1.347923951812105e-05
-4.725186219943077e-05
-4.894811541875692e-05

0.002419408842485174
0.001437670358701553
0.000442324250816233
-0.0004420258199921461
-0.0004866089380293867
0.0002558336403589739
-0.0003451032166173234
0.0002717251287808366
0.0002081948664734065
0.0001389335353705396
-0.000178355238694896
2.649688939604719e-05
-0.0001855280027235258
9.011846521105386e-05
-0.000185849651824221
-0.0001347975518870208
0.0001048572143334717
0.0001341724837920754
-9.798813986384064e-05
-1.577386770413222e-05
8.631681682199404e-05
0.0001047494483846297
-8.193323355902176e-05
-7.585099938848309e-05
-8.750729384613993e-05
-6.938857691659119e-05
1.233427419735195e-06
-8.113899273234763e-05
7.037682525017704e-05
6.585162035779918e-05
-6.942421885931119e-05
-6.068370562599342e-05
-8.445053543062932e-06
6.042312422964058e-05
6.472056103569082e-05
5.227509442822402e-05
-1.089884389637425e-05
-5.784694700460745e-05
-5.460187356963737e-05
-4.862711722019537e-05
5.421901814787469e-05
-4.621914357333973e-06
-5.03393781132309e-05
-4.591256996737562e-05
-4.907817357531357e-05
-1.137457349190663e-05
4.314010502548711e-05
-4.470243964335273e-05
-4.505811018320374e-05
1.667602518294691e-05
3.874792671363625e-05
3.97514685327805e-05
4.018350960081771e-05
1.589706887019918e-05
3.539955563917268e-05
-4.019699729139141e-05
3.633919986117002e-05
1.431720218908009e-05
-3.484320569170791e-05
3.494834705323647e-05
3.483395188081079e-05
-9.965228883734947e-06
3.493339675187244e-05
3.618744016824013e-05

-0.0003843424925475043
-0.0002283854631844595
-7.026675363337937e-05
7.021934550435749e-05
7.730173125492439e-05
-4.064122494980296e-05
5.482241286871274e-05
-4.316571529769787e-05
-3.30734237682392e-05
-2.207070601094485e-05
2.833315965240169e-05
-4.209243322726351e-06
2.947261072701085e-05
-1.431604073506666e-05
2.952370726557658e-05
2.141367187371086e-05
-1.665740920286201e-05
-2.131437479536271e-05
1.556620164980198e-05
2.50580535379031e-06
-1.371211840823185e-05
-1.664028971789921e-05
1.301575106099437e-05
1.204953939794594e-05
1.390123522832651e-05
1.102293177493124e-05
-1.959398347865828e-07
1.288957953772271e-05
-1.117992294615197e-05
-1.046105786760905e-05
1.102859378333356e-05
9.640093178031564e-06
1.341564464609047e-06
-9.598697733959123e-06
-1.028138002584978e-05
-8.304317872162112e-06
1.731368735803295e-06
9.189451326937381e-06
8.673945394020382e-06
7.72480744453045e-06
-8.613125740675698e-06
7.342281524518109e-07
7.996813815647402e-06
7.293579849198943e-06
7.796461362916944e-06
1.806942196278469e-06
-6.85315156459489e-06
7.101340944841395e-06
7.157842061761207e-06
-2.649120302465705e-06
-6.155418824883003e-06
-6.314839488892414e-06
-6.383472676504714e-06
-2.525376846805126e-06
-5.623503233739172e-06
6.385615304292307e-06
-5.772773252124089e-06
-2.274402357730976e-06
5.535122583966246e-06
-5.551825132226676e-06
-5.533652541928494e-06
1.583056505671528e-06
-5.549450156973475e-06
-5.748665008129774e-06

-0.001266455523876612
-0.0007525580362115899
-0.0002315375479139269
0.000231381332329552
0.0002547186596635325
-0.0001339178072497163
0.0001806465560172895
-0.0001422363117294258
-0.0001089809766988109
-7.272567588910939e-05
9.336122663174931e-05
-1.386997160297317e-05
9.711585729419827e-05
-4.717310529151684e-05
9.728422663841764e-05
7.056066804209345e-05
-5.488820077833639e-05
-7.023347202296274e-05
5.129253841916377e-05
8.256935138876967e-06
-4.518310735588917e-05
-5.483178998126209e-05
4.288849177031272e-05
3.970470615801354e-05
4.580627040990678e-05
3.632190847076762e-05
-6.456457220433188e-07
4.247274116855961e-05
-3.683921358221404e-05
-3.447046522019149e-05
3.634056548080345e-05
3.17652861516441e-05
4.420619004624368e-06
-3.162888310021882e-05
-3.387840475441693e-05
-2.7363743133127e-05
5.70507175723195e-06
3.028036613200261e-05
2.85817110287298e-05
2.54541853911999e-05
-2.838130283181363e-05
2.419371569592907e-06
2.635047965460898e-05
2.403323771885837e-05
2.569029381677659e-05
5.954095553271739e-06
-2.258197264997823e-05
2.339978701530634e-05
2.358596510637302e-05
-8.729175424338141e-06
-2.028285792942937e-05
-2.080816851684977e-05
-2.10343232648678e-05
-8.32142560222772e-06
-1.853013099510909e-05
2.104138348548856e-05
-1.902199396367157e-05
-7.494433962717906e-06
1.823890594386433e-05
-1.829394288337732e-05
-1.823406197547175e-05
5.21636481808821e-06
-1.828611704949289e-05
-1.894255435099371e-05

0.001524951947687107
0.0009061627680018477
0.0002787967109760812
-0.0002786086102059342
-0.0003067093228641232
0.0001612517906434735
-0.0002175183512155822
0.0001712681862996933
0.0001312250999301609
8.756972432353395e-05
-0.0001124172003722502
1.670097355296684e-05
-0.0001169381892533291
5.680161477172753e-05
-0.0001171409244892945
-8.496281640537435e-05
6.609143953639326e-05
8.45688363586073e-05
-6.176186600279892e-05
-9.942259388151465e-06
5.440543806379457e-05
6.602351472321094e-05
-5.164246815259165e-05
-4.780883958935877e-05
-5.515579502073273e-05
-4.373557856700366e-05
7.774285656174827e-07
-5.114185863413918e-05
4.435847090111296e-05
4.150623696151312e-05
-4.375804366218517e-05
-3.824890339417658e-05
-5.322912201802908e-06
3.808465909576673e-05
4.079333094666082e-05
3.29489607808236e-05
-6.86953479521968e-06
-3.646089613022786e-05
-3.441552828328799e-05
-3.064964292649046e-05
3.417421473973238e-05
-2.913189857576082e-06
-3.172887994419941e-05
-2.893866541511909e-05
-3.093394347758688e-05
-7.169386875007297e-06
2.719118241894673e-05
-2.817592099500942e-05
-2.840009992374122e-05
1.051088870796058e-05
2.442279505356774e-05
2.50553268624965e-05
2.5327642089514e-05
1.001991300950404e-05
2.231231876616282e-05
-2.533614337282013e-05
2.29045759577991e-05
9.024123984450228e-06
-2.196165172672956e-05
2.202792226407344e-05
2.195581905525147e-05
-6.281077810638098e-06
2.201849909806345e-05
2.280892191403751e-05

0.000993962564198478
0.0005906362294435924
0.0001817194923104801
-0.0001815968883660615
-0.0001999129123249868
0.0001051037992067165
-0.0001417783022358512
0.000111632478569674
8.553242416031319e-05
5.707788226819464e-05
-7.327344898414636e-05
1.088568234725075e-05
-7.622022623026325e-05
3.702325096520951e-05
-7.635236890871712e-05
-5.537870159382131e-05
4.307835195260326e-05
5.512190568744034e-05
-4.025633908980462e-05
-6.480357397732542e-06
3.546142473949171e-05
4.303407860900134e-05
-3.366052297211098e-05
-3.116176667838561e-05
-3.595050685523775e-05
-2.850681812308881e-05
5.0672737048141e-07
-3.33342260541313e-05
2.891281889090926e-05
2.705373489508297e-05
-2.852146085567469e-05
-2.493060725821492e-05
-3.469470280115933e-06
2.482355294465373e-05
2.658906327603519e-05
2.147610853903999e-05
-4.477557755357804e-06
-2.376518543128177e-05
-2.24320161645547e-05
-1.997741484325968e-05
2.227472817335702e-05
-1.898815018546526e-06
-2.068086074208707e-05
-1.88622009527039e-05
-2.016272173456034e-05
-4.673001121660349e-06
1.772319281384653e-05
-1.83650446975294e-05
-1.85111643592978e-05
6.850989572503107e-06
1.591875995383253e-05
1.633104372426244e-05
1.650853859006229e-05
6.53097197133387e-06
1.45431530532136e-05
-1.651407972030117e-05
1.492918585755652e-05
5.881917413090828e-06
-1.431458853339475e-05
1.435778362116858e-05
1.431078680237056e-05
-4.09400192318429e-06
1.435164160846599e-05
1.48668386218152e-05

0.0002577305758251353
0.0001531496466776485
4.711914822413715e-05
-4.708735750446713e-05
-5.18366303363276e-05
2.725300093450191e-05
-3.676255504064785e-05
2.8945861764656e-05
2.217822051304877e-05
1.48000699359381e-05
-1.899951656090013e-05
2.82261453365505e-06
-1.976360428793806e-05
9.599983071658557e-06
-1.979786836366949e-05
-1.43594790833602e-05
1.117004689541649e-05
1.429289291678533e-05
-1.043831008118749e-05
-1.680331135024597e-06
9.195007686285374e-06
1.115856699185873e-05
-8.728040955111645e-06
-8.080123295401738e-06
-9.321824751491129e-06
-7.391705597822179e-06
1.313924102218552e-07
-8.643433450180064e-06
7.49697999691566e-06
7.014926843192321e-06
-7.395502400661349e-06
-6.464408213909125e-06
-8.996199709213034e-07
6.436649452296972e-06
6.89443932358564e-06
5.56867030973129e-06
-1.161013080518962e-06
-6.162218926956926e-06
-5.81653338993602e-06
-5.180064940575271e-06
5.775749233668154e-06
-4.923552513356505e-07
-5.362465689959543e-06
-4.890894373657534e-06
-5.228114287230665e-06
-1.2116907751831e-06
4.595554051924924e-06
-4.761983715919599e-06
-4.799871968367634e-06
1.776434597331163e-06
4.127671722359901e-06
4.234575279271066e-06
4.280598998489339e-06
1.69345529449465e-06
3.770982274093118e-06
-4.282035791718599e-06
3.871079058958332e-06
1.525158005374182e-06
-3.711716394856637e-06
3.722916710890278e-06
3.710730620974911e-06
-1.061558564776567e-06
3.721324111212316e-06
3.854912666447009e-06

0.0002386648075168443
0.0001418203130487721
4.363348200067912e-05
-4.360404301775254e-05
-4.800198564711463e-05
2.523694443884194e-05
-3.404302378385814e-05
2.680457491072623e-05
2.053757383218589e-05
1.370522620845976e-05
-1.759401634228742e-05
2.613809992140165e-06
-1.830158023794743e-05
8.889818775403235e-06
-1.833330960889314e-05
-1.329722831884779e-05
1.034373622036033e-05
1.323556790241384e-05
-9.666130059884858e-06
-1.556027668132029e-06
8.51480167828406e-06
1.033310554935803e-05
-8.082379080894055e-06
-7.482391504494277e-06
-8.632237377769755e-06
-6.844899904071006e-06
1.216725807346459e-07
-8.004030465069945e-06
6.942386568601937e-06
6.495993575523218e-06
-6.848415836187883e-06
-5.986199880047794e-06
-8.330700636188139e-07
5.960494588881097e-06
6.384419189853245e-06
5.156724705051199e-06
-1.075126466859608e-06
-5.706365220281725e-06
-5.386251970612671e-06
-4.796866642659559e-06
5.348484845879367e-06
-4.55932987052353e-07
-4.965774191204084e-06
-4.529087635571579e-06
-4.841361511148585e-06
-1.122055249771667e-06
4.255595284832894e-06
-4.409713218242966e-06
-4.444798665309577e-06
1.645021821258052e-06
3.82232482103373e-06
3.92132012553894e-06
3.963939213515967e-06
1.568180960310807e-06
3.492021680851816e-06
-3.965269719131246e-06
3.58471374820245e-06
1.412333560432181e-06
-3.437140029275995e-06
3.447511795468808e-06
3.436227178591211e-06
-9.830291563975979e-07
3.446037009272665e-06
3.56974327391363e-06

-0.002475945846787879
-0.001471265993233791
-0.000452660531163803
0.0004523551265763111
0.0004979800676789864
-0.0002618119881982586
0.0003531676254514533
-0.0002780748306192535
-0.0002130599863551076
-0.0001421801490676634
0.0001825230629668727
-2.711607153819125e-05
0.0001898634409115793
-9.222436313367533e-05
0.0001901926063427928
0.0001379475154802807
-0.0001073075289201967
-0.0001373078407272805
0.0001002779371844559
1.614247312980586e-05
-8.833387741892388e-05
-0.0001071972446851252
8.384785811396046e-05
7.762349364554203e-05
8.955217363733879e-05
7.101005659492838e-05
-1.262250283449535e-06
8.30350573828012e-05
-7.202139842115313e-05
-6.739044805740513e-05
7.104653142235551e-05
6.210176894204543e-05
8.642398456461964e-06
-6.183509825178921e-05
-6.623295802023242e-05
-5.349666441948562e-05
1.115352924489595e-05
5.919872064212952e-05
5.587781598446521e-05
4.976344089036254e-05
-5.548601395630469e-05
4.729919745805512e-06
5.151571407886902e-05
4.69854598073197e-05
5.022503757857564e-05
1.164037574043951e-05
-4.41482076084823e-05
4.574705102861056e-05
4.61110329156305e-05
-1.706571232096597e-05
-3.965339240462336e-05
-4.068038509619264e-05
-4.112252214607417e-05
-1.626855327388079e-05
-3.622677623716146e-05
4.113632501843582e-05
-3.718837816572317e-05
-1.465176809937346e-05
3.565742544469476e-05
-3.576502376079354e-05
-3.564795538975526e-05
1.019809741689968e-05
-3.574972409919967e-05
-3.703307213608849e-05

-0.002057373836985121
-0.001222540535630473
-0.0003761358250467218
0.0003758820507533546
0.0004137938492926508
-0.0002175512584117809
0.0002934627320773938
-0.0002310647795396574
-0.0001770410456287768
-0.000118143827422549
0.0001516665539681983
-2.253195328033364e-05
0.0001577660014003166
-7.663333674686003e-05
0.0001580395196386934
0.0001146267433895195
-8.916661194274822e-05
-0.0001140952091063499
8.332541063362599e-05
1.341350091504447e-05
-7.340055864182066e-05
-8.907497185293081e-05
6.967292511454175e-05
6.450082305676715e-05
7.441289530852996e-05
5.900542323682645e-05
-1.048860059789176e-06
6.899753273422237e-05
-5.98457922684364e-05
-5.599772906015011e-05
5.903573179783643e-05
5.160312969592169e-05
7.181354348357768e-06
-5.13815411252494e-05
-5.50359189615237e-05
-4.445276454064052e-05
9.267964922681604e-06
4.919085738087355e-05
4.643136958082932e-05
4.13506625999072e-05
-4.610580380035598e-05
3.930301282109136e-06
4.280670454765234e-05
3.904231421366564e-05
4.17342238764122e-05
9.672507390307448e-06
-3.668471481367036e-05
3.801326512353867e-05
3.831571390791065e-05
-1.418066153757777e-05
-3.294977238164746e-05
-3.380314641532817e-05
-3.417053781040798e-05
-1.351826653022572e-05
-3.010244417314928e-05
3.41820072326965e-05
-3.090148210525736e-05
-1.217480761638589e-05
2.962934520532258e-05
-2.971875344530075e-05
-2.962147611429887e-05
8.474054002342153e-06
-2.970604027407218e-05
-3.077243139820813e-05

