-0.6502288160918499
-0.3860742808803754
-0.1190076420928085
0.1185961332245597
0.1308982913957268
-0.06857763928466196
0.09289247482518923
-0.07284218394814135
-0.05608472151144033
-0.03718079264152573
0.04806050668004835
-0.007089165588495375
0.04971613016452193
-0.02433739096759041
0.04980599173494214
0.03633756550971307
-0.02805816169313959
-0.03615805335872112
0.02621889525989824
0.004261962119744853
-0.02329334055120498
-0.02804408805974725
0.0221100073864738
0.02028567673763786
0.02360018037433775
0.01855659039303013
-0.0003303787246571818
0.02188288731079719
-0.01882844396680645
-0.01776931923989648
0.01857779944928747
0.01637438456455111
0.00228538042693045
-0.01616480934981219
-0.0174551645160384
-0.0139803076986003
0.002944846631707096
0.01560233513171482
0.01460978224974874
0.01312296761622736
-0.01451149829054817
0.001256590653679067
0.01357769638563154
0.01228262681649548
0.01323659642583252
0.003038400048756103
-0.01154416165372144
0.01205781223014834
0.01205957018201113
-0.004493163767465527
-0.01045383448204149
-0.01063677294669907
-0.01083787026420549
-0.004244807778052278
-0.009478783152217984
0.01083947631767362
-0.009725045756370168
-0.003861941796983918
0.009395920605086167
-0.009353271690814244
-0.009393279989966344
0.002687800119210286
-0.009351530338943512
-0.0097558698669319

-0.3864729826296338
-0.229468881040137
-0.07073392820666098
0.07048934190747337
0.07780130908519747
-0.04076012034561052
0.05521199756313764
-0.0432948146790749
-0.03333477241561442
-0.0220989465140719
0.02856546327028972
-0.004213548986968718
0.02954950724113377
-0.01446528336472991
0.02960291777646736
0.02159776216695
-0.01667677772547841
-0.02149106650121397
0.01558358288895845
0.002533159360999231
-0.01384473676874505
-0.01666841285614835
0.01314140543936644
0.01205708790419674
0.01402711149391998
0.01102938021071283
-0.0001963654146908897
0.01300641330907139
-0.01119096034817812
-0.0105614541158249
0.01104198612271365
0.009732354341697379
0.001358349196745931
-0.009607790255459422
-0.01037473167270143
-0.008309399830726143
0.001750312556102034
0.009273475498358871
0.008683537213217405
0.00779982724556039
-0.008625120708245339
0.0007468729866378033
0.008070101923409675
0.007300358432023792
0.007867364186211361
0.001805917394318327
-0.006861440889520158
0.007166736602950316
0.007167781467288159
-0.002670577433178858
-0.006213389028920673
-0.006322121174167593
-0.006441646298518782
-0.0025229634277565
-0.005633853046614241
0.006442600879819992
-0.005780222817975396
-0.00229540144651833
0.005584602482898178
-0.005559253478526482
-0.005583032994786727
0.001597533211504662
-0.005558218480640782
-0.005798543577757335

-0.1169803271316154
-0.06945723498698439
-0.0214102367638254
0.02133620368366426
0.02354944070378261
-0.01233755637848862
0.0167119509689331
-0.01310477526733633
-0.01009000048464532
-0.006689062647773835
0.008646392861122943
-0.001275386278045523
0.008944250126174457
-0.004378452456222122
0.008960416798037748
0.006537360687959419
-0.005047842932135683
-0.006505065302651946
0.00471694712481363
0.0007667542727300019
-0.004190621101740718
-0.005045310995378084
0.003977731889065056
0.003649523124981038
0.004245823550476458
0.003338449421041255
-5.943724782929448e-05
0.003936871533303294
-0.00338735761951117
-0.003196814300051361
0.003342265066061986
0.002945856620834487
0.0004111545710470377
-0.002908152697891992
-0.003140295853844922
-0.002515146864478291
0.0005297967635470777
0.002806959984797601
0.002628393366468419
0.0023609058945019
-0.002610711452930759
0.0002260687039705593
0.002442714511535362
0.002209723204311573
0.002381348444864259
0.0005466276222540722
-0.002076868593475203
0.00216927762084437
0.002169593887641574
-0.0008083489294339193
-0.001880711754425588
-0.001913623555488898
-0.001949802250445363
-0.0007636680968273262
-0.001705293777380454
0.001950091189743478
-0.001749597996577515
-0.000694788055520363
0.001690386274620936
-0.001682713461884776
-0.001689911211059501
0.0004835524501967508
-0.001682400181536423
-0.001755143451417472

0.1162649197092242
0.06903246081620243
0.0212792998561138
-0.02120571953428213
-0.02340542123414374
0.01226210455146918
-0.01660974699960978
0.01302463141986375
0.01002829385913236
0.006648154871357091
-0.008593514793657081
0.001267586498098296
-0.008889550476368208
0.004351675497541986
-0.008905618278982692
-0.006497380663335287
0.005016972234562858
0.006465282784391154
-0.004688100060807237
-0.0007620650936920887
0.004164992848559381
0.005014455782171594
-0.003953405585764602
-0.003627204022309522
-0.004219857700003994
-0.003318032727451552
5.907375210903452e-05
-0.003912795116479809
0.003366641821885106
0.003177263793276852
-0.003321825037426889
-0.002927840876276474
-0.0004086401052467681
0.002890367536259585
0.003121090992503441
0.002499765177835301
-0.0005265567269842497
-0.002789793679512835
-0.002612319107063752
-0.002346467487274812
0.002594745329422936
-0.0002246861533078552
-0.002427775793759345
-0.002196209373219956
-0.002366785018733496
-0.0005432846545269383
0.002064167250919144
-0.002156011139639879
-0.002156325472267791
0.0008034053732117139
0.001869210032883293
0.001901920557822846
0.001937877997568411
0.0007589977916734182
0.001694864845819588
-0.001938165169823811
0.001738898117173081
0.0006905389946383342
-0.001680048511707252
0.00167242262298892
0.001679576353452473
-0.0004805952263586726
0.001672111258544598
0.001744409658111329

0.1265712967025263
0.07515188675932212
0.02316561678662168
-0.02308551389085116
-0.02548020953253009
0.01334908652809184
-0.01808212847778375
0.01417920807073794
0.01091725828081455
0.007237484744762411
-0.009355292321926351
0.001379952501133801
-0.009677570274079358
0.004737432511284187
-0.009695062417169303
-0.007073345062163346
0.005461704896344394
0.007038401846537378
-0.005103679641731525
-0.0008296188336217456
0.004534201261370246
0.005458965371449392
-0.004303857712476848
-0.003948739806095352
-0.004593929642107343
-0.003612161827188831
6.431038205007315e-05
-0.004259647302579482
0.003665079905398252
0.003458914342235585
-0.003616290308868032
-0.003187381173752009
-0.0004448642646043255
0.003146585985920298
0.003397762068176153
0.00272135843555798
-0.0005732336795009206
-0.003037096696332169
-0.002843889778693367
-0.002554471574723108
0.002824758162472752
-0.0002446035988016792
-0.002642987507217521
-0.002390893735564024
-0.002576590166546931
-0.0005914444647103741
0.002247146656215282
-0.002347132104264257
-0.002347474301105946
0.0008746237482422535
0.002034907332866304
0.002070517502879315
0.002109662412504519
0.0008262796286852923
0.001845107206949976
-0.002109975041326285
0.001893043835359931
0.0007517522584936018
-0.001828977469573257
0.001820675579149274
0.001828463456552234
-0.0005231978927210713
0.001820336613607035
0.001899043950313393

-0.06540334495846903
-0.03883332874083552
-0.01197039822885311
0.01192900655899879
0.0131664206426478
-0.006897890231228569
0.009343600936596214
-0.007326839977533274
-0.005641288569707713
-0.003739834573284228
0.004834171939921928
-0.000713064587385061
0.005000703030508509
-0.002447979445778016
0.005009741767555469
0.003655018469142505
-0.002822233624080452
-0.003636962217487552
0.002637230785036214
0.0004286899808489531
-0.00234296350700877
-0.002820818025941945
0.002223937795968645
0.002040437274624405
0.002373827028130638
0.001866516913268248
-3.323118440921946e-05
0.002201092895389472
-0.001893861338218237
-0.001787329148082366
0.001868650228787829
0.001647019473230328
0.0002298752696356054
-0.001625939324635618
-0.00175572985677876
-0.001406210958989274
0.0002962077584649494
0.001569362786647478
0.001469526733672559
0.001319975301990947
-0.001459640829615755
0.000126394324521456
0.001365714250852395
0.001235449519915066
0.001331404669697361
0.0003056178403560056
-0.001161170911239106
0.001212836517264554
0.00121301334106863
-0.0004519454268500767
-0.00105150021938066
-0.001069901107212952
-0.001090128505480872
-0.0004269645092920573
-0.0009534245621662673
0.001090290050563393
-0.0009781949163134409
-0.0003884538877813269
0.0009450898227333822
-0.0009407999764786737
-0.0009448242161411531
0.0002703527035803186
-0.0009406248223889073
-0.0009812953632414674

0.09145302160860974
0.05430036116230938
0.016738120788499
-0.01668024311758277
-0.0184105102316154
0.00964526974530559
-0.01306508923816458
0.01024506705603179
0.007888172780665418
0.005229383485818099
-0.006759587466997877
0.0009970730267672293
-0.006992446679869705
0.003422991856061115
-0.007005085480147041
-0.005110785744223191
0.003946308751812155
0.00508553781884962
-0.003687620627413595
-0.000599434082566521
0.003276148832609812
0.003944329331231976
-0.003109716046479286
-0.002853128601995642
-0.003319305069738927
-0.002609937025549076
4.646692348508147e-05
-0.003077772188140067
0.00264817253609583
0.002499209349385524
-0.002612920025123791
-0.00230301535144322
-0.0003214329177600423
0.002273539132968329
0.002455024290160908
0.001966294557262476
-0.0004141851544856094
-0.002194428571351926
-0.002054828544536588
-0.001845711865232716
0.002041005156792342
-0.0001767362647735763
-0.001909668304788898
-0.001727520078872091
-0.001861693466975707
-0.0004273432035589175
0.001623656840552021
-0.001695900481718346
-0.00169614773315679
0.0006319520035841965
0.00147030510970831
0.001496034937343241
0.001524318761236217
0.0005970213682373858
0.001333166631483525
-0.001524544648551544
0.001367802837543007
0.0005431722462472554
-0.001321512225948463
0.001315513765127861
0.001321140830180767
-0.000378032219272089
0.001315268848437345
0.00137213816993525

-0.06872632764132333
-0.04080635441719571
-0.01257858464571967
0.01253508996719151
0.01383537400915391
-0.007248355024748859
0.009818326260318373
-0.007699098649944901
-0.005927908531394998
-0.003929846346102463
0.005079784295871186
-0.0007492936407635269
0.005254776420532485
-0.002572355245080426
0.005264274393520719
0.003840720944851873
-0.002965624355329721
-0.003821747299574828
0.002771221978222301
0.0004504706616930547
-0.002462003705415237
-0.002964136834140933
0.002336930591496269
0.002144106861146993
0.002494435325940369
0.001961350035090406
-3.491957894610579e-05
0.002312924997850765
-0.001990083762845935
-0.001878138934820976
0.001963591739110394
0.001730700471370803
0.0002415546652491414
-0.001708549292406243
-0.001844934161444721
-0.001477657070317469
0.000311257344270107
0.001649098240031618
0.001544189763385278
0.001387039992231027
-0.001533801580921639
0.0001328161084815892
0.00143510282429925
0.00129821966359576
0.001399050057927565
0.0003211455292182408
-0.00122016714197216
0.001274457750040364
0.001274643557825419
-0.0004749076595610074
-0.001104924352691308
-0.00112426014426068
-0.001145515246756332
-0.0004486575231812082
-0.001001865713173686
0.001145684999546755
-0.001027894587934647
-0.000408190271952333
0.0009931075061823513
-0.0009885997034171717
-0.0009928284047732835
0.0002840886578014434
-0.0009884156501797038
-0.001031152560926143

-0.05550779324791364
-0.03295783089141229
-0.01015927228804916
0.01012414319406562
0.01117433604215788
-0.005854236737352115
0.007929910455023108
-0.006218286219027347
-0.004787759399431884
-0.003173996137461803
0.004102759831875157
-0.0006051776360079155
0.004244094703228498
-0.002077599196762881
0.004251765875819244
0.003102012743098867
-0.002395228571293564
-0.003086688409391605
0.002238216734262471
0.0003638290188295994
-0.001988472210663833
-0.002394027153708796
0.001887455136326574
0.001731718315739015
0.002014666068950609
0.00158411217317982
-2.820329319151425e-05
0.001868066678153462
-0.001607319375925158
-0.001516905547885154
0.001585922717225181
0.001397824781796508
0.000195095051298132
-0.001379934067941165
-0.001490087241732713
-0.001193450690084052
0.0002513914085851211
0.001331917582310826
0.001247186763256634
0.001120262521768178
-0.001238796600357278
0.0001072708137129531
0.001159081149751287
0.001048525523629286
0.001129962621663617
0.0002593777414001329
-0.0009854852975404627
0.001029333877136991
0.001029483947429853
-0.0003835659067415575
-0.0008924078243181248
-0.0009080246506136298
-0.0009251916356001158
-0.0003623646117952882
-0.0008091710524568801
0.0009253287388490652
-0.0008301936423183605
-0.000329680662403264
0.0008020973623646835
-0.0007984565715282547
-0.0008018719421531545
0.0002294482336319921
-0.0007983079183206154
-0.0008328249904119532

-0.03906858534703116
-0.02319702790712078
-0.007150498573718597
0.007125773324769902
0.007864940683368791
-0.004120443891429321
0.005581385338500395
-0.004376676348405704
-0.003369814863335124
-0.002233984306199379
0.002887685012699876
-0.0004259480108836734
0.002987162098003894
-0.001462296675588472
0.002992561373376983
0.002183319539655804
-0.001685856820957001
-0.002172533666100337
0.001575345665736483
0.0002560772864881969
-0.001399565569569264
-0.00168501121563349
0.001328465748097014
0.001218851999994118
0.001418001845417463
0.00111496094540708
-1.985059579290506e-05
0.00131481938263043
-0.001131295094687033
-0.001067658258296308
0.001116235278080885
0.000983844494482157
0.0001373156311291964
-0.0009712523008410209
-0.00104878247128568
-0.0008399979068667105
0.000176939239107537
0.0009374563947687836
0.0008778194853899037
0.0007884851726551573
-0.000871914156135035
7.550145115792331e-05
0.0008158072618911363
0.0007379938295420204
0.0007953124874963446
0.0001825603367397019
-0.0006936236193583031
0.0007244859879390049
0.0007245916133603264
-0.0002699688906172009
-0.0006281120038949832
-0.000639103745329452
-0.0006511865499026715
-0.0002550465787648252
-0.000569526664157904
0.0006512830486040835
-0.0005843231962874115
-0.0002320423195144489
0.0005645479206534249
-0.0005619853877334924
-0.000564389260972594
0.0001614947626965182
-0.0005618807597130501
-0.0005861752433884145

0.04843158690015192
0.02875632334596323
0.008864154920794598
-0.008833504129826898
-0.009749817015066112
0.005107930953277275
-0.006918995060703841
0.005425570929144261
0.004177409546349378
0.002769370943385448
-0.003579734622856771
0.0005280287965590029
-0.003703051939280584
0.001812744123916106
-0.003709745180720217
-0.002706564086627998
0.002089881688832733
0.002693193319098333
-0.001952885926894253
-0.00031744761791456
0.001734979163001096
0.00208883342953883
-0.001646839877904404
-0.001510956591639405
-0.001757833793849042
-0.001382167473894792
2.460790035328317e-05
-0.001629923085830261
0.001402416191970442
0.001323528437414156
-0.001383747207408546
-0.001219628243702578
-0.000170224078059324
0.001204018261534469
0.001300128964134196
0.001041308029481505
-0.0002193437018197512
-0.001162122980523232
-0.00108819375750738
-0.000977449984935872
0.001080873183588096
-9.359578956750974e-05
-0.001011319963266888
-0.0009148581134882398
-0.0009859135033634221
-0.0002263119264439199
0.0008598543381735161
-0.0008981130432834827
-0.0008982439824182746
0.0003346684214470563
0.0007786425034193324
0.0007922684761987629
0.0008072469914041973
0.0003161698954112448
0.0007060168644990189
-0.0008073666165509335
0.0007243594670088668
0.0002876525387916541
-0.0006998449377053478
0.0006966682796640373
0.0006996482543583234
-0.0002001978716142454
0.0006965385769624297
0.0007266553673933348

-0.006913272194211971
-0.004104765160911922
-0.001265296465826256
0.001260921278587869
0.001391718570111299
-0.0007291216185430689
0.0009876384241479309
-0.0007744625159507682
-0.000596296159366993
-0.000395308441530881
0.0005109822207947893
-7.537243833287481e-05
0.0005285849100573009
-0.0002587566162745691
0.0005295403237221758
0.0003863431995427767
-0.0002983160762084022
-0.0003844346154698751
0.0002787608839804907
4.531343964780036e-05
-0.0002476562089497872
-0.0002981664444847344
0.0002350749390002151
0.0002156785449375664
0.0002509185485521481
0.0001972947940921488
-3.512606630483042e-06
0.0002326601845858499
-0.0002001851577700501
-0.0001889244794618555
0.0001975202900644209
0.0001740934494227474
2.429830325525223e-05
-0.0001718652330337804
-0.0001855843673916457
-0.0001486394790380627
3.130978792605445e-05
0.0001658849730460166
0.0001553320906292211
0.0001395241873040813
-0.0001542871296159155
1.336014801345335e-05
0.000144358891149247
0.000130589632973753
0.0001407322956968558
3.230445352800201e-05
-0.0001227382265921195
0.0001281993906619375
0.0001282180813127881
-4.777158958348703e-05
-0.0001111458019993885
-0.0001130908148466674
-0.00011522889371851
-4.51310536468551e-05
-0.0001007789971459734
0.000115245969376197
-0.0001033972760836851
-4.106039932416186e-05
9.989799752117e-05
-9.944455167905239e-05
-9.986992234131329e-05
2.857685382113193e-05
-9.94260375204705e-05
-0.0001037249998958697

0.04995774555999752
0.0296624822126918
0.009143478966535201
-0.009111862318923608
-0.01005704972458009
0.005268890227113163
-0.007137023932049388
0.005596539559084708
0.004309046565966481
0.002856638359509174
-0.003692537926326075
0.0005446678491296975
-0.003819741173449282
0.001869866661496553
-0.003826645329893802
-0.002791852355784496
0.002155737285181937
0.002778060253461738
-0.002014424562312983
-0.0003274509125025289
0.001789651199242733
0.00215465599352039
-0.001698734500853861
-0.001558569309590037
-0.001813226016956702
-0.001425721835720295
2.538333561419812e-05
-0.001681284632942816
0.001446608624080978
0.001365234987118507
-0.001427351349225269
-0.001258060728059321
-0.0001755881176762837
0.001241958849775569
0.001341098158094653
0.001074121351704956
-0.0002262555812653087
-0.001198743379812754
-0.001122484525844499
-0.001008251035542499
0.001114933268646515
-9.654514625629889e-05
-0.001043188312387723
-0.0009436867916669401
-0.001016981253303244
-0.0002334433860650261
0.0008869497572665623
-0.0009264140568625433
-0.0009265491221040572
0.0003452143717711555
0.0008031788045313209
0.0008172341540395381
0.0008326846668017442
0.0003261329268695835
0.000728264612729498
-0.0008328080615329285
0.0007471852206990973
0.0002967169416162831
-0.0007218981984096011
0.0007186214386682892
0.000721695317247834
-0.0002065064345790646
0.0007184876488218659
0.0007495534686668007

-0.02032318443831006
-0.01206691955672119
-0.003719635611291172
0.003706773722631192
0.004091283026624408
-0.002143423940986729
0.002903394700577251
-0.002276714139130549
-0.001752952362677421
-0.001162101844331699
0.001502152038308998
-0.0002215749536214314
0.001553899270363937
-0.0007606757392816284
0.001556707932829382
0.001135746413597378
-0.000876970046511485
-0.001130135683245268
0.0008194829742230702
0.0001332094796250175
-0.0007280434894491018
-0.0008765301689778305
0.0006910578967413897
0.0006340376488900081
0.0007376339015689855
0.0005799943031916982
-1.032613072437632e-05
0.0006839591599985708
-0.0005884912048709647
-0.0005553878009070885
0.0005806572014704599
0.0005117885109577969
7.14305591798057e-05
-0.0005052381464751318
-0.0005455687583845508
-0.0004369605973041019
9.204246221919029e-05
0.0004876577701638204
0.0004566350981659694
0.0004101640601628011
-0.0004535631902742357
3.927528738535248e-05
0.000424376805616546
0.0003838988429936122
0.0004137155780257955
9.496651495646913e-05
-0.0003608177931649414
0.0003768721653236728
0.0003769271108739385
-0.0001404357876766534
-0.0003267391432193317
-0.0003324569644940785
-0.0003387423486129122
-0.0001326733132145743
-0.0002962634898448766
0.0003387925465117874
-0.000303960534640698
-0.0001207066704643182
0.0002936735848966398
-0.0002923405745330951
-0.000293591051323535
8.400836167857392e-05
-0.0002922861478234896
-0.0003049239556215548

0.04602620423471721
0.02732812398010206
0.008423911559903021
-0.008394783058130302
-0.009265586736021077
0.00485424261973854
-0.006575359184895083
0.005156106823210516
0.003969936094571866
0.002631828540012685
-0.003401945040482089
0.0005018039421738955
-0.003519137731341126
0.00172271314265698
-0.003525498549088594
-0.002572141021980195
0.001986086510749542
0.00255943432132298
-0.001855894722252845
-0.0003016813990852566
0.001648810423327105
0.001985090313857598
-0.001565048626602868
-0.001435914062034682
-0.001670529965767086
-0.001313521330019872
2.338573480531248e-05
-0.001548972016753278
0.001332764383846888
0.001257794635068864
-0.001315022605158084
-0.001159054704336099
-0.0001617698011543013
0.001144220000925303
0.001235557310109861
0.0009895908662864912
-0.0002084498705021293
-0.001104405473181424
-0.001034147987618386
-0.0009289043683128198
0.001027190994220848
-8.894730075691976e-05
-0.0009610921746571485
-0.0008694211582206195
-0.0009369475412215715
-0.0002150720142358643
0.0008171491770952565
-0.0008535077415745366
-0.0008536321775416664
0.0003180469214891965
0.0007399707749012656
0.0007529200058925306
0.0007671546045108044
0.0003004671354062662
0.0006709521301787357
-0.0007672682884058252
0.0006883837367672059
0.0002733661097322546
-0.0006650867356849095
0.0006620678481951807
0.0006648998207293916
-0.0001902549289840357
0.0006619445872528936
0.0006905656099365882

0.03383923686390327
0.02009209483565298
0.006193400983979636
-0.006171985221209405
-0.006812214681974208
0.003568920542884
-0.004834314291662901
0.003790856165248606
0.002918763562463342
0.00193496445843169
-0.002501167018592934
0.0003689346697344016
-0.002587329049344956
0.001266567579321977
-0.002592005629175953
-0.001891081194666677
0.001460204094318488
0.001881739015348308
-0.001364484909086314
-0.0002218012215176612
0.001212233061282349
0.001459471673664709
-0.00115064998428023
-0.001055708087801718
-0.00122820163295624
-0.0009657228996262323
1.719358423036678e-05
-0.001138830191235801
0.0009798707153597934
0.0009247516993837785
-0.0009668266622731824
-0.0008521564471890197
-0.0001189358694618987
0.0008412497245760369
0.0009084024453227526
0.0007275637928312352
-0.000153255838917402
-0.0008119774163912293
-0.0007603229353197266
-0.0006829460622683818
0.0007552080371572743
-6.539554648846867e-05
-0.0007066110770381432
-0.0006392130091259336
-0.0006888595378139835
-0.0001581245499936015
0.0006007817723977182
-0.0006275131984604443
-0.0006276046858694577
0.0002338334279148051
0.0005440389174079529
0.0005535594090931587
0.0005640249246038121
0.0002209084745067851
0.0004932952528882886
-0.0005641085069088872
0.0005061112622482714
0.0002009833461526357
-0.0004889829165382744
0.0004867633798521
0.0004888454935300581
-0.0001398786129219792
0.0004866727563412412
0.0005077154119757444

-0.02146933337370198
-0.01274744711110789
-0.003929408661810962
0.003915821412420897
0.004322015552796745
-0.002264304754496013
0.003067134923236886
-0.002405112003878754
-0.001851812090608544
-0.00122763989009043
0.0015868675987424
-0.0002340709233338509
0.001641533174382221
-0.0008035749065547608
0.001644500234538845
0.001199798115079541
-0.0009264277625606226
-0.001193870961254107
0.000865698641916204
0.0001407219786489036
-0.0007691023241445298
-0.0009259630776370628
0.0007300308871717538
0.0006697949180559086
0.0007792335983854367
0.0006127037368508876
-1.090848452686195e-05
0.0007225318091545368
-0.0006216798308955009
-0.000586709523084615
0.0006134040200262733
0.000540651401946014
7.545896622429339e-05
-0.0005337316222615827
-0.0005763367245709833
-0.0004616034836056388
9.723330081050875e-05
0.0005151597807759411
0.0004823875501600272
0.0004332957254937879
-0.0004791423985546198
4.149026156717757e-05
0.000448310014776571
0.0004055492517436583
0.0004370475352169003
0.0001003222588037402
-0.000381166520046768
0.0003981262966518666
0.0003981843409184056
-0.000148355822503047
-0.0003451659661557489
-0.0003512062504178352
-0.0003578461058712606
-0.0001401555745283669
-0.0003129716038962627
0.0003578991347375667
-0.0003211027322245967
-0.0001275140594473109
0.0003102356383338298
-0.000308827451345523
-0.0003101484501864789
8.874610809786481e-05
-0.0003087699551800492
-0.0003221204864197367

-0.03046823667448149
-0.01809055869672119
-0.005576426198935652
0.00555714383357907
0.00613359485742904
-0.003213391490189566
0.004352729128899158
-0.003413218309451154
-0.002628001907242971
-0.001742206992235294
0.002252005534030543
-0.0003321821020993577
0.002329584267731954
-0.001140394534492761
0.00233379497560567
0.001702695295449298
-0.001314741349447983
-0.001694283766203869
0.001228557526755022
0.0001997058071689987
-0.00109147271743515
-0.00131408189114193
0.001036024429024007
0.0009505404630628597
0.00110585053047715
0.0008695194275838882
-1.548079218571667e-05
0.001025382101202941
-0.0008822578649172431
-0.0008326297001103376
0.000870513235502409
0.0007672662483808971
0.0001070877051519993
-0.0007574460326574741
-0.000817909127533955
-0.0006550852764474366
0.0001379887847548155
0.0007310897759436015
0.0006845810156865934
0.0006149122790440594
-0.0006799756539169425
5.888096696390943e-05
0.0006362198302105339
0.0005755358291850349
0.0006202366654425137
0.0001423724841262134
-0.000540933038908256
0.0005650015313272604
0.0005650839049351695
-0.0002105393881300012
-0.0004898427988308357
-0.0004984148773055523
-0.0005078378381358173
-0.000198901993911452
-0.0004441541213192611
0.0005079130941312804
-0.0004556934242878455
-0.0001809617688139394
0.0004402713716856976
-0.0004382729410078105
-0.0004401476384951195
0.0001259441724807624
-0.0004381913452381344
-0.000457137771681288

0.0209893904571718
0.01246248032437021
0.003841567468954007
-0.003828283959974129
-0.004225397706606705
0.002213686646849963
-0.002998569697907334
0.002351346176611451
0.001810415179015397
0.00120019623084645
-0.001551393471519137
0.0002288383117913745
-0.00160483700847956
0.0007856111403962499
-0.00160773774056349
-0.001172976853488504
0.0009057176438725542
0.001167182200074254
-0.0008463461113179896
-0.0001375761652378713
0.0007519091860931962
0.0009052633468934232
-0.0007137111837579398
-0.0006548217784220752
-0.0007618139776006082
-0.0005990068598536177
1.066462740341705e-05
-0.0007063797462218684
0.000607782295001259
0.0005735937418554874
-0.0005996914883298405
-0.0005285652413671103
-7.377209520236492e-05
0.0005218001520581459
0.0005634528253050105
0.000451284424399248
-9.505966862718567e-05
-0.0005036434806017547
-0.0004716038670480926
-0.000423609480904989
0.0004684312601978279
-4.056275455996175e-05
-0.0004382881285699812
-0.0003964832743660576
-0.0004272774196261637
-9.807957354443427e-05
0.0003726456140581625
-0.0003892262580414845
-0.0003892830047393584
0.0001450393559459664
0.0003374498457899746
0.0003433551006315117
0.0003498465233628521
0.0001370224229751333
0.0003059751824541252
-0.0003498983667789087
0.0003139245409352847
0.0001246635065900984
-0.0003033003788881719
0.0003019236716554882
0.0003032151398153213
-8.676220551412115e-05
0.0003018674608059256
0.0003149195434265515

0.004166444117111163
0.002473832098075858
0.0007625603141813869
-0.0007599235059369417
-0.0008387515327351808
0.0004394220844906267
-0.0005952232440044121
0.0004667478298061762
0.0003593717353311256
0.00023824181724505
-0.0003079553079883662
4.542495123322037e-05
-0.0003185639776693638
0.0001559456869847916
-0.000319139779913487
-0.0002328387058544534
0.0001797871146744113
0.0002316884533173306
-0.0001680017237152657
-2.73091972575093e-05
0.0001492557685934839
0.0001796969356395862
-0.0001416733739336632
-0.0001299836863785213
-0.0001512218933550276
-0.0001189042917866829
2.116954000962297e-06
-0.0001402180660793514
0.0001206462366146354
0.0001138597271913012
-0.0001190401921735159
-0.0001049214623404908
-1.464393702569879e-05
0.0001035785759612045
0.0001118467310448938
8.958103566731353e-05
-1.886957117375015e-05
-9.99744333286171e-05
-9.361449354486465e-05
-8.408749331089773e-05
9.298472351091051e-05
-8.051803622153612e-06
-8.700123991714416e-05
-7.870287655021543e-05
-8.481558790403963e-05
-1.946902950972857e-05
7.397104406757483e-05
-7.726234148385327e-05
-7.72736058388167e-05
2.879065843111963e-05
6.698460003777578e-05
6.81568072224033e-05
6.944537013248725e-05
2.719927809633896e-05
6.073680422117751e-05
-6.945566117444389e-05
6.231477085837961e-05
2.474600368740716e-05
-6.020584932732973e-05
5.993256965473069e-05
6.018892916772614e-05
-1.722250493597564e-05
5.992141166681935e-05
6.251228122848413e-05

-0.01766937356287271
-0.01049121558916189
-0.003233923863317568
0.003222741486064355
0.003557041386317791
-0.001863534645951611
0.00252426807032558
-0.001979419748036761
-0.001524051027932134
-0.001010354045052099
0.001306000326556019
-0.0001926415931320261
0.001350990380983806
-0.000661346347486475
0.001353432286998169
0.0009874401187201331
-0.000762454889994382
-0.0009825620401472646
0.0007124745063406283
0.0001158149238252468
-0.0006329752320129148
-0.0007620724518740146
0.0006008192352014342
0.0005512447178327785
0.0006413133236580601
0.000504258377349014
-8.977739772117546e-06
0.000594647454803993
-0.0005116457496557946
-0.0004828650035765087
0.0005048347140617869
0.0004449589291849124
6.210312354264141e-05
-0.0004392639143424927
-0.000474328136192686
-0.0003799020792951671
8.002351469730397e-05
0.000423979191745433
0.000397007474684509
0.0003566046464359677
-0.0003943366979546469
3.414670209321284e-05
0.0003689614849787465
0.0003337691535397336
0.0003596924054445927
8.256574326827628e-05
-0.0003137020379317425
0.0003276600227075724
0.0003277077934423033
-0.0001220976172108199
-0.0002840733939445824
-0.0002890445794581707
-0.0002945092151954178
-0.0001153487702740866
-0.0002575772655609924
0.0002945528582295438
-0.000264269226667547
-0.000104944737299223
0.0002553255516052732
-0.000254166606354851
-0.0002552537953042672
7.3038510741698e-05
-0.0002541192867101366
-0.0002651068436888245

-0.02388348307850808
-0.01418085191900212
-0.004371256603516732
0.004356141516561486
0.004808010734357025
-0.002518917720789896
0.003412023268890687
-0.002675558241455861
-0.002060041733051671
-0.001365683602332101
0.00176530518124055
-0.0002603913609847451
0.001826117705227542
-0.0008939340290143921
0.001829418400680626
0.001334711119359849
-0.001030601249020068
-0.00132811747829882
0.0009630433560930479
0.0001565456615412037
-0.0008555851280802046
-0.001030084311940121
0.0008121202478462391
0.0007451109595723385
0.0008668556278523745
0.0006816000793550784
-1.213510457332009e-05
0.0008037779253434918
-0.0006915855030521531
-0.0006526829092773447
0.0006823791068668492
0.0006014457172463869
8.394405692851962e-05
-0.000593747833100252
-0.0006411437266921605
-0.0005135091433800454
0.0001081668375142978
0.0005730876545029428
0.0005366303038374979
0.0004820182791745259
-0.0005330202465482917
4.615569299770585e-05
0.0004987208715551241
0.0004511518137487196
0.0004861919664741847
0.0001116031377792811
-0.0004240273311318031
0.0004428941739213942
0.0004429587450579556
-0.0001650379038172044
-0.0003839786437921469
-0.0003906981364029549
-0.0003980846198395974
-0.0001559155673043847
-0.0003481641407119667
0.0003981436116123551
-0.000357209585321436
-0.0001418525590929517
0.0003451205256133368
-0.0003435539930374913
-0.0003450235334704625
9.872529035460858e-05
-0.0003434900316338287
-0.0003583417823336546

0.01493426058435846
0.008867238382715012
0.002733331858817769
-0.002723880446448641
-0.003006432728562109
0.001575070667423117
-0.002133526523330056
0.001673017451230854
0.001288137075941431
0.0008539573028764702
-0.001103839314429734
0.0001628218307220925
-0.001141865178455814
0.0005589739022004412
-0.0011439290920752
-0.0008345903148147078
0.0006444314491669144
0.0008304673335273027
-0.0006021877289278097
-9.788746872147543e-05
0.0005349944651229094
0.0006441082101722535
-0.0005078160236221584
-0.0004659153440031239
-0.0005420418702253758
-0.0004262022070210766
7.588039538486669e-06
-0.0005025995977881593
0.0004324460584326704
0.0004081203991086273
-0.0004266893302697523
-0.000376081957526088
-5.248993275218738e-05
0.0003712684968005918
0.0004009049875587411
0.0003210955175374798
-6.763635491169664e-05
-0.0003583497575248486
-0.0003355531003847004
-0.0003014043874570416
0.0003332957438629638
-2.886099755273813e-05
-0.0003118484615573472
-0.0002821036918058419
-0.0003040141799034447
-6.978506175796509e-05
0.0002651428452540533
-0.0002769402177604023
-0.0002769805938720763
0.0001031976388787675
0.0002401005375292849
0.0002443022133616837
0.0002489209562847649
9.749347294225896e-05
0.0002177058507935477
-0.0002489578436391462
0.0002233619364849569
8.869992182839336e-05
-0.0002158026886437266
0.0002148231411622137
0.000215742039787441
-6.173258764543654e-05
0.0002147831463145101
0.0002240698954186321

0.01510567562077609
0.008969016303470606
0.002764704967481216
-0.00275514507205832
-0.003040940481573618
0.00159314928566423
-0.00215801508268187
0.00169222029999002
0.001302922278231043
0.0008637590015507992
-0.001116509152029963
0.00016469069526247
-0.001154971475888091
0.0005653897894323962
-0.001157059079051822
-0.0008441697197273629
0.0006518282157965338
0.0008399994149730714
-0.0006090996232864868
-9.901101842258219e-05
0.0005411351170289309
0.0006515012666734321
-0.0005136447221165349
-0.0004712631076375294
-0.0005482634120553075
-0.0004310941443503357
7.675134849732524e-06
-0.0005083684222888035
0.0004374096625184636
0.0004128047939389637
-0.0004315868587864387
-0.0003803986159961074
-5.309241077133192e-05
0.0003755299064994861
0.0004055065640917458
0.0003247810431463155
-6.841268315204427e-05
-0.0003624628862860478
-0.0003394045697358098
-0.0003048638988108568
0.0003371213033374082
-2.919226329693629e-05
-0.0003154278497093783
-0.0002853416703004281
-0.0003075036463838925
-7.058605279699532e-05
0.0002681861476136413
-0.0002801189300404414
-0.0002801597695880185
0.0001043821385683713
0.0002428564049625763
0.0002471063075157872
0.0002517780642443924
9.861250037053453e-05
0.0002202046726221588
-0.0002518153749908214
0.0002259256787111704
8.971801711637399e-05
-0.0002182796660289799
0.0002172888753281382
0.0002182183210467738
-6.244115260582813e-05
0.0002172484214206579
0.0002266417635781977

0.02176565940789712
0.01292339111377473
0.00398364351229288
-0.003969868727706254
-0.004381669278702809
0.002295557352627312
-0.003109468418754814
0.002438308064953995
0.001877371344048279
0.001244584135806109
-0.001608770010620861
0.0002373016388490038
-0.001664190096564143
0.0008146660830288795
-0.001667198108955031
-0.001216358080453548
0.0009392145901744525
0.00121034911831335
-0.0008776472684011377
-0.000142664264658932
0.0007797176999284896
0.0009387434915337184
-0.0007401069875265813
-0.0006790396239037465
-0.0007899888089869822
-0.0006211604534761673
1.105904662874502e-05
-0.000732504405035986
0.0006302604382028558
0.0005948074599499444
-0.0006218704021647553
-0.0005481136311186983
-7.650047300124453e-05
0.0005410983426058997
0.0005842914930296153
0.000467974670231732
-9.857534333774061e-05
-0.000522270167118363
-0.0004890456045664631
-0.0004392762001424041
0.0004857556624277343
-4.206292232255843e-05
-0.0004544977210482786
-0.0004111467614263139
-0.0004430797934432822
-0.0001017069360348811
0.000386427492117253
-0.0004036213525316614
-0.0004036801979421325
0.0001504034730642217
0.0003499300480257989
0.0003560537020623432
0.0003627852027473487
0.0001420900428627107
0.0003172913297390095
-0.0003628389635338382
0.0003255346862844238
0.0001292740458837681
-0.0003145176015776796
0.0003130899783794734
0.0003144292100336228
-8.997100790285027e-05
0.0003130316886349071
0.0003265664878215033

0.01416264786478799
0.008409092237152688
0.002592108018698325
-0.002583144935159179
-0.002851098507574972
0.0014936910400663
-0.002023292997294961
0.001586577179338008
0.001221582528648728
0.0008098356462904392
-0.001046806932373571
0.0001544092685534318
-0.001082868103190357
0.0005300932374759513
-0.001084825379993615
-0.0007914692979486474
0.0006111354248837387
0.0007875593399165029
-0.000571074323039032
-9.282988883493015e-05
0.0005073527528428821
0.0006108288867707789
-0.0004815785476644683
-0.0004418427624618551
-0.0005140360376471524
-0.0004041814955041762
7.195986126038206e-06
-0.0004766316403982267
0.0004101027440563122
0.0003870339255406842
-0.0004046434504165072
-0.0003566508232969014
-4.977792036079793e-05
0.0003520860610256056
0.000380191314726264
0.0003045053834542799
-6.414176798787246e-05
-0.0003398347979526652
-0.0003182159822270943
-0.0002858316406322611
0.0003160752571913337
-2.736982812487334e-05
-0.0002957360977642737
-0.0002675281595520111
-0.0002883065921847513
-6.617945698201337e-05
0.0002514436339174728
-0.000262631468199136
-0.0002626697581867083
9.786569690960721e-05
0.000227695194279346
0.0002316797809229441
0.0002360598859323764
9.245624974848793e-05
0.0002064575802381795
-0.0002360948674172419
0.0002118214313300206
8.411703755897571e-05
-0.0002046527493123061
0.0002037238123911439
0.000204595234017902
-5.854303235609915e-05
0.0002036858839686884
0.0002124928119466493

-0.001437669588644992
-0.0008536183553276654
-0.0002631283997554283
0.0002622185449927978
0.0002894188754603525
-0.0001516266028520576
0.0002053872156463752
-0.000161055600799372
-0.0001240044988919535
-8.220751455412605e-05
0.0001062627911263495
-1.567429422261242e-05
0.0001099234094733063
-5.381048331775703e-05
0.0001101220952955203
8.034312163012364e-05
-6.203718565093836e-05
-7.994621648865083e-05
5.797052888175523e-05
9.423287888621375e-06
-5.150206588760427e-05
-6.200606855152232e-05
4.88856913713455e-05
4.485205793564185e-05
5.218049519031253e-05
4.102901165982492e-05
-7.304743090735377e-07
4.838352410701485e-05
-4.16300856293782e-05
-3.928833858160585e-05
4.107590532925192e-05
3.620410867472623e-05
5.053024192360356e-06
-3.574073346691318e-05
-3.859373587950592e-05
-3.091075436945155e-05
6.511117841668687e-06
3.449709114014896e-05
3.230253584177112e-05
2.901515741489298e-05
-3.208522794083267e-05
2.778348365159494e-06
3.002057228837321e-05
2.715714623180359e-05
2.926639310288293e-05
6.717966414470913e-06
-2.552438422476763e-05
2.666007645286591e-05
2.666396332139706e-05
-9.934479594593009e-06
-2.311364791533589e-05
-2.351812870843157e-05
-2.396275910710121e-05
-9.385359278337142e-06
-2.095778891685843e-05
2.396631012512199e-05
-2.15022807142548e-05
-8.53883454135899e-06
2.077457808229898e-05
-2.068028043578705e-05
-2.07687396266968e-05
5.942782596085819e-06
-2.0676430270168e-05
-2.157043347104831e-05

0.01741862335065556
0.01034233229535808
0.003188030493518407
-0.003177006807998045
-0.003506562580188358
0.001837088790001755
-0.002488445591838835
0.001951329339504767
0.001502422863394815
0.0009960158745267911
-0.001287466570512797
0.0001899077712345572
-0.001331818160557317
0.0006519610268129221
-0.001334225412912461
-0.0009734271250821262
0.0007516347143498
0.0009686182724630581
-0.0007023636140085822
-0.0001141713671578606
0.0006239925324736582
0.0007512577034983892
-0.0005922928689326245
-0.000543421875133177
-0.0006322122963104288
-0.0004971023287949382
8.850334567559782e-06
-0.0005862086737141645
0.0005043848651739689
0.0004760125533926443
-0.0004976704865784533
-0.0004386444129670005
-6.122180359360671e-05
0.0004330302174119397
0.000467596834690077
0.0003745108000475255
-7.888788228666444e-05
-0.0004179624038873692
-0.0003913734487706977
-0.0003515439865061738
0.0003887405736582682
-3.36621182585763e-05
-0.0003637254662635743
-0.0003290325574298149
-0.0003545879264045876
-8.139403349746907e-05
0.0003092502189520948
-0.0003230101227018393
-0.0003230572155108384
0.0001203649013723661
0.0002800420419804301
0.0002849426802378597
0.000290329766051336
0.000113711828900811
0.0002539219263509562
-0.0002903727897370722
0.0002605189202723842
0.0001034554419907864
-0.0002517021669945329
0.0002505596686070478
0.0002516314290038403
-7.200200415568119e-05
0.0002505130204864253
0.000261344650474723

-0.01201262723682287
-0.007132514442875134
-0.002198602103468074
0.00219099969871511
0.002418275446367254
-0.001266934957544651
0.001716138450904284
-0.001345720123792883
-0.001036135028969783
-0.0006868951226390795
0.000887891980904762
-0.0001309685168162966
0.0009184787332467909
-0.0004496201927317574
0.0009201388773709678
0.0006713169554462343
-0.0005183594282957269
-0.0006680005651215026
0.0004843799713642779
7.873745514651588e-05
-0.0004303319234977928
-0.0005180994254968452
0.0004084704804901879
0.0003747669541328061
0.0004360006240005678
0.0003428230150086741
-6.103569033044214e-06
0.0004042745593932534
-0.0003478453633939028
-0.0003282786043903831
0.0003432148409026783
0.0003025079374192016
4.222117273742514e-05
-0.0002986361481808087
-0.0003224747650359061
-0.0002582786565029108
5.440445575608527e-05
0.0002882447398875511
0.0002699078598710448
0.0002424397601483284
-0.0002680921166488162
2.321483566765844e-05
0.0002508406292969498
0.0002269149163865945
0.0002445389912181745
5.613280475867978e-05
-0.0002132721701591057
0.0002227615879640065
0.0002227940651781152
-8.300878108885684e-05
-0.0001931289627904911
-0.0001965086524148727
-0.0002002238170675701
-7.842053792106124e-05
-0.0001751154145252844
0.000200253488040284
-0.0001796649835278296
-7.13472950897685e-05
0.0001735845735875496
-0.0001727966578624984
-0.0001735357896454963
4.965565985408469e-05
-0.0001727644873245449
-0.0001802344423718782

-0.009752820893615684
-0.00579075122461622
-0.001785002739927344
0.001778830493801738
0.001963351299834778
-0.001028600112298403
0.001393299784497631
-0.001092564272705882
-0.0008412180915901291
-0.0005576769320921061
0.0007208624135191795
-0.0001063308185653606
0.0007456952091623306
-0.0003650379824010804
0.0007470430482303992
0.0005450293179201595
-0.0004208460450007643
-0.0005423368044330324
0.0003932587777875733
6.392542468221054e-05
-0.0003493782077757764
-0.0004206349537316067
0.0003316293228794029
0.0003042660783895303
0.0003539805166307142
0.000278331408914437
-4.955370246454763e-06
0.0003282227352832512
-0.0002824089569229659
-0.000266523081812735
0.0002786495248178674
0.0002456003732058715
3.427855768006493e-05
-0.0002424569420283648
-0.0002618110563245916
-0.0002096914711375556
4.416993071901119e-05
0.0002340203575977822
0.0002191329975704898
0.00019683217597647
-0.0002176588305887981
1.884767835360612e-05
0.0002036526799796196
0.0001842278540721355
0.0001985365012863952
4.557314401545637e-05
-0.0001731515709384962
0.0001808558466486773
0.0001808822142738747
-6.739323202133431e-05
-0.0001567976884933091
-0.0001595415934636843
-0.0001625578641540043
-6.366812568533597e-05
-0.0001421728352929322
0.0001625819534458139
-0.0001458665428183951
-5.792549594159821e-05
0.0001409299749936948
-0.0001402902813784595
-0.000140890368249885
4.031447470763843e-05
-0.0001402641627377649
-0.0001463288754957151

0.01214869828347803
0.007213306819625262
0.002223506404874797
-0.002215817885141353
-0.00244566806120438
0.001281285953568333
-0.00173557772514578
0.001360963545747104
0.001047871677005757
0.0006946758134433867
-0.0008979494303513311
0.000132452041012157
-0.0009288826490675775
0.0004547131910420927
-0.0009305615981995823
-0.0006789211871402439
0.0005242310589189468
0.0006755672309531802
-0.000489866705313601
-7.962934063678105e-05
0.0004352064371310596
0.0005239681109815143
-0.0004130973622463257
-0.0003790120647730192
-0.0004409393489004709
-0.0003467062859658602
6.172706200980694e-06
-0.0004088539125477777
0.0003517855241712357
0.0003319971259438096
-0.0003471025502027383
-0.0003059345460081041
-4.269942608301108e-05
0.0003020188997179782
0.0003261275445597189
0.0002612042652331733
-5.502071322342268e-05
-0.0002915097844672039
-0.0002729651964775245
-0.0002451859564018961
0.0002711288857246703
-2.347779787607605e-05
-0.0002536819850053053
-0.0002294852575422289
-0.000247308966164158
-5.676863981325589e-05
0.0002156879753650109
-0.000225284882979361
-0.0002253177280737311
8.394904931672236e-05
0.0001953165991491145
0.0001987345716482751
0.000202491819213584
7.930883358393593e-05
0.0001770990053976595
-0.0002025218262794042
0.000181700108889935
7.215546976521508e-05
-0.0001755508241125988
0.000174753983402528
0.0001755014875784003
-5.021812612190376e-05
0.0001747214484580869
0.0001822760181848354

0.006441129706677709
0.003824429889948399
0.001178882940644697
-0.001174806557174558
-0.001296671037021641
0.0006793261982238553
-0.0009201875775355835
0.000721570535350032
0.0005555720645994905
0.000368310819321955
-0.0004760846484103044
7.022487151845756e-05
-0.0004924851605761636
0.0002410848120925391
-0.0004933753241868457
-0.0003599578592655067
0.0002779425554884499
0.000358179622097279
-0.0002597228867062885
-4.221875459663818e-05
0.0002307425079900169
0.000277803142875454
-0.0002190204768963336
-0.0002009487611458056
-0.0002337820458435529
-0.0001838205300615894
3.272712874582072e-06
-0.0002167706383313299
0.0001865134961166746
0.0001760218667506716
-0.0001840306257681044
-0.0001622037231159348
-2.263884865553779e-05
0.0001601276829467353
0.0001729098679063175
0.0001384881337116845
-2.917148340973021e-05
-0.0001545558453018795
-0.0001447236728492474
-0.0001299953715690485
0.0001437500775333689
-1.244771561680221e-05
-0.0001344998889213637
-0.0001216710033543286
-0.0001311209721007882
-3.009821824338622e-05
0.0001143558094109751
-0.0001194440028359144
-0.0001194614170072475
4.450902498228304e-05
0.0001035550903999289
0.0001053672684363771
0.0001073593270375766
4.204882466248264e-05
9.389628732825025e-05
-0.0001073752365118144
9.633575069269307e-05
3.825617600828952e-05
-9.307545564457635e-05
9.265297792318905e-05
9.304929786143212e-05
-2.662519526206317e-05
9.263572819059492e-05
9.664109258041421e-05

0.001320002348373982
0.0007837532646947261
0.0002415924412292234
-0.0002407570542705805
-0.00026573115150351
0.000139216599851941
-0.0001885771314359247
0.0001478738737697
0.0001138552495228659
7.547917346441139e-05
-9.756562630245887e-05
1.439141882557068e-05
-0.0001009266383545334
4.940632041457312e-05
-0.0001011090625736281
-7.37673733000368e-05
5.695970158434064e-05
7.340295318358059e-05
-5.322588365574732e-05
-8.652031204292461e-06
4.728683729209733e-05
5.693113128918483e-05
-4.488460208242011e-05
-4.118110466562775e-05
-4.790973999509693e-05
-3.767095873094545e-05
6.706880433616137e-07
-4.442353510743065e-05
3.822283731102472e-05
3.607275246068693e-05
-3.771401434987827e-05
-3.324095386654273e-05
-4.6394553053053e-06
3.281550398067862e-05
3.543500008344852e-05
2.838083846255605e-05
-5.978210090468893e-06
-3.167364857477408e-05
-2.965870844498476e-05
-2.66403881870659e-05
2.94591862862619e-05
-2.55095217676744e-06
-2.756351406002351e-05
-2.493444744488771e-05
-2.687106128525615e-05
-6.168128973097226e-06
2.343532017627208e-05
-2.447806074753183e-05
-2.4481629492172e-05
9.12138400808848e-06
2.122189254663874e-05
2.159326827927454e-05
2.200150754033184e-05
8.617206892030745e-06
1.924248158647566e-05
-2.200476792231314e-05
1.974240900864153e-05
7.839966662756147e-06
-1.907426579213967e-05
1.898768601349385e-05
1.906890518979123e-05
-5.456390706653323e-06
1.89841509678461e-05
1.980498374740248e-05

-0.007648347998581974
-0.004541217461305954
-0.00139983316440489
0.001394992771372335
0.001539697503768796
-0.0008066478094956565
0.001092652242302774
-0.0008568097230147495
-0.0006596992580265369
-0.0004373408774700603
0.0005653140417355225
-8.338665420321762e-05
0.0005847883933028724
-0.00028626974211446
0.0005858453943851518
0.0004274223774181877
-0.0003300354883067549
-0.0004253108570319141
0.0003084010276437124
5.013153622525446e-05
-0.0002739890484340858
-0.00032986994651083
0.0002600700346682056
0.0002386112568938895
0.0002775982667416221
0.0002182727948697177
-3.88609577886483e-06
0.0002573985237579641
-0.0002214704857214123
-0.0002090124797321571
0.0002185222674233436
0.0001926044929308214
2.688189815914604e-05
-0.0001901393542988875
-0.0002053172195500637
-0.0001644440476339113
3.463890139040957e-05
0.0001835232240173927
0.0001718482725842606
0.0001543595433164894
-0.0001706922027448684
1.478070853409027e-05
0.0001597083125301198
0.0001444749938859099
0.0001556961077028655
3.573932799769467e-05
-0.0001357887615782686
0.000141830601406066
0.0001418512794002257
-5.285105682456833e-05
-0.0001229637353183713
-0.0001251155578851309
-0.0001274809748398027
-4.992975744870389e-05
-0.0001114946467413557
0.00012749986612146
-0.0001143913225716408
-4.542627776972558e-05
0.0001105199720102305
-0.0001100183120868932
-0.0001104889116469785
3.16153793151138e-05
-0.0001099978293511309
-0.0001147538926676153

-0.01228342079919987
-0.007293298504226983
-0.002248163892417588
0.002240390111145013
0.002472789201768996
-0.001295494724170297
0.001754824346627858
-0.001376055897899675
-0.001059492009092828
-0.000702379393778805
0.0009079072055321942
-0.0001339208627543129
0.0009391834569707905
-0.0004597557152368523
0.0009408810247437219
0.0006864500571618553
-0.0005300444987977085
-0.0006830589074084913
0.0004952990630335706
8.051238710361384e-05
-0.0004400326419391894
-0.0005297786349094005
0.0004176783893309391
0.0003832151042808937
0.0004458291286100247
0.0003505510717998623
-6.241158185612231e-06
0.0004133878820625182
-0.0003556866360191559
-0.0003356787951215045
0.0003509517303934652
0.0003093271952222896
4.317293970294953e-05
-0.0003053681265253158
-0.0003297441232435909
-0.0002641008797434882
5.563086327647284e-05
0.0002947424708508834
0.0002759922333760722
0.0002479049365012687
-0.0002741355589267901
2.373815399980645e-05
0.0002564951814824452
0.0002320301253540487
0.0002500514892974739
5.739817343004258e-05
-0.0002180798387543338
0.0002277831709013052
0.0002278163802300603
-8.487999902445265e-05
-0.0001974825549565165
-0.000200938430928394
-0.0002047373443439858
-8.018832580030999e-05
-0.0001790629379097889
0.0002047676841719967
-0.0001837150651597573
-7.295563503255247e-05
0.0001774975881287575
-0.000176691910884724
-0.0001774477044789871
5.077501807263823e-05
-0.0001766590151452728
-0.0001842973609783326

-0.007732926260195516
-0.004591435923981744
-0.001415313037394142
0.001410419117504471
0.001556724048364383
-0.0008155680193861197
0.001104735195016158
-0.0008662846419017369
-0.0006669944564723512
-0.0004421771546839652
0.0005715654935425397
-8.430877467363873e-05
0.0005912551996938607
-0.000289435418826021
0.0005923238894851481
0.0004321489721892024
-0.0003336851428304748
-0.0004300141018293716
0.0003118114402979304
5.068590929860305e-05
-0.0002770189206917759
-0.0003335177704121083
0.0002629459853224436
0.0002412499084449903
0.0002806680510705814
0.0002206865361836901
-3.929069663618576e-06
0.0002602449318562569
-0.0002239195882837599
-0.000211323817055515
0.0002209387674971503
0.00019473438466615
2.717916813373499e-05
-0.0001922419856192924
-0.000207587693319322
-0.0001662625307474536
3.502195117637706e-05
0.0001855526917216152
0.0001737486343564332
0.0001560665082506007
-0.0001725797802690198
1.494415907706786e-05
0.0001614744261329175
0.0001460726518156897
0.0001574178528604198
3.613454670818181e-05
-0.0001372903639377995
0.000143399016665533
0.00014341992332461
-5.343550336276939e-05
-0.000124323513792984
-0.0001264991320097504
-0.0001288907066201902
-5.048189917768131e-05
-0.0001127275957915636
0.0001289098068086068
-0.0001156563041348207
-4.592861835440649e-05
0.0001117421427466961
-0.0001112349352823553
-0.0001117107389064952
3.196499387544229e-05
-0.0001112142260409479
-0.0001160228836650174

0.001201774155541918
0.0007135551076787066
0.0002199538147797385
-0.0002191932506357877
-0.0002419305015573387
0.0001267474349044181
-0.0001716869088641961
0.0001346293057699458
0.0001036576158502987
6.871875649525289e-05
-8.882699966693375e-05
1.31024276035934e-05
-9.188697711745887e-05
4.498116163785021e-05
-9.205306220977541e-05
-6.71602765429635e-05
5.185801173431468e-05
6.682849631676463e-05
-4.845861938206161e-05
-7.877097724150843e-06
4.305151352560958e-05
5.183200038493175e-05
-4.086443848435903e-05
-3.749265093712767e-05
-4.361862491810213e-05
-3.429689702679362e-05
6.106167598370245e-07
-4.044466773534798e-05
3.479934568938257e-05
3.284183674362403e-05
-3.433609629796783e-05
-3.026367287268293e-05
-4.223914819977667e-06
2.98763291092499e-05
3.226120571250424e-05
2.583886174058042e-05
-5.442761819294337e-06
-2.88367458707105e-05
-2.700227718515844e-05
-2.425429777167263e-05
2.682062555852726e-05
-2.322471927292298e-06
-2.509474234953151e-05
-2.270115243269598e-05
-2.446431025241866e-05
-5.615670303182707e-06
2.133629697655629e-05
-2.228564276447959e-05
-2.228889186858888e-05
8.304412168039228e-06
1.93211186522742e-05
1.965923150338122e-05
2.003090614001374e-05
7.845392509000842e-06
1.751899690755028e-05
-2.003387450050835e-05
1.797414750353866e-05
7.13776708594375e-06
-1.736584763896372e-05
1.728702252130758e-05
1.736096716779688e-05
-4.967680051379581e-06
1.728380409787569e-05
1.803111763238655e-05

0.01052492885108972
0.006249191418382887
0.001926317220592571
-0.00191965633221823
-0.002118785217718605
0.001110031970877585
-0.001503604060818368
0.001179060023854251
0.0009078153550455989
0.0006018269069211681
-0.0007779314002041081
0.0001147487801002073
-0.0008047301500395054
0.0003939371833670669
-0.0008061846943656801
-0.0005881780107969824
0.0004541634393996351
0.0005852723373317299
-0.0004243921529399355
-6.898625063402798e-05
0.0003770376611105221
0.0004539356365298685
-0.0003578836386222601
-0.0003283541102395614
-0.0003820043239640195
-0.0003003662538050476
5.347675287346893e-06
-0.0003542073594754799
0.0003047666117266616
0.0002876230891400828
-0.0003007095541983517
-0.0002650439787614978
-3.699231070025166e-05
0.0002616516895097152
0.0002825380236448323
0.0002262922531312532
-4.766676054505317e-05
-0.0002525472004754646
-0.0002364812430691899
-0.0002124149177303707
0.0002348903697450354
-2.03398048465823e-05
-0.0002197753850397977
-0.0001988127412210458
-0.0002142541704780075
-4.918106294730273e-05
0.0001868595747282244
-0.0001951737798779814
-0.0001952022349662046
7.272859614734722e-05
0.0001692109937635779
0.0001721721272553574
0.0001754271890222847
6.870858187901601e-05
0.0001534283252341493
-0.0001754531854068784
0.0001574144549216826
6.251132160624797e-05
-0.0001520870705998136
0.00015139673394123
0.0001520443282828963
-4.350607712324509e-05
0.0001513685475489638
0.0001579133893928515

0.006662274955278217
0.003955735194650668
0.001219357884148418
-0.001215141544975499
-0.001341190034758407
0.0007026497094442008
-0.000951780655125912
0.0007463444341363634
0.0005746466878311256
0.0003809561457490971
-0.0004924302062117533
7.263592320923674e-05
-0.000509393802107415
0.0002493620496473544
-0.0005103145279739059
-0.0003723164009961897
0.000287485241062059
0.00037047711107508
-0.000268640030897311
-4.366826382965296e-05
0.0002386646600992859
0.0002873410419537787
-0.0002265401729771563
-0.0002078479955601298
-0.0002418085553225462
-0.0001901316957529322
3.385075912620567e-06
-0.0002242130900262613
0.0001929171202236857
0.000182065278582792
-0.0001903490047386301
-0.0001677727124556569
-2.341611507337244e-05
0.0001656253949732743
0.0001788464345436706
0.0001432428885687446
-3.017303674654822e-05
-0.0001598622577463121
-0.000149692514351864
-0.0001344585418623746
0.0001486854922944272
-1.287508679079258e-05
-0.0001391177141673479
-0.0001258483706034855
-0.0001356227879766053
-3.113158944671622e-05
0.0001182820219005176
-0.0001235449098046742
-0.0001235629218619874
4.603716675908653e-05
0.000107110478546589
0.0001089848746380515
0.0001110453271879043
4.349249963982084e-05
9.712005687636257e-05
-0.0001110617828869373
9.964327507212406e-05
3.956963683567148e-05
-9.627104333096901e-05
9.583406055455034e-05
9.6243987464745e-05
-2.753932612006735e-05
9.581621858168684e-05
9.995910035497789e-05

0.004980341769992113
0.002957084982712571
0.0009115233225528152
-0.0009083714247037995
-0.001002598181018345
0.0005252613740967385
-0.0007114976467369727
0.000557925090915962
0.0004295735197969105
0.0002847813724209841
-0.0003681131056982881
5.429852787363979e-05
-0.0003807941351928483
0.0001864090329574532
-0.0003814824180274231
-0.0002783227855322387
0.0002149077850927994
0.0002769478359117502
-0.0002008201666775005
-3.264393616801934e-05
0.0001784122666345905
0.0002147999899557366
-0.0001693486824896218
-0.0001553754627430095
-0.0001807624657491618
-0.0001421317541702147
2.530492223060887e-06
-0.000167609086255527
0.0001442139807267563
0.0001361017547126091
-0.0001422942021367395
-0.0001254174367339881
-1.750456965131774e-05
0.0001238122230460701
0.0001336955280818079
0.0001070803210588493
-2.255566398042413e-05
-0.0001195040260337562
-0.0001119016982767265
-0.0001005136378886955
0.0001111489052668595
-9.624690209713112e-06
-0.0001039965728620504
-9.407715847956891e-05
-0.0001013839627540369
-2.327222402686728e-05
8.842098206164199e-05
-9.23552208368243e-05
-9.236868563708284e-05
3.441479466421738e-05
8.00697650412775e-05
8.147095805876027e-05
8.30112364123538e-05
3.251254475259646e-05
7.260148811212021e-05
-8.302353776671429e-05
7.448770401580367e-05
2.958003331881206e-05
-7.19668133723733e-05
7.164014964434557e-05
7.194658792966641e-05
-2.05868501546253e-05
7.162681198968419e-05
7.472379722099084e-05

-0.009225163925903224
-0.005477454152381951
-0.00168842871858622
0.001682590409556887
0.001857128084548486
-0.0009729497499907337
0.001317918072127096
-0.001033453256779836
-0.0007957056606497341
-0.0005275049313793202
0.0006818615870497466
-0.0001005780012101577
0.0007053508536983123
-0.0003452883287371063
0.0007066257706157319
0.0005155415912052876
-0.0003980770071599613
-0.0005129947508027967
0.0003719822941446582
6.046686678233972e-05
-0.0003304757950571077
-0.0003978773365639691
0.000313687178260287
0.0002878043676647085
0.000334829105149414
0.0002632728418752255
-4.687269799754028e-06
0.0003104648973074832
-0.0002671297822625686
-0.0002521033808145122
0.0002635737467505611
0.0002323126537235425
3.242398452626106e-05
-0.0002293392916348793
-0.0002476462900890994
-0.0001983465313479709
4.178020450934612e-05
0.0002213591518172234
0.0002072772427804403
0.000186182962763396
-0.0002058828326701524
1.782796222048996e-05
0.0001926344569693293
0.0001742605726149385
0.0001877950789437538
4.310749974257641e-05
-0.0001637835497399989
0.0001710710009432503
0.0001710959420005279
-6.374705530579784e-05
-0.0001483144615625835
-0.0001509099130145245
-0.0001537629943810221
-6.022348843571108e-05
-0.0001344808569432995
0.000153785780369685
-0.0001379747237729671
-5.479155224718724e-05
0.0001333052391274262
-0.0001327001548622926
-0.0001332677752275929
3.813334027368372e-05
-0.0001326754493186191
-0.0001384120428608237

-0.0003625993243893958
-0.0002152938626334824
-6.636446978682995e-05
6.613499235666708e-05
7.299527620031003e-05
-3.824223882056919e-05
5.180137788258708e-05
-4.062035706968791e-05
-3.127557811254333e-05
-2.073382470678508e-05
2.680088427459512e-05
-3.953264741975425e-06
2.772414073758444e-05
-1.357171706928166e-05
2.777425193532211e-05
2.026360010159708e-05
-1.564660043019899e-05
-2.016349536454848e-05
1.462093569560748e-05
2.376678096938556e-06
-1.298950359880917e-05
-1.563875228525968e-05
1.232961926970638e-05
1.131228345751273e-05
1.316061246050204e-05
1.034806051807351e-05
-1.842353020804217e-07
1.220296603016353e-05
-1.049965933948645e-05
-9.909039697722333e-06
1.035988772302903e-05
9.131156038398705e-06
1.274439671498485e-06
-9.014286669673153e-06
-9.733851690390996e-06
-7.796101927269076e-06
1.642190214688709e-06
8.700623592318673e-06
8.147127660543407e-06
7.318007252044136e-06
-8.092319727789054e-06
7.007362804969197e-07
7.571586208382901e-06
6.849392206530957e-06
7.381372222311207e-06
1.694360166215199e-06
-6.437587988574758e-06
6.724024620385153e-06
6.725004940148416e-06
-2.505607420247243e-06
-5.829568340658396e-06
-5.931583757464657e-06
-6.043725436936938e-06
-2.367111998721101e-06
-5.285832128582146e-06
6.04462105072077e-06
-5.423160176336128e-06
-2.153607240665744e-06
5.239623927934058e-06
-5.215840811724321e-06
-5.238151392066794e-06
1.498848533319737e-06
-5.214869748930606e-06
-5.440349204853455e-06

0.005213713789126755
0.003095649949744121
0.0009542360615766884
-0.0009509364700959963
-0.001049578563628517
0.0005498744053116197
-0.000744837455548671
0.0005840686993280506
0.0004497027487357831
0.0002981258389180445
-0.0003853623835016204
5.684288279365963e-05
-0.000398637628733666
0.0001951439058668052
-0.0003993581635626832
-0.0002913646114611519
0.0002249780706376115
0.0002899252335777332
-0.000210230325647465
-3.417358647072344e-05
0.0001867724219864676
0.0002248652243675126
-0.000177284130656691
-0.0001626561449007547
-0.0001892327482244463
-0.0001487918542166782
2.649067635506437e-06
-0.0001754630193169429
0.0001509716510682359
0.0001424792972130929
-0.0001489619142731977
-0.0001312943266738531
-1.832480989832438e-05
0.000129613894863003
0.0001399603180859146
0.0001120979587811241
-2.361259161492975e-05
-0.0001251038216176821
-0.000117145259156126
-0.0001052235697985646
0.0001163571912931227
-1.007569005902132e-05
-0.0001088697103519421
-9.848548574760597e-05
-0.0001061346768994214
-2.436272868732438e-05
9.256426862119002e-05
-9.668286045667695e-05
-9.669695619907544e-05
3.602742497952088e-05
8.382172496738117e-05
8.528857597758018e-05
8.690102967291935e-05
3.403603823287589e-05
7.600349477260266e-05
-8.69139074519942e-05
7.797809617957841e-05
3.096611331501105e-05
-7.533908004061672e-05
7.499710929605524e-05
7.531790686123434e-05
-2.155152185991467e-05
7.498314665707292e-05
7.822525239019063e-05

0.003660019703764276
0.002173141885089929
0.0006698723652028987
-0.0006675560566514031
-0.0007368026667557747
0.000386011054583382
-0.0005228748400219702
0.0004100154006057538
0.0003156906933868691
0.0002092839171411821
-0.0002705238480192654
3.99036233015814e-05
-0.0002798430513907438
0.0001369907458349068
-0.000280348865821349
-0.0002045375450320189
0.0001579342872955586
0.0002035271037942055
-0.000147581391177089
-2.398980935470346e-05
0.0001311139759946202
0.00015785506937356
-0.0001244532089048708
-0.0001141843835993929
-0.0001328411215328802
-0.0001044516711539563
1.859641732306295e-06
-0.0001231747913208053
0.0001059818854598333
0.0001000202650682545
-0.0001045710530730563
-9.216843157385619e-05
-1.286399062324458e-05
9.098877082006594e-05
9.825194528475368e-05
7.869260847160724e-05
-1.65760059073135e-05
-8.782270578258124e-05
-8.223580619410608e-05
-7.38667971315005e-05
8.16825836691741e-05
-7.073120166656297e-06
-7.642638264153401e-05
-6.913667166056467e-05
-7.450639302731784e-05
-1.710260107086558e-05
6.497998561497489e-05
-6.787123125665009e-05
-6.788112644787094e-05
2.529120136512562e-05
5.88427323386914e-05
5.987245967259834e-05
6.100439988549226e-05
2.389325068633188e-05
5.335434580293772e-05
-6.101344006815824e-05
5.474051319703376e-05
2.173816773723434e-05
-5.288792760108286e-05
5.264786462221021e-05
5.287306405913353e-05
-1.512913785522886e-05
5.263806286942135e-05
5.491401650722247e-05

0.005638340506423502
0.003347772664801762
0.001031953048496304
-0.001028384724447628
-0.001135060643781689
0.0005946584830523946
-0.000805500141775997
0.0006316377037849474
0.0004863284266455638
0.0003224064575788425
-0.0004167479122231775
6.147240556734635e-05
-0.0004311043491033246
0.0002110372439938251
-0.0004318835673107639
-0.0003150945674013226
0.0002433012282679943
0.0003135379605464202
-0.0002273523650738753
-3.695682667687058e-05
0.0002019839513562696
0.0002431791913244312
-0.0001917228937866948
-0.0001759035435211154
-0.0002046446568816504
-0.0001609100868568951
2.864818813927221e-06
-0.0001897534635017403
0.0001632674155061882
0.0001540834087361428
-0.0001610939973175836
-0.0001419874872864244
-1.981725927067339e-05
0.0001401701940611194
0.0001513592733842199
0.0001212276866828995
-2.553570010721044e-05
-0.0001352928015353926
-0.0001266860603687779
-0.0001137934186304507
0.0001258338089539841
-1.089629651485482e-05
-0.0001177365161624294
-0.0001065065567548946
-0.0001147787301147621
-2.634693148885693e-05
0.0001001030908721228
-0.00010455711810004
-0.000104572361858804
3.896164956881557e-05
9.064851779691944e-05
9.223483530536563e-05
9.397861399223543e-05
3.680807593367121e-05
8.219353814547679e-05
-9.399254059168789e-05
8.432895937245203e-05
3.348812345520484e-05
-8.147501069116021e-05
8.110518841489633e-05
8.145211307919239e-05
-2.330676818724515e-05
8.109008860001572e-05
8.459624502148022e-05

5.645984421131719e-05
3.352311250190594e-05
1.033352070273943e-05
-1.029778908571012e-05
-1.136599448848109e-05
5.95464663343025e-06
-8.065921606810125e-06
6.324940168630003e-06
4.86987743530502e-06
3.228435449705459e-06
-4.173128986097874e-06
6.155574388799186e-07
-4.316887985447831e-06
2.113233478146598e-06
-4.324690731488263e-06
-3.155217420364569e-06
2.43631072467915e-06
3.139630248849838e-06
-2.276605873490738e-06
-3.700692915686528e-07
2.022577816007107e-06
2.435088700692746e-06
-1.919828130829495e-06
-1.761420164749204e-06
-2.049220942532939e-06
-1.611282331391625e-06
2.868702657359587e-08
-1.900107128331344e-06
1.634887576187411e-06
1.542923000646454e-06
-1.613123929326734e-06
-1.421799801403138e-06
-1.984412558731706e-07
1.403602232072831e-06
1.515644716006928e-06
1.213920354199871e-06
-2.557031893253508e-07
-1.354762183935992e-06
-1.268578090407641e-06
-1.139476887059312e-06
1.260044022159505e-06
-1.091106865647846e-07
-1.178961319055936e-06
-1.066509480081129e-06
-1.149343359812939e-06
-2.638265010332861e-07
1.002388009289955e-06
-1.046988664953579e-06
-1.047141309217493e-06
3.90144699926374e-07
9.077141025928133e-07
9.235987834367212e-07
9.410602108121763e-07
3.68579767496973e-07
8.230496816381052e-07
-9.411996655677064e-07
8.444328439364819e-07
3.353352340452109e-07
-8.158546660056901e-07
8.121514295803873e-07
8.156253795109041e-07
-2.333836524163901e-07
8.120002267380738e-07
8.47109324006896e-07

-0.003189357479910606
-0.001893685522782608
-0.0005837297641726783
0.0005817113225787718
0.0006420531272053847
-0.0003363717531349042
0.0004556354656686676
-0.000357289247228882
-0.0002750942770214763
-0.0001823709380232733
0.0002357356866923613
-3.477219516647242e-05
0.0002438564820391768
-0.0001193743463888046
0.0002442972509880638
0.0001782349282162464
-0.0001376246417477748
-0.0001773544252188397
0.0001286030819348349
2.090482677685125e-05
-0.0001142533029614916
-0.0001375556108975547
0.0001084490808372903
9.950078070541197e-05
0.0001157583452801728
9.10196517088047e-05
-1.620500092604518e-06
0.0001073350620575442
-9.235308727402388e-05
-8.715810469817962e-05
9.11236816451056e-05
8.031598200125258e-05
1.120973875456164e-05
-7.928802036349131e-05
-8.561718295872019e-05
-6.857308969796137e-05
1.444440541485293e-05
7.652909718094909e-05
7.166064798280603e-05
6.4367856191082e-05
-7.117856740930062e-05
6.163548432985192e-06
6.659829041073671e-05
6.024600377696586e-05
6.492520290490195e-05
1.490328278702682e-05
-5.662384903352314e-05
5.914329336983748e-05
5.915191608356924e-05
-2.203886557409381e-05
-5.127581917927595e-05
-5.217312816678968e-05
-5.315950591252808e-05
-2.082068512294195e-05
-4.649321469427424e-05
5.316738356800826e-05
-4.770112713862594e-05
-1.894273623745262e-05
4.608677579467798e-05
-4.587758384511072e-05
-4.60738236379797e-05
1.318359814662887e-05
-4.586904255403343e-05
-4.785231869629272e-05

0.004448315111049169
0.002641193400119984
0.0008141495417472147
-0.0008113343464306943
-0.0008954952982955249
0.0004691501538550369
-0.0006354916749941584
0.0004983245583082488
0.0003836841862805997
0.0002543595079995313
-0.0003287893012719757
4.84980696512132e-05
-0.0003401156755911717
0.0001664958262776665
-0.0003407304323840258
-0.0002485908617941726
0.0001919501897780703
0.0002473627916223297
-0.0001793674858655072
-2.915673687601e-05
0.0001593533171655473
0.0001918539098922608
-0.00015125795339851
-0.000138777427478986
-0.0001614524554813708
-0.0001269484824604604
2.260171553295177e-06
-0.0001497041901082539
0.0001288082744755904
0.0001215626396919647
-0.0001270935768690427
-0.0001120196775197457
-1.563463820123695e-05
0.0001105859413156104
0.0001194134590178368
9.564143029934408e-05
-2.014614770581883e-05
-0.0001067379688758227
-9.994776229915407e-05
-8.977623523358572e-05
9.927538665202161e-05
-8.596529490597842e-06
-9.288710452498309e-05
-8.402733486897763e-05
-9.05535873569301e-05
-2.078616098799456e-05
7.897538137008332e-05
-8.24893437851604e-05
-8.250137020363511e-05
3.073842282687757e-05
7.151628587363e-05
7.276779598297809e-05
7.414353359128255e-05
2.903938139207091e-05
6.484581010078953e-05
-7.41545208494485e-05
6.653053036583404e-05
2.642013646333468e-05
-6.427893470028794e-05
6.398716693315278e-05
6.426086984712117e-05
-1.838765306900691e-05
6.397525407782938e-05
6.674140283622682e-05

0.002077703971155127
0.001233639676827528
0.0003802702132771589
-0.0003789553013733874
-0.0004182649140117088
0.0002191290664891115
-0.0002968233013644965
0.0002327557486089257
0.0001792099115290715
0.0001188053783688084
-0.0001535697943766955
2.265231427904853e-05
-0.0001588600789708209
7.776630719772457e-05
-0.0001591472174935644
-0.0001161109786174434
8.965544517644793e-05
0.0001155373757567101
-8.377835840658784e-05
-1.361843000797195e-05
7.443020820836692e-05
8.961047509308716e-05
-7.064905309081004e-05
-6.481969127224426e-05
-7.541066663047227e-05
-5.929466765633165e-05
1.055673281803297e-06
-6.9923326590357e-05
6.016333301810209e-05
5.677906643905445e-05
-5.936243786182977e-05
-5.232177195635731e-05
-7.302573911099134e-06
5.16521073012047e-05
5.577523440157175e-05
4.467187566062408e-05
-9.409794505774987e-06
-4.985480935371476e-05
-4.668326264061608e-05
-4.193238019423031e-05
4.636921169826031e-05
-4.015237908037252e-06
-4.338539449718902e-05
-3.924720326336617e-05
-4.229546319383713e-05
-9.708729744125876e-06
3.688755391643098e-05
-3.852884359176125e-05
-3.853446085063021e-05
1.435719853025946e-05
3.340358482987076e-05
3.398813593724705e-05
3.463071080455153e-05
1.356361600559877e-05
3.02879615754806e-05
-3.463584269589103e-05
3.107485501663812e-05
1.234022794653984e-05
-3.002318733144473e-05
2.988690942999803e-05
3.001474966099e-05
-8.588442780683758e-06
2.988134521385415e-05
3.117334861660907e-05

-0.002572311826443425
-0.001527313791725728
-0.0004707954455671529
0.0004691675122881487
0.0005178349754510281
-0.0002712938402542696
0.0003674835775759917
-0.0002881644224258644
-0.0002218717301607066
-0.000147087594799636
0.0001901278544697927
-2.804481135196501e-05
0.0001966775178557903
-9.627896682124612e-05
0.000197033011144596
0.0001437517796682855
-0.0001109983737499368
-0.0001430416277685455
0.0001037222169861568
1.686036560232033e-05
-9.214869272849523e-05
-0.0001109426983127349
8.746741466309804e-05
8.025034401469695e-05
9.336255419746563e-05
7.341006080499311e-05
-1.306981603413181e-06
8.656892532790734e-05
-7.448551631475834e-05
-7.029560809587344e-05
7.349396404783147e-05
6.477723229692786e-05
9.040988271560253e-06
-6.394815061051343e-05
-6.905280880504174e-05
-5.530623980429219e-05
1.164984330183157e-05
6.172299686853622e-05
5.779644754701967e-05
5.19145936966532e-05
-5.740763520223975e-05
4.971085438639258e-06
5.371350534500174e-05
4.859019692446436e-05
5.23641104260636e-05
1.201994157358455e-05
-4.56688212108548e-05
4.770082812858779e-05
4.770778260408529e-05
-1.777500167813047e-05
-4.135547580230096e-05
-4.207918223379669e-05
-4.28747252723213e-05
-1.679250285167401e-05
-3.74981627995024e-05
4.288107883621029e-05
-3.847238017252494e-05
-1.527788112672269e-05
3.717035771815238e-05
-3.70016381784349e-05
-3.715991141782866e-05
1.06329646774444e-05
-3.699474937268825e-05
-3.859432066819087e-05

-0.001888465829154297
-0.001121279261878897
-0.0003456350440626682
0.0003444398948818943
0.00038016917164883
-0.0001991706999575542
0.0002697885116002169
-0.0002115562582011775
-0.0001628873982371962
-0.0001079845350850015
0.0001395825936211975
-2.058913207134249e-05
0.0001443910368937547
-7.068331958805578e-05
0.000144652022720421
0.000105535542383836
-8.148958993388641e-05
-0.0001050141835102219
7.614779067187017e-05
1.237805773769561e-05
-6.765107388246032e-05
-8.14487157444369e-05
6.421430794592065e-05
5.891588682672195e-05
6.854223174361277e-05
5.389408466012261e-05
-9.59522120146191e-07
6.355468091700527e-05
-5.468363161935392e-05
-5.160760544816875e-05
5.395568232714119e-05
4.755628320115886e-05
6.637452441466e-06
-4.694761188138068e-05
-5.069520285026207e-05
-4.060314264235052e-05
8.552746507803199e-06
4.531401257864853e-05
4.243133165950516e-05
3.811316156264031e-05
-4.21458846075656e-05
3.64952836907026e-06
3.943383471843973e-05
3.567255166363185e-05
3.844317481160697e-05
8.824454600288241e-06
-3.352782016081887e-05
3.501962048977113e-05
3.502472612635878e-05
-1.304953891565461e-05
-3.036117242796823e-05
-3.089248237731862e-05
-3.147653125840995e-05
-1.23282362174557e-05
-2.752932143564329e-05
3.148119573493228e-05
-2.824454429485691e-05
-1.121627485174626e-05
2.728866293990015e-05
-2.716479728641331e-05
-2.7280993775999e-05
7.806203839500437e-06
-2.715973986140477e-05
-2.83340670567577e-05

-0.006380736579470124
-0.003788571385093916
-0.001167829533766901
0.001163791371162476
0.001284513228926744
-0.0006729567202942823
0.0009115597423644931
-0.0007148049673342081
-0.0005503629264671948
-0.0003648574744620617
0.0004716207978058489
-6.956643118391612e-05
0.0004878675359812433
-0.0002388243599065916
0.0004887493532667122
0.0003565828331793086
-0.0002753365188340325
-0.0003548212690652415
0.0002572876807640933
4.182290437579346e-05
-0.0002285790270056463
-0.0002751984133774916
0.0002169669036683618
0.0001990646313973049
0.0002315900656355126
0.0001820969975197496
-3.242027362263201e-06
0.0002147381599723209
-0.0001847647138673254
-0.0001743714558019301
0.0001823051233330718
0.0001606828734311613
2.242658296162933e-05
-0.0001586262985675225
-0.0001712886355878031
-0.0001371896454251051
2.889796662171163e-05
0.0001531067034196483
0.0001433667190874889
0.0001287765128642272
-0.0001424022523669923
1.233100371889301e-05
0.0001332387950960238
0.0001205301953411892
0.0001298915595739659
2.981601223200605e-05
-0.0001132835898999251
0.0001183240755581932
0.0001183413264512642
-4.409170079689937e-05
-0.0001025841402665577
-0.0001043793270136679
-0.000106352707734674
-4.165456773359376e-05
-9.301589977465856e-05
0.0001063684680390306
-9.543249031581419e-05
-3.78974795979492e-05
9.220276434840488e-05
-9.178424784991353e-05
-9.217685182501045e-05
2.637555290464709e-05
-9.176715985370874e-05
-9.573496926612595e-05

-0.004598731755769482
-0.002730503496053164
-0.0008416794354964721
0.0008387690463311973
0.0009257758415505804
-0.0004850141361162402
0.0006569803787199551
-0.0005151750525225243
-0.0003966581969997377
-0.0002629604957423718
0.0003399070800900937
-5.013799774314219e-05
0.0003516164477852048
-0.0001721257654622224
0.0003522519921464235
0.0002569967868255466
-0.000198440850349382
-0.0002557271903251027
0.0001854326711598078
3.014265141273604e-05
-0.0001647417374314331
-0.000198341314826975
0.000156372634636153
0.0001434700885165391
0.0001669118566320075
0.0001312411560475373
-2.336597663644173e-06
0.0001547663319337952
-0.0001331638356206373
-0.0001256731947963661
0.0001313911567215019
0.0001158075440747387
1.616331248822898e-05
-0.0001143253270899637
-0.0001234513410903847
-9.88754779517667e-05
2.082737551148448e-05
0.0001103472381704312
0.0001033274255373191
9.281195544281246e-05
-0.0001026323139808097
8.887215085019377e-06
9.602801658980852e-05
8.68686600584705e-05
9.361559318109989e-05
2.14890303923525e-05
-8.1645878307623e-05
8.527866288861476e-05
8.529109597198202e-05
-3.17778209608306e-05
-7.393455874672653e-05
-7.522838778960294e-05
-7.665064499691034e-05
-3.002132763568929e-05
-6.703852553032705e-05
7.666200378144124e-05
-6.878021342545213e-05
-2.731351478315758e-05
6.645248163713552e-05
-6.615084794832718e-05
-6.643380593371285e-05
1.900941861615845e-05
-6.61385322682018e-05
-6.899821639999622e-05

-0.0002497014241227836
-0.0001482605743833685
-4.5701416142728e-05
4.554338815560081e-05
5.026767342222266e-05
-2.633524348487976e-05
3.567264735138152e-05
-2.797291756054273e-05
-2.15377025539735e-05
-1.427819967826833e-05
1.84562367357826e-05
-2.722387411154956e-06
1.909203067728057e-05
-9.346065621408181e-06
1.912653939417995e-05
1.39543828763676e-05
-1.077491916653342e-05
-1.38854464671098e-05
1.006860250323542e-05
1.636682325563681e-06
-8.945128490696298e-06
-1.076951459774336e-05
8.490703880252256e-06
7.79012286961053e-06
9.062961381094693e-06
7.126117657930601e-06
-1.268723194150298e-07
8.403485035190015e-06
-7.230515098953756e-06
-6.823789118683204e-06
7.134262377861022e-06
6.288105115816267e-06
8.776337393041847e-07
-6.207623863267155e-06
-6.703147153940971e-06
-5.368729677431111e-06
1.130882513322045e-06
5.991622034733161e-06
5.610461031060376e-06
5.039493208275758e-06
-5.572717941161464e-06
4.825570137807797e-07
5.214118537843862e-06
4.716784818142754e-06
5.083129040607249e-06
1.166808976269876e-06
-4.433198796976502e-06
4.630451329122197e-06
4.631126419313504e-06
-1.725468579364873e-06
-4.014490427253982e-06
-4.08474261236444e-06
-4.161968175669786e-06
-1.63009470062631e-06
-3.640050384527296e-06
4.162584933649897e-06
-3.734620359714668e-06
-1.483066180300302e-06
3.608229438574497e-06
-3.591851366190695e-06
-3.607215387355727e-06
1.0321712925021e-06
-3.591182650786021e-06
-3.746457460899666e-06

-0.0045002131637901
-0.002672007942470475
-0.0008236481439824096
0.0008208001040603191
0.0009059429534321921
-0.0004746236823304208
0.0006429058935559442
-0.0005041384616769498
-0.0003881605917595823
-0.000257327095239155
0.0003326252535532371
-4.906389183641243e-05
0.000344083771562132
-0.0001684383166268364
0.0003447057006617572
0.0002514911468086689
-0.0001941896536703378
-0.0002502487488634777
0.0001814601485948751
2.94969056433696e-05
-0.0001612124765668494
-0.0001940922504966258
0.000153022664990853
0.0001403965300089857
0.0001633361053219375
0.0001284295778580703
-2.286540751417836e-06
0.000151450774097892
-0.0001303110678828036
-0.0001229808989943013
0.0001285763650687885
0.000113326600025637
1.581704597984437e-05
-0.0001118761365629184
-0.0001208066440416744
-9.675726941370296e-05
2.038119081991148e-05
0.0001079832702090107
0.0001011138429633183
9.082364569680959e-05
-0.0001004336227759589
8.696824350506005e-06
9.397080919274948e-05
8.500767347985693e-05
9.161006711053115e-05
2.102867107379099e-05
-7.989677933880242e-05
8.345173880605744e-05
8.346390553557619e-05
-3.109704496789667e-05
-7.235065931243835e-05
-7.361677066653484e-05
-7.500855886953997e-05
-2.937818098459481e-05
-6.560235975804426e-05
7.501967431496053e-05
-6.730673548790099e-05
-2.672837758415708e-05
6.502887067827389e-05
-6.473369888543811e-05
-6.501059506425624e-05
1.860217999997485e-05
-6.472164704401034e-05
-6.752006818656835e-05

0.003390279335860284
0.002012983159442741
0.0006205033363822287
-0.000618357737819705
-0.0006825009311121054
0.000357562365147953
-0.0004843394049338525
0.0003797976110971791
0.0002924245553136205
0.0001938598688092885
-0.0002505864683878861
3.696275989064218e-05
-0.000259218854324111
0.0001268946433075268
-0.0002596873906573996
-0.0001894633003248887
0.0001462946634114301
0.0001885273277548882
-0.0001367047670126617
-2.222178062123091e-05
0.0001214509864521783
0.0001462212837836177
-0.0001152811122839829
-0.000105769090750153
-0.0001230508428197308
-9.675367101027522e-05
1.722587703735434e-06
-0.0001140969129985928
9.81711098113568e-05
9.264885581882408e-05
-9.686425458245689e-05
-8.537569583629454e-05
-1.19159253546687e-05
8.428297508594329e-05
9.101085971317917e-05
7.289302954068123e-05
-1.535436824036289e-05
-8.135024637363959e-05
-7.617509657681093e-05
-6.842287642971338e-05
7.566264608588852e-05
-6.55183717081839e-06
-7.079382264459285e-05
-6.404135721997001e-05
-6.901533464695175e-05
-1.584215378411613e-05
6.019101543314333e-05
-6.286917870741875e-05
-6.287834463137406e-05
2.342726113715177e-05
5.450607255150706e-05
5.545990984864866e-05
5.650842702168977e-05
2.213233824536234e-05
4.942217547847167e-05
-5.651680095055191e-05
5.070618350368628e-05
2.013608309352003e-05
-4.899013190503898e-05
4.876776136538971e-05
4.897636379354706e-05
-1.401413314447196e-05
4.875868199348687e-05
5.086689976614645e-05

-0.0004941445983204212
-0.0002933990554205071
-9.044044503069622e-05
9.012771683443969e-05
9.947680266081339e-05
-5.211591547418001e-05
7.059409476092594e-05
-5.535677724056813e-05
-4.262186094703668e-05
-2.825572689255963e-05
3.652381927851656e-05
-5.387446381128808e-06
3.778201851765978e-05
-1.849532039536454e-05
3.785030926167023e-05
2.761491227150901e-05
-2.132293847400811e-05
-2.747849112624614e-05
1.992517886938165e-05
3.238899149969539e-06
-1.770188912798982e-05
-2.131224314677142e-05
1.680260924851343e-05
1.541620016696786e-05
1.793507356615216e-05
1.410217246461847e-05
-2.510729425552567e-07
1.663000822590744e-05
-1.430876892983343e-05
-1.350388186578374e-05
1.411829039168104e-05
1.244379437386656e-05
1.736786136094224e-06
-1.228452665499357e-05
-1.326513843276008e-05
-1.062440384244675e-05
2.237950733555928e-06
1.185707159662859e-05
1.110277613472082e-05
9.972864014999614e-06
-1.102808475468369e-05
9.549522698040788e-07
1.031843738783899e-05
9.334242876294823e-06
1.005921678975346e-05
2.309047114625057e-06
-8.773042630786907e-06
9.163393921745334e-06
9.164729885946024e-06
-3.414601983370787e-06
-7.944443114805561e-06
-8.083468104009375e-06
-8.236293003103998e-06
-3.225862623312144e-06
-7.203448043809917e-06
8.237513531332044e-06
-7.390596525437731e-06
-2.934901731194516e-06
7.140476242115042e-06
-7.108064989232034e-06
-7.138469493670901e-06
2.042606967587748e-06
-7.106741640302925e-06
-7.414021460381602e-06

-0.001769211900840809
-0.001050472072964819
-0.0003238086831449688
0.0003226890059346897
0.0003561620297434439
-0.0001865933538336184
0.000252751751217471
-0.0001981967817096764
-0.000152601290957386
-0.0001011654654424421
0.0001307681515712489
-1.928895769581742e-05
0.0001352729484975167
-6.621976859473621e-05
0.0001355174534407403
9.887112314358772e-05
-7.634363835417823e-05
-9.838268734064677e-05
7.133916610998828e-05
1.159640101540997e-05
-6.337900488812994e-05
-7.630534531173497e-05
6.015926582725202e-05
5.51954324579633e-05
6.421388739919084e-05
5.049074994810125e-05
-8.989296644227489e-07
5.954129330609235e-05
-5.123043814114975e-05
-4.834865864299573e-05
5.054845781001172e-05
4.455317162758467e-05
6.218306770185642e-06
-4.398293703497592e-05
-4.749387296996699e-05
-3.803911199507797e-05
8.012652743190952e-06
4.245249720214653e-05
3.975185347871068e-05
3.570636967537434e-05
-3.948443200192645e-05
3.419065848749435e-06
3.694364420179091e-05
3.34198808166173e-05
3.601554305750391e-05
8.26720285649029e-06
-3.141058605451304e-05
3.28081813166707e-05
3.281296453955464e-05
-1.222547911303165e-05
-2.844390761733115e-05
-2.894166609984928e-05
-2.948883312557726e-05
-1.154972565327183e-05
-2.579088398326158e-05
2.949320304714521e-05
-2.646094153714445e-05
-1.050798306454099e-05
2.556542272885814e-05
-2.544937901497645e-05
-2.555823786163481e-05
7.313253181498777e-06
-2.544464095910561e-05
-2.654481106413771e-05

0.002146407387521688
0.001274432427641678
0.0003928446046038701
-0.0003914862125221127
-0.0004320956757263794
0.0002263750051317024
-0.0003066383544925014
0.0002404522806128829
0.0001851358438754629
0.0001227339146231759
-0.0001586478852263502
2.340135812800642e-05
-0.0001641131036080148
8.033780489746358e-05
-0.0001644097369374818
-0.0001199504191823199
9.262008088240444e-05
0.0001193578490016177
-8.654865654338309e-05
-1.406875049639842e-05
7.689139115628756e-05
9.2573623773826e-05
-7.298520462038058e-05
-6.696308335312898e-05
-7.79042703872078e-05
-6.125536383674865e-05
1.090581219619251e-06
-7.223548052904141e-05
6.215275334735768e-05
5.865657925927988e-05
-6.132537499885731e-05
-5.405189546462145e-05
-7.544048049340823e-06
5.336008701501835e-05
5.76195535178583e-05
4.614904012479771e-05
-9.720948086266326e-06
-5.150335783429231e-05
-4.822693761785045e-05
-4.331895778934321e-05
4.790250195623307e-05
-4.148009739650093e-06
-4.482001890169796e-05
-4.054499013987521e-05
-4.36940468508391e-05
-1.002976821314098e-05
3.810731429165753e-05
-3.980287647619105e-05
-3.980867948087382e-05
1.483194786998928e-05
3.450814083426217e-05
3.511202128724528e-05
3.577584417119147e-05
1.401212395996677e-05
3.128949329701409e-05
-3.578114575877139e-05
3.210240693566817e-05
1.274828214020982e-05
-3.101596376570778e-05
3.087517956423001e-05
3.10072470868337e-05
-8.872436731936772e-06
3.086943135618467e-05
3.220415742253495e-05

0.001412768278273456
0.0008388331670119153
0.0002585708560737909
-0.0002576767605480487
-0.0002844059647731016
0.0001490003380078659
-0.0002018297843397231
0.0001582660199844953
0.0001218566656632743
8.078363047748182e-05
-0.000104422255050702
1.540280592768453e-05
-0.0001080194692647563
5.287845306760396e-05
-0.0001082147137279379
-7.895152997115123e-05
6.096266392027359e-05
7.856149946773865e-05
-5.696644411604357e-05
-9.260070819634814e-06
5.061001882925882e-05
6.09320857879285e-05
-4.803896150851233e-05
-4.407519305354432e-05
-5.127669732443583e-05
-4.031836426096651e-05
7.178220504237785e-07
-4.754549208618535e-05
4.090902726430195e-05
3.860784069753802e-05
-4.036444570359437e-05
-3.557703152572481e-05
-4.965502744646438e-06
3.512168225794235e-05
3.792526893609842e-05
3.037536133169928e-05
-6.398341326453113e-06
-3.389958057156887e-05
-3.174303630367189e-05
-2.851259726758794e-05
3.152949230751569e-05
-2.730225684185007e-06
-2.950059774485298e-05
-2.668676796655672e-05
-2.875948140087516e-05
-6.601607156356753e-06
2.508228638905229e-05
-2.619830773804382e-05
-2.620212728365908e-05
9.762408374811288e-06
2.271330549652879e-05
2.311078043665527e-05
2.354770956681127e-05
9.222799155907744e-06
2.059478728514928e-05
-2.355119907902138e-05
2.112984815396166e-05
8.390936741478771e-06
-2.041474977350301e-05
2.032208541950822e-05
2.040901244352418e-05
-5.839849992471183e-06
2.031830194109958e-05
2.11968204636054e-05

0.0003225844654208224
0.000191534983421021
5.904078019204509e-05
-5.883662687737666e-05
-6.493984011357611e-05
3.402199435163615e-05
-4.608480675030442e-05
3.613767398103916e-05
2.782414353115091e-05
1.844573144302482e-05
-2.384325712964349e-05
3.516999916101482e-06
-2.466462708965709e-05
1.207400235225082e-05
-2.470920823701469e-05
-1.802739874722756e-05
1.391991075515541e-05
1.793834112656813e-05
-1.300743384791169e-05
-2.114398405631077e-06
1.155603938735852e-05
1.391292869688029e-05
-1.096897697651296e-05
-1.006390984858475e-05
-1.170826543126115e-05
-9.206094291452785e-06
1.639039083503621e-07
-1.085630062878701e-05
9.340963336934463e-06
8.81552186864616e-06
-9.216616298290628e-06
-8.123482012212035e-06
-1.13379814160456e-06
8.019509830501498e-06
8.65966683554273e-06
6.935758572592586e-06
-1.460965360070903e-06
-7.74046122410454e-06
-7.248046657248088e-06
-6.510424312858846e-06
7.199287085807489e-06
-6.234061214093366e-07
-6.736019416245383e-06
-6.093523552791762e-06
-6.566796605018607e-06
-1.507378066306273e-06
5.727164228394956e-06
-5.981990979375907e-06
-5.982863115381329e-06
2.229099658615495e-06
5.186242941749658e-06
5.27700038800271e-06
5.376766607295409e-06
2.10588797975328e-06
4.702511055075764e-06
-5.377563385126975e-06
4.824684186345362e-06
1.915944663217772e-06
-4.661402187224783e-06
4.640243670597856e-06
4.660092153885135e-06
-1.33344223318827e-06
4.639379769992371e-06
4.839976309652561e-06

0.0003409403900077244
0.000202433839652633
6.240035954239096e-05
-6.218458935466414e-05
-6.863509185555403e-05
3.595793742855039e-05
-4.870715632998314e-05
3.819400492518926e-05
2.940741220976679e-05
1.949534322410869e-05
-2.520000265415627e-05
3.717126680260957e-06
-2.60681107764064e-05
1.276104559324506e-05
-2.611522871095008e-05
-1.905320627164017e-05
1.471199115410939e-05
1.895908103253608e-05
-1.374759185413509e-05
-2.234713367555746e-06
1.221360914113051e-05
1.470461179796122e-05
-1.159314129860432e-05
-1.063657341432329e-05
-1.237449725679112e-05
-9.729945842447265e-06
1.732304820183386e-07
-1.147405336331799e-05
9.872489299782132e-06
9.317148797299119e-06
-9.741066579809815e-06
-8.585730009821861e-06
-1.198314308424267e-06
8.475841531034604e-06
9.152425193144565e-06
7.330421908689486e-06
-1.54409822245253e-06
-8.180914307581112e-06
-7.660480026161027e-06
-6.880884984453047e-06
7.608945903869064e-06
-6.588796081314115e-07
-7.119317056604238e-06
-6.440261448711567e-06
-6.94046501181616e-06
-1.593151936630338e-06
6.05305529238775e-06
-6.322382371590526e-06
-6.323304134471485e-06
2.355941430661311e-06
5.481354128220855e-06
5.577275917500452e-06
5.682719103253309e-06
2.22571867555207e-06
4.97009659484044e-06
-5.683561219914325e-06
5.099221706165559e-06
2.024967072900309e-06
-4.926648521720004e-06
4.904286028521635e-06
4.925263943942866e-06
-1.40931868632047e-06
4.903372969646538e-06
5.115383992471091e-06

-0.00339497941715952
-0.00201577383937375
-0.0006213635652420567
0.000619214992149719
0.0006834471097438115
-0.0003580580683096477
0.0004850108642309469
-0.0003803241398793125
-0.0002928299552963197
-0.0001941286245824199
0.0002509338665392741
-3.701400285893444e-05
0.0002595782199010776
-0.0001270705624814296
0.000260047405785266
0.0001897259609574243
-0.0001464974776174719
-0.0001887886908108493
0.0001368942863576537
2.225258757405533e-05
-0.0001216193588644966
-0.0001464239962604993
0.0001154409311502931
0.0001059157227165165
0.0001232214331776051
9.688780453578775e-05
-1.724975796707019e-06
0.0001142550901615831
-9.830720838959045e-05
-9.277729867308558e-05
9.699854141442953e-05
8.549405561482834e-05
1.193244488370223e-05
-8.439981998153867e-05
-9.113703174723202e-05
-7.299408409431877e-05
1.537565462177287e-05
8.146302550885457e-05
7.628070119265493e-05
6.851773382938691e-05
-7.576754027092391e-05
6.560920247553475e-06
7.089196698286448e-05
6.41301403424438e-05
6.911101339540074e-05
1.586411640234455e-05
-6.027446067113847e-05
6.29563367914235e-05
6.296551542246518e-05
-2.345973929634204e-05
-5.458163652336192e-05
-5.553679616370735e-05
-5.658676693847634e-05
-2.216302120060338e-05
-4.949069143829888e-05
5.659515247646857e-05
-5.077647953574599e-05
-2.016399855953804e-05
4.905804890539879e-05
-4.883537008447041e-05
-4.904426170659925e-05
1.403356150379041e-05
-4.882627812545684e-05
-5.093741860566224e-05

-0.002882554794707972
-0.001711520993726072
-0.0005275774324853811
0.0005257531564266632
0.0005802903349469647
-0.0003040142147470991
0.0004118052631212002
-0.0003229195344781615
-0.0002486313723750692
-0.0001648276259796891
0.0002130589117835757
-3.142725722374172e-05
0.0002203985210030655
-0.0001078910397205411
0.0002207968898453632
0.0001610894828034167
-0.0001243857339412849
-0.0001602936804661568
0.0001162320099833235
1.889387095604731e-05
-0.000103262618987431
-0.0001243233435666122
9.80167384553447e-05
8.992922690733012e-05
0.0001046228826077037
8.226394660945609e-05
-1.464614845210186e-06
9.700988356528412e-05
-8.346911131932826e-05
-7.87738640706854e-05
8.235796930632981e-05
7.258992460631774e-05
1.013140935060002e-05
-7.166084852552765e-05
-7.738117247799811e-05
-6.197664882090108e-05
1.30549147743798e-05
6.916732207131066e-05
6.476719707203767e-05
5.817594097160274e-05
-6.433149060852308e-05
5.570641171401334e-06
6.019181686342752e-05
5.445059330700758e-05
5.867967329146003e-05
1.346965008632527e-05
-5.117687451295836e-05
5.345395897193111e-05
5.346175221710983e-05
-1.991882002273751e-05
-4.634330248608341e-05
-4.715429414838126e-05
-4.804578653148167e-05
-1.881782337297742e-05
-4.202076430207013e-05
4.805290638987047e-05
-4.311248068379797e-05
-1.712052521865954e-05
4.165342310367935e-05
-4.14643545338841e-05
-4.164171688958923e-05
1.19153918268609e-05
-4.145663487883388e-05
-4.324912825379877e-05

