-0.7285779208676667
-0.4323876860754339
-0.1334352697211067
0.1327514702354811
0.1467512341887995
-0.07672054582361874
0.1041824565928573
-0.08149465071971831
-0.06293088890131796
-0.0415544252060804
0.05393667560680988
-0.007921845726489929
0.05560882308046234
-0.0273489926164852
0.05571180105757249
0.04079004709004812
-0.03135645104642746
-0.04058116378052985
0.02930015037904711
0.004790744969929673
-0.02616414097348346
-0.03135068039944689
0.02483471718530428
0.02266292835085556
0.02649915084832688
0.02073068539742784
-0.0003694397203875207
0.02457105153802274
-0.02103949925909935
-0.01995845693072817
0.0207622631612371
0.01839138698375579
0.002571345242443023
-0.01806262058419641
-0.01959961061365238
-0.01561847583264478
0.003310274793103811
0.01751982064306451
0.01632658116251685
0.01474070379844514
-0.01621955404714756
0.00141771964272523
0.01524655964422835
0.01372448734001036
0.01486291878671671
0.003391999697423327
-0.01290151492956587
0.01354022635969051
0.01347897995215714
-0.00504224442128572
-0.01174050802362548
-0.01188702345442052
-0.01216961907762155
-0.004737679437027055
-0.01059732048802681
0.01217006112663251
-0.01086902772085368
-0.004336801340268193
0.01054940282113009
-0.01045381915982741
-0.01054634284470903
0.00301813081006303
-0.01045339921712128
-0.0109518376560083

-0.4328348381299792
-0.2568736284091367
-0.07927145706219323
0.07886522427470269
0.08718222838798813
-0.04557827526978468
0.06189289497221735
-0.04841448380807673
-0.03738609190703673
-0.02468672518408378
0.03204279403326515
-0.004706223884242675
0.03303618631207769
-0.0162475370898959
0.03309736364776332
0.02423262210378903
-0.01862829496240704
-0.024108528344051
0.01740668428629575
0.002846094102211448
-0.01554363836552803
-0.01862486672642357
0.01475385196974737
0.01346363188252292
0.01574266161450931
0.01231572162882896
-0.0002194773914947881
0.01459721302353312
-0.01249918230475883
-0.01185695479852697
0.01233448140168223
0.01092598715948768
0.00152758925285973
-0.01073067304518727
-0.01164377075451498
-0.009278651281133313
0.001966573805218171
0.01040820551228809
0.00969932372680731
0.00875718294471866
-0.009635740871994898
0.0008422413505775237
0.009057702665209218
0.008153467304028062
0.008829788637465951
0.002015125078486585
-0.00766455442339095
0.008044001220434204
0.008007615848144621
-0.002995505333597104
-0.006974821421868579
-0.007061863563768183
-0.00722974846300089
-0.002814568838147767
-0.006295674582871046
0.00723001107624549
-0.006457090888215395
-0.002576414481353644
0.006267207572003613
-0.006210423064281587
-0.006265389695883451
0.001793016399776535
-0.00621017358399578
-0.006506286758491749

-0.1311638992051571
-0.07784157774980195
-0.0240219882689524
0.02389888570949036
0.02641922509325775
-0.01381179095764951
0.01875568397573343
-0.01467126006240958
-0.01132927657061715
-0.007480930018807159
0.009710072842077668
-0.001426148315272086
0.01001110499858271
-0.004923564670533332
0.01002964384338631
0.007343321107967202
-0.005645016499528116
-0.007305716414529238
0.005274826289606056
0.0008624647719304657
-0.0047102590555522
-0.005643977625670264
0.004470926510929167
0.004079945280757094
0.00477056997110013
0.003732088843267961
-6.650922689181059e-05
0.004423459502400048
-0.003787683761899239
-0.003593066655157447
0.003737773702112784
0.003310951319665169
0.0004629122823265021
-0.003251764399981785
-0.003528464529827133
-0.002811751675668917
0.0005959397572562692
0.003154045604599576
0.0029392299500609
0.002653728766486016
-0.002919962149910318
0.0002552282068858082
0.002744796616979501
0.00247078208459144
0.002675730798037109
0.0006106524692479954
-0.00232262460245829
0.002437610082039109
0.002426584058061579
-0.0009077415333338018
-0.002113611690557076
-0.002139988464609406
-0.002190863385158031
-0.0008529115285362166
-0.001907806751379484
0.002190942966039641
-0.001956721464658221
-0.0007807425363528279
0.00189918026428719
-0.001881972598010311
-0.001898629385063381
0.0005433458714873438
-0.001881896996871862
-0.001971629511798452

0.1301401695072756
0.07723402692708931
0.023834497481158
-0.02371235573291319
-0.0262130239549247
0.01370399040680997
-0.01860929651083694
0.01455675138492236
0.01124085195872124
0.007422541618686643
-0.009634286059302624
0.001415017276984303
-0.009932968670230243
0.004885136418526521
-0.00995136281999686
-0.007286006740630114
0.005600957340941492
0.007248695550528138
-0.005233656452807607
-0.000855733264207177
0.004673495646491584
0.00559992657545757
-0.004436031084107986
-0.004048101448918214
-0.004733335837431834
-0.003702960018894396
6.599012467567472e-05
-0.004388934553939315
0.003758121021107812
0.00356502289415606
-0.003708600507611106
-0.003285109459104649
-0.0004592992679693656
0.00322638449127951
0.003500924986176749
0.002789806051063709
-0.00059128846805745
-0.003129428387716616
-0.002916289361933533
-0.002633016505225249
0.002897171946296234
-0.0002532361595564178
-0.002723373574294744
-0.002451497715856152
-0.002654846811681123
-0.0006058863478405972
0.002304496597748707
-0.002418584619637084
-0.002407644653395717
0.0009006566420544653
0.002097115024397562
0.002123285928639452
0.002173763772194168
0.0008462545835482623
0.001892916385653092
-0.00217384273194743
0.001941449321285489
0.0007746488678527876
-0.001884357227994378
0.001867283866958428
0.00188381064836309
-0.0005391050757478308
0.001867208855883037
0.001956241011633569

0.1419035865040919
0.08421523855855459
0.02598890633003806
-0.02585572414499273
-0.0285824286721428
0.01494269905676403
-0.02029139755391573
0.01587254140815192
0.01225691663337587
0.008093467840523422
-0.01050513266117062
0.001542921200498761
-0.01083081330133972
0.00532670566647611
-0.01085087010495807
-0.007944591525450297
0.006107229900998166
0.007903907763377432
-0.00570672855272359
-0.0009330833034995209
0.005095934608500536
0.006106105964248822
-0.004837005538425956
-0.004414010803187496
-0.005161183775943547
-0.004037671914458156
7.195499591540789e-05
-0.004785651935859279
0.004097818939615281
0.003887266603118954
-0.004043822248987703
-0.003582051691422413
-0.0005008154949416023
0.003518018552511574
0.003817374862051009
0.003041977629163186
-0.0006447352465693904
-0.003412298551676447
-0.00317989381225504
-0.002871015819561874
0.003159048366503531
-0.0002761262676207167
-0.002969540296787952
-0.00267308948116157
-0.002894819375314796
-0.0006606526339864014
0.00251280087881516
-0.002637201358269979
-0.002625272524522869
0.0009820673217200658
0.002286674010033321
0.002315210511775842
0.002370251065868059
0.0009227478414668784
0.002064017782468331
-0.00237033716282194
0.002116937627708588
0.000844669659228011
-0.002054684959452637
0.002036068331137595
0.002054088974291501
-0.0005878349785525796
0.00203598653978336
0.002133066344296741

-0.07316472260343276
-0.04342092204939041
-0.01339973970529815
0.01333107169016636
0.01473694581405262
-0.007704374909534855
0.01046213495967765
-0.008183796602677661
-0.006319600001293267
-0.004172948295670425
0.00541638964878995
-0.0007955218357379082
0.005584308827458321
-0.002746420665461603
0.005594650007049666
0.004096188471887951
-0.003148854744198248
-0.004075212143946934
0.002942358412635663
0.0004810927105390901
-0.002627436354652899
-0.003148275248483652
0.00249393392492041
0.002275840124552658
0.002661078472894454
0.002081801826597875
-3.709960717541763e-05
0.002467456284861453
-0.002112813307840123
-0.002004253660598484
0.002084972905858433
0.001846886500972139
0.0002582177636634063
-0.001813871360474846
-0.001968217856478004
-0.001568427232085939
0.0003324220101129233
0.00175936269916969
0.001639536071031579
0.001480280246632883
-0.001628788271813092
0.0001423692118832347
0.001531078934837831
0.001378230495800668
0.001492553231385994
0.0003406289290755769
-0.001295586558349038
0.001359726773514015
0.001353576331276511
-0.0005063486057100471
-0.001178996766397677
-0.001193710032535221
-0.001222088644883029
-0.0004757638021497246
-0.001064196418309369
0.001222133036007516
-0.001091481604629685
-0.00043550711318508
0.001059384465180979
-0.001049785832192334
-0.001059077178451191
0.0003030845393129349
-0.001049743661013234
-0.001099797483771443

0.1025696334128909
0.06087179584063417
0.01878509670364845
-0.01868883100499126
-0.02065972610824719
0.01080076411181692
-0.01466686825763074
0.01147286544106177
0.008859448001488605
0.005850056717331082
-0.007593237299743419
0.001115242157150084
-0.007828643216498888
0.003850207461057113
-0.007843140517413074
-0.005742447111138296
0.004414379844413886
0.005713040394478118
-0.004124892612372298
-0.000674443928736617
0.00368340334142971
0.004413567449299599
-0.003496246269140201
-0.003190500544188011
-0.003730566231037044
-0.002918478230961713
5.200994375894196e-05
-0.003459127262359345
0.00296195323024233
0.002809763447723885
-0.002922923767354206
-0.002589150407729094
-0.0003619955139201385
0.002542866478293731
0.002759244849592966
0.002198778325201153
-0.0004660224559376635
-0.00246645077945777
-0.002298465815066571
-0.002075205055699016
0.00228339847405171
-0.0001995874152533346
-0.002146419742799183
-0.001932141497739936
-0.002092410554500355
-0.0004775277366178424
0.001816282951891946
-0.00190620112724192
-0.001897578821529829
0.0007098501712128071
0.001652835708540514
0.001673462238107129
0.001713246218168099
0.0006669733314252401
0.001491897086754703
-0.001713308450090873
0.001530148192736521
0.0006105374743261259
-0.001485151209084914
0.001471694884345731
0.001484720423782217
-0.0004248942520961324
0.001471635764563202
0.001541806224704565

-0.07688402181593355
-0.04562820713757157
-0.01408091007757965
0.01400875135155406
0.01548609252042149
-0.008096023705758053
0.01099397337759372
-0.008599816607624974
-0.006640854322661188
-0.004385078441969898
0.005691729635583186
-0.0008359618679266769
0.005868184918081264
-0.0028860338540955
0.005879051787373217
0.004304416563453289
-0.003308925507177746
-0.004282373912328882
0.003091932017748808
0.0005055488647588999
-0.002761001023757666
-0.003308316553031091
0.002620712051766966
0.002391531540877298
0.002796353325533474
0.002187629384179572
-3.898555076736887e-05
0.002592888431538001
-0.002220217321583099
-0.002106139088387088
0.002190961663975582
0.001940772232568632
0.0002713441597033686
-0.001906078780697399
-0.002068271418673582
-0.001648157598874268
0.0003493205491414237
0.001848799193543043
0.001722881227014071
0.001555529696909564
-0.001711587067750842
0.0001496064934418824
0.001608910715974489
0.001448292288086128
0.001568426573901057
0.0003579446635248773
-0.001361447179352208
0.001428847936527796
0.001422384839035695
-0.0005320886331910731
-0.001238930592274033
-0.001254391801371133
-0.001284213029050162
-0.0004999490634573179
-0.001118294414716889
0.001284259676779478
-0.001146966632496654
-0.0004576459419191386
0.001113237847888646
-0.001103151272257615
-0.001112914940361755
0.0003184917198265169
-0.001103106957322753
-0.001155705246005936

-0.06228435790692988
-0.03696377370594886
-0.01140705730804554
0.01134860094986264
0.01254540678726105
-0.006558653231222622
0.008906305321912738
-0.006966779870146524
-0.00537980893391132
-0.003552386941770201
0.004610915471888207
-0.0006772193616917029
0.004753863300449804
-0.002337998991914774
0.004762666637741621
0.003487042112085066
-0.002680586885397645
-0.003469185184996212
0.002504798732802922
0.000409549158438485
-0.002236708901061442
-0.002680093566796932
0.002123059688449042
0.001937398732786334
0.002265348082059625
0.001772215973016661
-3.158250491898984e-05
0.002100519552284451
-0.001798615720438167
-0.001706200035905108
0.001774915479396902
0.001572235030037528
0.0002198180631000807
-0.001544129588589276
-0.0016755231353237
-0.001335185586688734
0.0002829873567105891
0.001497726939212203
0.001395719792486455
0.001260146986185681
-0.001386570304190108
0.0001211974108878425
0.001303391374529421
0.001173273107915228
0.001270594848868189
0.0002899738204022402
-0.001102919194226809
0.001157521083981955
0.001152285277271036
-0.0004310492360457131
-0.001003667532062532
-0.001016192780590488
-0.001040351194446934
-0.0004050127148416268
-0.000905939204615178
0.00104038898414365
-0.0009291667964084962
-0.0003707426194402972
0.0009018428395877766
-0.0008936716244016577
-0.0009015812496309632
0.0002580126767503673
-0.0008936357245202092
-0.0009362460167531961

-0.04366953854599594
-0.02591647397361017
-0.0079978496295067
0.007956864022962857
0.008795982549747316
-0.004598479774306963
0.006244493105938442
-0.004884630303736619
-0.003771954652893469
-0.002490691141357348
0.003232859062830213
-0.0004748199710703126
0.003333084318725254
-0.001639245237953506
0.003339256617678847
0.00244487580899189
-0.001879444474529088
-0.002432355751115229
0.001756193825993626
0.0002871479029716982
-0.001568227543054293
-0.001879098593214123
0.001488544475945966
0.001358371692083894
0.001588307381083402
0.001242556820784984
-2.214349577144532e-05
0.001472740871667924
-0.001261066520914923
-0.001196270953719881
0.001244449530318104
0.001102343839686835
0.0001541214151071023
-0.001082638223383341
-0.001174762405869168
-0.0009361409574310388
0.0001984114101388093
0.001050103854342374
0.0009785834088310151
0.0008835290149268777
-0.0009721684124293735
8.497534829450839e-05
0.0009138490269997178
0.0008226189838491864
0.000890854342785423
0.0002033098413940484
-0.0007732916238355464
0.0008115747403270403
0.0008079037501994081
-0.0003022222892118541
-0.0007037031359344044
-0.0007124849848893273
-0.0007294232149775335
-0.0002839672585021393
-0.0006351827063126832
0.0007294497105322404
-0.0006514683075334536
-0.0002599394078123045
0.0006323106148845814
-0.0006265815167844529
-0.0006321272058700179
0.0001809008699993003
-0.0006265563462392406
-0.0006564317734198233

0.05435218967612146
0.03225628564097992
0.009954321811901451
-0.009903310110498196
-0.01094769781980042
0.005723381863804871
-0.007772050839688188
0.006079531902694056
0.004694668218850543
0.003099975906479967
-0.004023696490266885
0.0005909727006259806
-0.004148439327037684
0.002040245238796762
-0.004156121523247188
-0.003042953008648602
0.002339203160064088
0.003027370234405504
-0.002185802349110666
-0.0003573913947127112
0.001951854856116652
0.002338772667608866
-0.00185267933648346
-0.00169066306439273
-0.001976846720046748
-0.001546517006025567
2.756034348734478e-05
-0.001833009779032428
0.001569554637422279
0.001488908469049063
-0.001548872719205193
-0.001372004455688805
-0.0001918233319143093
0.001347478357389944
0.001462138397475603
0.001165144230417628
-0.0002469477571055838
-0.00130698527557618
-0.001217969157028078
-0.001099662103209033
0.001209984893562178
-0.0001057624239246964
-0.00113739914147477
-0.001023851969359425
-0.001108779387761758
-0.0002530444660144279
0.0009624579149010238
-0.001010106030228433
-0.001005537024959296
0.0003761533493258552
0.0008758463586627091
0.0008867764654600869
0.0009078582063068293
0.0003534326857989654
0.0007905641342221473
-0.0009078911833307982
0.0008108335970103142
0.0003235270274914042
-0.0007869894580687025
0.0007798588806233988
0.0007867611826647749
-0.0002251537049885825
0.0007798275527389582
0.0008170112496322332

-0.007724846214855128
-0.004584449081514928
-0.001414765543547219
0.001407515466763685
0.001555949862712135
-0.0008134399918429556
0.001104608625124264
-0.0008640580864629518
-0.0006672332841878003
-0.0004405864288083223
0.000571870917947997
-8.399244366634186e-05
0.0005896000883126533
-0.0002899714032537396
0.0005906919262802907
0.0004324820061697457
-0.000332461024743941
-0.0004302672925519517
0.0003106588180451554
5.079452325877384e-05
-0.0002774088530208182
-0.0003323998406769853
0.0002633134570117003
0.0002402867713590673
0.0002809608406524721
0.0002197999033966426
-3.917034738380096e-06
0.0002605179062284077
-0.0002230741442461011
-0.0002116122463499176
0.0002201347109204677
0.0001949971747126738
2.726303665572959e-05
-0.0001915113843749481
-0.0002078075296071622
-0.0001655970081745952
3.509763742935683e-05
0.0001857562743851034
0.0001731047909669288
0.0001562903111394937
-0.0001719700214612312
1.503156478142032e-05
0.000161653716348084
0.0001455157383209041
0.0001575861121272407
3.596413681086455e-05
-0.0001367900617285789
0.0001435620862877768
0.0001429127129457087
-5.346108029980119e-05
-0.0001244803285539542
-0.0001260337782792692
-0.0001290300366996265
-5.023188874946126e-05
-0.0001123595276701389
0.0001290347235842095
-0.0001152403404548424
-4.598152436200844e-05
0.0001118514741083968
-0.0001108380353763744
-0.0001118190302933455
3.200014122901029e-05
-0.0001108335828770207
-0.000116118344023025

0.05587973185927758
0.03316283305483828
0.01023408324493795
-0.01018163788417111
-0.01125537760837645
0.005884234761901022
-0.007990480595288818
0.006250394226558233
0.004826609614090609
0.003187099240280151
-0.004136780547371914
0.0006075817045074571
-0.004265029221650249
0.002097585351215786
-0.004272927322294619
-0.003128473741295339
0.002404945341257843
0.003112453020667367
-0.002247233274197451
-0.0003674357081906701
0.002006710799287951
0.002404502750018777
-0.001904747999313732
-0.001738178337719395
-0.002032405047549275
-0.001589981123621718
2.833491370264278e-05
-0.001884525638398799
0.001613666216582784
0.001530753526385135
-0.001592403042988021
-0.001410563981883568
-0.0001972144345167854
0.001385348589372549
0.001503231094808327
0.001197890049344638
-0.0002538881051994317
-0.001343717468945304
-0.001252199595143432
-0.001130567578404734
0.001243990937788176
-0.000108734826046872
-0.001169365198004101
-0.001052626837158195
-0.001139941099860627
-0.0002601561591836463
0.0009895073322894867
-0.001038494575010736
-0.001033797160043258
0.0003867249585260639
0.0009004615998663865
0.0009116988920651043
0.0009333731251117911
0.0003633657416644689
0.0008127825594725638
-0.0009334070289391738
0.0008336216857759689
0.0003326195991951283
-0.0008091074187627891
0.0008017764398637314
0.0008088727277883945
-0.0002314815417162266
0.0008017442315239429
0.000839972958357406

-0.02285175907763906
-0.01356178789852821
-0.004185181226043159
0.00416373393720771
0.004602834854008563
-0.002406330715293594
0.003267670251853032
-0.002556069942595279
-0.001973819780325402
-0.001303349561140317
0.001691717359411906
-0.0002484677407967292
0.001744164064312808
-0.0008577978722501392
0.001747393956207618
0.00127937493323976
-0.0009834913251150674
-0.00127282333329685
0.0009189957013860874
0.0001502611412175354
-0.000820635142619635
-0.0009833103294663475
0.0007789379249991175
0.0007108200287647236
0.0008311426871514036
0.0006502154603477485
-1.15874325068316e-05
0.0007706680836052836
-0.0006599013700701795
-0.0006259946071379592
0.0006512058931238628
0.0005768436462569291
8.064993503477264e-05
-0.0005665319275806978
-0.0006147394354568852
-0.0004898716206816367
0.000103826371739033
0.0005495070725483256
0.0005120812593987906
0.0004623404061381793
-0.0005087243667651177
4.446660650467516e-05
0.0004782065140522272
0.0004304668988388942
0.0004661736645823848
0.000106389663558288
-0.000404654467920188
0.0004246875752974343
0.0004227665890729782
-0.0001581493913357997
-0.00036823962560575
-0.0003728350645148796
-0.0003816986423330351
-0.0001485967471444247
-0.0003323836857048732
0.0003817125071470794
-0.0003409057504649555
-0.0001360232537346708
0.0003308807538318657
-0.000327882783761956
-0.0003307847780381948
9.466331076092625e-05
-0.0003278696123101146
-0.0003435030741466643

0.05147759551930464
0.03055030597802762
0.009427854792155266
-0.009379541012210052
-0.0103686928455588
0.005420682006430844
-0.007361000391429957
0.005757995880173684
0.004446375263028148
0.002936023493888482
-0.003810890079179486
0.000559717167368059
-0.003929035481111543
0.001932340164928125
-0.003936311379130971
-0.002882016439389843
0.002215486714128712
0.002867257811369025
-0.002070199009149929
-0.0003384895763855811
0.001848624598093934
0.002215078989681306
-0.00175469430171557
-0.001601246792573402
-0.001872294685174799
-0.00146472437217922
2.61027241564479e-05
-0.001736065033446294
0.001486543582735841
0.001410162651986851
-0.001466955495725614
-0.001299441491529925
-0.0001816781246586872
0.001276212536533651
0.00138480840361663
0.001103521749031449
-0.0002338871134802867
-0.001237861064415503
-0.001153552855811135
-0.001041502859300074
0.001145990866355716
-0.0001001688305913622
-0.001077244050289915
-0.0009697021934974629
-0.00105013794629929
-0.0002396613779041806
0.0009115551653550782
-0.0009566832535277037
-0.0009523558951164794
0.0003562592433756946
0.0008295243458812698
0.0008398763780633808
0.0008598431417689868
0.0003347402368014084
0.0007487525521246238
-0.0008598743746946594
0.0007679499977659545
0.0003064162375058911
-0.0007453669344660847
0.0007386134810408528
0.0007451507321571454
-0.0002132457114264592
0.0007385838100343034
0.0007738009249285286

0.03799103766873844
0.02254646537963984
0.006957861627584698
-0.006922205520975062
-0.00765221056845103
0.004000523571838919
-0.00543250010668281
0.004249464959919375
0.003281474365750877
0.002166817972505756
-0.002812479236627152
0.000413077490795981
-0.002899671856444571
0.001426088519753804
-0.002905041550054248
-0.00212696016599618
0.001635053820248763
0.002116068134474039
-0.001527829879096205
-0.0002498090696975253
0.001364305500928593
0.001634752915075176
-0.001294983898162182
-0.001181737930840199
-0.001381774288288145
-0.001080982867136929
1.926410056026167e-05
-0.001281235291114494
0.001097085687049248
0.001040715711179559
-0.001082629461113817
-0.0009590022640918797
-0.000134080475357575
0.0009418590371144651
0.001022003994069359
0.0008144113164728899
-0.0001726112894128887
-0.0009135552244130629
-0.0008513348293740723
-0.0007686406865086023
0.0008457539971039114
-7.392571035690613e-05
-0.0007950180827239852
-0.0007156509970791013
-0.0007750134766932699
-0.0001768727607389314
0.0006727378440034588
-0.0007060428746753535
-0.0007028492360690237
0.0002629232814467413
0.0006121981874559534
0.0006198381022696356
0.0006345737958158685
0.0002470420154103144
0.0005525877058819714
-0.0006345968460621394
0.0005667556341457475
0.0002261385891078935
-0.0005500890824188195
0.0005451049587258936
0.0005499295227116064
-0.0001573777052672318
0.0005450830611934859
0.0005710736834251152

-0.02397529436888037
-0.01422857014773231
-0.004390950890939716
0.004368449119349897
0.004829138981434578
-0.002524640971926988
0.003428329343156412
-0.002681742315456302
-0.00207086509636351
-0.001367430371015093
0.001774892757403741
-0.0002606839677649821
0.001829918070088523
-0.0008999725765669322
0.001833306763655537
0.00134227700057339
-0.001031845905111757
-0.001335403283032448
0.0009641792734463774
0.0001576489179958604
-0.0008609826948941786
-0.001031656010585406
0.0008172353814635854
0.0007457683837387825
0.0008720068559836393
0.0006821841159829313
-1.215714310599656e-05
0.0008085589429833864
-0.0006923462455603885
-0.0006567724142578199
0.0006832232446233735
0.0006052048849652712
8.461518987313339e-05
-0.0005943861777537027
-0.0006449638679956563
-0.000513956771069179
0.0001089311250498492
0.0005765242744491591
0.0005372583744276655
0.0004850719499591862
-0.0005337364359729831
4.665286278016278e-05
0.0005017181348952974
0.0004516313418434788
0.0004890936753449588
0.0001116204443145126
-0.0004245498105028337
0.0004455678706381896
0.0004435524367254928
-0.000165925003788626
-0.0003863445869610563
-0.0003911659663666715
-0.0004004653330642434
-0.0001559026919082993
-0.0003487257449682074
0.0004004798795592445
-0.0003576668076915882
-0.0001427110069828121
0.0003471489195714767
-0.0003440035505569976
-0.0003470482250081284
9.93175507282442e-05
-0.0003439897315140379
-0.0003603918320375928

-0.03420680313323436
-0.02030064325476708
-0.006264798687479851
0.006232694236163514
0.006889984494011637
-0.003602036971060907
0.004891376310668696
-0.003826181652972444
-0.00295461125844264
-0.001950984241529385
0.002532332083226502
-0.0003719314152362012
0.002610839567195465
-0.001284037821528682
0.002615674393077545
0.001915096615808212
-0.001472188378458267
-0.001905289524429385
0.001375644865270792
0.0002249259349678021
-0.001228408923461598
-0.001471917446031128
0.001165992349337526
0.001064026655649564
0.001244137669156837
0.0009733076640068899
-1.734523023954939e-05
0.001153613221956394
-0.000987806504376262
-0.0009370514635686812
0.0009747902430425875
0.0008634773795378012
0.0001207249052936839
-0.0008480417656067346
-0.0009202035946300445
-0.0007332889355371879
0.0001554177184367586
0.000822557256406487
0.0007665345485633044
0.0006920774545000178
-0.0007615096152502229
6.656207294764065e-05
0.0007158274348867265
0.0006443659944916983
0.0006978154598990123
0.0001592547105183792
-0.0006057273610359344
0.0006357149238257351
0.0006328393991286484
-0.0002367338582855714
-0.000551217975655914
-0.0005580968891582077
-0.0005713647807214433
-0.0002224345031178643
-0.0004975452114197865
0.0005713855349647659
-0.0005103018920124117
-0.000203613238098139
0.0004952954723719785
-0.0004908078103229025
-0.0004951518061858274
0.0001417015304655627
-0.0004907880939731442
-0.0005141898263958901

0.02344180977299234
0.01391196410825664
0.004293245952448997
-0.004271244877465967
-0.004721683731111212
0.002468464098852315
-0.003352044111114459
0.002622069712757822
0.002024785385638014
0.001337003089178036
-0.001735398854602821
0.0002548833765789282
-0.001789199775367258
0.0008799468993453586
-0.00179251306565522
-0.001312409417209789
0.001008885857687954
0.001305688649716797
-0.0009427249053726103
-0.0001541410040567607
0.0008418245983140126
0.001008700188586094
-0.0007990507251869225
-0.0007291739703936932
-0.0008526034560493434
-0.000667004543551486
1.188662928133435e-05
-0.0007905673498744171
0.0006769405512091224
0.000642158288540557
-0.0006680205500929279
-0.0005917382105413424
-8.273238085811349e-05
0.0005811602350410263
0.0006306124993245262
0.0005025204977078532
-0.000106507251693672
-0.0005636957846360198
-0.0005253036070591529
-0.0004742784051867631
0.0005218600367731704
-4.56147698473087e-05
-0.0004905541886959738
-0.0004415818984377437
-0.0004782106414297773
-0.0001091367297576691
0.0004151029699090871
-0.0004356533481404745
-0.0004336827605153943
0.0001622329351018995
0.0003777478672429443
0.0003824619640598646
0.0003915544065457853
0.0001524336339975979
0.0003409660982974026
-0.0003915686293604908
0.0003497082095851575
0.000139535482932149
-0.0003394243595213502
0.0003363489794668774
0.0003393259055560746
-9.710759315271884e-05
0.0003363354679173086
0.0003523725982412698

0.004683701821848624
0.002779627181955281
0.0008577957113320428
-0.0008533998700573399
-0.0009433980954435069
0.0004932020995354263
-0.0006697424500147739
0.0005238926861690254
0.0004045545583464821
0.0002671348272697527
-0.0003467347809596461
5.092600557723778e-05
-0.0003574842697162278
0.0001758144501427925
-0.0003581462691060085
-0.0002622209819937108
0.0002015766092910824
0.0002608781645554087
-0.0001883575713457212
-3.079755823089471e-05
0.0001681975684887985
0.0002015395123807523
-0.0001596512971287222
-0.000145689837373704
-0.0001703511972444825
-0.000133268311024967
2.374962844579158e-06
-0.0001579563085253616
0.0001352535373200013
0.0001283039993531069
-0.0001334713103550177
-0.0001182300070520074
-1.653002932381517e-05
0.0001161165148084674
0.0001259971367638057
0.0001004042005894416
-2.128027714703616e-05
-0.000112627096586479
-0.0001049562932738415
-9.476139649395068e-05
0.0001042682637839344
-9.113885945916844e-06
-9.801331763876423e-05
-8.822859507158329e-05
-9.55470620306714e-05
-2.180565003068836e-05
8.293807326504859e-05
-8.704406358292724e-05
-8.665033780242654e-05
3.241433579823e-05
7.547447876844231e-05
7.641636098924625e-05
7.823304194720798e-05
3.045642363702171e-05
6.812543703955213e-05
-7.823588368273046e-05
6.987212140227069e-05
2.787935752185552e-05
-6.781739577545365e-05
6.720293113720175e-05
6.779772455464657e-05
-1.940221405121583e-05
6.72002315132228e-05
7.040446946420177e-05

-0.01986355569854719
-0.0117883847969349
-0.003637907266114152
0.003619264525533142
0.0040009465434667
-0.002091667605541333
0.002840374337557617
-0.002221826227975741
-0.001715713832451954
-0.001132917449130474
0.001470500449471072
-0.0002159769316592217
0.001516088976832766
-0.0007456281923697933
0.001518896512889757
0.001112077856210709
-0.0008548853788051223
-0.001106382974257152
0.0007988235058478659
0.000130612288435162
-0.0007133250358633008
-0.0008547280509973549
0.0006770803423209109
0.0006178698622294249
0.0007224585645057812
0.0005651902319114303
-1.007220539217257e-05
0.0006698919042410352
-0.0005736095665720176
-0.0005441366112614999
0.0005660511510436159
0.0005014128609468393
7.010377062021932e-05
-0.0004924495510504382
-0.0005343532187078946
-0.0004258137060468706
9.024954757350922e-05
0.000477650946048377
0.0004451191080601106
0.0004018826024644212
-0.0004422011784787126
3.865194412517124e-05
0.0004156739835652639
0.0003741770247276498
0.0004052146060251604
9.247765131157842e-05
-0.0003517399485479066
0.0003691534326849742
0.0003674836436444116
-0.0001374690339074535
-0.0003200868820987213
-0.0003240813998257134
-0.0003317859345653161
-0.0001291655383507276
-0.0002889196333574482
0.0003317979863512044
-0.0002963273128911241
-0.0001182362140119543
0.0002876132319171384
-0.0002850072904988486
-0.0002875298063692903
8.228469149868076e-05
-0.0002849958414076928
-0.0002985849983252102

-0.02668979722820628
-0.01583954074753795
-0.004888098019364566
0.004863048578397833
0.005375898131562166
-0.002810482932054855
0.003816487655689582
-0.002985371420952904
-0.0023053301727397
-0.001522251980082158
0.001975847598284714
-0.0002901988243914567
0.002037102922842977
-0.00100186822359469
0.00204087528712744
0.001494250724022988
-0.001148672360574962
-0.001486598758439275
0.001073344456337913
0.0001754980602037795
-0.0009584638749435599
-0.001148460966031082
0.0009097634541364929
0.0008302049032200016
0.0009707362007619231
0.0007594215715458613
-1.353358500550295e-05
0.0009001046620424737
-0.0007707342659241269
-0.000731132735720084
0.0007605783511982988
0.0006737266876779452
9.419539236486951e-05
-0.000661683077396421
-0.0007179872159839441
-0.000572147386089986
0.0001212643980377451
0.0006417988344765279
0.0005980872164488417
0.000539992201401354
-0.0005941665211798626
5.193493888166013e-05
0.0005585230813034132
0.0005027654196958684
0.0005444692698955724
0.0001242582042764043
-0.0004726176947508602
0.0004960154372148435
0.000493771814190747
-0.0001847111713445571
-0.0004300868438800356
-0.0004354541038900227
-0.0004458063526543852
-0.0001735541249396618
-0.0003882087651668371
0.0004458225461157473
-0.0003981621424817923
-0.0001588688664255058
0.000386453410281224
-0.0003829519199591884
-0.0003863413149953048
0.0001105623667994264
-0.0003829365363124181
-0.0004011956963607534

0.01679570778074969
0.009967715209761391
0.003076046821747539
-0.003060283378998926
-0.003383016113040541
0.001768617784765782
-0.00240168971182947
0.001878673920772875
0.001450728590720647
0.0009579428126606886
-0.001243387448632104
0.0001826201454856647
-0.001281935007555607
0.0006304688557370471
-0.0012843089307299
-0.0009403218127620285
0.0007228517001865944
0.0009355064828891395
-0.0006754483626311224
-0.0001104397350818828
0.0006031547944827088
0.0007227186710388937
-0.0005725079510585299
-0.0005224422963355508
-0.0006108776856112402
-0.0004778988273691713
8.516592952539456e-06
-0.0005664297389185549
0.0004850178289625695
0.0004600968554801064
-0.0004786267809333419
-0.0004239716200755081
-5.927651944773014e-05
0.000416392658078253
0.0004518244693610718
0.0003600484567989054
-7.631086052232945e-05
-0.0004038796393142544
-0.000376372215531965
-0.0003398134178793586
0.0003739049486781367
-3.268230363870315e-05
-0.0003514747745054297
-0.0003163868574675973
-0.0003426308066177502
-7.819484241650755e-05
0.0002974150993046138
-0.0003121391394235912
-0.0003107272427216029
0.0001162374832306761
0.0002706507242595257
0.0002740283044614931
0.0002805429041654071
0.0001092164298479909
0.0002442971342913843
-0.0002805530946004561
0.0002505607269064053
9.997509659321513e-05
-0.0002431925014065126
0.0002409890373732248
0.0002431219606058438
-6.957614508776075e-05
0.0002409793565490827
0.0002524697217201931

0.01686002008333428
0.01000588250375143
0.003087825286611601
-0.003072001484197702
-0.003395969991421137
0.001775389984163978
-0.002410886001588651
0.001885867535190885
0.001456283563295121
0.0009616108633811471
-0.001248148492993481
0.0001833194147399033
-0.001286843654048909
0.0006328829786991816
-0.001289226667192317
-0.0009439223910608363
0.0007256195655170756
0.0009390886228491169
-0.0006780347162426456
-0.0001108626189372529
0.0006054643294040366
0.0007254860269885444
-0.0005747001364109148
-0.000524442775712967
-0.0006132167921896572
-0.0004797287457264383
8.549203766569392e-06
-0.0005685986502403114
0.0004868750066285253
0.0004618586084572883
-0.0004804594866914365
-0.0004255950462194266
-5.950349466690737e-05
0.0004179870636829682
0.0004535545466146237
0.0003614271152990857
-7.660306179283022e-05
-0.0004054261314246163
-0.0003778133791986863
-0.0003411145945631875
0.0003753366649541716
-3.280744717109926e-05
-0.0003528206035912946
-0.0003175983317071258
-0.000343942771340981
-7.849425762613407e-05
0.0002985539289454786
-0.0003133343487619224
-0.000311917045778216
0.0001166825671944409
0.0002716870706582909
0.000275077583924043
0.0002816171286266117
0.0001096346295556399
0.0002452325703817504
-0.0002816273580817416
0.0002515201468662359
0.0001003579103898599
-0.0002441237077564338
0.0002419118064576552
0.0002440528968485648
-6.98425585163571e-05
0.000241902088564754
0.0002534364513959247

0.02444383795181122
0.01450663577371501
0.004476762219521844
-0.004453820701062738
-0.004923513717611446
0.002573979441285391
-0.003495328383468407
0.002734150979708973
0.002111335529680126
0.001394153743649697
-0.001809579072369282
0.0002657784537131519
-0.001865679731898132
0.0009175605306112123
-0.001869134649913298
-0.001368508806758273
0.001052011028841553
0.001361500757759624
-0.0009830220039840337
-0.0001607298140109072
0.0008778086787794635
0.001051817423250228
-0.0008332064218116223
-0.00076034276122793
-0.0008890482824764518
-0.0006955158809659081
1.239472731669725e-05
-0.0008243604217188652
0.0007058766066700553
0.0006696075642837463
-0.0006965753170540476
-0.0006170322628006844
-8.626880478285521e-05
0.0006060021281181023
0.0006575682463572346
0.0005240009083079813
-0.0001110599406062986
-0.0005877911538056653
-0.0005477578894632468
-0.0004945515978797574
0.0005441671225873096
-4.756458879046717e-05
-0.0005115230953234107
-0.0004604574677634318
-0.0004986519189063945
-0.0001138018166097365
0.0004328466883757029
-0.0004542754995554419
-0.0004522206784881673
0.0001691676374170383
0.0003938948290659534
0.0003988104315640964
0.0004082915336147697
0.0001589494618344455
0.000355540810822744
-0.0004083063643885809
0.0003646566066483407
0.0001454999748888655
-0.0003539331698951653
0.0003507263316682277
0.0003538305074815103
-0.0001012584904450864
0.0003507122425627121
0.0003674348855090507

0.01580837287631906
0.009381763532553213
0.00289522155171835
-0.002880384762222241
-0.003184145667432723
0.001664649670155894
-0.002260506493291745
0.001768236161302786
0.001365447577668185
0.0009016301887607441
-0.001170294975019636
0.0001718848286866382
-0.001206576517476289
0.0005934067732363709
-0.001208810889686545
-0.0008850450385256079
0.0006803588964514187
0.0008805127775964486
-0.0006357421618998501
-0.0001039475403672714
0.0005676983678086224
0.0006802336874159974
-0.0005388530976564337
-0.0004917305501288459
-0.0005749672691396007
-0.0004498055669238648
8.01594543005008e-06
-0.0005331321929357933
0.0004565060783380133
0.0004330500831281073
-0.0004504907277714815
-0.0003990484680145457
-5.579195199584799e-05
0.000391915034947651
0.0004252639888443079
0.0003388830249323737
-7.182493011889028e-05
-0.0003801375934123745
-0.0003542471922639259
-0.000319837501838945
0.0003519249635778612
-3.076107593213816e-05
-0.0003308133461556422
-0.0002977880706966344
-0.0003224892705107889
-7.359816222462721e-05
0.0002799315664591272
-0.00029379005456124
-0.0002924611561415273
0.0001094044681595053
0.0002547405339621167
0.0002579195632682704
0.0002640512025301807
0.0001027961470749051
0.0002299361385603863
-0.0002640607939209729
0.0002358315261734676
9.409806516775583e-05
-0.0002288964414685401
0.0002268225079663948
0.0002288300474055246
-6.548611461940799e-05
0.0002268133962291098
0.0002376283008155298

-0.001609920514441752
-0.0009554363178827828
-0.0002948485974134299
0.0002933376226939024
0.0003242725529737751
-0.0001695274823227241
0.000230209383663523
-0.0001800767031954213
-0.0001390568203241265
-9.182178005811912e-05
0.0001191825308633743
-1.750470551196489e-05
0.0001228774335551073
-6.043238890652461e-05
0.0001231049814304882
9.013275274253916e-05
-6.928757014704274e-05
-8.967118848775095e-05
6.474381369565441e-05
1.058599003021776e-05
-5.781425169425127e-05
-6.927481889187854e-05
5.48766570078863e-05
5.00777092255448e-05
5.855451468413833e-05
4.580808001978863e-05
-8.163417634080722e-07
5.429404158356861e-05
-4.649045833075433e-05
-4.410170597967494e-05
4.587785661918853e-05
4.063899048569281e-05
5.681837641458577e-06
-3.991252354782244e-05
-4.330877219607644e-05
-3.451175766803719e-05
7.314631894844546e-06
3.871311201555369e-05
3.607644040724939e-05
3.257216663135804e-05
-3.583994525183665e-05
3.132699840577642e-06
3.368994371481691e-05
3.032665839305181e-05
3.284222205186514e-05
7.495217383689242e-06
-2.850815672227699e-05
2.991950148679973e-05
2.978416682307257e-05
-1.114172211393416e-05
-2.594270863258941e-05
-2.626646013665553e-05
-2.689090465803684e-05
-1.046873244173587e-05
-2.341663556242008e-05
2.689188144272719e-05
-2.401702027833595e-05
-9.582922079817737e-06
2.331075308541957e-05
-2.309954424591102e-05
-2.330399153162543e-05
6.669088600154292e-06
-2.309861630893132e-05
-2.420000333283296e-05

0.01956969167283067
0.01161398589948594
0.003584087593009356
-0.003565720655557094
-0.003941756020087878
0.002060723203020263
-0.002798353470294559
0.002188956241869877
0.001690331338932322
0.001116156921082995
-0.001448745674623073
0.0002127817408502683
-0.001493659759382812
0.0007345972719431562
-0.001496425760386622
-0.00109562563181003
0.0008422380933563354
0.001090015000680657
-0.0007870056070368711
-0.0001286799932574292
0.0007027720125340115
0.0008420830930763951
-0.000667063527700583
-0.0006087290151503135
-0.0007117704185661535
-0.0005568287341330145
9.923195875982602e-06
-0.0006599814363082936
0.0005651235120617756
0.0005360865834842278
-0.0005576769167152402
-0.0004939948938870798
-6.906664632257866e-05
0.0004851641883623334
0.000526447927711878
0.0004195141627139895
-8.89143840321921e-05
-0.0004705845158469427
-0.000438533958099744
-0.0003959370989896346
0.0004356591967480446
-3.808012223814794e-05
-0.0004095244486052362
-0.0003686414011722491
-0.0003992198084564832
-9.110952491384076e-05
0.0003465362620148851
-0.000363692128803447
-0.0003620470428391131
0.0001354352991457055
0.0003153514751463874
0.0003192868974587255
0.0003268774503095621
0.0001272546465818835
0.0002846453187353755
-0.0003268893237997778
0.0002919434080948003
0.0001164870120884154
-0.0002833582443677988
0.0002807908555857938
0.0002832760530283743
-8.106736107370417e-05
0.0002807795758738653
0.0002941676930369852

-0.01340399254758083
-0.007954840732653042
-0.002454871757293014
0.002442291574791736
0.002699851852597252
-0.001411464161914354
0.001916693920803983
-0.001499295627317094
-0.001157769322521008
-0.0007644964111979216
0.0009922985272654875
-0.0001457419419938461
0.001023061815081768
-0.0005031523502371391
0.00102495634962314
0.0007504337855314791
-0.0005768794580608339
-0.0007465908605072511
0.000539048722278849
8.813760070837136e-05
-0.0004813540742563511
-0.0005767732927399497
0.0004568960361535648
0.0004169406099484601
0.0004875174093467039
0.0003813922225948699
-6.796757240408643e-06
0.0004520452545556853
-0.0003870736172433495
-0.0003671851703140362
0.0003819731736494926
0.0003383550434469249
4.730625438925831e-05
-0.0003323065725247266
-0.0003605833049245264
-0.0002873404857180935
6.090069076535826e-05
0.0003223204253226915
0.0003003678343278346
0.0002711916985149518
-0.0002983988058740353
2.608245869298986e-05
0.0002804981677243256
0.0002524958837702876
0.0002734401454483176
6.240422247708029e-05
-0.0002373552711596018
0.0002491059473800356
0.0002479791682577657
-9.276455504657677e-05
-0.0002159956780821024
-0.0002186911917482648
-0.0002238902370652048
-8.716132900535482e-05
-0.0001949639163876368
0.0002238983696498422
-0.0001999626428377635
-7.978618508800353e-05
0.0001940823524100777
-0.0001923238545922734
-0.0001940260565767123
5.552597975742806e-05
-0.0001923161287080017
-0.0002014861363749995

-0.01097759752797654
-0.006514852918056689
-0.00201049008634547
0.002000187172505323
0.002211123806415524
-0.001155960467723177
0.001569733374008995
-0.00122789265315667
-0.0009481895493269784
-0.000626107026240315
0.0008126723303714062
-0.0001193596890236243
0.0008378668379844588
-0.0004120715508123269
0.0008394184232769599
0.0006145900215714461
-0.0004724525539886304
-0.000611442744064632
0.000441469950101919
7.218290402830035e-05
-0.0003942192057239986
-0.0004723656067481051
0.0003741885695040214
0.0003414658873343784
0.0003992668519243394
0.0003123524804333437
-5.566406070110606e-06
0.0003702158779429889
-0.0003170054272047692
-0.0003007171933019599
0.0003128282675421882
0.0002771059052246409
3.874286108396286e-05
-0.0002721523304439648
-0.0002953103996975681
-0.0002353260190580849
4.987642823768487e-05
0.0002639738788035708
0.0002459951528543671
0.0002221004904813152
-0.000244382558561285
2.13610036752375e-05
0.0002297222996567418
0.0002067889981034979
0.0002239419228314006
5.110779015789481e-05
-0.0001943891440318708
0.000204012709083222
0.0002030898998781839
-7.597228561179078e-05
-0.0001768960713273113
-0.0001791036422471865
-0.0001833615547174061
-7.138335734132269e-05
-0.0001596714858639463
0.0001833682151389919
-0.0001637653412527188
-6.53432643355882e-05
0.0001589495028796647
-0.0001575093288994708
-0.000158903397736068
4.547464913606409e-05
-0.0001575030015572353
-0.000165013051502409

0.01355997876352664
0.008047413561225993
0.002483439824210221
-0.002470713242413861
-0.002731270825160945
0.001427889786799952
-0.00193899905345552
0.001516743372878817
0.001171242625711263
0.000773393081489432
-0.001003846197991742
0.0001474379839720184
-0.001034967487264284
0.000509007682585149
-0.001036884069063295
-0.0007591668048989007
0.0005835927745148027
0.0007552791586224296
-0.0005453217912989633
-8.916328397161049e-05
0.0004869557336354089
0.0005834853737166613
-0.0004622130701272554
-0.000421792670839082
-0.0004931907932746528
-0.0003858305964139337
6.875853109706556e-06
-0.0004573058385527543
0.0003915781071280993
0.0003714582124740289
-0.0003864183081671256
-0.000342292580914739
-4.785677122866443e-05
0.0003361737221517332
0.0003647795192290762
0.0002906843517262954
-6.160941007172615e-05
-0.0003260713632084791
-0.0003038633034353837
-0.0002743476363220055
0.0003018713608165812
-2.638598796007995e-05
-0.0002837624076592655
-0.0002554342528652287
-0.000276622249095772
-6.313043882556143e-05
0.0002401174444786026
-0.0002520048667850767
-0.0002508649750017075
9.384408354259127e-05
0.0002185092835146047
0.0002212361656685417
0.0002264957138097127
8.817565110676414e-05
0.0001972327690041175
-0.0002265039410356389
0.0002022896671087419
8.071468046369547e-05
-0.0001963409460064353
0.0001945619840307457
0.0001962839950418579
-5.617215196603422e-05
0.0001945541682380153
0.0002038308899897173

0.007263227588306428
0.004310493195582569
0.001330222484832891
-0.001323405655571882
-0.001462969961413596
0.0007648307326591137
-0.001038599813787172
0.0008124240090929197
0.0006273609937022718
0.0004142580209040556
-0.0005376972579987197
7.897325293978338e-05
-0.0005543669748747215
0.0002726433947490413
-0.0005553935671753943
-0.0004066378994857058
0.0003125939364738939
0.0004045555319405937
-0.0002920945783280109
-4.775916211232003e-05
0.0002608315529475511
0.0003125364086227904
-0.0002475784646252599
-0.0002259277995055013
-0.0002641712821592516
-0.0002066651785490484
3.682961962588812e-06
-0.0002449499693764346
0.0002097437584725359
0.0001989667966149252
-0.0002069799787634815
-0.000183344602548995
-2.563386175871366e-05
0.000180067114836842
0.0001953894407889708
0.0001557013207592546
-3.300028523171024e-05
-0.0001746559166732175
-0.0001627604561242081
-0.0001469507700322458
0.0001616934977730304
-1.413331385236979e-05
-0.0001519936707702886
-0.0001368200603233856
-0.0001481691370030824
-3.38150046498041e-05
0.0001286158096251265
-0.0001349831539370975
-0.0001343725856174065
5.026637198129852e-05
0.0001170416771295218
0.0001185022963558865
0.0001213195054258719
4.723014931693086e-05
0.0001056451867758195
-0.0001213239122332388
0.0001083538489695791
4.323377670048031e-05
-0.000105167493299054
0.0001042146152801382
0.0001051369882500172
-3.008788811321484e-05
0.000104210428851681
0.000109179385111241

0.001489823688652824
0.0008841626941312212
0.0002728534862754204
-0.0002714552272243612
-0.0003000824740522849
0.0001568810738023764
-0.0002130362275996002
0.0001666433440592199
0.0001286834617794259
8.497206032076937e-05
-0.0001102917542581245
1.619888975931399e-05
-0.0001137110246559897
5.592425448788273e-05
-0.0001139215979181986
-8.340903103926952e-05
6.411885705441608e-05
8.298189854764434e-05
-5.991405567700493e-05
-9.796296508695915e-06
5.350142503523374e-05
6.410705701731344e-05
-5.078296899204908e-05
-4.634201304259447e-05
-5.418646589793904e-05
-4.239088957059054e-05
7.554443130909641e-07
-5.024381550422131e-05
4.302236383485177e-05
4.081180759493897e-05
-4.245546097654219e-05
-3.760740369797272e-05
-5.257984004417481e-06
3.69351297298694e-05
4.007802507375737e-05
3.19372501001138e-05
-6.768975097194565e-06
-3.582519188054446e-05
-3.338521066039815e-05
-3.014234864569882e-05
3.316635756687826e-05
-2.899006746025886e-06
-3.117674181154454e-05
-2.806435079645865e-05
-3.039225847607212e-05
-6.93608927253245e-06
2.638150568534619e-05
-2.768756697482002e-05
-2.756232800423471e-05
1.031057209896418e-05
2.400743485277823e-05
2.430703514715455e-05
2.488489736577116e-05
9.687786099974391e-06
2.166980174271288e-05
-2.488580128429292e-05
2.222539896886258e-05
8.868055405840896e-06
-2.15718178851484e-05
2.137636479932521e-05
2.156556072959601e-05
-6.171588031310682e-06
2.137550608465446e-05
2.239473185631413e-05

-0.008521892563134013
-0.005057470588697879
-0.001560740450851794
0.001552742314227752
0.001716492108044624
-0.0008973703843725709
0.001218581673447068
-0.0009532112324757631
-0.0007360781307803566
-0.0004860459492202542
0.0006308763161345112
-9.265874829498929e-05
0.0006504347747601935
-0.0003198905293619511
0.000651639268105035
0.0004771053156994011
-0.0003667642119333549
-0.0004746620888721765
0.0003427124628164877
5.603548057364112e-05
-0.0003060317805369131
-0.0003666967149204673
0.0002904820275601705
0.0002650794582715597
0.0003099502607422946
0.0002424787639825133
-4.321192717384338e-06
0.0002873980330355835
-0.0002460908396108323
-0.000233446307962709
0.0002428481168044519
0.0002151169002977122
3.00760251871607e-05
-0.0002112714475949609
-0.0002292490221640837
-0.0001826832370755496
3.871899673778448e-05
0.0002049225278030856
0.0001909656697045403
0.0001724162789970752
-0.0001897138151636337
1.658251524499318e-05
0.0001783330780748679
0.0001605299903357833
0.0001738457801798112
3.967490115708885e-05
-0.0001509040021423159
0.0001583747613164397
0.0001576583859090114
-5.897717183650791e-05
-0.0001373241559321286
-0.0001390378899396465
-0.0001423433010300252
-5.541479367486912e-05
-0.0001239527359662047
0.0001423484715053366
-0.0001271307897893159
-5.072587849693241e-05
0.0001233922616539885
-0.0001222742567444219
-0.0001233564702998654
3.530190219637751e-05
-0.0001222693448381038
-0.0001280993853923834

-0.01380569733389385
-0.008193239671272728
-0.002528441906723707
0.002515484708232962
0.002780763820256982
-0.001453764387577123
0.001974135397226291
-0.001544228077662977
-0.001192466557441653
-0.0007874076345819455
0.001022036761335514
-0.0001501096880558489
0.001053721995348726
-0.0005182313430533522
0.001055673307271457
0.0007729235655267298
-0.0005941679815066685
-0.0007689654717295499
0.0005552034948977713
9.077899997299982e-05
-0.0004957797936717316
-0.0005940586345129238
0.0004705887716513322
0.0004294359196875522
0.000502127837996796
0.0003928221812982692
-7.000449528744692e-06
0.0004655926167865813
-0.000398673841889074
-0.0003781893573018856
0.0003934205428978451
0.0003484952192150719
4.872397741045748e-05
-0.0003422654814267275
-0.0003713896403454932
-0.0002959518041743919
6.272582599153802e-05
0.0003319800589816557
0.0003093695699132897
0.0002793190533246442
-0.0003073415315674543
2.686412493597855e-05
0.0002889044284802048
0.0002600629429635814
0.0002816348840537445
6.427441710497763e-05
-0.0002444685807308089
0.0002565714134347081
0.0002554108658240842
-9.554461968998926e-05
-0.0002224688611580054
-0.0002252451567805154
-0.0002306000124934943
-8.9773470344454e-05
-0.0002008067977599317
0.0002306083888039074
-0.0002059553312420227
-8.217730044540057e-05
0.0001998988141563991
-0.000198087615847554
-0.0001998408311909758
5.719004005539807e-05
-0.0001980796584258519
-0.0002075244824176756

-0.008619750793842152
-0.005115546317768508
-0.001578662678570588
0.001570572698087312
0.001736202856505172
-0.0009076750294325194
0.001232574838187588
-0.000964157106764813
-0.0007445306315608315
-0.000491627291190992
0.0006381207679549698
-9.372276325418431e-05
0.0006579038194327377
-0.0003235638825509986
0.0006591221441638005
0.0004825839909713611
-0.0003709758229811265
-0.0004801127081866937
0.0003466478838517132
5.667894479772417e-05
-0.0003095459915366482
-0.0003709075508894387
0.0002938176783042555
0.0002681234073229024
0.0003135094682656034
0.0002452631857117978
-4.370813652021992e-06
0.0002906982697861973
-0.0002489167393718593
-0.0002361270085808984
0.0002456367798702429
0.0002175871214489155
3.042139290796792e-05
-0.000213697510808941
-0.0002318815246903088
-0.0001847810173782137
3.916361305832989e-05
0.0002072756853738988
0.0001931585584818693
0.0001743961622076065
-0.0001918923286986189
1.677293487191518e-05
0.0001803809048185103
0.0001623733814268241
0.0001758420785769262
4.013049427821669e-05
-0.000152636856499121
0.0001601934035741729
0.0001594688019154163
-5.965441596336286e-05
-0.0001389010707821179
-0.0001406344838664159
-0.0001439778515114588
-5.605113045379894e-05
-0.0001253761047006854
0.0001439830813601652
-0.0001285906526149854
-5.130837172646592e-05
0.000124809194373934
-0.0001236783512383704
-0.0001247729920220463
3.570727948364258e-05
-0.0001236733829278936
-0.0001295703707534933

0.001357515498839282
0.0008056420165141843
0.0002486219271130043
-0.0002473478445838711
-0.0002734327642648779
0.0001429487870163983
-0.0001941169166414295
0.0001518440900499745
0.0001172553471529672
7.742586571302188e-05
-0.0001004969695004275
1.476029954397919e-05
-0.0001036125814986417
5.095773601034277e-05
-0.0001038044541809235
-7.600164585997894e-05
5.842459270993502e-05
7.561244612990901e-05
-5.459321112907689e-05
-8.926307483933488e-06
4.875007307803351e-05
5.841384060991598e-05
-4.627303754718569e-05
-4.222647379809372e-05
-4.937427686507621e-05
-3.862624150760724e-05
6.88354851209124e-07
-4.578176517611684e-05
3.920163583605069e-05
3.718739456736568e-05
-3.868507845921027e-05
-3.426756721617017e-05
-4.791033216217426e-06
3.365499652190787e-05
3.651877776864522e-05
2.910096834368639e-05
-6.167836285381708e-06
-3.264362997923298e-05
-3.042033849282708e-05
-2.746546841051611e-05
3.022092129423205e-05
-2.641551895665928e-06
-2.840799923829939e-05
-2.557201329337631e-05
-2.76931842608231e-05
-6.32010939314634e-06
2.403861820920344e-05
-2.522869087109599e-05
-2.511457411693682e-05
9.394911312551465e-06
2.187538374389817e-05
2.214837714985383e-05
2.267492060861672e-05
8.827433662328312e-06
1.974535104156323e-05
-2.267574425198176e-05
2.025160681620547e-05
8.080501571877135e-06
-1.965606892966013e-05
1.947797363200987e-05
1.965036745927171e-05
-5.623501941033347e-06
1.94771911780021e-05
2.04059015968095e-05

0.01183160071954474
0.007021676489461458
0.002166896344270471
-0.002155791914317859
-0.002383138382721174
0.001245888516755947
-0.001691850923673073
0.001323416673054361
0.0010219540409901
0.0006748150789183944
-0.0008758942477415227
0.0001286452868158839
-0.0009030487643503363
0.0004441286943403543
-0.0009047210553610721
-0.0006624021078303909
0.0005092070431144064
0.0006590099875856139
-0.0004758141447588071
-7.779837956922153e-05
0.0004248875244527512
0.000509113331805332
-0.000403298603078162
-0.0003680302568925242
-0.00043032785274532
-0.0003366519698712343
5.999445133284784e-06
-0.0003990168556181771
0.0003416668930571125
0.0003241115145260827
-0.0003371647708809216
-0.0002986633841594987
-4.175686546259027e-05
0.0002933244455810099
0.0003182840989245434
0.0002536332279734623
-5.375656947900101e-05
-0.0002845097505562955
-0.0002651323679974298
-0.0002393788182060812
0.0002633943217856656
-2.302278488621702e-05
-0.0002475935667149603
-0.0002228761668952868
-0.0002413635049522815
-5.508372531103859e-05
0.0002095116650557985
-0.0002198838962198601
-0.0002188892969893416
8.188255643540082e-05
0.0001906577171796449
0.000193037026278651
0.000197626183434183
7.693663207550323e-05
0.0001720931435337816
-0.0001976333620038724
0.0001765054807723885
7.042664948862034e-05
-0.0001713149938179725
0.0001697627813729194
0.0001712653019205855
-4.901235357441971e-05
0.0001697559617944562
0.0001778502567536458

0.007423227622564008
0.00440544809690947
0.001359525661768714
-0.001352558666083557
-0.001495197403153553
0.0007816790197241731
-0.001061478899395737
0.0008303207179191264
0.0006411809902898394
0.0004233836192321196
-0.0005495420719818919
8.071293726363173e-05
-0.0005665790023642513
0.0002786493957960881
-0.0005676282092397147
-0.0004155956358442148
0.000319479999169366
0.0004134673962850058
-0.0002985290651963669
-4.88112381324108e-05
0.0002665773535436984
0.0003194212040499745
-0.0002530323158697558
-0.0002309047130361843
-0.0002699906529115983
-0.0002112177600627283
3.764093117164466e-06
-0.0002503459180803966
0.000214364157342475
0.000203349792175426
-0.0002115394949414176
-0.000187383460251386
-2.619854443039004e-05
0.0001840337734871884
0.000199693631569108
0.0001591312307204208
-3.37272412169682e-05
-0.0001785033732359215
-0.0001663458702172133
-0.0001501879160466691
0.0001652554080764765
-1.444465349759874e-05
-0.0001553419057298439
-0.0001398340391740774
-0.0001514331221540806
-3.45599079089439e-05
0.0001314490588515918
-0.0001379566679832586
-0.0001373326495890967
5.137367877311646e-05
0.0001196199623509207
0.0001211127572351716
0.0001239920259807188
4.827057183113841e-05
0.0001079724212315567
-0.000123996529864677
0.0001107407519457426
4.418616400612986e-05
-0.0001074842047508319
0.0001065103359927682
0.0001074530277128054
-3.075068754643036e-05
0.0001065060573424098
0.0001115844736404937

0.005618573140003091
0.003334443399221534
0.00102901254747182
-0.001023739292115041
-0.001131701248500708
0.0005916457055657198
-0.0008034236771475702
0.0006284621623495333
0.0004853040312239408
0.0003204551917152584
-0.0004159433715266645
6.109088450713912e-05
-0.0004288384684173751
0.0002109071808520362
-0.000429632603511727
-0.0003145605382704062
0.0002418114913579035
0.0003129496931998952
-0.0002259539209230871
-3.694478001286507e-05
0.0002017699624084496
0.0002417669898694388
-0.0001915178471932208
-0.0001747696668524554
-0.0002043534575027859
-0.000159868792083461
2.849007676969135e-06
-0.0001894845372598499
0.0001622502714267989
0.0001539135991019827
-0.0001601123102725814
-0.0001418288283992095
-1.98294388274379e-05
0.0001392934811032305
0.0001511462845560404
0.0001204449740896903
-2.552784061370435e-05
-0.0001351075717003209
-0.0001259056687837535
-0.0001136758609540629
0.0001250803079561394
-1.093302620972653e-05
-0.0001175768686383229
-0.000105839106182526
-0.0001146183460756891
-2.615807842237829e-05
9.949259121425693e-05
-0.0001044181410871557
-0.0001039458272680654
3.888426791337984e-05
9.053925618958912e-05
9.166913899350974e-05
9.384843119079989e-05
3.65355546310639e-05
8.172333877364156e-05
-9.385184013941211e-05
8.381866298898274e-05
3.34441036793781e-05
-8.135381218165284e-05
8.061669981971063e-05
8.133021456652141e-05
-2.327491434586617e-05
8.061346134837156e-05
8.445726822822291e-05

-0.01029745973099181
-0.00611121289571926
-0.001885926374231023
0.00187626179688591
0.002074129453076893
-0.001084340752760964
0.001472477576815645
-0.001151816243730092
-0.000889442674196755
-0.0005873153824020736
0.0007623216806012344
-0.0001119645339603306
0.0007859552148897571
-0.0003865408792736457
0.0007874106687839751
0.0005765119355184995
-0.0004431808633084075
-0.0005735596535364692
0.0004141178451869667
6.771067581980261e-05
-0.0003697946099571558
-0.0004430993030483077
0.000351005009652024
0.0003203097230856483
0.0003745295196996243
0.0002930000923190302
-5.221528864326386e-06
0.0003472784537030354
-0.0002973647569814308
-0.0002820856913865983
0.0002934464011382536
0.0002599372852756851
3.634247392097479e-05
-0.0002552906185801411
-0.0002770138858959325
-0.0002207459508994106
4.678623988484077e-05
0.0002476188783643081
0.0002307540583520637
0.0002083398349352365
-0.0002292413753854434
2.00375423309785e-05
0.0002154894205217998
0.0001939769949987201
0.0002100671778647431
4.7941310450617e-05
-0.0001823453973156384
0.0001913727162105313
0.0001905070813934385
-7.126527910728134e-05
-0.0001659361409836195
-0.0001680069376759271
-0.0001720010431336944
-6.696066655856577e-05
-0.0001497787372583978
0.0001720072908962719
-0.0001536189501012033
-6.129479892772774e-05
0.0001491014860940646
-0.0001477505408140687
-0.0001490582374817548
4.26571813245796e-05
-0.0001477446054942158
-0.0001547893561047789

-0.0003962541514922837
-0.0002351641612448219
-7.257189391541644e-05
7.219999356374317e-05
7.981409279439762e-05
-4.172626415999134e-05
5.666206695964209e-05
-4.432277282543242e-05
-3.422643655546021e-05
-2.260034655064804e-05
2.933472318439048e-05
-4.308481175045126e-06
3.024415971739125e-05
-1.48743896198564e-05
3.030016669994206e-05
2.2184621625328e-05
-1.705393966432421e-05
-2.207101554948227e-05
1.593557242750677e-05
2.605558758651458e-06
-1.422998032747351e-05
-1.705080116294489e-05
1.350694209083049e-05
1.232576391185816e-05
1.441218328737387e-05
1.127486836579231e-05
-2.009284370781876e-07
1.336354135862e-05
-1.144282401091881e-05
-1.085487384348407e-05
1.129204267163068e-05
1.000258618226922e-05
1.398486281358193e-06
-9.823778882601469e-06
-1.065970687675966e-05
-8.494473564754021e-06
1.800370408953266e-06
9.528564432668736e-06
8.879593218578725e-06
8.017076703467648e-06
-8.821384017346485e-06
7.710600033181282e-07
8.292198242616531e-06
7.464383602388666e-06
8.083546184752964e-06
1.844818410590619e-06
-7.016790798844927e-06
7.364168956404513e-06
7.330858664447978e-06
-2.742342620537973e-06
-6.385350024669994e-06
-6.465035870275176e-06
-6.618732112909471e-06
-2.576697826806489e-06
-5.763600732064039e-06
6.618972531592334e-06
-5.911375068781869e-06
-2.358670893064949e-06
5.737539587630573e-06
-5.685554176686424e-06
-5.735875347818595e-06
1.641481067413743e-06
-5.685325781033839e-06
-5.95641318984035e-06

0.005876455459089425
0.003487488304969151
0.00107624235751412
-0.001070727069298625
-0.001183644283716887
0.0006188011706323574
-0.0008402993670975189
0.000657307436024125
0.0005075786062655346
0.0003351635039403755
-0.000435034418058386
6.389484533118851e-05
-0.0004485213765139262
0.0002205874380195874
-0.0004493519609691258
-0.0003289982965909307
0.000252910200339531
0.0003273135166526265
-0.0002363247961759452
-3.864047842426282e-05
0.0002110308378177371
0.0002528636563134192
-0.0002003081691041019
-0.0001827912776547902
-0.0002137329106523256
-0.0001672064797534147
2.97977196329582e-06
-0.0001981815339317406
0.0001696972646802646
0.0001609779542124569
-0.000167461174985754
-0.0001483385144475313
-2.073957411331278e-05
0.0001456867993079325
0.0001580836249467235
0.0001259731800000477
-2.669952220877509e-05
-0.0001413087642536318
-0.0001316845106788147
-0.000118893376845803
0.0001308212672858364
-1.143483228812677e-05
-0.0001229734337091553
-0.0001106969292404871
-0.0001198791203255362
-2.735868679006972e-05
0.0001040591207431872
-0.0001092107444238543
-0.0001087167522569081
4.066898530258025e-05
9.469484387577651e-05
9.587658625158867e-05
9.815590400906444e-05
3.821247033947499e-05
8.547429183614584e-05
-9.815946942223411e-05
8.766578763355512e-05
3.497912739476817e-05
-8.508780464362294e-05
8.431686016087465e-05
8.506312394075368e-05
-2.434319071042325e-05
8.431347304956328e-05
8.833370369528491e-05

0.004064818084924796
0.002412339484523497
0.0007444503628148504
-0.000740635368650793
-0.000818741624788222
0.0004280325456171555
-0.0005812456314708561
0.0004546678132605986
0.0003510985002155187
0.0002318368073591568
-0.0003009187736381641
4.419686742184888e-05
-0.0003102478722798631
0.0001525831027924295
-0.0003108223979846409
-0.0002275722559632662
0.0001749411636587916
0.0002264068725089309
-0.0001634688311857263
-2.672810448451577e-05
0.0001459726823440486
0.0001749089685710952
-0.0001385556776531605
-0.0001264390237194269
-0.0001478417400781391
-0.0001156588231715342
2.06114571099591e-06
-0.0001370846573810114
0.0001173817304047963
0.0001113504737868834
-0.0001158349990643295
-0.0001026076144735585
-1.434582402884257e-05
0.0001007733897898922
0.0001093484298635082
8.713723159217528e-05
-1.846839501952341e-05
-9.774504792822199e-05
-9.108783079157914e-05
-8.224004278517907e-05
9.049071448907818e-05
-7.909617184448444e-06
-8.506226938779246e-05
-7.657045697954885e-05
-8.292189393700562e-05
-1.892434744350421e-05
7.197900143087632e-05
-7.554244426639402e-05
-7.520074367698638e-05
2.81312481825806e-05
6.550161344965491e-05
6.631903950085567e-05
6.789567223575304e-05
2.643204591389466e-05
5.912364173787441e-05
-6.789813847683871e-05
6.063952691940335e-05
2.419550196867064e-05
-5.885630369018702e-05
5.832303170373398e-05
5.883923173786776e-05
-1.683849091232281e-05
5.832068879628146e-05
6.110153285238888e-05

0.006350648507700962
0.00376890670809198
0.001163088356451336
-0.001157128019115939
-0.001279156943563123
0.0006687345387363175
-0.0009081062485423147
0.0007103480179073177
0.0005485370119557582
0.0003622090937220344
-0.0004701389633724404
6.90507580593418e-05
-0.0004847142346706353
0.0002383874588736119
-0.000485611842075039
-0.0003555463928596918
0.0002733184651104164
0.0003537256617616468
-0.0002553947229949947
-4.175852235248623e-05
0.0002280597010554089
0.0002732681652736074
-0.000216471780320082
-0.0001975413857452405
-0.0002309798141974644
-0.0001806989925332363
3.220220846346504e-06
-0.000214173539045584
0.0001833907681603382
0.0001739678640991937
-0.0001809742400710719
-0.0001603085009270515
-2.241312748986025e-05
0.0001574428090295455
0.0001708399806393763
0.000136138424454456
-2.885400596531022e-05
-0.0001527114940425522
-0.0001423106236491371
-0.0001284873256502382
0.0001413777219359544
-1.235755143758744e-05
-0.0001328966174777423
-0.0001196294762007566
-0.0001295526124378654
-2.956636098844075e-05
0.0001124560382463443
-0.000118023365603382
-0.0001174895113710783
4.395071699590324e-05
0.0001023361230478622
0.0001036132246114817
0.0001060764689967746
4.12959767033587e-05
9.237153036807474e-05
-0.0001060803221163875
9.473986611266625e-05
3.780172328993409e-05
-9.195385608640059e-05
9.112070122584452e-05
9.192718380583267e-05
-2.630753331390798e-05
9.111704079587819e-05
9.546167880572766e-05

5.141261810644084e-05
3.051174396414722e-05
9.415954515485888e-06
-9.367701719201823e-06
-1.035560500010365e-05
5.413839769718645e-06
-7.351708994657666e-06
5.750727870602282e-06
4.440762841718049e-06
2.932317508579817e-06
-3.806079796697581e-06
5.590106663826645e-07
-3.924076070169151e-06
1.929901075415158e-06
-3.931342784090636e-06
-2.878378624465868e-06
2.212690223950157e-06
2.863638625485193e-06
-2.067585907880731e-06
-3.380623191261296e-07
1.846291178301416e-06
2.21228301420317e-06
-1.752479445084077e-06
-1.599225624508961e-06
-1.869931387893749e-06
-1.462875529002373e-06
2.606977608550353e-08
-1.733873691552603e-06
1.484667198353289e-06
1.408382679155939e-06
-1.465103836460569e-06
-1.297801276013163e-06
-1.814488020827529e-07
1.27460164185953e-06
1.383060434225187e-06
1.102128832648648e-06
-2.335918902994251e-07
-1.236298578680958e-06
-1.152096787860467e-06
-1.040188226007663e-06
1.144544343437975e-06
-1.000423928391334e-07
-1.075884302865379e-06
-9.684781903508842e-07
-1.04881241338687e-06
-2.393588661870904e-07
9.104045580842878e-07
-9.554756834891806e-07
-9.511537872583811e-07
3.558095564197874e-07
8.284772817036504e-07
8.388162470801036e-07
8.587578078460471e-07
3.343177121225261e-07
7.478074418732792e-07
-8.587890013403441e-07
7.669806556306027e-07
3.060294647062724e-07
-7.444260977314444e-07
7.376811687772874e-07
7.442101682822035e-07
-2.129765427992554e-07
7.376515352733407e-07
7.728241975075981e-07

-0.003541850161348847
-0.002101974753599425
-0.0006486714983459591
0.0006453473304710981
0.000713404658037234
-0.0003729630967690589
0.0005064642231452789
-0.0003961715466994371
-0.0003059271666422886
-0.0002020093436892039
0.0002622034208408446
-3.851062427361717e-05
0.0002703322642082167
-0.0001329521951421743
0.0002708328730713411
0.0001982934573360696
-0.0001524337315437246
-0.0001972780087994593
0.0001424373967085631
2.328934264785436e-05
-0.0001271922525709308
-0.0001524056785843031
0.0001207294985897425
0.0001101717388589049
0.0001288208426575575
0.0001007784882257689
-1.795964571237728e-06
0.0001194477355982927
-0.0001022797311189659
-9.702443880844406e-05
0.0001009319978296803
8.940641088626633e-05
1.250013114724124e-05
-8.780817232896477e-05
-9.527997215706259e-05
-7.592640342720452e-05
1.609230388989329e-05
8.516944831048458e-05
7.936872977971259e-05
7.16592729913954e-05
-7.88484367608764e-05
6.891988353634405e-06
7.411839995327717e-05
6.671911995602532e-05
7.2253399115031e-05
1.648959477295494e-05
-6.271838800785023e-05
6.582336843212182e-05
6.552563006783732e-05
-2.45119618720184e-05
-5.707436232526022e-05
-5.778662066765839e-05
-5.916040832303773e-05
-2.303137413014161e-05
-5.151696229786527e-05
5.916255726456422e-05
-5.283781800718912e-05
-2.108257756218966e-05
5.128401920237956e-05
-5.081935647164145e-05
-5.126914367884535e-05
1.467209860531074e-05
-5.081731499599165e-05
-5.324038357200112e-05

0.005015367170325639
0.002976459955052463
0.0009185385007627561
-0.0009138313783075023
-0.001010202616734546
0.0005281270483124052
-0.0007171686892424171
0.0005609909167855653
0.0004332021396138352
0.0002860513529042273
-0.0003712879904359181
5.453221110206052e-05
-0.0003827986790024168
0.0001882643376660322
-0.0003835075563245793
-0.0002807895452116587
0.0002158507836320128
0.0002793516393089269
-0.0002016956705492825
-3.297841501289837e-05
0.0001801080844201467
0.0002158110597912251
-0.0001709566289179457
-0.0001560065211680513
-0.0001824142173400255
-0.0001427053935929906
2.543140262664745e-06
-0.0001691416136760217
0.00014483119902746
0.0001373895458450923
-0.000142922767844332
-0.0001266021874299685
-1.770056454245136e-05
0.0001243390331953027
0.0001349193281975553
0.0001075140883329927
-2.278719001301021e-05
-0.0001206025200141062
-0.0001123885267737625
-0.0001014717023132048
0.0001116517760907739
-9.759264382297013e-06
-0.000104953900619276
-9.447629589530031e-05
-0.000102313002910313
-2.334976594399718e-05
8.881113820764669e-05
-9.320788459017977e-05
-9.278627804287829e-05
3.470968088790547e-05
8.081902678921376e-05
8.182760618823024e-05
8.377293114323536e-05
3.261312377364936e-05
7.294957992385389e-05
-8.377597410955812e-05
7.481995163901031e-05
2.985356877178535e-05
-7.261972544085252e-05
7.196174893179454e-05
7.259866124873922e-05
-2.077613628825865e-05
7.195885814035284e-05
7.538999667920609e-05

0.00229654551134704
0.001362926285822398
0.0004206004065677496
-0.000418445006857145
-0.0004625735676422038
0.0002418303109291264
-0.0003283928131729222
0.0002568787345170973
0.0001983640270891868
0.000130983421196721
-0.0001700134285078381
2.497039606020013e-05
-0.0001752841931922945
8.620657370250681e-05
-0.0001756087893736976
-0.0001285740301338527
9.883845617607233e-05
0.0001279156104739139
-9.235680482161737e-05
-1.510087465128452e-05
8.247181089353365e-05
9.88202665590719e-05
-7.82813432084843e-05
-7.143566238767868e-05
-8.352779324256875e-05
-6.534505250981497e-05
1.164508431109386e-06
-7.745024451414407e-05
6.631846258388568e-05
6.291091640979769e-05
-6.544458856467552e-05
-5.797136588306432e-05
-8.105119858182361e-06
5.693506355022441e-05
6.177979937338864e-05
4.923089149461836e-05
-1.043429467143478e-05
-5.522410754580169e-05
-5.146290549104144e-05
-4.646407223285405e-05
5.112554604823725e-05
-4.468784447892308e-06
-4.805857700546512e-05
-4.326086324265374e-05
-4.684930526650654e-05
-1.069189918676808e-05
4.06667775023917e-05
-4.268005545920905e-05
-4.248700107437957e-05
1.589362436215754e-05
3.700717552691269e-05
3.746900582030323e-05
3.835977356311427e-05
1.49336071457722e-05
3.340374186760632e-05
-3.836116694277522e-05
3.426018838910519e-05
1.367000202223779e-05
-3.325270091556371e-05
3.295141230652139e-05
3.324305558466811e-05
-9.513429608567076e-06
3.295008860802932e-05
3.452121302279833e-05

-0.002890328713263578
-0.00171531761878986
-0.0005293487222035465
0.0005266360332365582
0.0005821742516952343
-0.0003043567340433147
0.0004133003994275847
-0.000323296001987165
-0.000249652027508766
-0.0001648498326620347
0.0002139712414269945
-3.142661547862422e-05
0.0002206047883922833
-0.0001084957097576305
0.0002210133105222083
0.0001618174816214628
-0.0001243936279287869
-0.0001609888243015369
0.0001162361135548362
1.900528048945749e-05
-0.0001037953055501651
-0.0001243707352962161
9.852137171683758e-05
8.990570625736668e-05
0.0001051243173589783
8.22403390682759e-05
-1.465597846260268e-06
9.747538834400588e-05
-8.346542913194019e-05
-7.917684503893984e-05
8.236561066223205e-05
7.296014928997961e-05
1.020073868982747e-05
-7.165590586265399e-05
-7.775327209749638e-05
-6.195978201310578e-05
1.313213317239567e-05
6.950257372001861e-05
6.476889426906971e-05
5.847758794505237e-05
-6.434430887361801e-05
5.624210771920322e-06
6.048435981387429e-05
5.444617342564711e-05
5.896242488517328e-05
1.345634260941032e-05
-5.118137398552144e-05
5.371519491683066e-05
5.347222536586158e-05
-2.0002999559441e-05
-4.6575563816938e-05
-4.715680261712843e-05
-4.827788276598239e-05
-1.87947651429967e-05
-4.20404445604495e-05
4.82796364108831e-05
-4.311832956649953e-05
-1.720444866428665e-05
4.185035122309282e-05
-4.147116295390009e-05
-4.183821204421373e-05
1.197317389240457e-05
-4.146949700654919e-05
-4.344684341035034e-05

-0.002144808120339091
-0.001272874998911656
-0.0003928104899150754
0.0003907975018078566
0.0004320103996336485
-0.0002258520948365316
0.0003066952380757714
-0.0002399062387454082
-0.0001852577159834733
-0.0001223290825391873
0.0001587802985957263
-2.332055166048991e-05
0.0001637028132334174
-8.051073161419346e-05
0.0001640059626908055
0.0001200788848004438
-9.230800015102862e-05
-0.0001194639682545496
8.625460456645529e-05
1.410312942473244e-05
-7.70227321120526e-05
-9.229101235871618e-05
7.310913707354743e-05
6.671576418316755e-05
7.800894357875349e-05
6.102757317656791e-05
-1.087567011803936e-06
7.23329507451585e-05
-6.193666808496978e-05
-5.875426535508543e-05
6.112053268369437e-05
5.414108088813709e-05
7.56959825192228e-06
-5.317324913929743e-05
-5.769788350127529e-05
-4.597810726045277e-05
9.744879790420644e-06
5.15753394467906e-05
4.806264759315339e-05
4.339409732429144e-05
-4.774757816870644e-05
4.173522851835678e-06
4.488324995258922e-05
4.040253080868288e-05
4.375387723491139e-05
9.985463856184249e-06
-3.797984154208704e-05
3.986009816621366e-05
3.967979927371377e-05
-1.48435005642837e-05
-3.456203684567226e-05
-3.49933530806938e-05
-3.582526600323443e-05
-1.394691362045918e-05
-3.119668931156946e-05
3.582656731950631e-05
-3.199654868508879e-05
-1.276679743444793e-05
3.105562793968387e-05
-3.077424607632941e-05
-3.104661989524006e-05
8.884858138422143e-06
-3.077300983727508e-05
-3.224032689510229e-05

-0.007119132918683084
-0.004224977619291342
-0.00130383229298678
0.001297150702330438
0.001433946201563569
-0.0007496573086676895
0.001017995103936263
-0.0007963063853829181
-0.0006149148223515621
-0.0004060395846873891
0.0005270299192974772
-7.740650803838534e-05
0.0005433689268132666
-0.0002672344413031839
0.0005443751526204857
0.0003985706383304348
-0.0003063924069946678
-0.0003965295827310451
0.0002862997341967282
4.681167139933163e-05
-0.0002556569338139035
-0.0003063360204345252
0.0002426667725939565
0.0002214456335216401
0.0002589304063688081
0.0002025651623698552
-3.609895935014195e-06
0.0002400904238805099
-0.0002055826665591209
-0.0001950195081021378
0.0002028737172843675
0.0001797072416636325
2.512531334873498e-05
-0.0001764947758033087
-0.0001915131231908209
-0.0001526123730286884
3.234559485608739e-05
0.0001711909300256838
0.000159531462695563
0.000144035423872195
-0.0001584856716573343
1.385292401665189e-05
0.0001489782788513935
0.0001341056966123695
0.0001452296197450193
3.314415111200491e-05
-0.0001260642094761542
0.0001323052324848303
0.0001317067771877988
-4.92691409051868e-05
-0.0001147196953944145
-0.0001161513374969575
-0.0001189126561510618
-4.629315365218421e-05
-0.0001035492992243283
0.0001189169755321017
-0.0001062042244562075
-4.237606479558333e-05
0.000103081082675387
-0.0001021471087375902
-0.0001030511828139034
2.949097658251488e-05
-0.0001021430053633626
-0.000107013382843419

-0.005179957873481547
-0.003074139271497958
-0.0009486824349117081
0.0009438208375058827
0.001043354717741769
-0.0005454587409453064
0.0007407042141271654
-0.0005794011121557618
-0.0004474186550447164
-0.0002954387799288266
0.0003834726519659532
-5.632180988221611e-05
0.0003953610900094246
-0.0001944426609399875
0.00039609323075625
0.0002900042940259346
-0.0002229344189967819
-0.0002885191999641263
0.0002083147736203383
3.406067685568029e-05
-0.0001860187416566529
-0.0002228933915276496
0.0001765669602869829
0.0001611262306816144
0.0001884005555837272
0.0001473885962933877
-2.626599205916949e-06
0.0001746923811836541
-0.0001495841648776715
-0.000141898296887419
0.00014761310417627
0.0001307569267226357
1.828144890551785e-05
-0.0001284195019244092
-0.0001393470134185202
-0.0001110424081542693
2.353500358274648e-05
0.0001245603665480359
0.0001160768124007681
0.0001048017274672726
-0.0001153158835651274
1.007953688327516e-05
0.0001083982020463487
9.757675084603133e-05
0.0001056706372607181
2.411604172496671e-05
-9.172567809859509e-05
9.6266713733369e-05
9.58312712064146e-05
-3.584875816572965e-05
-8.347128733082416e-05
-8.451296556128163e-05
-8.652213078785385e-05
-3.368339775194406e-05
-7.534358663300252e-05
8.652527361608719e-05
-7.727533885837965e-05
-3.083328166398876e-05
7.500290722346975e-05
-7.432333771576072e-05
-7.498115176185355e-05
2.145795254706464e-05
-7.432035205645527e-05
-7.786409122565787e-05

-0.0002620740351872083
-0.0001555325551471403
-4.799750111873273e-05
4.775153416633112e-05
5.278733682579249e-05
-2.759686019835262e-05
3.747508126843586e-05
-2.931413559050951e-05
-2.26366343530625e-05
-1.494738665790923e-05
1.940135957462401e-05
-2.849537456775548e-06
2.000284147989206e-05
-9.837603704477191e-06
2.003988330223102e-05
1.467243506880873e-05
-1.127911156730512e-05
-1.45972984358514e-05
1.053944735569619e-05
1.72326093046708e-06
-9.411405157614667e-06
-1.127703582957284e-05
8.933203105819454e-06
8.151997078138103e-06
9.531910304998509e-06
7.456957202060203e-06
-1.328897781661714e-07
8.838360923349154e-06
-7.568039479686606e-06
-7.179181792555693e-06
7.468315921378185e-06
6.61549693096615e-06
9.249289667484587e-07
-6.497237600859308e-06
-7.050102527947156e-06
-5.618063446243386e-06
1.19072654792354e-06
6.30198906691304e-06
5.872773362403909e-06
5.302323355294695e-06
-5.834275039539143e-06
5.099626229283692e-07
5.484282867057635e-06
4.936783939050548e-06
5.346284850976454e-06
1.220123507182582e-06
-4.640755615536465e-06
4.870504111924321e-06
4.848473396037555e-06
-1.813726856179335e-06
-4.223134169680267e-06
-4.275836686564008e-06
-4.377488099825169e-06
-1.704172926362479e-06
-3.811922462829753e-06
4.377647107606527e-06
-3.909657253949038e-06
-1.559974567590038e-06
3.794686178362031e-06
-3.760304137497406e-06
-3.793585485676344e-06
1.085640529964727e-06
-3.760153081528071e-06
-3.939444505617724e-06

-0.005019969419562536
-0.002979191242730787
-0.0009193813788553564
0.0009146699370052762
0.001011129608530717
-0.0005286116733103926
0.0007178267844407686
-0.0005615056986411857
-0.0004335996587083983
-0.000286313842085137
0.0003716286952762007
-5.458225147167317e-05
0.0003831499463909166
-0.0001884370945898998
0.0003838594741998397
0.000281047206002252
-0.0002160488546945038
-0.0002796079806345269
0.0002018807524614046
3.300867698179691e-05
-0.0001802733569247973
-0.0002160090944019444
0.0001711135037763956
0.0001561496773654835
0.0001825816060204769
0.0001428363442824335
-2.545473923378838e-06
0.0001692968230228007
-0.0001449641004188374
-0.0001375156185554232
0.0001430539180028254
0.0001267183613411971
1.771680710393834e-05
-0.0001244531303692759
-0.0001350431341631203
-0.0001076127464400035
2.280810021245719e-05
0.0001207131884530701
0.0001124916578096289
0.0001015648157480981
-0.0001117542310624415
9.768219771908273e-06
0.0001050502094223199
9.456299013838209e-05
0.0001024068883475272
2.337119237976104e-05
-8.889263393450706e-05
9.32934149015555e-05
9.287142147561405e-05
-3.47415315175669e-05
-8.089318871828172e-05
-8.190269361959477e-05
-8.384980366228146e-05
-3.264305054050023e-05
-7.301652061574909e-05
8.385284942094376e-05
-7.488860863930937e-05
-2.988096328936302e-05
7.268636344853215e-05
-7.20277831607562e-05
-7.266527992728049e-05
2.079520108533718e-05
-7.202488971664491e-05
-7.545917676969788e-05

0.003824795305871665
0.002269893644388573
0.0007004914349575147
-0.0006969017117607582
-0.0007703958843384765
0.0004027577217557812
-0.000546923753132622
0.0004278202078311045
0.000330366542232804
0.0002181471135951304
-0.0002831498701327674
4.158709381758174e-05
-0.0002919280963525675
0.0001435732480821296
-0.0002924686969830071
-0.0002141343789977591
0.0001646110914648575
0.0002130378100805991
-0.0001538161868777785
-2.514984100919092e-05
0.0001373531652708478
0.0001645807974595322
-0.0001303741260782968
-0.0001189729464632846
-0.0001391118573201229
-0.0001088293042165422
1.939437454622409e-06
-0.0001289899678418821
0.0001104504757820247
0.0001047753578508299
-0.0001089950771276656
-9.654875420891416e-05
-1.349871980935176e-05
9.482283835882466e-05
0.0001028915322918964
8.199187943889414e-05
-1.73778577790771e-05
-9.197331656103367e-05
-8.57092003515573e-05
-7.738386393375696e-05
8.514734307209423e-05
-7.442563491467318e-06
-8.003944133872892e-05
-7.204906057416766e-05
-7.80254525683378e-05
-1.780688674285246e-05
6.772872513412953e-05
-7.108175081578459e-05
-7.076022724865739e-05
2.647013070425014e-05
6.163381937765656e-05
6.240297737147293e-05
6.388651177754575e-05
2.487126435275004e-05
5.563245947552477e-05
-6.388883238996952e-05
5.705883340059466e-05
2.27667857255623e-05
-5.53809074285217e-05
5.487912453251451e-05
5.536484355515331e-05
-1.584419761321644e-05
5.487691997098534e-05
5.749355842068486e-05

-0.0005278727196111007
-0.0003132755704488496
-9.667715243928091e-05
9.618172280291082e-05
0.0001063248979675739
-5.55859325599599e-05
7.548276597772426e-05
-5.904488960932036e-05
-4.559498513544968e-05
-3.010720860068287e-05
3.90784551986691e-05
-5.739573116654378e-06
4.028996739163579e-05
-1.981502142410191e-05
4.036457748230504e-05
2.955339775458579e-05
-2.271852415122327e-05
-2.940205663166926e-05
2.122868347048001e-05
3.471013194084305e-06
-1.895656711032565e-05
-2.271434317487471e-05
1.79933667023741e-05
1.641985198881074e-05
1.91992900486071e-05
1.501989418934343e-05
-2.676682127584849e-07
1.780233442111979e-05
-1.524363746838329e-05
-1.446039556996266e-05
1.504277306020702e-05
1.332501464351359e-05
1.863003211202491e-06
-1.308681525756151e-05
-1.420040253993925e-05
-1.131597194735244e-05
2.398375942572853e-06
1.269354327807163e-05
1.182901176854092e-05
1.068000440339762e-05
-1.175146797689823e-05
1.027172937880198e-06
1.104650947226401e-05
9.943730450728654e-06
1.076855218445605e-05
2.457587656614301e-06
-9.347466589255863e-06
9.810228814150118e-06
9.76585427740954e-06
-3.653230765552294e-06
-8.506288377042714e-06
-8.61244242962594e-06
-8.817189946564418e-06
-3.432565903311838e-06
-7.678020739292868e-06
8.817510221999755e-06
-7.874879348157725e-06
-3.142119809486511e-06
7.643303204763171e-06
-7.574050478563745e-06
-7.641086176161751e-06
2.186710402871261e-06
-7.573746219729309e-06
-7.934877193881208e-06

-0.001992329355313687
-0.001182383730236633
-0.0003648847944542451
0.0003630149137603236
0.0004012979029813297
-0.0002097958107461339
0.0002848916507537186
-0.000222850817022355
-0.0001720873687260491
-0.0001136324596313497
0.0001474922847119534
-2.166264628269991e-05
0.0001520648477868356
-7.478706019966086e-05
0.0001523464457338891
0.0001115422330192375
-8.574563695784011e-05
-0.0001109710321394504
8.012258955875804e-05
1.310050931277371e-05
-7.154702966559612e-05
-8.572985686203118e-05
6.791166004627857e-05
6.197280501858254e-05
7.246312935631716e-05
5.668899906256262e-05
-1.010249664264294e-06
6.719065438027184e-05
-5.75334645676485e-05
-5.457730531075411e-05
5.677534988924067e-05
5.02920814963462e-05
7.031460139593507e-06
-4.939305487173904e-05
-5.359602378803624e-05
-4.270943024125867e-05
9.052096495872884e-06
4.790874382446958e-05
4.464577636834735e-05
4.030912281922743e-05
-4.435310586923691e-05
3.876818636561168e-06
4.169240856288239e-05
3.753023284259068e-05
4.064332524537177e-05
9.275576951796582e-06
-3.527977747606671e-05
3.702636283826934e-05
3.685888176022212e-05
-1.37882459644474e-05
-3.210495145654509e-05
-3.250560454445257e-05
-3.327837508779064e-05
-1.295539920729105e-05
-2.897885331305976e-05
3.327958389085567e-05
-2.972184905929515e-05
-1.1859179877545e-05
2.884782028052219e-05
-2.858644242535576e-05
-2.883945263630827e-05
8.253215529641416e-06
-2.858529407296491e-05
-2.994829658122281e-05

0.002427846768515282
0.001440849381127266
0.0004446475512357131
-0.0004423689200501852
-0.0004890204595779327
0.0002556565659233657
-0.0003471681385481682
0.0002715653586725646
0.0002097051679482292
0.0001384721854237999
-0.0001797336699697209
2.639803787197163e-05
-0.0001853057820585173
9.113529444732473e-05
-0.0001856489364991405
-0.0001359250413425662
0.0001044893842713972
0.0001352289776087312
-9.763715503500472e-05
-1.596424261687407e-05
8.718700264459436e-05
0.0001044701546925428
-8.275695178018721e-05
-7.55198802843404e-05
-8.830335906819155e-05
-6.908104968552552e-05
1.2310873080482e-06
-8.187833636874982e-05
7.011011289849912e-05
6.650774580997031e-05
-6.918627655239788e-05
-6.128578450994638e-05
-8.568516913285696e-06
6.019023327535641e-05
6.531195899527817e-05
5.204558770361664e-05
-1.103085851100871e-05
-5.838145614210692e-05
-5.440521347276226e-05
-4.912058004734462e-05
5.404856605211238e-05
-4.724279935840886e-06
-5.080624803886287e-05
-4.573423278913297e-05
-4.952783815362314e-05
-1.130319114582873e-05
4.299183441271726e-05
-4.512021826463574e-05
-4.491612630911858e-05
1.680231650406057e-05
3.912300064203821e-05
3.961123533184946e-05
4.055293127260851e-05
1.578741186358123e-05
3.531354651969083e-05
-4.055440431649713e-05
3.621895897911485e-05
1.445156217077069e-05
-3.51538700466823e-05
3.483535575110947e-05
3.51436732596716e-05
-1.00573444847888e-05
3.48339563722763e-05
3.649490727196918e-05

0.001607128828762272
0.0009537795417483164
0.000294337314651406
-0.0002928289600404965
-0.0003237102475468405
0.0001692335128747923
-0.0002298101886511633
0.0001797644408514127
0.0001388156885847855
9.166255632861426e-05
-0.0001189758621728196
1.747435144464077e-05
-0.0001226643577116202
6.032759600950943e-05
-0.000122891511007098
-8.997645787410898e-05
6.916742190643792e-05
8.951569399564006e-05
-6.46315445644203e-05
-1.056763337441221e-05
5.771399878298842e-05
6.915469276262085e-05
-5.478149803813661e-05
-4.999087188014314e-05
-5.845297811842503e-05
-4.57286464329489e-05
8.149261844460405e-07
-5.419989289918162e-05
4.640984146451712e-05
4.402523133390063e-05
-4.579830203611831e-05
-4.056852036816243e-05
-5.671985040266718e-06
3.984331316171294e-05
4.323367253865855e-05
3.445191249011243e-05
-7.301947943720607e-06
-3.86459814712191e-05
-3.601388198828543e-05
-3.251568480486063e-05
3.577779692774059e-05
-3.127267576558488e-06
-3.363152360490165e-05
-3.027407039433289e-05
-3.278527193527079e-05
-7.482220287964696e-06
2.845872209978644e-05
-2.986761951927653e-05
-2.973251953287194e-05
1.112240178986017e-05
2.58977226301514e-05
2.622091273233034e-05
2.68442744344956e-05
1.045057911665439e-05
2.337602990172236e-05
-2.684524952541992e-05
2.397537351940372e-05
9.5663047958611e-06
-2.327033103044112e-05
2.305948843798813e-05
2.326358120151547e-05
-6.657524054594283e-06
2.305856211012213e-05
2.415803927178843e-05

0.000338224100181736
0.0002007251823907003
6.1943990809023e-05
-6.162655397909779e-05
-6.812559468575077e-05
3.561559695036882e-05
-4.836410303773282e-05
3.783185589311799e-05
2.921409318428088e-05
1.929060388920659e-05
-2.503875433415602e-05
3.677518994018293e-06
-2.581500702914343e-05
1.269608665544056e-05
-2.58628119827126e-05
-1.893576044263354e-05
1.455644912683987e-05
1.883879158400177e-05
-1.36018629075395e-05
-2.223983681417756e-06
1.214604887726073e-05
1.455377024809512e-05
-1.152889709207404e-05
-1.052069837608155e-05
-1.230156884325195e-05
-9.623702851647054e-06
1.715031617349229e-07
-1.14064969015872e-05
9.767061972863734e-06
9.265215075900341e-06
-9.638362039632125e-06
-8.537741997827197e-06
-1.19368279764089e-06
8.385120409246289e-06
9.098629637000334e-06
7.25048726208955e-06
-1.53671238337374e-06
-8.133139095502597e-06
-7.579207473301224e-06
-6.843003521599301e-06
7.529522808495675e-06
-6.581409300723092e-07
-7.077834461929894e-06
-6.371250415454185e-06
-6.899738777042406e-06
-1.57465112874605e-06
5.989206031438709e-06
-6.285711858115692e-06
-6.257279743335556e-06
2.340736019355836e-06
5.450237576840901e-06
5.518253705680444e-06
5.649441664618194e-06
2.199349333320636e-06
4.919541319788133e-06
-5.649646874830705e-06
5.045674615489465e-06
2.013251690670281e-06
-4.897296739894718e-06
4.852924412781091e-06
4.895876222272487e-06
-1.40109183687803e-06
4.852729464855477e-06
5.084117059309383e-06

0.0003889687180294093
0.000230840489570508
7.123760454033525e-05
-7.087254185916991e-05
-7.834665009262646e-05
4.095909510969224e-05
-5.562029183361973e-05
4.350786499095471e-05
3.359715753008529e-05
2.218482201829403e-05
-2.879538202384723e-05
4.229266477047254e-06
-2.968809787548454e-05
1.460091267212475e-05
-2.974307512731102e-05
-2.17767405111852e-05
1.674039003393804e-05
2.166522316923991e-05
-1.564258482796318e-05
-2.557653582385044e-06
1.396835133385397e-05
1.673730923621834e-05
-1.325860670423843e-05
-1.209914538299242e-05
-1.414720435399415e-05
-1.10675713495681e-05
1.972342151917338e-07
-1.311784250334322e-05
1.123243900262438e-05
1.065529874548512e-05
-1.108442989260584e-05
-9.818681040195967e-06
-1.372774049175669e-06
9.64316124824229e-06
1.046372007145773e-05
8.338296218126187e-06
-1.767269231911824e-06
-9.353374540272755e-06
-8.716335154647768e-06
-7.869676660684363e-06
8.659196173856095e-06
-7.568834796698639e-07
-8.139739881318553e-06
-7.327145241918427e-06
-7.934924050091163e-06
-1.810900023278573e-06
6.887781771926361e-06
-7.228773118296432e-06
-7.196075261374393e-06
2.691922569100626e-06
6.267950515893255e-06
6.346171276708311e-06
6.49704169715915e-06
2.529323280706955e-06
5.657632556119765e-06
-6.497277695590241e-06
5.802689949420541e-06
2.315304937678624e-06
-5.632050565569843e-06
5.581020945946168e-06
5.630416924145397e-06
-1.611301191541551e-06
5.580796749469205e-06
5.846900010387189e-06

-0.003780435978321266
-0.002243567802709988
-0.0006923672540469926
0.0006888191638516857
0.0007614609634751023
-0.0003980866059770964
0.0005405806241621867
-0.0004228584215877867
-0.0003265350070820793
-0.00021561708035351
0.0002798659459405737
-4.110477375362652e-05
0.0002885423637807614
-0.0001419081098904146
0.0002890766946167683
0.0002116508847716721
-0.0001627019599321033
-0.0002105670336749589
0.0001520322528183963
2.485815741674457e-05
-0.0001357601665451064
-0.0001626720172715162
0.0001288620690659679
0.0001175931183993294
0.0001374984615821453
0.0001075671203957683
-1.916944187810499e-06
0.0001274939640621443
-0.0001091694898882488
-0.0001035601910127253
0.000107730970700737
9.542899812522109e-05
1.334216394540041e-05
-9.372309915458473e-05
-0.0001016982137432698
-8.104095152099304e-05
1.717631233057135e-05
9.090662562752738e-05
8.471515957592747e-05
7.648637899851062e-05
-8.415981862193122e-05
7.356245901808961e-06
7.911115746694403e-05
7.121344778389548e-05
7.712052659687249e-05
1.760036548915738e-05
-6.694321886189272e-05
7.025735672010406e-05
6.993956212880849e-05
-2.61631346157521e-05
-6.091900078912096e-05
-6.167923821891964e-05
-6.314556684444345e-05
-2.458281164513454e-05
-5.498724364174196e-05
6.314786054279387e-05
-5.639707472383093e-05
-2.250274040430575e-05
5.473860905273589e-05
-5.424264574969479e-05
-5.472273148543851e-05
1.566043929531746e-05
-5.424046675628816e-05
-5.682675787683166e-05

-0.003251732050823807
-0.001929798936975717
-0.0005955378701917294
0.0005924859897540092
0.0006549686423952683
-0.0003424131457543504
0.0004649790002324565
-0.0003637205577143417
-0.0002808682263987832
-0.0001854624638298595
0.0002407259563626333
-3.535616289313308e-05
0.0002481889543182815
-0.0001220618870015935
0.0002486485575796271
0.0001820509511453887
-0.0001399476623535296
-0.000181118679478893
0.000130770141878776
2.138167863707222e-05
-0.000116773749724012
-0.0001399219072529065
0.0001108403693437187
0.0001011474111050308
0.0001182689396222411
9.252357532611597e-05
-1.648854494796582e-06
0.0001096635974276413
-9.390184922517764e-05
-8.907702556970929e-05
9.266451073448482e-05
8.208300142130587e-05
1.147622718051585e-05
-8.061567691431358e-05
-8.7475450725034e-05
-6.970716102623324e-05
1.477415981663794e-05
7.819309462730719e-05
7.28675214084882e-05
6.578955746564391e-05
-7.238984634942022e-05
6.327455539474198e-06
6.804725375281976e-05
6.125405956786439e-05
6.633501785231841e-05
1.513890802423789e-05
-5.75810334064115e-05
6.043168035724428e-05
6.015833017646298e-05
-2.250415133808093e-05
-5.239931809614054e-05
-5.30532343192752e-05
-5.431449302488487e-05
-2.114484069674834e-05
-4.729713280734577e-05
5.431646594348945e-05
-4.850979529976649e-05
-1.935567289690534e-05
4.708327042041373e-05
-4.665666889141885e-05
-4.706961337271425e-05
1.347028561748365e-05
-4.665479463600602e-05
-4.887938613224676e-05

