-0.5722967234095486
-0.3399452003209797
-0.1046832432097027
0.1044755354010796
0.1151539335529718
-0.06044183927320828
0.08169177431911115
-0.06419823913246545
-0.04930157445321654
-0.03279837585473545
0.0422412589733138
-0.006254432976257213
0.0438253302248608
-0.02136564269599801
0.04390283016777258
0.03193108158077717
-0.02475254660419332
-0.03177845588115893
0.02313053746652497
0.003740587386257601
-0.02045713690547243
-0.02473321955124016
0.0194180640362643
0.01790085810529547
0.02073331061501703
0.01637540790621971
-0.0002913000763925943
0.01922453466973802
-0.01661176217864105
-0.01560632545714955
0.01638865329376465
0.01438139000447074
0.00200413336480219
-0.01426202361984008
-0.01533456752366627
-0.01233685962997593
0.002584561035937975
0.01370637501333284
0.01288895918608337
0.01152486211243438
-0.01280030515369313
0.001099253629131842
0.01192763169737306
0.0108369256717844
0.01162841336588035
0.002682903861465465
-0.01018386688492433
0.01059220796903597
0.01063753318462403
-0.003949326460371081
-0.009182184442898549
-0.009383681869996384
-0.009521024227952089
-0.003748936858702623
-0.008359065047779656
0.009523379181134026
-0.008578739072600679
-0.003392487094940003
0.008255029081265066
-0.008250579006536099
-0.008252776155803854
0.00236118225652851
-0.008247984691155986
-0.008572452764162145

-0.3402958433812081
-0.2021362938395888
-0.06224615846781572
0.06212265242438018
0.06847218118536613
-0.03593958488606167
0.04857510117056248
-0.03817319414134757
-0.02931542357714671
-0.01950238489315801
0.0251172586873537
-0.003718975589877034
0.02605917018270164
-0.01270431771355406
0.02610525276073302
0.01898667927341971
-0.01471821937460639
-0.01889592584247883
0.01375374946781891
0.002224206931964381
-0.01216410713473441
-0.01470672723159257
0.01154625949749085
0.01064410708121036
0.01232832398512123
0.009737052504793717
-0.0001732112051637955
0.01143118415928275
-0.009877592146517351
-0.00927974504532806
0.009744928402284215
0.008551380849078629
0.001191686455165314
-0.008480403884050327
-0.009118153878749464
-0.007335673752322578
0.001536817076733291
0.008150007249854872
0.007663960070218288
0.006852848377386355
-0.00761124511050651
0.0006536319806043388
0.007092340951764827
0.006443791498875633
0.006914421438506126
0.001595293131871069
-0.006055473373743641
0.006298278841466291
0.006325229865005051
-0.002348326180540143
-0.005459858620997267
-0.005579671882349287
-0.005661337619060605
-0.002229171648081169
-0.004970420018075253
0.005662737908014593
-0.00510104134523938
-0.002017221504001954
0.004908558739615619
-0.004905912661331035
-0.004907219117809594
0.001403992849330486
-0.004904370044183779
-0.005097303416044485

-0.1028987561651439
-0.06112203136323979
-0.01882201151432661
0.01878466572095401
0.02070463807574972
-0.01086742213811242
0.01468815322978763
-0.01154282155482468
-0.008864406313546031
-0.005897136820188108
0.007594963992288196
-0.001124544921279087
0.007879779464400006
-0.003841535287832269
0.007893713927754488
0.005741197604793905
-0.004450499458253272
-0.005713755555935559
0.004158862767126417
0.000672556339445386
-0.003678186255783049
-0.004447024460694272
0.00349136130740497
0.003218568197200324
0.003727842194792916
0.002944292770383961
-5.237565463074044e-05
0.00345656479314545
-0.002986789188152287
-0.00280601200768788
0.00294667428655976
0.00258576903003331
0.000360342497154707
-0.002564306994688832
-0.002757150023706648
-0.002218163164284764
0.0004647031949550297
0.002464401564281573
0.002317430476638895
0.002072166286885756
-0.002301490511777722
0.0001976454285355267
0.002144584121231742
0.001948475548905038
0.002090784767027331
0.0004823852015270276
-0.001831055801205554
0.001904475389204504
0.001912624847546592
-0.000710087553955535
-0.001650953638916383
-0.00168718280775639
-0.001711876916991125
-0.000674057571749645
-0.00150295705171338
0.001712300336773233
-0.001542454366638017
-0.0006099680254946164
0.001484251420328964
-0.001483451298405611
-0.001483846345095906
0.0004245397664146126
-0.001482984841384677
-0.001541324090520373

0.1024231618733364
0.06083952756722306
0.01873501686471192
-0.01869784368225162
-0.02060894199495781
0.01081719331000143
-0.01462026512216397
0.01148947105528498
0.008823435351407144
0.005869880469240292
-0.007559860346181756
0.001119347315736175
-0.007843359411582859
0.00382377985207423
-0.00785722947036444
-0.00571466199920645
0.004429929412342833
0.005687346786490946
-0.004139640655350483
-0.0006694478086146324
0.003661185813281366
0.004426470476099984
-0.003475224362990735
-0.003203692092571838
-0.003710612244358986
-0.002930684356759642
5.213357626846201e-05
-0.003440588676948032
0.002972984357638993
0.002793042722698947
-0.002933054865655493
-0.002573817700042858
-0.0003586770072971175
0.002552454861441014
0.002744406577022197
0.002207910895175369
-0.0004625553537648858
-0.002453011190282768
-0.002306719397638032
-0.002062588810008366
0.002290853106711951
-0.0001967319185854059
-0.002134671931769976
-0.001939469766100046
-0.002081121236215737
-0.0004801556347484833
0.001822592728186959
-0.001895672973530961
-0.001903784765374493
0.0007068055552220896
0.001643322991510918
0.00167938471045582
0.001703964684419887
0.0006709421022782485
0.001496010439125922
-0.00170438614717116
0.00153532519890521
0.0006071487755647252
-0.001477391264487396
0.00147659484069849
0.001476988061498196
-0.0004225775591237494
0.001476130539623665
0.001534200146882918

0.1113450392861956
0.06613913750782895
0.0203669868287122
-0.02032657556444863
-0.02240414584069673
0.01175945745121757
-0.0158938072661317
0.01249029597045973
0.009592027212132304
0.006381194053168439
-0.008218384707600425
0.00121685142858266
-0.008526578811327901
0.004156861690887504
-0.008541657063276208
-0.006212454811693542
0.004815811730772571
0.006182760225261303
-0.004500236498954898
-0.000727762072434749
0.00398010440956686
0.00481205149349228
-0.003777944228123579
-0.003482759323026848
-0.004033836278506663
-0.003185970427688821
5.667482814991983e-05
-0.003740291496529161
0.003231955097303951
0.003036339105324673
-0.003188547426886994
-0.002798017828050794
-0.000389920646249557
0.002774794115173247
0.002983466361971193
0.002400237610978914
-0.0005028476283585137
-0.002666688104096043
-0.002507653125080295
-0.00224225680872546
0.002490404753186671
-0.0002138688437564676
-0.002320618947498949
-0.002108413110384444
-0.002262403557627994
-0.0005219810347261219
0.001981355146735247
-0.002060801266540084
-0.002069619660397597
0.0007683739778628705
0.001786469580738153
0.001825672564118412
0.001852393650604569
0.0007293865310400627
0.001626324925635882
-0.00185285182613558
0.001669064315750919
0.0006600362948318904
-0.00160608387181811
0.001605218073141234
0.00160564554662069
-0.0004593874477364713
0.00160471332772585
0.001667841262689863

-0.057647331412855
-0.03424261021160063
-0.01054472158906807
0.01052379922414103
0.01159943207690761
-0.006088294056669376
0.008228795649592252
-0.006466675443016951
-0.00496613746928793
-0.003303773663838656
0.004254953341024679
-0.0006300077491855896
0.004414516512864335
-0.002152156800773001
0.004422323066191813
0.003216411289743963
-0.002493318935855534
-0.003201037334370016
0.002329934288537642
0.0003767885991894062
-0.002060643199077649
-0.00249137212577428
0.001955977602361891
0.00180314976053697
0.002088462120117026
0.001649491475273464
-2.934259686888604e-05
0.001936483429018326
-0.001673299392592641
-0.001572021958126534
0.001650825680442101
0.001448634461549036
0.0002018759422345063
-0.001436610710141544
-0.001544647837301155
-0.001242689336828067
0.0002603423023421555
0.001380640340126416
0.001298302211724533
0.001160896993651013
-0.00128937210925082
0.0001107275923018592
0.001201467891224102
0.001091601297271804
0.001171327690145409
0.0002702483549601747
-0.001025818819793505
0.001066950933331569
0.001071516532988916
-0.0003978148432552433
-0.0009249195531295094
-0.0009452163475784821
-0.0009590508150883583
-0.0003776296398336673
-0.0008420069055089265
0.0009592880290395725
-0.000864134624912686
-0.000341724528336371
0.0008315273839691389
-0.0008310791288548855
-0.00083130044724938
0.0002378414037693226
-0.0008308178040002004
-0.0008635014063556055

0.08042479158731536
0.0477724592306359
0.01471112392129885
-0.01468193476723354
-0.01618256881026056
0.008493884601928974
-0.01148013548787069
0.009021771034687204
0.006928344490076095
0.004609151921759935
-0.005936159181679695
0.0008789347344423516
-0.006158768529340124
0.003002511268487368
-0.006169659587246574
-0.004487271158904922
0.003478472478469919
0.004465822687195848
-0.00325053172411085
-0.0005256643077764336
0.002874839056030737
0.003475756449973667
-0.002728818267281964
-0.002515605495304518
-0.002913649715120393
-0.002301234157290843
4.093636565602904e-05
-0.00270162160804505
0.002334448995542541
0.002193155090695554
-0.002303095530053898
-0.002021015054835227
-0.0002816406272901965
0.002004240510768656
0.002154964980097608
0.001733697440501638
-0.0003632080600103945
-0.001926155277103044
-0.001811283926529268
-0.001619587524357409
0.00179882538573028
-0.000154477983899438
-0.001676188687010041
-0.001522911896836432
-0.001634139569891187
-0.0003770281657765511
0.001431137621920372
-0.001488521746697555
-0.001494891293941342
0.0005549983854413754
0.001290371305529605
0.001318687715386453
0.001337988420881902
0.0005268376581620016
0.001174698433231232
-0.001338319362177617
0.001205569198238818
0.0004767458145619105
-0.001160078271028708
0.001159452902547118
0.001159761667676747
-0.0003318166662735307
0.001159088323710831
0.001204685784050054

-0.06057487321838759
-0.0359815748864406
-0.0110802210219638
0.01105823614301947
0.01218849355630823
-0.006397479840963139
0.008646683914031349
-0.006795076814568778
-0.005218336048081551
-0.00347155134373962
0.004471035395148779
-0.0006620018411644584
0.004638701766993623
-0.002261451174890227
0.004646904765580699
0.003379752389561705
-0.00261993876786414
-0.003363597688643855
0.00244825685207483
0.000395923298904888
-0.002165290178629412
-0.002617893091666029
0.002055309281058481
0.001894720283858742
0.002194521845972785
0.00173325867027438
-3.083272098931441e-05
0.00203482512247116
-0.00175827564049398
-0.00165185496841297
0.001734660631248473
0.001522201404601833
0.0002121279390910175
-0.001509567043231008
-0.001623090689862165
-0.001305797635091241
0.0002735634342693725
0.001450754293627512
0.00136423473466954
0.001219851578322056
-0.001354851129011702
0.0001163507434095573
0.001262482814089674
0.001147036793667021
0.001230811983638815
0.0002839725523798727
-0.001077913641986491
0.001121134594313629
0.001125932051778385
-0.0004180173323548342
-0.0009718903424477032
-0.0009932178821680997
-0.001007754914410796
-0.0003968070506615238
-0.0008847670880884069
0.001008004174951694
-0.0009080185338126559
-0.0003590785466086756
0.0008737553782117136
-0.0008732843590677367
-0.0008735169168177762
0.0002499198579762137
-0.000873009763183332
-0.0009073531581069151

-0.04879385264132854
-0.02898362917710913
-0.008925262952343655
0.008907553844813289
0.009817990973948037
-0.005153253685078647
0.006965016983467049
-0.00547352324752306
-0.004203437937790792
-0.002796380012096962
0.003601477487844337
-0.0005332511414363297
0.003736534943287723
-0.001821628499086066
0.003743142565938737
0.002722434753860479
-0.002110394943916531
-0.002709421930982621
0.001972102915305826
0.0003189213955823189
-0.001744169558900488
-0.002108747124983058
0.001655578507457354
0.001526221969855605
0.001767716049268932
0.001396162528343497
-2.483616002067124e-05
0.001639078249801214
-0.001416314025054567
-0.001330590781808434
0.001397291826244308
0.001226153140408606
0.0001708718293772073
-0.001215975997078246
-0.001307420779224941
-0.001051837073704372
0.0002203589242633773
0.001168601558055955
0.001098908921718606
0.0009826064008810454
-0.001091350304632211
9.372204557764545e-05
0.00101694641886934
0.0009239531394904525
0.000991435150715516
0.0002287436050431385
-0.0008682735367442711
0.0009030885791343604
0.000906952993868605
-0.0003367184284960267
-0.0007828703822780479
-0.0008000499944676048
-0.0008117597640700919
-0.000319633269181031
-0.0007126914613990533
0.0008119605466957551
-0.000731420805037637
-0.0002892424657121619
0.0007038213850704922
-0.0007034419729893843
-0.0007036293012987755
0.00020131371432291
-0.0007032207824130239
-0.000730884836204154

-0.03446001318396121
-0.02046930483034036
-0.006303348933502219
0.006290842110489439
0.00693382629343264
-0.003639417269086899
0.004918951140033664
-0.00386560341235747
-0.002968622457811705
-0.001974906404553999
0.002543495850289271
-0.0003766015669910813
0.002638878392212885
-0.001286501038485868
0.002643544938331048
0.001922683543767767
-0.001490438521534942
-0.00191349340969021
0.001392771605085553
0.0002252340182522308
-0.001231796686287224
-0.001489274771203194
0.001169230427722808
0.001077874083636833
0.001248426083733808
0.0009860213229588785
-1.754020958423572e-05
0.001157577338950525
-0.00100025305103031
-0.0009397121440812583
0.0009868188746680556
0.0008659544409131037
0.0001206759699092927
-0.0008587669680175171
-0.0009233486361541264
-0.0007428460239380106
0.0001556255762613686
0.000825309396931856
0.0007760898941255606
0.0006939527767545205
-0.0007707517207625065
6.618995532028245e-05
0.0007182049603507932
0.0006525296865212334
0.0007001879645751652
0.0001615471461840523
-0.0006132067033819493
0.0006377943666798467
0.0006405235584835204
-0.0002378029374017919
-0.0005528918549010244
-0.0005650247288288679
-0.0005732945987619134
-0.0002257367695675485
-0.0005033289200677917
0.0005734363988363092
-0.0005165562713379667
-0.0002042736665019701
0.0004970645459576909
-0.0004967965911926805
-0.0004969288893338881
0.0001421751485924658
-0.0004966403782730766
-0.0005161777504369839

0.04256805785790317
0.02528549677788819
0.007786454423780318
-0.007771004889194019
-0.008565275853487323
0.004495730284619075
-0.006076323755635741
0.004775135425353761
0.003667105171081173
0.00243957916220781
-0.003141951163467617
0.0004652115832770382
-0.003259776120224161
0.001589199932923911
-0.003265540650960534
-0.00237506886305058
0.001841121559635901
0.002363716396147781
-0.001720474741307369
-0.0002782289916532521
0.001521624275972341
0.001839683992240184
-0.001444336896530646
-0.001331485455645092
-0.001542166379333773
-0.00121802079705446
2.166721911670878e-05
-0.001429941970027332
0.001235601087019075
0.001160815601128366
-0.001219006003505455
-0.001069703558914165
-0.0001490696373717527
0.001060824956330871
0.001140601948031749
0.0009176291476645096
-0.0001922424840379173
-0.001019495203664619
-0.0009586949180695357
-0.0008572318818871015
0.0009521007339245843
-8.176369035740131e-05
-0.0008871903252859594
-0.0008060624150531981
-0.0008649341376719434
-0.0001995573312416607
0.0007574871863532221
-0.0007878600439687081
-0.000791231383207012
0.0002937552328856501
0.0006829809478873032
0.0006979685474735378
0.0007081842226654162
0.0002788500345694267
0.0006217564246601591
-0.0007083593866658989
0.0006380960195166798
0.0002523369102641762
-0.0006140181153870922
0.000613687113948595
0.0006138505403204988
-0.0001756273254722786
0.0006134941459261451
0.0006376284370020872

-0.006099559896887475
-0.003623148667813971
-0.001115717924007058
0.001113504166407107
0.001227314933561357
-0.0006441913850714514
0.0008706739880897701
-0.0006842272353585325
-0.0005254580256834805
-0.00034956631737246
0.0004502089190594352
-6.665998073945113e-05
0.0004670920097441381
-0.0002277158194850388
0.0004679180070357601
0.0003403226625411836
-0.0002638135680969387
-0.0003386959721227387
0.0002465261340021035
3.98673203580143e-05
-0.0002180329307677845
-0.0002636075796426943
0.0002069584532393205
0.0001907880156443269
0.0002209764004999148
0.0001745297103309026
-3.104687116393805e-06
0.000204895810007828
-0.0001770487830121343
-0.0001663328008047633
0.0001746708801671837
0.0001532773929055006
2.136012840876081e-05
-0.0001520051815107793
-0.0001634363945790069
-0.0001314867116557851
2.754634825083728e-05
0.0001460830578670116
0.000137371009387549
0.0001228324117239844
-0.0001364261313924411
1.171588631998086e-05
0.0001271251450344591
0.0001155003593929355
0.0001239360648588603
2.85944897658829e-05
-0.0001085400344011346
0.0001128921489581009
0.000113375226802178
-4.209206922221688e-05
-9.786406544498379e-05
-0.0001000116325642599
-0.0001014754325555105
-3.995630934779441e-05
-8.909122812577863e-05
0.0001015005317347238
-9.143252210378684e-05
-3.615725442512391e-05
8.79824089010617e-05
-8.793497983800521e-05
-8.795839713712859e-05
2.516556885973977e-05
-8.790732952763695e-05
-9.136552239324248e-05

0.04403786240481312
0.02615856310990622
0.008055307800989028
-0.008039324819558715
-0.008861020644968499
0.004650960406605179
-0.006286129152780965
0.004940012944166206
0.003793724240066344
0.002523813790837529
-0.003250437534202766
0.0004812745688766056
-0.003372330791602605
0.001644072374958911
-0.003378294362039915
-0.002457076057876724
0.001904692438269495
0.002445331609090865
-0.001779879885090583
-0.0002878357779994437
0.001574163442475367
0.001903205234052695
-0.001494207457806442
-0.001377459443543922
-0.001595414830649331
-0.00126007703818511
2.241535231279868e-05
-0.001479315498328259
0.001278264346449949
0.001200896641573452
-0.001261096262183241
-0.001106638651419466
-0.0001542167650971614
0.001097453485391308
0.001179985044508128
0.0009493133625778761
-0.0001988802986662372
-0.001054696684805892
-0.0009917970660320245
-0.0008868306792285375
0.0009849751956280612
-8.458685518818456e-05
-0.0009178235380679174
-0.000833894415439261
-0.0008947988811508836
-0.0002064477154308467
0.0007836419645309157
-0.0008150635466237057
-0.000818551292623094
0.0003038981146307683
0.0007065631490300108
0.0007220682456111445
0.0007326366511506161
0.0002884782644991413
0.0006432246444010449
-0.0007328178632739159
0.0006601284184103538
0.000261049685916254
-0.0006352191441230478
0.0006348767137530527
0.0006350457829669561
-0.0001816914461893265
0.0006346770828641761
0.0006596446910457249

-0.01783209205588982
-0.0105922921766143
-0.003261806600090405
0.00325533466932806
0.003588060982564747
-0.001883296545062319
0.002545419500543153
-0.00200034154173795
-0.001536179010270241
-0.001021958773485407
0.001316187893022131
-0.0001948807673149931
0.001365545688070748
-0.0006657282696269108
0.001367960495038441
0.0009949349050963039
-0.000771260207527515
-0.0009901792680053621
0.0007207203126163761
0.0001165522986351999
-0.0006374202989058671
-0.0007706579993109496
0.000605044011747529
0.0005577696613601078
0.0006460255465155552
0.0005102384292837369
-9.076567391773675e-06
0.0005990138645559728
-0.0005176029501190741
-0.0004862747257183785
0.0005106511399644651
0.0004481071793012212
6.244643589850668e-05
-0.0004443878633033876
-0.0004778070684905897
-0.0003844020201472087
8.053187871191899e-05
0.0004270745069685168
0.0004016047922501694
0.000359101133579434
-0.0003988424369861408
3.425144877761776e-05
0.0003716509596095344
0.0003376658440939579
0.0003623276687121494
8.35961253624574e-05
-0.0003173173012331751
0.0003300407286162364
0.0003314530089661846
-0.0001230563624068182
-0.0002861060557612395
-0.0002923844783384111
-0.0002966639044996914
-0.0001168124583654768
-0.0002604586245840023
0.0002967372820683111
-0.0002673034085439011
-0.0001057059034252062
0.0002572169863638863
-0.0002570783272747432
-0.0002571467878589889
7.357165896096521e-05
-0.0002569974914624786
-0.0002671075345751

0.04057535110110592
0.02410182566829271
0.007421952937863217
-0.00740722663082353
-0.008164315980614924
0.004285275014500524
-0.005791877341738461
0.004551600570686566
0.003495439710639873
0.002325376961663376
-0.002994869346067249
0.000443433980257633
-0.003107178650964533
0.001514805901257867
-0.003112673331021837
-0.002263886535046247
0.001754934508673304
0.002253065502712801
-0.001639935439905896
-0.0002652044652946748
0.001450393613155549
0.001753564237048916
-0.001376724230187844
-0.001269155619670092
-0.001469974094347494
-0.00116100249755127
2.06529277417302e-05
-0.001363003162647175
0.001177759814508347
0.001106475205814268
-0.001161941584267015
-0.001019628323705759
-0.0001420913515732112
0.001011165348525791
0.001087207799390002
0.0008746728584937639
-0.0001832431799549424
-0.0009717703347585889
-0.0009138162476048008
-0.000817102924891315
0.0009075307520858172
-7.793614767786533e-05
-0.0008456589460140049
-0.0007683288161598262
-0.0008244446207181875
-0.0001902156026699642
0.0007220275034268485
-0.0007509785391027372
-0.0007541920583506289
0.0002800038881714751
0.0006510090699557957
0.0006652950662162808
0.0006750325226214827
0.0002657964357918553
0.000592650604689807
-0.0006751994868001312
0.0006082253062740034
0.0002405244506083919
-0.0005852745431194884
0.0005849590366045958
0.0005851148126196702
-0.0001674058144201409
0.0005847751018501941
0.0006077796123508806

0.02973194012799651
0.0176608216145634
0.005438500330694748
-0.005427709501596796
-0.005982473283271222
0.003140072401238478
-0.004244048312092465
0.00333522476039709
0.00256131373795813
0.001703940119382308
-0.002194516465589056
0.0003249300916432391
-0.002276812081977251
0.001109987150807719
-0.002280838356403032
-0.001658882476428811
0.001285943468743462
0.001650953271216307
-0.001201676904570949
-0.0001943308700932856
0.001062788488531334
0.001284939390335789
-0.001008806609774215
-0.0009299847782740828
-0.001077136255800483
-0.0008507346408325031
1.513361177220351e-05
-0.0009987523786328663
0.0008630137100445003
0.000810779295301708
-0.0008514227647613082
-0.0007471414898585066
-0.0001041186691681824
0.0007409401714590339
0.000796660936281394
0.0006409241166026187
-0.0001342730280190842
-0.0007120731337407946
-0.0006696067741735177
-0.0005987392488789253
0.00066500102286463
-5.710838757232793e-05
-0.0006196639208110743
-0.0005629995980505219
-0.0006041189401162767
-0.0001393821311835553
0.0005290719099179646
-0.000550286032186702
-0.0005526407662625712
0.0002051752754517555
0.000477032537376545
0.0004875007249327749
0.0004946359304943792
0.0001947646416048137
0.0004342698662434576
-0.0004947582749431624
0.0004456823637929087
0.0001762463754654015
-0.0004288649932100647
0.0004286338030771853
0.0004287479493020992
-0.0001226680611836488
0.0004284990232921046
0.0004453557777086716

-0.01895230833456014
-0.01125770249905888
-0.00346671406915349
0.0034598355701585
0.003813463829797845
-0.002001605683481147
0.002705323361046705
-0.002126003474781603
-0.001632682142313531
-0.001086158467531383
0.001398871130577198
-0.0002071232236270726
0.001451329594090099
-0.0007075494784042544
0.00145389609980842
0.001057436953280782
-0.0008197109578293104
-0.001052382565932275
0.0007659961346587198
0.0001238741418513095
-0.0006774631942065484
-0.0008190709187497409
0.0006430530209624178
0.0005928088846010369
0.0006866090255252611
0.0005422917291821473
-9.646759521495285e-06
0.0006366440584850945
-0.0005501188909739943
-0.0005168226200402402
0.0005427303664462546
0.0004762573792485176
6.636933590488372e-05
-0.0004723044149319646
-0.0005078230225643839
-0.0004085502467923013
8.559091055198112e-05
0.0004539034294200451
0.0004268337011446069
0.0003816599524923276
-0.0004238978140635577
3.64031329641058e-05
0.0003949981615884784
0.0003588780930055005
0.000385089179331803
8.884765390841651e-05
-0.0003372512498260286
0.0003507739659539536
0.0003522749660925007
-0.0001307867924612416
-0.0003040793064649206
-0.0003107521410467549
-0.0003153004017807849
-0.0001241506448779448
-0.0002768206975401604
0.0003153783889457191
-0.0002840954724620598
-0.000112346373505677
0.0002733754188333395
-0.0002732280491471924
-0.0002733008104416493
7.819344813512345e-05
-0.0002731421352097784
-0.0002838872936436792

-0.02676985544210926
-0.01590133841166954
-0.004896682390983067
0.004886966612808196
0.005386461303566915
-0.00282723844784498
0.003821229267749011
-0.003002948489684881
-0.002306139397962457
-0.001534182783952263
0.00197588479918368
-0.0002925584924708487
0.002049981603655415
-0.0009994031819584544
0.002053606755054737
0.001493614069524928
-0.00115782961410464
-0.001486474822089157
0.001081958220183396
0.0001749703947317377
-0.000956906750149441
-0.001156925568364723
0.0009083028889618651
0.0008373337888672563
0.0009698251017290605
0.0007659790533895386
-1.362590526264927e-05
0.0008992503241753442
-0.0007770348037494597
-0.0007300043131140012
0.0007665986220426743
0.0006727065099759672
9.374570614829507e-05
-0.0006671230062963958
-0.0007172925146766733
-0.0005770711859687065
0.0001208958962775777
0.0006411318861934627
0.0006028962950455159
0.0005390890426593568
-0.0005987493979304102
5.141888734006158e-05
0.0005579290658930491
0.0005069100028082193
0.0005439327748922279
0.0001254959981398518
-0.0004763624064225549
0.0004954630431123228
0.0004975831836260071
-0.0001847344115618489
-0.0004295075266456924
-0.000438932806880167
-0.0004453571579521141
-0.0001753609511707046
-0.0003910051443717931
0.0004454673136699414
-0.0004012806564412209
-0.0001586875923029006
0.0003861387391131936
-0.0003859305816095237
-0.0003860333558626336
0.0001104470899346924
-0.0003858092294424492
-0.0004009866069366371

0.01852691043506441
0.01100501544312556
0.003388901231944364
-0.003382177125701939
-0.003727867950163812
0.001956678235154618
-0.002644600474160907
0.002078283830476048
0.001596035442522976
0.00106177887627273
-0.001367472483504716
0.0002024741970963149
-0.001418753479882979
0.0006916680323772878
-0.001421262378574317
-0.001033702036624208
0.000801311968455604
0.001028761098556891
-0.0007488028122964747
-0.000121093699552957
0.0006622570560035821
0.0008006862955042191
-0.0006286192433163911
-0.0005795028719580569
-0.000671197602701544
-0.0005301196096473858
9.430231214499039e-06
-0.0006223541345126026
0.0005377710852839631
0.0005052221725859203
-0.0005305484013893093
-0.0004655674471742446
-6.487962944876535e-05
0.0004617032099239177
0.0004964245774093613
0.0003993800489592412
-8.366976232446419e-05
-0.0004437152474826238
-0.0004172531183104215
-0.0003730933262405571
0.0004143831292811969
-3.55860390236446e-05
-0.0003861321498457936
-0.0003508228216240366
-0.0003764455816700266
-8.68534057841237e-05
0.0003296814081611072
-0.0003429005974080412
-0.0003443679065420996
0.0001278511908546944
0.000297254032415652
0.000303777090528827
0.000308223262349608
0.0001213639962745763
0.0002706072621532345
-0.000308299499037689
0.0002777187496319324
0.0001098246800812666
-0.0002672393151517552
0.0002670952532820292
0.0002671663813980058
-7.643834115798694e-05
0.0002670112677433788
0.000277515243533624

0.003656528451429005
0.002171983948282829
0.0006688440480729397
-0.0006675169576305566
-0.0007357435699122004
0.000386176079503769
-0.0005219465442087515
0.0004101765366066054
0.0003149985004534849
0.0002095559690767247
-0.0002698886066303421
3.996093493074147e-05
-0.0002800095829761231
0.0001365097460903596
-0.0002805047469961033
-0.000204014637004071
0.0001581494130602661
0.000203039478156832
-0.0001477860432946316
-2.389942776786684e-05
0.0001307051046596252
0.0001580259283083227
-0.0001240662417168192
-0.0001143724824721141
-0.0001324696386595892
-0.0001046260488022837
1.861179653253048e-06
-0.000122829740430073
0.0001061361677429719
9.971221347617283e-05
-0.0001047106764690575
-9.18858339938646e-05
-1.280484470572919e-05
9.112317615629178e-05
9.797589283160521e-05
7.882288399194022e-05
-1.651332355366279e-05
-8.757301615080889e-05
-8.235036834115098e-05
-7.363485494350691e-05
8.178393841327993e-05
-7.023370929526516e-06
-7.620823757256043e-05
-6.923947914434874e-05
-7.429646646235261e-05
-1.71416572917871e-05
6.506694427401334e-05
-6.767592442516725e-05
-6.796551710249356e-05
2.523310719008245e-05
5.866697691661588e-05
5.995438787831861e-05
6.083189812593372e-05
2.395277436640136e-05
5.340788776922861e-05
-6.084694443487469e-05
5.481143297391829e-05
2.167533916645858e-05
-5.274317931295085e-05
5.271474681600231e-05
5.272878488135109e-05
-1.508610786476001e-05
5.269817116981232e-05
5.477126837970074e-05

-0.01550649996739665
-0.009210886629377354
-0.002836414470013195
0.002830786583291326
0.003120120024883574
-0.001637684334685714
0.002213455789624302
-0.001739464778138364
-0.00133583651867837
-0.0008886788851282794
0.001144535787291584
-0.0001694651756252823
0.001187456530685666
-0.0005789065780340827
0.001189556407921626
0.0008651793645459717
-0.0006706754510570833
-0.0008610439391469945
0.0006267267726671479
0.0001013520011742369
-0.0005542904227512909
-0.0006701517804948871
0.0005261365250376904
0.0004850275115551289
0.0005617734074381015
0.0004436951178948153
-7.892836775601953e-06
0.0005208928061887217
-0.0004500991865670135
-0.0004228566673428248
0.0004440540044537658
0.0003896667838779722
5.430241461240657e-05
-0.0003864325266062909
-0.000415493329035775
-0.0003342698038008233
7.002922431689564e-05
0.0003713771108646065
0.0003492290572760785
0.0003122685604522223
-0.0003468269576413998
2.978450804811494e-05
0.0003231816869834185
0.0002936287780492245
0.0003150743034221505
7.269384383758926e-05
-0.0002759340130033602
0.0002869981004746598
0.0002882261967144065
-0.0001070078302460895
-0.0002487932167706593
-0.0002542528318950613
-0.0002579741519410949
-0.0001015782318843945
-0.000226490623812504
0.0002580379598925593
-0.0002324427376710537
-9.192015064077842e-05
0.0002236717474406943
-0.0002235511717307237
-0.000223610703951829
6.397672935422654e-05
-0.0002234808782105919
-0.0002322724088233017

-0.02107054698997885
-0.01251593976408338
-0.003854177570638322
0.003846530283897591
0.004239682438777539
-0.002225318724489303
0.003007688667565134
-0.002363620057539149
-0.001815161783570176
-0.00120755491229263
0.001555218465711168
-0.0002302727213546257
0.001613540043270814
-0.0007866300119897591
0.001616393399093894
0.00117562328660594
-0.0009113274198711764
-0.00117000398661038
0.0008516090633686091
0.0001377191569832407
-0.0007531810804004713
-0.000910615845679565
0.0007149249925683082
0.0006590652303961582
0.000763349111923106
0.0006029019347036389
-1.072494686191135e-05
0.0007077997209311204
-0.0006116039132395533
-0.000574586225002975
0.0006033895970463186
0.0005294871374844456
7.378722349763711e-05
-0.0005250923630372864
-0.0005645807714106145
-0.0004542125962096379
9.515713183140466e-05
0.0005046347584515978
0.0004745395335552788
0.0004243168600480569
-0.0004712755118008638
4.047179426180351e-05
0.0004391458379518265
0.0003989887452682707
0.0004281293605615751
9.877787093690118e-05
-0.0003749447392606301
0.0003899788459550016
0.0003916476080600505
-0.0001454044123584414
-0.0003380652742898956
-0.0003454839101694966
-0.0003505405154035034
-0.0001380265638654698
-0.0003077600581604003
0.0003506272189433667
-0.0003158479113194905
-0.0001249029669799837
0.0003039297117136087
-0.0003037658709909237
-0.0003038467645816298
8.693287879001866e-05
-0.0003036703547284757
-0.0003156164650228163

0.01310139961380314
0.007782253041152964
0.002396478865001845
-0.002391723878829508
-0.00263618091606596
0.001383675036603664
-0.001870142771633087
0.00146966905623068
0.001128644638487971
0.0007508423710633964
-0.0009670151712594533
0.0001431806656020519
-0.001003278790522898
0.0004891165919989064
-0.001005052971083711
-0.0007309876900889942
0.0005666518630214792
0.00072749368042604
-0.0005295197442779249
-8.563202991224764e-05
0.0004683184694056119
0.0005662094151888048
-0.0004445313178622099
-0.0004097984242693532
-0.0004746408227987776
-0.0003748767973724656
6.668636307425715e-06
-0.0004401009140800792
0.0003802875775616984
0.0003572704472232303
-0.0003751800196491782
-0.0003292284050266134
-4.587996229499649e-05
0.0003264957898613766
0.0003510491827306351
0.000282423647349828
-5.916750100599227e-05
-0.0003137755100820376
-0.0002950626798920489
-0.0002638348567319194
0.0002930331524491647
-2.516484977650355e-05
-0.0002730553276326373
-0.0002480861553170674
-0.0002662054213300025
-6.141883078594281e-05
0.0002331358964949326
-0.0002424839138829963
-0.000243521529053087
9.04106244998971e-05
0.0002102047116350867
0.0002148175255926401
0.0002179616587701177
8.582317162346125e-05
0.0001913613115523191
-0.0002180155699346043
0.0001963902363497893
7.766308506999622e-05
-0.0001889796505787575
0.0001888777764896203
0.000188928075101188
-5.405376448690582e-05
0.0001888183856857822
0.0001962463259699456

0.01334082674257076
0.007924473151668183
0.002440274342638596
-0.002435432459438677
-0.002684356931320116
0.0014089615976525
-0.001904319495295963
0.001496527151758148
0.001149270537487928
0.0007645639609972569
-0.0009846873034555202
0.000145797281892741
-0.001021613637733929
0.0004980551622819849
-0.001023420241315828
-0.0007443464371665797
0.0005770073847651205
0.0007407885747300979
-0.0005391966792417367
-8.719694905499339e-05
0.0004768769555050431
0.0005765568512304357
-0.0004526550954905471
-0.0004172874607836865
-0.0004833148494484643
-0.0003817276436852298
6.790505152812445e-06
-0.0004481437264003058
0.0003872373054904051
0.0003637995387626042
-0.0003820364073270806
-0.0003352450302763812
-4.671841528201034e-05
0.0003324624767670512
0.0003574645811120791
0.000287584919044019
-6.024878280028694e-05
-0.0003195097347962219
-0.0003004549289902318
-0.0002686564196242608
0.0002983883120804198
-2.562473558301714e-05
-0.0002780453939626818
-0.0002526199118320382
-0.0002710703061186476
-6.254125546885795e-05
0.0002373964381130595
-0.000246915289841643
-0.0002479718673537869
9.206287211253152e-05
0.0002140461875112188
0.000218743300309642
0.0002219448922931774
8.739158386713207e-05
0.0001948584256571201
-0.0002219997886802889
0.0001999792536909199
7.908237232308392e-05
-0.0001924332400018134
0.000192329504171085
0.0001923807219861262
-5.504159311679623e-05
0.0001922690280046074
0.000199832713359315

0.01911848411333165
0.01135641118651812
0.003497110572841578
-0.003490171762466745
-0.003846900670869735
0.002019155966927796
-0.002729043913100229
0.002144644490791221
0.00164699766640236
0.001095682016115848
-0.001411136575789999
0.0002089393012457767
-0.001464055000478736
0.0007137533446307102
-0.001466644009582111
-0.001066708668689473
0.0008268982673842174
0.001061609963955092
-0.0007727124671479144
-0.0001249602830025224
0.0006834032608146478
0.0008262526163774473
-0.0006486913756506951
-0.0005980066935600717
-0.0006926292837186045
-0.0005470465985534621
9.731343296085495e-06
-0.0006422262187345531
0.0005549423897008513
0.0005213541736568799
-0.0005474890818338254
-0.000480433252683256
-6.695126903338382e-05
0.0004764456283710003
0.0005122756667893023
0.0004121324571611479
-8.634138041382019e-05
-0.0004578833011350272
-0.0004305762227122095
-0.0003850063860091946
0.0004276145934727197
-3.672231935888186e-05
-0.0003984615458872834
-0.0003620247728470484
-0.000388465680660302
-8.962667922926532e-05
0.0003402083032937347
-0.0003538495879804318
-0.0003553637490418143
0.0001319335444402713
0.0003067455049389513
0.0003134768476171289
0.0003180649879667746
0.0001252392104360159
0.0002792478897418483
-0.0003181436589310659
0.0002865864506347612
0.0001133314380044581
-0.0002757724024786872
0.0002756237406401808
0.0002756971399130845
-7.887905628951287e-05
0.0002755370734004943
0.0002863764464830762

0.01250734734896157
0.007429385013235756
0.002287816146562075
-0.002283276764095161
-0.002516649469817446
0.001320935534448919
-0.001785345529978082
0.001403030356766576
0.001077468892120311
0.0007167971832043088
-0.0009231681343353751
0.0001366884738370855
-0.0009577874647604255
0.0004669387462867302
-0.0009594811992607471
-0.0006978427662130272
0.0005409583621339447
0.0006945071842306926
-0.0005055099123026971
-8.174924617831487e-05
0.0004470836658258707
0.0005405359760614549
-0.0004243750869285643
-0.0003912170750058535
-0.0004531193469197251
-0.0003578788874483244
6.366262620750684e-06
-0.00042014556942416
0.0003630443284889679
0.0003410708559894367
-0.0003581683608214454
-0.0003143003144849371
-4.379964291571821e-05
0.0003116916033510968
0.0003351316801569073
0.0002696178088669758
-5.648468932069023e-05
-0.0002995480948507264
-0.0002816837540957109
-0.0002518718834003483
0.0002797462508189709
-2.402380863244501e-05
-0.0002606742736544898
-0.0002368372699470677
-0.0002541349603017322
-5.863393782733229e-05
0.000222564895578122
-0.0002314890490230434
-0.0002324796159646864
8.631116659210634e-05
0.000200673471560863
0.0002050771282787274
0.0002080786981049891
8.193172101651791e-05
0.0001826844812989419
-0.000208130164794071
0.0001874853812857787
7.414163446620713e-05
-0.0001804108111612314
0.000180313556313969
0.0001803615742528338
-5.160282320099669e-05
0.00018025685844696
0.0001873479961848974

-0.001266039847029394
-0.0007520297632471311
-0.0002315811917112367
0.0002311216986697774
0.0002547445450178486
-0.0001337099686534949
0.0001807192619353675
-0.0001420199094738407
-0.0001090653767982807
-7.255685565090461e-05
9.344648477157598e-05
-1.383611166134602e-05
9.695078113205417e-05
-4.726526276327693e-05
9.712222718779586e-05
7.063821962697238e-05
-5.475780138953078e-05
-7.030057971130914e-05
5.116957850354293e-05
8.274960328413815e-06
-4.525545825975744e-05
-5.471504591298988e-05
4.295681211594734e-05
3.960043580586817e-05
4.586641217003668e-05
3.622582145342868e-05
-6.444165920756414e-07
4.252868474849424e-05
-3.674868645452303e-05
-3.452445049266397e-05
3.625512301629381e-05
3.181463750636076e-05
4.433561463511544e-06
-3.155057413998398e-05
-3.392326520105189e-05
-2.729170942253773e-05
5.717588664640538e-06
3.03213634036414e-05
2.851306891835839e-05
2.549540136964247e-05
-2.831694768784814e-05
2.431778550435645e-06
2.63864117893097e-05
2.397354232263623e-05
2.572447836363008e-05
5.935143528568428e-06
-2.252883992825516e-05
2.343217566742042e-05
2.353244450815576e-05
-8.736734744811978e-06
-2.031290921644031e-05
-2.075866359759578e-05
-2.106249357029779e-05
-8.293431104828097e-06
-1.849199724810682e-05
2.106770321844395e-05
-1.897796205868937e-05
-7.504889801116953e-06
1.826184796760433e-05
-1.825200347313315e-05
-1.825686402608584e-05
5.223428163371237e-06
-1.824626430581241e-05
-1.896405543184755e-05

0.01529475603883459
0.009085110385575492
0.002797682741757988
-0.002792131704800462
-0.003077514248399728
0.001615321472950016
-0.002183230669476971
0.001715712086912184
0.001317595440874143
0.0008765438218474909
-0.001128906953932189
0.0001671510994561612
-0.001171241607180645
0.0005710015089751099
-0.001173312810231335
-0.000853365191267386
0.000661517262226718
0.0008492862358144202
-0.0006181687106119549
-9.996802213699227e-05
0.0005467214915336749
0.0006610007424766992
-0.0005189520401439305
-0.0004784043773226322
-0.0005541022947756268
-0.0004376363846187727
7.785058729629386e-06
-0.0005137799251792464
0.0004439530046299062
0.0004170824866992864
-0.0004379903705197658
-0.0003843458168113861
-5.356090578551042e-05
0.0003811557238798936
0.0004098196960453533
0.0003297052920408814
-6.907296319401709e-05
-0.0003663058924338615
-0.0003444602743328165
-0.0003080044794606947
0.0003420909757824292
-2.93777954593478e-05
-0.0003187685853688468
-0.000289619226497631
-0.0003107719095268727
-7.17011968760905e-05
0.0002721660865170342
-0.0002830790919678015
-0.0002842904183418134
0.0001055466198884261
0.0002453959025328251
0.0002507809656720562
0.0002544514704517972
0.0001001911636278371
0.0002233978553238224
-0.0002545144070946305
0.0002292686920422464
9.066496514751648e-05
-0.0002206174711944877
0.000220498541966673
0.0002205572612650086
-6.310311609278795e-05
0.0002204292083165776
0.0002291006890641959

-0.01061174829188812
-0.006303396037892576
-0.001941077385001791
0.001937225986076825
0.002135228995206088
-0.001120736076986512
0.001514760632257631
-0.001190388703254635
-0.0009141689565750927
-0.0006081602335230636
0.0007832538426681451
-0.0001159721272858059
0.0008126263075285056
-0.0003961700514966293
0.0008140633415927559
0.0005920785259860288
-0.0004589713402205601
-0.0005892484809398893
0.0004288954163295272
6.935942524758261e-05
-0.0003793241840007753
-0.000458612970491411
0.0003600572909817138
0.0003319246688863018
0.0003844451042687945
0.0003036391783664357
-5.401399242108126e-06
0.0003564687942445105
-0.0003080217511543395
-0.0002893785526600665
0.0003038847794908546
0.0002666653233751931
3.716141983814426e-05
-0.0002644519854749194
-0.0002843395114278908
-0.0002287548464818629
4.792393532322379e-05
0.0002541489330377592
0.0002389920910469243
0.0002136984728956381
-0.0002373482335194943
2.038278806106353e-05
0.000221166783092645
0.0002009424880188508
0.0002156185604867561
4.974744621908924e-05
-0.0001888332181549118
0.0001964048372547423
0.0001972452750196643
-7.322994629478186e-05
-0.0001702596329700682
-0.0001739958765835437
-0.0001765425319684184
-6.951424441096904e-05
-0.0001549970332069804
0.0001765861984257769
-0.0001590703143603543
-6.290481434258342e-05
0.0001530679578781583
-0.0001529854428627402
-0.0001530261832584881
4.378195917020073e-05
-0.0001529373380586776
-0.0001589537511860056

-0.008549532335262086
-0.00507843634861909
-0.001563861430920521
0.001560758487018888
0.001720282919983666
-0.0009029397480917626
0.001220392215255119
-0.0009590565503505105
-0.000736515495764855
-0.0004899744545863456
0.0006310415466345469
-9.343488225940425e-05
0.000654705963767512
-0.000319181022049067
0.0006558637342744397
0.0004770179581813449
-0.0003697779297284966
-0.0004747378850995468
0.0003455467590725104
5.588057995708289e-05
-0.0003056088674041079
-0.000369489203167731
0.0002900861730906318
0.000267420655999137
0.0003097346223893602
0.0002446319779070372
-4.351727557594024e-06
0.0002871950407299621
-0.0002481628709070574
-0.0002331426665095081
0.0002448298505569671
0.000214843373794658
2.993971886548895e-05
-0.0002130601611300985
-0.0002290828787376707
-0.0001843001645958459
3.861071930928562e-05
0.0002047593347685656
0.0001925479717455652
0.000172169745621848
-0.0001912235704594714
1.642173380083267e-05
0.0001781867145286522
0.0001618926732514399
0.0001737166962745611
4.007986133367971e-05
-0.0001521366376378264
0.0001582368390885056
0.0001589139518176391
-5.89989299157571e-05
-0.0001371725183662964
-0.0001401826854666819
-0.0001422344409324866
-5.600531260312501e-05
-0.0001248759498268343
0.0001422696215435273
-0.0001281576568531751
-5.068031482396576e-05
0.0001233217580530349
-0.0001232552784520076
-0.0001232881016326334
3.527366700856301e-05
-0.0001232165220127853
-0.0001280637457839735

0.01072906853571874
0.006373084456784067
0.001962537342949859
-0.001958643364136933
-0.002158835433980981
0.001133126592310097
-0.001531507362564411
0.001203549276713072
0.000924275728988154
0.0006148838670772933
-0.0007919132576182171
0.0001172542796584859
-0.0008216104554671995
0.0004005499864291914
-0.0008230633769408436
-0.0005986243650998337
0.0004640455869953581
0.0005957630319410614
-0.0004336371528877168
-7.01262418416282e-05
0.0003835178761741256
0.0004636832552403528
-0.000364037974278105
-0.0003355943265162199
-0.0003886954117706776
-0.0003069961202634826
5.461115460273415e-06
-0.0003604098042183907
0.0003114271454358535
0.0002925778334406046
-0.0003072444366787869
-0.0002696134936389761
-3.757226513118618e-05
0.0002673756857517458
0.0002874830821095448
0.0002312838901067892
-4.845376769607022e-05
-0.0002569587259176624
-0.0002416343145170452
-0.0002160610578587289
0.0002399722830034818
-2.060813393239952e-05
-0.0002236119354092588
-0.0002031640467141292
-0.0002180023733509754
-5.029743877073784e-05
0.000190920900465841
-0.0001985762290709269
-0.0001994259584587447
7.403955418583007e-05
0.0001721419714034136
0.0001759195217836354
0.0001784943322116417
7.028277263834985e-05
0.000156710633004923
-0.0001785384814319807
0.0001608289471090707
6.36002707324221e-05
-0.0001547602304091918
0.0001546768031330166
0.0001547179939421244
-4.426599912138686e-05
0.0001546281664969302
0.0001607110952478819

0.005637281868095739
0.00334855475407404
0.001031159055610724
-0.001029113075935258
-0.001134298267148762
0.000595368924322133
-0.0008046866936390506
0.0006323705075038646
0.0004856342179936577
0.0003230731226405538
-0.0004160881472060995
6.160790402957485e-05
-0.0004316916895276608
0.0002104575218478968
-0.0004324550855159402
-0.0003145300328675524
0.0002438194671635218
0.0003130266272848485
-0.0002278422261139198
-3.684582592564641e-05
0.0002015084871767054
0.0002436290903168317
-0.0001912733304726671
-0.0001763284301529408
-0.0002042288750129052
-0.0001613023214994211
2.86938675629486e-06
-0.0001893670123963104
0.0001636304768074115
0.0001537266455116678
-0.00016143279225009
-0.0001416606906763679
-1.97412709465046e-05
0.0001404848985947879
0.000151049754297389
0.0001215214979512243
-2.545864491074334e-05
-0.000135011605307752
-0.0001269598321048633
-0.0001135230966056046
0.0001260865652332443
-1.082795392402035e-05
-0.0001174904890183536
-0.0001067467313660958
-0.0001145431052474203
-2.642734908905412e-05
0.0001003139207148944
-0.0001043361939435383
-0.0001047826599209774
3.890196385121785e-05
9.044707011610063e-05
9.243187580484153e-05
9.378473622239196e-05
3.692807055099739e-05
8.23391151837252e-05
-9.380793316617342e-05
8.450296541441264e-05
3.34169412574959e-05
-8.131433198363098e-05
8.127049751001569e-05
8.129214004130663e-05
-2.325830181710806e-05
8.124494278216008e-05
8.444104352830467e-05

0.00115433460537806
0.000685676664937463
0.0002111483174681475
-0.0002107293664206525
-0.0002322679215316754
0.0001219124692347866
-0.0001647740380361189
0.0001294892072655543
9.944231927764446e-05
6.615501836839907e-05
-8.520151350348325e-05
1.261532370566996e-05
-8.839661874921153e-05
4.309495358147841e-05
-8.855293777438271e-05
-6.440566745908951e-05
4.99264104576242e-05
6.409781819229815e-05
-4.665478369248329e-05
-7.544843938073814e-06
4.126247817088361e-05
4.988742738251891e-05
-3.916664619877716e-05
-3.610640972021438e-05
-4.181952638892549e-05
-3.302954437819283e-05
5.875584202648713e-07
-3.877629336989912e-05
3.350627594874469e-05
3.147828879852784e-05
-3.305626060528139e-05
-2.900756806123196e-05
-4.042379419880488e-06
2.876680353676412e-05
3.093014729423634e-05
2.488370701779443e-05
-5.21311431894298e-06
-2.764604853559085e-05
-2.599730350912277e-05
-2.324589083669335e-05
2.581848644922398e-05
-2.217217838739249e-06
-2.405828561531434e-05
-2.185830847386039e-05
-2.345475590691253e-05
-5.411473879731843e-06
2.054107507692504e-05
-2.13647076872358e-05
-2.145612960650592e-05
7.965875069114915e-06
1.852066038792641e-05
1.892708496364747e-05
1.920410740687413e-05
7.561685000723379e-06
1.686041114437392e-05
-1.920885739731451e-05
1.730349830242328e-05
6.842718281962629e-06
-1.665056839770901e-05
1.664159250277311e-05
1.664602419935473e-05
-4.762554592446986e-06
1.66363597137577e-05
1.729081868526311e-05

-0.006764955894496474
-0.004018394991000521
-0.001237430679295305
0.001234975424690434
0.001361201715297076
-0.000714465696098388
0.0009656551009388402
-0.0007588690245301303
-0.000582779811699342
-0.0003877002208688544
0.0004993218416135086
-7.393186348747116e-05
0.0005180466948447607
-0.0002525571518826842
0.0005189627995050194
0.0003774481832965208
-0.0002925927743502263
-0.0003756440385515225
0.0002734194682170316
4.421641371065489e-05
-0.0002418179647591698
-0.0002923643147839782
0.0002295353815398057
0.0002116009241406179
0.0002450825351955828
0.0001935690136054474
-3.443374893216921e-06
0.0002272477262461329
-0.0001963628898640213
-0.0001844779099269372
0.0001937255835436829
0.0001699982982637727
2.369028733691851e-05
-0.0001685873023691136
-0.0001812655371163029
-0.0001458304894288755
3.055135683910955e-05
0.0001620191391033787
0.0001523567003847642
0.0001362320989996779
-0.0001513087464224291
1.29939627709945e-05
0.0001409931230740928
0.000128100199080016
0.0001374561487519117
3.171383925428826e-05
-0.0001203805779308092
0.0001252074611032347
0.0001257432375139999
-4.668385860784095e-05
-0.000108539976257833
-0.0001109218197167065
-0.0001125453044510931
-4.431511043650353e-05
-9.88101172946803e-05
0.0001125731416792369
-0.0001014068211167409
-4.010161972125781e-05
9.758033788814795e-05
-9.752773482739948e-05
-9.755370670054327e-05
2.791086017253962e-05
-9.74970681673215e-05
-0.0001013325124626311

-0.01078198232367733
-0.00640451533435479
-0.001972216215302793
0.001968303032104496
0.002169482412328772
-0.001138714963755013
0.001539060474521038
-0.001209484959854029
-0.00092883408647989
-0.0006179163609469767
0.0007958188278040706
-0.000117832556148243
0.0008256624867578102
-0.0004025254251150297
0.0008271225737722449
0.0006015766701034269
-0.0004663341742768286
-0.000598701225377101
0.0004357757713784599
7.047209153760307e-05
-0.0003854093156323296
-0.000465970055568504
0.0003658333424515922
0.0003372494158628891
0.0003906123858799217
0.0003085101685294201
-5.488048674887641e-06
0.0003621872789260387
-0.0003129630467010534
-0.0002940207733741848
0.0003087597095955045
0.0002709431776824722
3.775756461582423e-05
-0.000268694333339293
-0.0002889008956688447
-0.0002324245396122387
4.869273274519761e-05
0.0002582259989798362
0.0002428260104074567
0.0002171266311621077
-0.0002411557820608951
2.070976944954518e-05
0.0002247147482485843
0.0002041660143362633
0.0002190775208644266
5.054549646569696e-05
-0.0001918624871478902
0.000199555570422297
0.0002004094905187932
-7.440470361681051e-05
-0.0001729909438695051
-0.0001767871244317545
-0.0001793746333500997
-7.062939431536059e-05
-0.000157483500955048
0.0001794190003062336
-0.0001616221258250757
-6.391393554204209e-05
0.0001555234793332727
-0.0001554396406091632
-0.0001554810345637407
4.448431086797454e-05
-0.0001553907641061524
-0.0001615036927402081

-0.006837254160953027
-0.004061340280861751
-0.001250655317322578
0.00124817382298193
0.001375749116026552
-0.0007221013159126323
0.0009759752258414554
-0.0007669791904789847
-0.0005890080814424823
-0.0003918436409164292
0.0005046581814382444
-7.472198623911299e-05
0.0005235831504500068
-0.0002552562743229615
0.0005245090456808171
0.0003814820380260078
-0.0002957197644878384
-0.0003796586120707672
0.0002763415498796272
4.468896225496253e-05
-0.0002444023156289603
-0.0002954888633342575
0.0002319884662952302
0.0002138623402141182
0.0002477017751003944
0.0001956377194982625
-3.480174842754397e-06
0.0002296763624294717
-0.0001984614544008681
-0.0001864494576051685
0.0001957959627267814
0.0001718150998004472
2.394346957978885e-05
-0.0001703890243459997
-0.0001832027536046792
-0.0001473890053669716
3.087786453137092e-05
0.0001637506659710452
0.0001539849630804023
0.000137688035261051
-0.0001529258094508359
1.313283152304563e-05
0.0001424999412321916
0.0001294692283051428
0.0001389251666470296
3.205277059937759e-05
-0.0001216671062149694
0.0001265455751318256
0.0001270870774787505
-4.718277716718612e-05
-0.0001096999619616569
-0.0001121072605980238
-0.0001137480957976449
-4.478871376997251e-05
-9.986611829457421e-05
0.0001137762305271211
-0.0001024905735443942
-4.053019274274492e-05
9.862319602049868e-05
-9.857003078165081e-05
-9.859628022072914e-05
2.820914841524942e-05
-9.853903638162154e-05
-0.0001024154707407097

0.001050162919655703
0.0006237985113118048
0.0001920934645113357
-0.0001917123212510848
-0.0002113071526068131
0.0001109106094865394
-0.0001499041820815827
0.0001178035929376418
9.046825406037581e-05
6.018492984263171e-05
-7.751259449648189e-05
1.14768673774804e-05
-8.04193609035747e-05
3.920589581623891e-05
-8.056157308639053e-05
-5.859344722586344e-05
4.542085520936864e-05
5.831337948521828e-05
-4.244447288517218e-05
-6.863967606481857e-06
3.753879017941382e-05
4.538539012007244e-05
-3.563209431094766e-05
-3.284802558404247e-05
-3.804556817982183e-05
-3.004882864765572e-05
5.345348421669488e-07
-3.527696845353693e-05
3.048253809004918e-05
2.863756446045258e-05
-3.007313389754175e-05
-2.638981126045479e-05
-3.677579234099462e-06
2.617077427169546e-05
2.813888939702617e-05
2.263810362429293e-05
-4.742662420562467e-06
-2.515116060094764e-05
-2.365120479724948e-05
-2.114809040405154e-05
2.348852489069594e-05
-2.017127398065329e-06
-2.188717148905881e-05
-1.988572892008379e-05
-2.133810667048765e-05
-4.923121235996079e-06
1.868736783524216e-05
-1.943667260591936e-05
-1.951984425235409e-05
7.24700323564118e-06
1.684928329820576e-05
1.721903052492707e-05
1.747105337553383e-05
6.879288865537306e-06
1.533886146309712e-05
-1.747537470818539e-05
1.574196269683951e-05
6.225204525524075e-06
-1.514795574955547e-05
1.513978987461923e-05
1.514382163750706e-05
-4.332762972295455e-06
1.51350293130099e-05
1.573042733809567e-05

0.009236828383722723
0.005486691338238367
0.001689580094779435
-0.001686227705529236
-0.001858576291687975
0.0009755269840393375
-0.001318499423255792
0.001036155010413314
0.0007957239027305294
0.0005293634519348098
-0.0006817709133894059
0.0001009461030896455
-0.0007073377106464265
0.0003448399524554871
-0.0007085885542086327
-0.0005153653840810233
0.0003995043404774946
0.0005129020161523212
-0.0003733252284385906
-6.037281418513925e-05
0.0003301767336574382
0.0003991924032177356
-0.0003134061715022842
-0.0002889185757609389
-0.0003346341576730272
-0.0002642979181186521
4.701562500258885e-06
-0.0003102826213006141
0.0002681126592534545
0.0002518849821282979
-0.0002645116977310418
-0.0002321146111042921
-3.234656986756604e-05
0.0002301880461521126
0.0002474988284238775
0.000199116036375762
-4.171463116890519e-05
-0.0002212199171903998
-0.0002080268839165671
-0.0001860104542349506
0.000206596014143651
-1.774187533695385e-05
-0.0001925111266696816
-0.0001749072090455519
-0.0001876817640956878
-4.330187737355475e-05
0.0001643668867057573
-0.0001709574827403504
-0.000171689028494
6.374184798476448e-05
0.0001481998033841979
0.0001514519575163959
0.0001536686533986966
6.0507574076118e-05
0.0001349147149309617
-0.0001537066621755195
0.0001384602380566254
5.475450025861786e-05
-0.0001332355818360388
0.0001331637579465838
0.0001331992197793943
-3.810931356781456e-05
0.0001331218858810505
0.0001383587774859371

0.005892748465610091
0.00350030233555537
0.001077888437180919
-0.001075749739156739
-0.001185701643040635
0.0006223494580119668
-0.0008411529510482876
0.0006610278543777129
0.0005076418671072521
0.0003377139359475394
-0.0004349441536503568
6.43998101273593e-05
-0.0004512548069448031
0.0002199948961154517
-0.0004520527980056763
-0.0003287836961032547
0.0002548687159222546
0.0003272121601843607
-0.0002381674288689053
-3.851558060566688e-05
0.0002106403150315832
0.0002546697117041305
-0.0001999413282904604
-0.0001843191648988507
-0.0002134839835979612
-0.0001686121130281285
2.999419720538212e-06
-0.0001979486209570033
0.0001710457741328821
0.0001606931275849703
-0.0001687484963656713
-0.0001480803758181658
-2.063589275845497e-05
0.0001468512999715532
0.0001578949267916406
0.0001270285285260032
-2.661236288065558e-05
-0.0001411299716126441
-0.000132713313496732
-0.000118667660937801
0.000131800472496733
-1.131864795205288e-05
-0.000122814845006211
-0.000111584208876691
-0.000119733893654126
-2.762496615186618e-05
0.0001048598803826805
-0.0001090644323194075
-0.0001095311309456308
4.066489722482127e-05
9.454589039835212e-05
9.662064219370247e-05
9.803481064161647e-05
3.860155233835456e-05
8.607050454662693e-05
-9.805905880908028e-05
8.833241470565525e-05
3.493130801831147e-05
-8.499928090172789e-05
8.495345996654858e-05
8.497608327970222e-05
-2.431230609934884e-05
8.492674716649682e-05
8.82676866846052e-05

0.004357020862332021
0.002588077599015863
0.0007969765611874275
-0.0007953952359423669
-0.0008766922303537646
0.0004601570197750134
-0.0006219374503283422
0.0004887553183229408
0.0003753437328077005
0.0002497012511242648
-0.0003215919977686029
4.761637424244266e-05
-0.0003336518807072828
0.0001626613383509476
-0.0003342419048225811
-0.0002430983490092029
0.0001884465829332027
0.00024193637598012
-0.0001760978705209802
-2.847791471213154e-05
0.0001557446838936007
0.0001882994418265271
-0.000147833993541011
-0.0001362831709988838
-0.0001578472551031325
-0.0001246695830295206
2.217731568476372e-06
-0.0001463606118966145
0.0001264690001041155
0.000118814389144029
-0.0001247704230790457
-0.0001094886860531455
-1.525790822162373e-05
0.00010857992350606
0.0001167454362089722
9.39232265095254e-05
-1.96768317778429e-05
-0.0001043496484204294
-9.812648189360968e-05
-8.774131076652648e-05
9.745153924093402e-05
-8.368859717717411e-06
-9.080768422733461e-05
-8.250389929586823e-05
-8.852966924072998e-05
-2.042553734429902e-05
7.753201907653595e-05
-8.06408095860846e-05
-8.098588042404443e-05
3.006709120661245e-05
6.990599027218304e-05
7.144003451474494e-05
7.248565210156394e-05
2.854148108274284e-05
6.363940122841596e-05
-7.250358087829121e-05
6.531182790826035e-05
2.582775061119614e-05
-6.284735252716903e-05
6.281347312916815e-05
6.283020050993905e-05
-1.797619998621404e-05
6.279372203547349e-05
6.526396885918623e-05

-0.008146712852579037
-0.004839160909617703
-0.001490178587474461
0.001487221841776123
0.00163923012683387
-0.0008603968687904671
0.001162892256013368
-0.000913869673650353
-0.0007018138560312001
-0.0004668888343927983
0.0006013094139988102
-8.90326074377882e-05
0.0006238588592369516
-0.0003041424995729224
0.0006249620802671098
0.0004545427958438892
-0.0003523554850238237
-0.0004523701506097796
0.0003292659894030226
5.324771240041436e-05
-0.0002912098101172192
-0.0003520803620945232
0.000276418482555603
0.0002548208732174688
0.0002951411761672314
0.0002331059057285349
-4.146691705949526e-06
0.0002736635686916022
-0.0002364704372907908
-0.000222157924346871
0.000233294455417186
0.0002047208205022987
2.852908006186652e-05
-0.0002030216256266308
-0.0002182894174013337
-0.0001756166841375354
3.679153793559451e-05
0.0001951119007252827
0.0001834758878785096
0.0001640578015826527
-0.0001822138870395689
1.564800793431607e-05
0.000169791275181417
0.0001542649434140059
0.0001655318661595286
3.819145991297149e-05
-0.0001449685728516772
0.0001507813574126269
0.0001514265673208338
-5.621913828556683e-05
-0.0001307095025287323
-0.0001335778426955684
-0.0001355329277187564
-5.336656814723355e-05
-0.0001189922987057924
0.000135566450761269
-0.0001221193849324725
-4.829246278727915e-05
0.000117511334180146
-0.0001174479868298483
-0.000117479263514557
3.361171408066651e-05
-0.0001174110564376936
-0.000122029898574064

-0.0003260929520126944
-0.0001936997528739268
-5.964819718209233e-05
5.952984589704764e-05
6.561436505258619e-05
-3.443957825979579e-05
4.654772734692007e-05
-3.65799636034813e-05
-2.809188886581166e-05
-1.868841593217844e-05
2.40689423368631e-05
-3.563757101812556e-06
2.497154137247928e-05
-1.217407895836622e-05
2.501570060681143e-05
1.819423426295956e-05
-1.410392662028333e-05
-1.810726859830667e-05
1.317971069124631e-05
2.131375444158897e-06
-1.165641509089859e-05
-1.409291412361541e-05
1.106435449469135e-05
1.019985511773348e-05
1.181377804009777e-05
9.330658181538165e-06
-1.659819075436359e-07
1.095408204360582e-05
-9.465332135202271e-06
-8.892437314783455e-06
9.338205363547054e-06
8.194472777396818e-06
1.141949164514057e-06
-8.126458170419667e-06
-8.737590461533577e-06
-7.029505518274705e-06
1.472675106095053e-06
7.809851265342843e-06
7.344090185071497e-06
6.566831774574447e-06
-7.293575384029145e-06
6.263514122529865e-07
6.796328672900691e-06
6.174847659449091e-06
6.62583496742719e-06
1.528710552347882e-06
-5.802736726549368e-06
6.035408248315799e-06
6.061234419850398e-06
-2.250314340872708e-06
-5.231981083278738e-06
-5.346793711298637e-06
-5.425050973868189e-06
-2.136132948444438e-06
-4.762970127205832e-06
5.426392819111561e-06
-4.888139725947187e-06
-1.933028944952765e-06
4.70369074633055e-06
-4.701155107142197e-06
-4.702407036184865e-06
1.345394549323863e-06
-4.699676874041224e-06
-4.884557806311433e-06

0.004564925525644336
0.002711573312911573
0.0008350060195849661
-0.0008333492379897019
-0.0009185254941225475
0.0004821144060924377
-0.0006516145393986737
0.0005120773342390124
0.0003932540699077575
0.0002616162857738911
-0.000336937454706493
4.988849240938881e-05
-0.0003495728010136396
0.0001704230755223656
-0.0003501909794042364
-0.0002546983119195736
0.0001974387187560466
0.0002534808928370665
-0.0001845007608530602
-2.98367999360415e-05
0.0001631763779548912
0.0001972845564936864
-0.0001548882119219978
-0.0001427862169279506
-0.0001653792778921176
-0.0001306184615187586
2.323555421432542e-06
-0.0001533445246893232
0.0001325037416664855
0.0001244838744075425
-0.0001307241133690551
-0.0001147131752465219
-1.59859722754629e-05
0.0001137610491312246
0.000122316196913439
9.840497617326298e-05
-2.061575431576568e-05
-0.0001093289173308064
-0.0001028087989686894
-9.192807696524271e-05
0.0001021016499692086
-8.768197939153872e-06
-9.51407690602762e-05
-8.64407510914015e-05
-9.275405366720023e-05
-2.140018598582219e-05
8.123162686621038e-05
-8.448876003112953e-05
-8.485029666960753e-05
3.150180742019525e-05
7.324170562224991e-05
7.484895009997629e-05
7.594446158890617e-05
2.990339951335687e-05
6.66760927439896e-05
-7.596324587594614e-05
6.842832287596087e-05
2.706017752963935e-05
-6.584624972780852e-05
6.58107537011601e-05
6.582827926502835e-05
-1.883397320416644e-05
6.579006014135284e-05
6.837818012896276e-05

0.003246437910584489
0.001928389488702766
0.0005938311988483616
-0.000592652945544824
-0.0006532277403445677
0.0003428652836469978
-0.0004634086869341864
0.0003641740181051581
0.0002796704817784753
0.0001860536438965742
-0.0002396197967108009
3.547919722893296e-05
-0.0002486056754583193
0.0001211997720677117
-0.0002490453053606297
-0.0001811337886965312
0.0001404124860276785
0.0001802679968144059
-0.0001312113990031455
-2.121903586350537e-05
0.0001160461384372508
0.0001403028504574273
-0.0001101518437182387
-0.0001015452684035617
-0.0001176127747008964
-9.289192625696805e-05
1.652442819736271e-06
-0.0001090540197283122
9.423268086716243e-05
8.852919217689273e-05
-9.296706267929926e-05
-8.15805644301544e-05
-1.136874328859534e-05
8.090344093734293e-05
8.698760505675449e-05
6.998266312218369e-05
-1.466130520421678e-05
-7.775144193523879e-05
-7.311452961031314e-05
-6.537648696140939e-05
7.261162648353631e-05
-6.235678991314932e-06
-6.766125707513714e-05
-6.147406563066152e-05
-6.596389678079266e-05
-1.521916944485287e-05
5.776949295568657e-05
-6.008586822335631e-05
-6.034298222064137e-05
2.24031391720053e-05
5.208730097176021e-05
5.323032496520956e-05
5.400941982867287e-05
2.12663994823433e-05
4.741803431353216e-05
-5.402277864936556e-05
4.866416774912391e-05
1.924438541348701e-05
-4.682787488763152e-05
4.680263117970386e-05
4.681509483429942e-05
-1.339415599957887e-05
4.678791454157681e-05
4.862850773367132e-05

0.004939769081255412
0.002934231004960377
0.000903571568700234
-0.0009017787424098237
-0.0009939491478496037
0.000521702670386239
-0.0007051211101993813
0.0005541259695640696
0.0004255456709415828
0.0002830986031116626
-0.0003646046823165577
5.398502799880733e-05
-0.0003782775654048029
0.0001844171683564817
-0.00037894650479588
-0.0002756125678721959
0.0002136511697451789
0.0002742951818361535
-0.0001996508264615145
-3.22868140958056e-05
0.0001765754166381296
0.0002134843486279015
-0.0001676066774813889
-0.0001545109412294632
-0.0001789592051442641
-0.0001413440447224525
2.514351475155e-06
-0.000165936232165183
0.000143384132459051
0.0001347057231183742
-0.0001414583720516607
-0.0001241327143482528
-1.729864181497958e-05
0.0001231024055032202
0.0001323600493053978
0.0001064853864562858
-2.230859302823575e-05
-0.0001183063343496324
-0.0001112508240438583
-9.947664419522129e-05
0.0001104856083258774
-9.48818832527027e-06
-0.0001029531427688135
-9.353873293286696e-05
-0.0001003704450143309
-2.315743739345747e-05
8.790186752436616e-05
-9.142645639471998e-05
-9.181768019419318e-05
3.408854173495872e-05
7.925586318085088e-05
8.099508467142026e-05
8.218055281341281e-05
3.235888242003718e-05
7.215112262956835e-05
-8.220087955033387e-05
7.404723510297137e-05
2.928219256663062e-05
-7.125313801829061e-05
7.121472727666841e-05
7.123369193185768e-05
-2.038050303087632e-05
7.119233448921891e-05
7.399297494252777e-05

5.790068311575629e-05
3.439310154146292e-05
1.059106411920754e-05
-1.057004980288163e-05
-1.165040990731448e-05
6.115051230521512e-06
-8.264960018746615e-06
6.495095548452774e-06
4.987962926706401e-06
3.318293272397277e-06
-4.273653246906442e-06
6.327765423312008e-07
-4.433917675938185e-06
2.161615219411631e-06
-4.441758537753734e-06
-3.230546953238961e-06
2.504276712827201e-06
3.215105431625936e-06
-2.340174013495184e-06
-3.784445307121057e-07
2.069699428574875e-06
2.502321346700108e-06
-1.964573841665243e-06
-1.811074343613399e-06
-2.097640609716529e-06
-1.656740752305875e-06
2.947155334822004e-08
-1.944993994241605e-06
1.680653301964532e-06
1.578930767733755e-06
-1.658080821141897e-06
-1.455001000859808e-06
-2.027631578580224e-07
1.442924406848036e-06
1.551436341646272e-06
1.248150777116157e-06
-2.61486469188923e-07
-1.38670805514133e-06
-1.30400806252506e-06
-1.165998968392579e-06
1.295038713584984e-06
-1.112142240946799e-07
-1.206748169241697e-06
-1.096398727469344e-06
-1.176475506345521e-06
-2.714360574781894e-07
1.030327145487615e-06
-1.071640028706564e-06
-1.076225693502327e-06
3.995631820885344e-07
9.289844410835544e-07
9.493704370101754e-07
9.632657050263141e-07
3.792892675973861e-07
8.457074043645473e-07
-9.635039615123605e-07
8.679323718861527e-07
3.432263583169111e-07
-8.351818268357174e-07
8.347316017064242e-07
8.349538927553413e-07
-2.388866824199997e-07
8.344691283777014e-07
8.672963704389701e-07

-0.002829131647800229
-0.001680508878358286
-0.0005174984658218887
0.0005164716685130536
0.0005692600087637844
-0.0002987924154456314
0.0004038408305291083
-0.0003173620652250855
-0.0002437208512060909
-0.0001621377850536691
0.0002088183938783731
-3.0918601397448e-05
0.0002166492024901729
-0.0001056204123741438
0.0002170323211279419
0.0001578503418829029
-0.0001223634700272947
-0.0001570958413252206
0.0001143451166159076
1.849148129447881e-05
-0.0001011292413101256
-0.0001222679273217119
9.599261581771788e-05
8.849235390834799e-05
0.0001024944977407924
8.095133670720363e-05
-1.440033170588416e-06
9.503590921218112e-05
-8.211974694762774e-05
-7.714940074022029e-05
8.101681488240862e-05
7.109396915381579e-05
9.907373040658136e-06
-7.05038850198275e-05
-7.580597356569667e-05
-6.098689471029648e-05
1.277669978411707e-05
6.775705283749536e-05
6.371618226863139e-05
5.697280939257175e-05
-6.327792372467116e-05
5.43412726987109e-06
5.896388872774539e-05
5.357201627901989e-05
5.748471190111352e-05
1.326285458572923e-05
-5.034363979838894e-05
5.236226167211312e-05
5.258632551281068e-05
-1.952337663226479e-05
-4.53918527587705e-05
-4.638794923223362e-05
-4.706689704998476e-05
-1.853275666049622e-05
-4.132278677363091e-05
4.707853869028621e-05
-4.240873871145943e-05
-1.677065796892687e-05
4.080848810071942e-05
-4.078648929004656e-05
-4.07973508314035e-05
1.167243350332746e-05
-4.077366436998365e-05
-4.237766253471174e-05

0.003893665065255333
0.002312843489133327
0.0007122205498140338
-0.000710807393656451
-0.0007834587022109505
0.0004112207329370155
-0.0005557963112031842
0.0004367776902020754
0.000335427078748119
0.000223146289396619
-0.0002873916757671223
4.255251897571652e-05
-0.0002981690271667914
0.0001453628042225161
-0.0002986963040283429
-0.0002172455856573325
0.0001684058671779696
0.0002162071848937165
-0.0001573704024328581
-2.544937588079832e-05
0.0001391817147395928
0.0001682743740766252
-0.0001321123020282748
-0.0001217898740140915
-0.0001410606839538761
-0.0001114113554834063
1.981882622354384e-06
-0.000130795609999953
0.0001130194100745003
0.0001061788434982362
-0.0001115014715030847
-9.784490031067789e-05
-1.363527650856142e-05
9.703278187146119e-05
0.0001043299173581884
8.393477961923354e-05
-1.758426110618079e-05
-9.32523835584813e-05
-8.769103169300607e-05
-7.841029164329613e-05
8.70878671200177e-05
-7.478857170642964e-06
-8.115056569715597e-05
-7.372986280896578e-05
-7.911481061319308e-05
-1.825334413341224e-05
6.928672679236537e-05
-7.20649069720778e-05
-7.237328058543021e-05
2.686954833224073e-05
6.247170274719163e-05
6.384260609251312e-05
6.477702545796361e-05
2.5506182162991e-05
5.687154621614706e-05
-6.479304756429127e-05
5.836611545126807e-05
2.308104859869278e-05
-5.616372946347049e-05
5.61334530354927e-05
5.614840151064821e-05
-1.606448628636783e-05
5.611580240997472e-05
5.832334606516036e-05

0.001850505671280035
0.001099203429594519
0.0003384903797695405
-0.0003378187622982477
-0.0003723470682140152
0.0001954370203123769
-0.0002641480992124371
0.0002075832356563165
0.0001594152812635903
0.0001060526437515844
-0.0001365859458819426
2.022353653231315e-05
-0.0001417079965854279
6.908521639607575e-05
-0.0001419585905132931
-0.0001032482716365842
8.003667677290846e-05
0.0001027547606463825
-7.479195496093593e-05
-1.209508614856979e-05
6.614758797886138e-05
7.99741832799627e-05
-6.278777451370466e-05
-5.788193098032381e-05
-6.7040588051715e-05
-5.294942983329921e-05
9.419107629988183e-07
-6.216200264454329e-05
5.371367485455456e-05
5.046262294530463e-05
-5.299225842866627e-05
-4.650182794257436e-05
-6.48030996135197e-06
4.611586002999553e-05
4.95839011624785e-05
3.989089536463782e-05
-8.357106827858145e-06
-4.431918558560779e-05
-4.167609405241782e-05
-3.726532378641308e-05
4.1389433683773e-05
-3.554406292535238e-06
-3.856766813105141e-05
-3.504090027881875e-05
-3.760015390856747e-05
-8.675095641916354e-06
3.292925270276739e-05
-3.424961233620546e-05
-3.43961701707532e-05
1.277003818773383e-05
2.969034015271299e-05
3.034187652597858e-05
3.078596925251769e-05
1.212208393743383e-05
2.702880629013047e-05
-3.079358392872035e-05
2.773911619078364e-05
1.096951345714788e-05
-2.669240886173354e-05
2.667801966780201e-05
2.668512408937278e-05
-7.634817705403853e-06
2.666963102059537e-05
2.771878958585709e-05

-0.002258425457033779
-0.001341508457059433
-0.0004131061593034783
0.0004122864925406242
0.0004544261121473409
-0.0002385185567223488
0.0003223760947875742
-0.0002533422464656922
-0.0001945562961703125
-0.0001294305627654206
0.0001666945322246769
-2.468155080241424e-05
0.0001729456720511555
-8.431414928091519e-05
0.0001732515061348003
0.0001260080034759279
-9.767971594228038e-05
-0.0001254057044389002
9.127886376502395e-05
1.476128978522411e-05
-8.07289590793066e-05
-9.76034465759753e-05
7.662851865469306e-05
7.064124604262322e-05
8.181880934520748e-05
6.462143949453667e-05
-1.149542678213184e-06
7.586480355697885e-05
-6.555415234064905e-05
-6.158644853528574e-05
6.467370909384797e-05
5.675254804905871e-05
7.908809582892691e-06
-5.628149855543536e-05
-6.051402402188599e-05
-4.868432180111314e-05
1.019932178546154e-05
5.408877071554998e-05
5.08630442038884e-05
4.547997728951077e-05
-5.051319330411896e-05
4.337928697158758e-06
4.706940642083677e-05
4.276520869687254e-05
4.588861633517749e-05
1.058740707688932e-05
-4.018807601576543e-05
4.179949167094305e-05
4.197835626433239e-05
-1.558502617855738e-05
-3.623518753257673e-05
-3.703034658254645e-05
-3.757233374557217e-05
-1.479423888374263e-05
-3.298695332106429e-05
3.758162697756662e-05
-3.385384175429756e-05
-1.338759930726792e-05
3.257640147687156e-05
-3.255884037325752e-05
-3.256751087168403e-05
9.317813467586864e-06
-3.2548602558407e-05
-3.382903441498389e-05

-0.001642189959748158
-0.0009754635523770536
-0.000300385733346354
0.0002997897214098773
0.0003304310959176374
-0.0001734362220560461
0.0002344123355822408
-0.0001842151097926781
-0.0001414695336438525
-9.411405189216193e-05
0.0001212101494478652
-1.794692616153098e-05
0.0001257555990345213
-6.130813349748427e-05
0.0001259779830231873
9.162537444462613e-05
-7.102676260224575e-05
-9.11874191302072e-05
6.637245127802913e-05
1.073351427327906e-05
-5.870120071844328e-05
-7.097130414656624e-05
5.571960924063878e-05
5.136602788201788e-05
5.949367370375528e-05
4.698878981899263e-05
-8.358776857492405e-07
5.516428196087707e-05
-4.766700200724495e-05
-4.478192854495043e-05
4.702679710015553e-05
4.126700941387084e-05
5.750806452388699e-06
-4.092449080361585e-05
-4.400212650947979e-05
-3.540028483557104e-05
7.416327946595385e-06
3.933007216481892e-05
3.698451957026696e-05
3.307027993406501e-05
-3.673012922360012e-05
3.154278539676915e-06
3.422601635795991e-05
3.109626493531581e-05
3.336741745349498e-05
7.698520022989744e-06
-2.922233042014329e-05
3.03940541100137e-05
3.052411358950663e-05
-1.133248539735014e-05
-2.634802976126769e-05
-2.69262211752113e-05
-2.732032135444454e-05
-1.07574728584862e-05
-2.398611093308568e-05
2.732707882890587e-05
-2.46164596022381e-05
-9.734649907979338e-06
2.368758254272975e-05
-2.367481317369833e-05
-2.368111783406677e-05
6.775348584395271e-06
-2.366736885594915e-05
-2.459842121033881e-05

-0.005637069121163555
-0.003348428382044966
-0.001031120140414929
0.001029074237953672
0.001134255459553993
-0.0005953464555301472
0.0008046563253468938
-0.0006323466422989686
-0.0004856158905104361
-0.0003230609300950722
0.0004160724443410951
-6.160557899194788e-05
0.0004316753977962523
-0.0002104495793335121
0.000432438764974558
0.0003145181627320519
-0.0002438102655933944
-0.0003130148138867508
0.0002278336275133856
3.684443539088954e-05
-0.0002015008823923242
-0.0002436198959317532
0.0001912661119557862
0.0001763217756456897
0.0002042211675632325
0.0001612962340666337
-2.869278467718928e-06
0.0001893598658225043
-0.0001636243015117403
-0.0001537208439795447
0.0001614266998934003
0.0001416553445046493
1.974052592525435e-05
-0.0001404795967966296
-0.0001510440537891706
-0.0001215169118179234
2.545768411994535e-05
0.0001350065100676513
0.0001269550407328412
0.0001135188123262201
-0.0001260818068176709
1.082754528488591e-05
0.0001174860550123762
0.0001067427028217784
0.0001145387824736047
2.64263517400632e-05
-0.0001003101349402057
0.0001043322563712061
0.0001047787054993339
-3.890049571928623e-05
-9.044365670922971e-05
-9.242838749280453e-05
-9.378119685444372e-05
-3.692667691239678e-05
-8.233600776518793e-05
9.380439292274443e-05
-8.449977633376665e-05
-3.341568012636119e-05
8.131126323961216e-05
-8.126743042033169e-05
-8.128907213481598e-05
2.325742406565087e-05
-8.124187665687207e-05
-8.443785678450756e-05

-0.004028793149510563
-0.002393109794691358
-0.000736937878308319
0.0007354756791324797
0.0008106483222089315
-0.0004254919835239637
0.0005750849992411846
-0.0004519358847394549
-0.000347067940968897
-0.0002308904918613442
0.0002973654885954699
-4.402928707802269e-05
0.0003085168636525313
-0.0001504075620348881
0.0003090624394458784
0.0002247850065656264
-0.0001742503252471456
-0.0002237105685201004
0.0001628318791245668
2.633258626244795e-05
-0.0001440119603208169
-0.0001741142687303786
0.0001366972064770323
0.0001260165427392541
0.0001459561384079212
0.0001152778418859594
-2.05066306378701e-06
0.0001353348191800277
-0.0001169417033665802
-0.0001098637376711564
0.0001153710853459717
0.0001012405683281448
1.410848331037571e-05
-0.0001004002656442937
-0.0001079506452911004
-8.684770247781643e-05
1.819451583443695e-05
9.648867012428648e-05
9.073431377308126e-05
8.113148936269218e-05
-9.011021661555686e-05
7.738407908818383e-06
8.396686352841823e-05
7.628862812310964e-05
8.186045838086738e-05
1.888681911974288e-05
-7.16912948532716e-05
7.456589066172722e-05
7.488496625763397e-05
-2.780204522915402e-05
-6.463975813225229e-05
-6.605823812827168e-05
-6.702508614300952e-05
-2.639136398386403e-05
-5.884525041517033e-05
6.704166429011148e-05
-6.039168807608263e-05
-2.388206713198796e-05
5.811286916600186e-05
-5.808154200674325e-05
-5.8097009262721e-05
1.662199783912333e-05
-5.806327882336204e-05
-6.034743439558122e-05

-0.0002320400986856515
-0.0001378322024274986
-4.244425853176665e-05
4.236004253198516e-05
4.668964369841888e-05
-2.450639637803382e-05
3.312227136590341e-05
-2.602944440257946e-05
-1.998952944063531e-05
-1.329823858631857e-05
1.712689501754167e-05
-2.535885993517689e-06
1.776916332792575e-05
-8.662789138740796e-06
1.780058600358162e-05
1.294659049767975e-05
-1.003602348544296e-05
-1.288470776987042e-05
9.378373100555019e-06
1.516636791271902e-06
-8.294431668409206e-06
-1.002818725090745e-05
7.873135230275453e-06
7.257977743782725e-06
8.406407453267238e-06
6.63947758420332e-06
-1.18108833596913e-07
7.794667939673882e-06
-6.735308411893364e-06
-6.327649890403078e-06
6.644847981977887e-06
5.830994690876487e-06
8.125842499504192e-07
-5.782597091326824e-06
-6.217464500383242e-06
-5.002031304571298e-06
1.047921075385136e-06
5.557307041245369e-06
5.225882377310895e-06
4.672803516956656e-06
-5.18993722933986e-06
4.456969787738888e-07
4.83610812878212e-06
4.393876811590652e-06
4.714788805560752e-06
1.087794585062857e-06
-4.129091396686233e-06
4.29465499606263e-06
4.31303229417533e-06
-1.601270921399382e-06
-3.722955063545977e-06
-3.804653037617031e-06
-3.860339070742604e-06
-1.520022119766659e-06
-3.389217864204319e-06
3.861293896370403e-06
-3.478285615780435e-06
-1.375498073103476e-06
3.347036046730362e-06
-3.345231745316916e-06
-3.346122588674444e-06
9.573512155661116e-07
-3.344179869318574e-06
-3.475736805774803e-06

-0.003976423415246253
-0.002362002085915812
-0.0007273585230459809
0.0007259153307989694
0.0008001108149105596
-0.000419961071093855
0.0005676095475436529
-0.0004460612316336397
-0.0003425564520030236
-0.0002278891777569868
0.0002935000750487872
-4.345695636295735e-05
0.0003045064948979239
-0.0001484524345902702
0.0003050449788258637
0.0002218630568343625
-0.0001719852689659568
-0.0002208025852628177
0.0001607152496717612
2.599029255465815e-05
-0.0001421399684331602
-0.0001718509810294763
0.0001349202980798521
0.0001243784708374319
0.0001440588744137676
0.0001137793608961972
-2.024006773495665e-06
0.0001335756202700452
-0.0001154215940677199
-0.0001084356338858645
0.0001138713922971278
9.992455594849404e-05
1.392508905448331e-05
-9.909517624492794e-05
-0.0001065474095334503
-8.571878100396509e-05
1.795800779742797e-05
9.52344270231235e-05
8.955487076758833e-05
8.007687216576238e-05
-8.893888616411227e-05
7.637817396776612e-06
8.287538968828089e-05
7.529696262081186e-05
8.079636541476903e-05
1.864131192647867e-05
-7.075938946095509e-05
7.359661878943318e-05
7.391154676506484e-05
-2.744065022408997e-05
-6.379951470683313e-05
-6.519955607428194e-05
-6.615383616315456e-05
-2.604830623247579e-05
-5.808032900753254e-05
6.617019881316879e-05
-5.960666473560864e-05
-2.357162738913156e-05
5.7357467882627e-05
-5.732654794085062e-05
-5.734181414008265e-05
1.640593074967758e-05
-5.730852215809632e-05
-5.956298630267617e-05

0.002965939220278467
0.001761772802699079
0.0005425230025640975
-0.0005414465526892589
-0.0005967875647782879
0.000313241041427237
-0.0004233692549966647
0.0003327086588604589
0.0002555063960894071
0.0001699782391369323
-0.0002189161698435237
3.241372404573836e-05
-0.0002271256508007526
0.0001107278707817978
-0.0002275272958055009
-0.000165483469208241
0.0001282805680553069
0.0001646924834661191
-0.0001198744732441526
-1.938566897549032e-05
0.0001060195213438931
0.0001281804052164672
-0.0001006345054081478
-9.277155531287843e-05
-0.0001074507971195275
-8.486587913307493e-05
1.509668474590273e-06
-9.963153559374727e-05
8.609078987916138e-05
8.088009395193859e-05
-8.493452361909524e-05
-7.453184145839287e-05
-1.038646126421252e-05
7.391322278163703e-05
7.947170302404694e-05
6.393602188321848e-05
-1.339453928377963e-05
-7.103356276035094e-05
-6.679728887979306e-05
-5.972782850111833e-05
6.633783758304926e-05
-5.696903928179758e-06
-6.181518993421989e-05
-5.616258413242127e-05
-6.026448494412838e-05
-1.390420294483677e-05
5.277809390231571e-05
-5.4894329741279e-05
-5.51292285779866e-05
2.046746340380068e-05
4.758685460361369e-05
4.863111905136673e-05
4.934289856956687e-05
1.942894028349703e-05
4.332102186844811e-05
-4.935510316157788e-05
4.445948689756643e-05
1.758163225051841e-05
-4.278185339033061e-05
4.275879078898857e-05
4.277017755903547e-05
-1.223687428986437e-05
4.274534569763591e-05
4.442690797832566e-05

-0.0004527908634974569
-0.0002689585218620168
-8.282349723133113e-05
8.265916255240053e-05
9.110771890852309e-05
-4.782049499235492e-05
6.463306100033096e-05
-5.079249092790827e-05
-3.90065180443095e-05
-2.594948444943707e-05
3.342052355595297e-05
-4.948394761252987e-06
3.467381220939112e-05
-1.690411181787617e-05
3.473512876878691e-05
2.526329683529811e-05
-1.95837692096559e-05
-2.514254212982466e-05
1.830046478376484e-05
2.959485391630572e-06
-1.618531839382993e-05
-1.956847799321502e-05
1.536322264793325e-05
1.416283663234232e-05
1.64038220602999e-05
1.29559279001632e-05
-2.304713756542484e-07
1.521010569759251e-05
-1.314292714499444e-05
-1.234744371353121e-05
1.296640741233783e-05
1.137829683800563e-05
1.585634234284799e-06
-1.128385630366624e-05
-1.213243372953356e-05
-9.760701217055783e-06
2.044858157231912e-06
1.084423713054118e-05
1.019751244539396e-05
9.118263400990197e-06
-1.012737097118093e-05
8.697096795745954e-07
9.436927444859615e-06
8.573980475308705e-06
9.200191288339667e-06
2.122665230150106e-06
-8.057292121294738e-06
8.380364234943934e-06
8.416224729447659e-06
-3.124635988780251e-06
-7.264779008199917e-06
-7.424200144616973e-06
-7.532862945403145e-06
-2.966091343894195e-06
-6.613541762860843e-06
7.53472614197731e-06
-6.787343896102914e-06
-2.684074708599956e-06
6.531230379311842e-06
-6.527709560292135e-06
-6.529447905241391e-06
1.868124888851222e-06
-6.525656984691079e-06
-6.782370282070919e-06

-0.001550286041996347
-0.0009208724732194746
-0.000283574873209054
0.0002830122166305031
0.0003119387698124862
-0.0001637299952017818
0.0002212936267019047
-0.0001739056506472606
-0.000133552298304215
-8.884703023424569e-05
0.0001144267152056192
-1.694254002700647e-05
0.0001187177821475082
-5.78770702242257e-05
0.0001189277205848846
8.649762973584739e-05
-6.705180360936874e-05
-8.608418425885321e-05
6.26579672946706e-05
1.013282127360783e-05
-5.541603246446686e-05
-6.699944884444899e-05
5.260130349631524e-05
4.849136702205117e-05
5.616415529929294e-05
4.435909777319697e-05
-7.89098423931683e-07
5.207705468732359e-05
-4.499935432985153e-05
-4.227574181964497e-05
4.439497800557584e-05
3.895753247659195e-05
5.428966923391672e-06
-3.863418266096345e-05
-4.153958081457325e-05
-3.341913469727118e-05
7.001278768175456e-06
3.712899445407266e-05
3.49147089345958e-05
3.121952675598691e-05
-3.467455535102697e-05
2.977751729387593e-06
3.23105832658762e-05
2.935598601198677e-05
3.150003519901741e-05
7.267678178672992e-06
-2.758692482317077e-05
2.869307388393179e-05
2.881585468314071e-05
-1.069827143221092e-05
-2.487348222450485e-05
-2.541931559372511e-05
-2.579136025480603e-05
-1.015543903475234e-05
-2.264374639523228e-05
2.579773955228636e-05
-2.323881807840764e-05
-9.189857596262422e-06
2.236192492020484e-05
-2.234987017925972e-05
-2.2355822004084e-05
6.396171330663728e-06
-2.234284247708804e-05
-2.322178919141145e-05

0.001873364275326814
0.001112781478208765
0.0003426716247581664
-0.0003419917110479052
-0.0003769465322049619
0.0001978511806863221
-0.0002674110218307616
0.0002101474336829074
0.0001613844785755719
0.0001073626723720109
-0.0001382731409572865
2.047335031089706e-05
-0.0001434584624362332
6.993860022058831e-05
-0.0001437121518571528
-0.000104523658897747
8.102533988909276e-05
0.0001040240517508962
-7.571583199136791e-05
-1.224449222145216e-05
6.696468437886866e-05
8.096207443759586e-05
-6.356336839534567e-05
-5.859692481267596e-05
-6.786871534751851e-05
-5.36034943248566e-05
9.535458341655694e-07
-6.29298666004858e-05
5.437717977885813e-05
5.108596884207638e-05
-5.36468519658116e-05
-4.707624762093851e-05
-6.560358805198616e-06
4.668551199118102e-05
5.019639253788633e-05
4.03836526667915e-05
-8.460339041047983e-06
-4.486664389970905e-05
-4.21909032459169e-05
-3.772564838543648e-05
4.190070186901181e-05
-3.598312543308911e-06
-3.904408010234976e-05
-3.54737474066742e-05
-3.806461453876568e-05
-8.782255851928504e-06
3.3336015438356e-05
-3.467268498026437e-05
-3.482105318888545e-05
1.292778169055957e-05
3.005709381367758e-05
3.071667837192403e-05
3.116625680974429e-05
1.227182350390466e-05
2.736268301930519e-05
-3.117396554716765e-05
2.808176711235552e-05
1.110501575179564e-05
-2.702213019934131e-05
2.700756326109905e-05
2.701475544092777e-05
-7.729127751356687e-06
2.69990709920622e-05
2.806118942046817e-05

0.001226739750308461
0.0007286854407902721
0.0002243925054671841
-0.0002239472758951188
-0.0002468368276726184
0.0001295593767800436
-0.0001751094191724845
0.0001376113624666726
0.0001056797962676882
7.030456363067505e-05
-9.054574203559484e-05
1.340661449520094e-05
-9.394125889271038e-05
4.579806613239161e-05
-9.410738296211499e-05
-6.844548543300248e-05
5.30580232223131e-05
6.811832645239055e-05
-4.958118506626416e-05
-8.018091050547015e-06
4.385064948464159e-05
5.301659495073009e-05
-4.162335734757744e-05
-3.837116884327179e-05
-4.44426383142856e-05
-3.510130843733983e-05
6.244127711405954e-07
-4.120851980429858e-05
3.560794279197475e-05
3.345275101434669e-05
-3.512970042830285e-05
-3.082705537449599e-05
-4.29593594189463e-06
3.057118899803908e-05
3.287022756832438e-05
2.644452690886797e-05
-5.54010468729453e-06
-2.938013511823739e-05
-2.762797326442989e-05
-2.470397940761338e-05
2.743793998079546e-05
-2.356291880360695e-06
-2.556733130154611e-05
-2.322936153384662e-05
-2.492594545003469e-05
-5.750906266785999e-06
2.182950523490107e-05
-2.270479984883075e-05
-2.280195616892446e-05
8.465531179383669e-06
1.968236089779284e-05
2.011427828135845e-05
2.040867683900081e-05
8.035988461666454e-06
1.791797322975122e-05
-2.041372477053078e-05
1.838885284052215e-05
7.271924862643825e-06
-1.769496818644181e-05
1.768542928234993e-05
1.76901389551991e-05
-5.061283794445966e-06
1.767986826885146e-05
1.837537789975007e-05

0.0003000018826547308
0.0001782016145198007
5.487567683104999e-05
-5.476679496784539e-05
-6.036448479938145e-05
3.168402828700623e-05
-4.282339054331383e-05
3.365315895589339e-05
2.584422476810378e-05
1.719313443876636e-05
-2.214315878349652e-05
3.278616827718045e-06
-2.297353983983508e-05
1.120001700295585e-05
-2.301416584346756e-05
-1.673849280908843e-05
1.297545535034063e-05
1.665848536649045e-05
-1.212518699292129e-05
-1.960841661698752e-06
1.072377201251937e-05
1.296532397620332e-05
-1.017908286053134e-05
-9.383753065585193e-06
-1.086854417255411e-05
-8.584101568564958e-06
1.527015056363666e-07
-1.007763343415852e-05
8.708000105447672e-06
8.180943253679692e-06
-8.591044891895038e-06
-7.538823655756305e-06
-1.050580508222975e-06
7.476250975097578e-06
8.038485873894673e-06
6.467066756895196e-06
-1.354844689656289e-06
-7.18497614993579e-06
-6.756481145407575e-06
-6.041412067632544e-06
6.710008091240319e-06
-5.762363207149544e-07
-6.252546657081466e-06
-5.680791049009269e-06
-6.095694347611893e-06
-1.406396675885532e-06
5.338453136650431e-06
-5.55250834437311e-06
-5.576268134436558e-06
2.070264121505129e-06
4.813364304000062e-06
4.918990642581079e-06
4.990986452231224e-06
1.965218512638558e-06
4.381879449927485e-06
-4.992220934895049e-06
4.49703408619507e-06
1.77836509232893e-06
-4.327343079983952e-06
4.325010320185417e-06
4.326162080953001e-06
-1.237747995532533e-06
4.323650362198915e-06
4.493738760020903e-06

0.0002952673648991445
0.0001753893031422223
5.400964937787385e-05
-5.390248584802415e-05
-5.941183502727179e-05
3.118400277660745e-05
-4.214756777496967e-05
3.312205736022062e-05
2.543636085759195e-05
1.692179880723395e-05
-2.179370371508562e-05
3.226874920469279e-06
-2.261098000740577e-05
1.102326251426901e-05
-2.265096486683238e-05
-1.647433216208548e-05
1.277068155626253e-05
1.639558736707313e-05
-1.19338318167778e-05
-1.929896390343271e-06
1.055453344461969e-05
1.276071007164105e-05
-1.001844037350856e-05
-9.235662176528996e-06
-1.069702086443138e-05
-8.448630481071164e-06
1.502916274598748e-07
-9.918591984130087e-06
8.570573697515408e-06
8.051834660294547e-06
-8.455464227455403e-06
-7.419848754269498e-06
-1.034000638712326e-06
7.358263572250988e-06
7.911625489672311e-06
6.36500592277859e-06
-1.333463036373605e-06
-7.071585537702055e-06
-6.649852881450058e-06
-5.946068756967954e-06
6.604113247645219e-06
-5.671423741415551e-07
-6.153871299125373e-06
-5.591138924658399e-06
-5.999494374240152e-06
-1.384201448395143e-06
5.254203661485357e-06
-5.46488072980305e-06
-5.4882655517472e-06
2.037591985730927e-06
4.737401584848721e-06
4.841360967987944e-06
4.912220566602885e-06
1.934204167467772e-06
4.312726263697526e-06
-4.913435567119744e-06
4.426063572473917e-06
1.750299598106557e-06
-4.259050566414497e-06
4.256754621335667e-06
4.257888205462401e-06
-1.218214318575255e-06
4.255416125689934e-06
4.42282025190169e-06

-0.003004430585493223
-0.001784636737304286
-0.0005495637574408528
0.0005484733376152036
0.0006045325542758525
-0.0003173062209304158
0.0004288636564003674
-0.00033702648520385
-0.0002588223069278729
-0.0001721841826830952
0.0002217572200536626
-3.28343828649444e-05
0.0002300732420106483
-0.0001121648749134402
0.0002304800994838047
0.0001676310805304397
-0.0001299453675768953
-0.0001668298295337604
0.0001214301801507716
1.963725230511098e-05
-0.0001073954214594524
-0.0001298439048448499
0.0001019405198653666
9.39755259784652e-05
0.0001088452720455015
8.596725151644856e-05
-1.529260649713926e-06
0.0001009245337095748
-8.720805890887544e-05
-8.192973961348399e-05
8.60367868568562e-05
7.54991007704264e-05
1.052125467841371e-05
-7.487245378438547e-05
-8.050307087017502e-05
-6.47657707708088e-05
1.356837093209518e-05
7.19554221120359e-05
6.766417071743275e-05
6.050296429776868e-05
-6.719875675379342e-05
5.77083720644692e-06
6.261741508950444e-05
5.689145090166179e-05
6.104658536062243e-05
1.408464890607625e-05
-5.346303743515918e-05
5.560673735902779e-05
5.584468466578895e-05
-2.073308604485399e-05
-4.820442727248458e-05
-4.926224397509644e-05
-4.998326082535643e-05
-1.968108517948489e-05
-4.38832334144046e-05
4.999562380610906e-05
-4.5036473214671e-05
-1.780980315281353e-05
4.333706771574307e-05
-4.331370581258722e-05
-4.332524035785379e-05
1.239568199373049e-05
-4.330008623353062e-05
-4.500347149274104e-05

-0.002521951300117803
-0.001498043243739092
-0.0004613097201407128
0.0004603944100279611
0.0005074511185517564
-0.0002663502496196248
0.0003599927590452115
-0.0002829036512403037
-0.0002172582241066715
-0.0001445332521490298
0.0001861453921169078
-2.756153360793988e-05
0.0001931259502591383
-9.41524006183956e-05
0.0001934674707915657
0.0001407113293031742
-0.0001090775371171177
-0.0001400387506114128
0.0001019297973411087
1.64837204829207e-05
-9.014887016666525e-05
-0.0001089923682100812
8.556996718461608e-05
7.888406577442048e-05
9.136589031948771e-05
7.216183418460887e-05
-1.283677813155887e-06
8.471713749407004e-05
-7.320338123569146e-05
-6.877270333158518e-05
7.222020289613594e-05
6.337475602363114e-05
8.831654172074799e-06
-6.28487418135735e-05
-6.757514226648699e-05
-5.43650835493485e-05
1.13894362805022e-05
6.040015409979039e-05
5.679803159245051e-05
5.078683801465901e-05
-5.640735811296584e-05
4.844102728097018e-06
5.256173071780389e-05
4.775529488344409e-05
5.124315937315309e-05
1.182280555652616e-05
-4.487744779954368e-05
4.667689253830884e-05
4.687662806308744e-05
-1.740357509298052e-05
-4.04633139531528e-05
-4.135125665395159e-05
-4.1956485941555e-05
-1.652051426841574e-05
-3.683605742040217e-05
4.196686356037564e-05
-3.780409929417281e-05
-1.494974003824037e-05
3.637760006729557e-05
-3.635798983488192e-05
-3.636767205605109e-05
1.040506859132707e-05
-3.634655741396313e-05
-3.777639729436016e-05

