-0.03984872918556918
-0.02369530277160429
-0.007278366628049855
0.007290965894137686
0.008008342232007439
-0.004223154392360489
0.005676381576900065
-0.004485230519707841
-0.003422124096670873
-0.002296664023213983
0.002930899270610121
-0.0004381071537776934
0.003063416664920056
-0.00147807804251298
0.003068533013401517
0.002214362865892371
-0.001733530531878843
-0.002204677205875203
0.001620032072770656
0.000258606062187194
-0.001416645605801772
-0.001730967584643577
0.00134472258928617
0.001254563572336049
0.001436946942154914
0.001147716061888479
-2.037377460813726e-05
0.001332363978389837
-0.00116366196863217
-0.001080839071759971
0.001147687840344881
0.0009960401081578934
0.0001382637073195568
-0.0009991131713702221
-0.001062748307744139
-0.0008646299593272435
0.0001786791383825506
0.0009498280424612495
0.0009027340755945031
0.0007980523954339477
-0.0008961845728181764
7.536392018074638e-05
0.0008265420866411055
0.000759187000614667
0.0008058830006850106
0.0001883241390414285
-0.0007131721229766239
0.0007339598104600272
0.0007447656595487302
-0.0002740607702249882
-0.000636080259886309
-0.0006571837834625115
-0.0006598193489612057
-0.0002632876586386911
-0.0005848933767457318
0.0006601481854780315
-0.0006007001559573883
-0.0002350664921101909
0.000572216699074376
-0.000577685247783974
-0.0005720725891830455
0.0001636260843941469
-0.000577318730627154
-0.0005944267884758408

-0.02371966885044943
-0.01410445819830073
-0.004332395278792531
0.004339894901120842
0.004766907995973005
-0.0025138022149855
0.003378825222904635
-0.002669801140959229
-0.002036994704652754
-0.001367072707329696
0.001744596667288023
-0.0002607801257656388
0.001823476691173223
-0.0008798153020194594
0.001826522160733856
0.001318083536593517
-0.00103187155522078
-0.001312318217275017
0.0009643124154413819
0.0001539333946945233
-0.0008432480868226063
-0.001030345979351134
0.0008004364296040419
0.0007467699245572137
0.0008553323109700793
0.0006831697140337727
-1.212734249785201e-05
0.0007930800555392692
-0.0006926614000987693
-0.0006433616676555157
0.0006831529153640766
0.000592885695733261
8.230047528947994e-05
-0.0005947149144620853
-0.0006325932707577502
-0.0005146647517385359
0.0001063574693481746
0.0005653782966863677
0.0005373459523233636
0.0004750349366685074
-0.0005334474079991475
4.485983032570125e-05
0.0004919932200291864
0.0004519005905126706
0.0004796960480074376
0.0001120985864769025
-0.0004245105662366594
0.0004368842873901248
0.0004433163911810142
-0.0001631326982692154
-0.0003786221903475412
-0.0003911839106591896
-0.000392752712027497
-0.0001567200812412935
-0.0003481535670716524
0.0003929484495939533
-0.000357562438474735
-0.000139921635260224
0.0003406078660505062
-0.0003438629802572982
-0.0003405220856770139
9.739724745167832e-05
-0.0003436448135611944
-0.0003538282616945292

-0.007154086751450947
-0.004254044108667499
-0.001306693270529953
0.001308955230807305
0.001437746604068769
-0.0007581876136384346
0.001019087109313238
-0.0008052384327946545
-0.0006143777521185857
-0.0004123226511060675
0.0005261876117562117
-7.865386547112899e-05
0.0005499786072125333
-0.0002653609978952365
0.0005508971509562094
0.0003975470326298005
-0.0003112226679450634
-0.0003958081552946159
0.000290846163117421
4.642783449185684e-05
-0.0002543319640827615
-0.0003107625391720649
0.0002414195447881865
0.0002252331960170048
0.000257976685618007
0.0002060507434137666
-3.657726456518684e-06
0.0002392007896040578
-0.0002089135298193912
-0.0001940442428596231
0.000206045676769056
0.0001788201904383356
2.4822637433053e-05
-0.0001793719009008564
-0.0001907963878381819
-0.0001552279799968807
3.20784648040201e-05
0.0001705236867928847
0.0001620688544472238
0.0001432752357683809
-0.0001608930149162187
1.353016856299504e-05
0.0001483900217752151
0.000136297688131436
0.000144681073054174
3.381004251902247e-05
-0.0001280365858779034
0.0001317686225740353
0.0001337086087014669
-4.920243544612761e-05
-0.0001141961977988643
-0.0001179849369008663
-0.000118458102911647
-4.726832671927424e-05
-0.0001050065596345397
0.000118517139297659
-0.0001078443683188205
-4.220174924732233e-05
0.0001027307015673571
-0.0001037124762106148
-0.0001027048293582206
2.937597324882232e-05
-0.0001036466749768892
-0.0001067181036647724

0.007147961461595132
0.004250401819425435
0.001305574486915612
-0.001307834510515469
-0.001436515613309307
0.0007575384575601114
-0.001018214572516948
0.0008045489920636031
0.0006138517252556415
0.0004119696227129648
-0.0005257370928079513
7.858652246272151e-05
-0.0005495077185442528
0.0002651337972637446
-0.0005504254758360034
-0.0003972066550398262
0.0003109562008029795
0.0003954692665221444
-0.0002905971422271315
-4.638808323449541e-05
0.0002541142064494746
0.0003104964659898191
-0.0002412128426978478
-0.0002250403525896678
-0.0002577558073943223
-0.000205874323896874
3.654594731183343e-06
-0.0002389959871994989
0.0002087346592004385
0.0001938781032426292
-0.0002058692615901498
-0.0001786670855715939
-2.480138442697872e-05
0.0001792183236627354
0.0001906330290170427
0.0001550950746515028
-3.205099939831485e-05
-0.0001703776853469826
-0.0001619300919827184
-0.0001431525642970394
0.0001607552591989328
-1.351858410686394e-05
-0.0001482629710520117
-0.0001361809907981206
-0.0001445571979126777
-3.378109454599324e-05
0.0001279269616550443
-0.0001316558030018088
-0.0001335941281236897
4.916030859059233e-05
0.0001140984236404714
0.0001178839188446679
0.0001183566797332553
4.722785583704575e-05
0.0001049166535939645
-0.00011841566557279
0.0001077520325619462
4.216561634100472e-05
-0.0001026427441039818
0.000103623678157019
0.0001026168940463984
-2.935082170158522e-05
0.0001035579332620301
0.0001066267322095476

0.007743042589540942
0.004604255701055393
0.001414265998819004
-0.001416714173600472
-0.001556108218287975
0.0008206049475248813
-0.001102982835406561
0.0008715291967351369
0.0006649560266733267
0.0004462668624336195
-0.0005695056866753436
8.512899708009797e-05
-0.0005952552613538234
0.0002872066805577639
-0.0005962494236525161
-0.0004302748501578463
0.000336843884684537
0.0004283928208046021
-0.00031478989649746
-5.024997771206176e-05
0.0002752696882484143
0.0003363458760904411
-0.0002612942618938537
-0.0002437753818104913
-0.0002792144592663762
-0.0002230137454701389
3.95884656109421e-06
-0.0002588928490391603
0.0002261122090242013
0.0002100188170645461
-0.0002230082617167695
-0.0001935414537924853
-2.686614595356291e-05
0.0001941385834831175
0.000206503584355201
0.0001680070289840371
-3.471930489717729e-05
-0.0001845619455333126
-0.0001754110742603972
-0.0001550702823608208
0.0001741384344554737
-1.464403145598038e-05
-0.0001606061400128533
-0.0001475183123609391
-0.0001565918543456892
-3.659343369381802e-05
0.0001385771198917313
-0.0001426163942377444
-0.000144716088542369
5.325299600130142e-05
0.0001235973302869753
0.0001276979750297155
0.0001282100941443135
5.115966295055951e-05
0.000113651160753261
-0.0001282739906650188
0.0001167225903104747
4.567598257164312e-05
-0.000111187944055709
0.0001122505426988647
0.0001111599419325907
-3.179433236936158e-05
0.0001121793244187215
0.0001155036066042418

-0.004028458003272724
-0.00239544733398109
-0.0007357974744186448
0.0007370711816431851
0.0008095934554697422
-0.0004269345712817254
0.0005738467765589149
-0.0004534288333137105
-0.0003459554040287397
-0.0002321784095562575
0.0002962956376468276
-4.428990098298997e-05
0.0003096923197644662
-0.0001494244720348946
0.0003102095506879492
0.0002238582758238425
-0.0001752491255754806
-0.0002228791160009334
0.000163775139194917
2.61434600853034e-05
-0.00014321403580819
-0.0001749900275938225
0.0001359430673876032
0.0001268285530524152
0.0001452663743034235
0.0001160269361029044
-2.059661551428478e-06
0.0001346936889008774
-0.0001176389678280276
-0.0001092660894806999
0.0001160240830810986
0.0001006934431109331
1.397759852566298e-05
-0.0001010041106364157
-0.0001074372260619303
-8.740869660597173e-05
1.806334655449695e-05
9.60216914714491e-05
9.126078512354034e-05
8.067812010871749e-05
-9.059867123895006e-05
7.618822321692941e-06
8.355825021336336e-05
7.674907107735158e-05
8.146974546386119e-05
1.903839596984114e-05
-7.20972539208826e-05
7.419875948259141e-05
7.529116343470794e-05
-2.770583468436663e-05
-6.430374734734496e-05
-6.643718196835082e-05
-6.670362120362787e-05
-2.661674028971147e-05
-5.912907268984718e-05
6.673686452456674e-05
-6.072703948883213e-05
-2.376375635548646e-05
5.784753963555281e-05
-5.840037580545776e-05
-5.783297102442531e-05
1.6541576674912e-05
-5.836332320662837e-05
-6.009284116036184e-05

0.005588152993089786
0.003322890837712303
0.001020675617230855
-0.001022442464703762
-0.001123043131564574
0.0005922305012049423
-0.0007960225921175921
0.0006289825263105587
0.0004798986919878653
0.0003220707459872396
-0.0004110121920128268
6.14375879159273e-05
-0.000429595657252233
0.0002072770300607683
-0.0004303131440748971
-0.0003105293124705934
0.000243100194869931
0.0003091710520913696
-0.0002271838339986301
-3.626540343890801e-05
0.0001986621040119503
0.0002427407821218268
-0.0001885760403347932
-0.0001759326664876969
-0.0002015090448256779
-0.0001609489958033199
2.857099131734433e-06
-0.0001868429409392617
0.0001631851566126523
0.0001515705573890952
-0.0001609450381790985
-0.0001396788461112561
-1.938929460700066e-05
0.0001401097945439079
0.0001490336143258261
0.0001212506545095478
-2.505691856082551e-05
-0.0001331983359791359
-0.0001265941531786555
-0.0001119142058813329
0.0001256756891701018
-1.056859590597624e-05
-0.0001159094337455534
-0.0001064639499553877
-0.0001130123242169899
-2.640947710913418e-05
0.0001000110923247097
-0.0001029262361800443
-0.0001044415853308548
3.843268141100442e-05
8.920017979932894e-05
9.215961466331605e-05
9.252921097252173e-05
3.692192317639381e-05
8.202203033071077e-05
-9.257532508454823e-05
8.423868070745252e-05
3.296435164450286e-05
-8.024432710851539e-05
8.10112044334992e-05
8.022411797931346e-05
-2.29459662062463e-05
8.095980620846797e-05
8.335894029948482e-05

-0.00423279570644227
-0.002516952933864639
-0.0007731197366334828
0.0007744580508142758
0.0008506589120433816
-0.0004485902096495199
0.0006029543239623495
-0.0004764283547867484
-0.0003635034913119522
-0.0002439553234264142
0.0003113248051364857
-4.653644212429876e-05
0.0003254010145698512
-0.0001570038121665387
0.0003259444812835355
0.0002352131629493994
-0.0001841383838905198
-0.0002341843366613048
0.0001720823961533518
2.746954926939404e-05
-0.0001504783605485218
-0.0001838661435387022
0.0001428385827757085
0.0001332617478892691
0.0001526348009443602
0.0001219122345495475
-2.164134903362856e-06
0.0001415258313730182
-0.0001236060342513058
-0.0001148084537651239
0.0001219092368122822
0.0001058009723126051
1.46865919857486e-05
-0.000106127397998802
-0.0001128868238958056
-9.184237626380296e-05
1.897958367140148e-05
0.0001008922528310987
9.588985639758427e-05
8.477040101264943e-05
-9.519415774425422e-05
8.005276059774911e-06
8.779662154937022e-05
8.064205665436388e-05
8.560218041848793e-05
2.000409105747836e-05
-7.575428280365203e-05
7.796238419416938e-05
7.91101987560545e-05
-2.911117305928357e-05
-6.756546188612419e-05
-6.980711189127227e-05
-7.008706587119432e-05
-2.796683592734574e-05
-6.212830934421038e-05
7.01219954115315e-05
-6.380733069686199e-05
-2.49691385112432e-05
6.078177238009916e-05
-6.136265036475074e-05
-6.076646479720631e-05
1.738062421662907e-05
-6.132371832647313e-05
-6.314096357587589e-05

-0.003386782167282449
-0.002013886779210207
-0.0006185954434842671
0.000619666267335996
0.0006806367785159751
-0.0003589299904426432
0.0004824411792361184
-0.0003812040948548302
-0.0002908496481997921
-0.0001951957042804435
0.000249099973491351
-3.723515218925338e-05
0.000260362755444077
-0.0001256232873303315
0.0002607975988671216
0.0001882008490451828
-0.0001473344423222675
-0.0001873776554002493
0.0001376880981306087
2.197918020642493e-05
-0.0001204020849132992
-0.0001471166149493455
0.0001142892779371449
0.0001066265755858253
0.0001221275151924954
9.754550197581702e-05
-1.731586877001696e-06
0.0001132389076029634
-9.890076006588961e-05
-9.186156167972395e-05
9.754310339959159e-05
8.465441546448949e-05
1.175116667213326e-05
-8.491559808932524e-05
-9.032401008857018e-05
-7.348573937970783e-05
1.518611338197085e-05
8.072680715142144e-05
7.672424520190941e-05
6.782724760992022e-05
-7.616759660455924e-05
6.405252717997025e-06
7.024861411538243e-05
6.45240399848032e-05
6.849277834993056e-05
1.600585134856758e-05
-6.061319087624163e-05
6.237995661018772e-05
6.329835621157078e-05
-2.329269084160961e-05
-5.406107861332807e-05
-5.585468756335691e-05
-5.607868683302246e-05
-2.237707363242076e-05
-4.97106557375658e-05
5.610663496765672e-05
-5.105408924346801e-05
-1.99785293000528e-05
4.86332525993456e-05
-4.909802986150865e-05
-4.862100455987113e-05
1.390673971425928e-05
-4.906687921259144e-05
-5.052090965277635e-05

-0.002412381013908506
-0.001434477326962359
-0.0004406211647055124
0.000441383904970789
0.000484812769395427
-0.0002556632967513894
0.0003436394440599584
-0.0002715289839824128
-0.0002071701498836578
-0.0001390365213185527
0.0001774321515037433
-2.65223358794907e-05
0.000185454551529672
-8.948058017667262e-05
0.0001857642874282922
0.0001340541353453326
-0.0001049452825122901
-0.0001334677803269987
9.807425968523683e-05
1.565561480258914e-05
-8.576155457700909e-05
-0.0001047901256132614
8.140744534806736e-05
7.594935659167808e-05
8.699056637660412e-05
6.9480972006962e-05
-1.233397100753584e-06
8.065927397874106e-05
-7.044631277114913e-05
-6.543234148477007e-05
6.947926351807387e-05
6.029874214612718e-05
8.370273011645822e-06
-6.048478068482372e-05
-6.433715434746533e-05
-5.234337306518441e-05
1.081696128898898e-05
5.750113448891065e-05
5.465013788590564e-05
4.831286934851603e-05
-5.425364102210277e-05
4.562416265048069e-06
5.003759160611503e-05
4.596001789064077e-05
4.878692219339502e-05
1.140085485205724e-05
-4.317434769640916e-05
4.443280244846648e-05
4.508697199706811e-05
-1.659121914954301e-05
-3.850732441492118e-05
-3.978489940017453e-05
-3.994445249765774e-05
-1.593903147925447e-05
-3.540854893140248e-05
3.996435975652535e-05
-3.636546712779637e-05
-1.423056529434995e-05
3.46411222866985e-05
-3.497217984740982e-05
-3.463239809471572e-05
9.905672462824802e-06
-3.494999146022298e-05
-3.598568707165824e-05

0.002953688088712644
0.001756355471938309
0.0005394908508736978
-0.0005404247401820846
-0.0005935984796611219
0.0003130308313577566
-0.0004207476874007069
0.0003324565734454939
0.000253656450005246
0.0001702345170795495
-0.0002172456297035588
3.247360475829718e-05
-0.0002270681524570806
0.000109558864174099
-0.0002274473890822603
-0.0001641341481836095
0.0001284936455460125
0.0001634162226886479
-0.0001200808541318635
-1.916853212542891e-05
0.0001050053373671421
0.0001283036734471331
-9.967422238477773e-05
-9.299140915837534e-05
-0.0001065101235068734
-8.507160279654211e-05
1.510155445655446e-06
-9.875817104412079e-05
8.625355353327542e-05
8.011451198872641e-05
-8.506951094483345e-05
-7.38289994053659e-05
-1.024845393460976e-05
7.4056782584156e-05
7.877357903340461e-05
6.408854847320411e-05
-1.324414739261184e-05
-7.040364480077736e-05
-6.69129214620197e-05
-5.915365189144236e-05
6.642745583405527e-05
-5.586163421170228e-06
-6.126537949962844e-05
-5.62728510206064e-05
-5.973407605879342e-05
-1.395905911359604e-05
5.286211249117964e-05
-5.440294820075513e-05
-5.52039049287967e-05
2.03140739778166e-05
4.714786959306722e-05
4.871211586868205e-05
4.890747061604851e-05
1.951554383592091e-05
4.335376900013254e-05
-4.89318448061537e-05
4.452540725389978e-05
1.742371995270873e-05
-4.241414174956038e-05
4.281948434184319e-05
4.240345996181608e-05
-1.212837714915482e-05
4.279231716778212e-05
4.406040946887097e-05

-0.0004273127164750454
-0.0002540935282495747
-7.804862736903476e-05
7.818373397654487e-05
8.587642676584642e-05
-4.528645235057605e-05
6.086994694561153e-05
-4.809679195710608e-05
-3.669670711588648e-05
-2.4627980933085e-05
3.142912094398532e-05
-4.697985652593231e-06
3.285015415887136e-05
-1.584997957064847e-05
3.290501866304256e-05
2.374543506969573e-05
-1.858929144816667e-05
-2.36415721416346e-05
1.737220533604049e-05
2.773128809591705e-06
-1.519121674567086e-05
-1.85618080134922e-05
1.441995953890215e-05
1.345315092956594e-05
1.540891551201424e-05
1.230738540904072e-05
-2.184755486704047e-07
1.428743356627287e-05
-1.247837928682575e-05
-1.15902386165285e-05
1.230708277897254e-05
1.068090784910717e-05
1.482653062523089e-06
-1.071386144677124e-05
-1.139624463796956e-05
-9.271748038556892e-06
1.916042733612211e-06
1.018535871290338e-05
9.680352623042362e-06
8.557812104720988e-06
-9.610119873338423e-06
8.081552941542169e-07
8.863317640041368e-06
8.141044047712203e-06
8.641782591856953e-06
2.019469656278955e-06
-7.647609432267976e-06
7.870523522357178e-06
7.986398653704785e-06
-2.938855381280618e-06
-6.820924764810871e-06
-7.047225682577759e-06
-7.075487829853875e-06
-2.823331306337226e-06
-6.27202881430672e-06
7.079014065892265e-06
-6.441530775890089e-06
-2.520705260838415e-06
6.136092093550691e-06
-6.194733371508978e-06
-6.134546749695444e-06
1.754623247405468e-06
-6.190803071964612e-06
-6.374259127460205e-06

0.003078193315560831
0.00183039018037485
0.0005622317188167631
-0.0005632049738595599
-0.0006186201174060574
0.000326225851785826
-0.0004384832385801831
0.0003464704367413943
0.0002643486940408042
0.0001774103212030194
-0.0002264030679962149
3.384244717008159e-05
-0.0002366396342732626
0.0001141770401045284
-0.00023703485665608
-0.0001710528067349968
0.0001339099691410493
0.0001703046189124424
-0.0001251425578510137
-1.997653295996014e-05
0.000109431570928888
0.000133711989250358
-0.0001038757363213416
-9.6911226060011e-05
-0.0001109997875102007
-8.865758035626023e-05
1.57381221667953e-06
-0.0001029210711607455
8.988935322726409e-05
8.349153596329416e-05
-8.865540032783848e-05
-7.694107354551066e-05
-1.068045150633996e-05
7.717845834624946e-05
8.209407938166819e-05
6.679003861922745e-05
-1.380242082095126e-05
-7.337133180887726e-05
-6.973346588496582e-05
-6.164712399359802e-05
6.922753668524882e-05
-5.821633966154652e-06
-6.38478661209115e-05
-5.864489027163787e-05
-6.225201446898778e-05
-1.454746783155721e-05
5.509038071371885e-05
-5.669616644300691e-05
-5.753088546959717e-05
2.117036222249391e-05
4.9135268405265e-05
5.076545151359219e-05
5.09690409446378e-05
2.033817206861579e-05
4.518123712878365e-05
-5.099444256689532e-05
4.64022628202851e-05
1.815817265729599e-05
-4.420200227562922e-05
4.4624431056386e-05
4.419087022421183e-05
-1.263961811397819e-05
4.459611871903935e-05
4.591766423349569e-05

-0.001231958095764816
-0.0007325608790454062
-0.000225017030019158
0.0002254065472798728
0.0002475848602449919
-0.0001305624884323286
0.0001754902698591493
-0.0001386647996826357
-0.0001057979406563159
-7.100336433495055e-05
9.06112982292313e-05
-1.354446342304297e-05
9.470818864682039e-05
-4.569606729894715e-05
9.486636500691376e-05
6.845895252750942e-05
-5.359360302452705e-05
-6.815951193014326e-05
5.008469951832927e-05
7.995031170044807e-06
-4.379683012648301e-05
-5.351436728325552e-05
4.15732675617003e-05
3.878592319443001e-05
4.442446358381734e-05
3.548263954658202e-05
-6.298729490919673e-07
4.119119036491016e-05
-3.597562111246153e-05
-3.341507927324146e-05
3.548176705314216e-05
3.079344561371462e-05
4.274542678377179e-06
-3.088845203373068e-05
-3.285578758073209e-05
-2.6730786652459e-05
5.524020855210723e-06
2.936475943926605e-05
2.79088085235974e-05
2.46724834013915e-05
-2.770632495301984e-05
2.329941092044481e-06
2.555326696584306e-05
2.347092594221591e-05
2.491457336840426e-05
5.822204433147518e-06
-2.204833600799292e-05
2.269100543334355e-05
2.302507764947288e-05
-8.472826900913915e-06
-1.966497405910088e-05
-2.03174078317803e-05
-2.039888862981831e-05
-8.139766793187908e-06
-1.808248707969937e-05
2.040905489648295e-05
-1.857116739687231e-05
-7.267284902589795e-06
1.769057657202616e-05
-1.785964150818433e-05
-1.768612128953007e-05
5.058642608362411e-06
-1.784831031169962e-05
-1.837722078889936e-05

0.002836717656364732
0.001686801188365292
0.0005181262124355042
-0.0005190231183413462
-0.0005700910988134717
0.0003006343458175008
-0.00040408545448152
0.0003192907996857344
0.0002436112780934469
0.000163492977531296
-0.0002086423803188024
3.118760181066505e-05
-0.0002180759165921189
0.0001052201705392245
-0.0002184401348840214
-0.000157634192298123
0.00012340510646468
0.0001569446977183589
-0.0001153254740772908
-1.840942980221595e-05
0.0001008469701524104
0.0001232226575428871
-9.572697523610716e-05
-8.930881133251084e-05
-0.0001022921645275461
-8.170264105761e-05
1.450351048548105e-06
-9.484720088817963e-05
8.283778479081539e-05
7.694185840336546e-05
-8.170063204631351e-05
-7.090526144763463e-05
-9.84259994745053e-06
7.112402407446694e-05
7.565402838338717e-05
6.155054682975396e-05
-1.271965949813512e-05
-6.761555596949564e-05
-6.426307045610916e-05
-5.681107947727758e-05
6.379682998756663e-05
-5.364943058384505e-06
-5.883917953781729e-05
-5.404436259677053e-05
-5.736851798610358e-05
-1.340625965385784e-05
5.076869437551589e-05
-5.224851070400399e-05
-5.301774835676902e-05
1.950960649696437e-05
4.528074397758655e-05
4.678304377894766e-05
4.697066218834247e-05
1.874269933391508e-05
4.163689539955714e-05
-4.69940711243545e-05
4.276213503946189e-05
1.673371478129074e-05
-4.073447878276413e-05
4.112376920675007e-05
4.072422000965154e-05
-1.164807541241138e-05
4.109767789311256e-05
4.231555185690447e-05

0.002061194700437954
0.00122565094285975
0.0003764770176664924
-0.0003771287207696734
-0.0004142353571932747
0.0002184446939857578
-0.0002936135696947998
0.0002320007078371783
0.0001770110163225032
0.0001187960522226
-0.0001516021757169933
2.266130343542376e-05
-0.0001584567017320923
7.645429830068928e-05
-0.0001587213473204345
-0.0001145389852401091
8.966770128893768e-05
0.0001140379898130161
-8.379693885299057e-05
-1.337652306047309e-05
7.327667593811366e-05
8.953513160938009e-05
-6.955642328479499e-05
-6.489290473017999e-05
-7.432677233397562e-05
-5.936616581556601e-05
1.053843299608197e-06
-6.891716818677645e-05
6.019097551841386e-05
5.590692130640746e-05
-5.936470604273899e-05
-5.15206540915792e-05
-7.151756821724971e-06
5.167960976559217e-05
5.497116782867331e-05
4.472340088194857e-05
-9.242264449585911e-06
-4.913031274677406e-05
-4.669435463933439e-05
-4.127964433892643e-05
4.635557845527356e-05
-3.89823505179784e-06
-4.275328733169896e-05
-3.926931308198972e-05
-4.168468616522113e-05
-9.741156751788685e-06
3.688917138446451e-05
-3.796442452678547e-05
-3.85233622729272e-05
1.417592527369032e-05
3.290155765381816e-05
3.399314757010126e-05
3.412947346433126e-05
1.36186808906758e-05
3.025389148183074e-05
-3.414648269142337e-05
3.107150474597696e-05
1.215892746620008e-05
-2.959818422666178e-05
2.988104754126557e-05
2.959073007320299e-05
-8.463637985433055e-06
2.986208926485889e-05
3.074701179295428e-05

-0.001329469649971712
-0.0007905443040603735
-0.0002428275061997756
0.0002432478544066493
0.0002671816181248993
-0.0001408967288678731
0.0001893806197183772
-0.000149640351673675
-0.0001141720255060942
-7.662339997906205e-05
9.778333480215708e-05
-1.46165304712821e-05
0.0001022045009831665
-4.931298784099733e-05
0.0001023751972680199
7.387759369987862e-05
-5.783562679501384e-05
-7.355445187587298e-05
5.404898767782931e-05
8.627851326837619e-06
-4.726342285366747e-05
-5.775011941162099e-05
4.486386157408911e-05
4.185589421461399e-05
4.794073455425903e-05
3.829115011318595e-05
-6.797284518327496e-07
4.44515423248721e-05
-3.882315199866747e-05
-3.60599389686141e-05
3.829020856038686e-05
3.323079859796409e-05
4.612879916895773e-06
-3.333332493583951e-05
-3.545637839849397e-05
-2.884657335059732e-05
5.961256391803808e-06
3.168902951117533e-05
3.011783763309657e-05
2.662535193718244e-05
-2.98993271475305e-05
2.514359846121535e-06
2.757585100134054e-05
2.532868918527818e-05
2.688660373203623e-05
6.28304170118737e-06
-2.379349886637678e-05
2.448703665707983e-05
2.484755125066817e-05
-9.143465392977726e-06
-2.122148981279866e-05
-2.192556481532308e-05
-2.20134949554818e-05
-8.784043017847926e-06
-1.951374632880259e-05
2.202446589925606e-05
-2.004110651455777e-05
-7.842502718972643e-06
1.909081544565129e-05
-1.92732621556991e-05
-1.908600752004185e-05
5.459042674418809e-06
-1.926103407597708e-05
-1.983180870654973e-05

-0.001855803487209626
-0.001103518892891479
-0.0003389623319385185
0.0003395490949898008
0.0003729581782068588
-0.0001966774049899959
0.0002643559516312822
-0.0002088826070375055
-0.0001593724558364339
-0.000106958419762389
0.0001364955218953637
-2.040317973418161e-05
0.0001426670171351024
-6.8835881136543e-05
0.000142905291668612
0.0001031255553805165
-8.073261235667441e-05
-0.0001026744824855211
7.544685191934484e-05
1.204359691837444e-05
-6.597489829960808e-05
-8.061325280584464e-05
6.262535648008418e-05
5.842654207672908e-05
6.69203560736755e-05
5.345052435822438e-05
-9.488313112635674e-07
6.204980103163635e-05
-5.419314451073708e-05
-5.033598208724914e-05
5.344921004690455e-05
4.638679184754226e-05
6.439107982672961e-06
-4.652990811603018e-05
-4.949347333892086e-05
-4.026686236820847e-05
8.32130346134201e-06
4.423464008702767e-05
4.204141712293499e-05
3.716626473893342e-05
-4.173639886161855e-05
3.509788862523351e-06
3.849306409675026e-05
3.535625632183286e-05
3.753094549109717e-05
8.770482800867125e-06
-3.321328784758291e-05
3.418139558177044e-05
3.468463703595665e-05
-1.276334135331328e-05
-2.962302659501979e-05
-3.060584319784078e-05
-3.072858466900936e-05
-1.226162452423228e-05
-2.723919157259271e-05
3.074389898306562e-05
-2.797533238766311e-05
-1.094733068531163e-05
2.664882336989034e-05
-2.690350029367818e-05
-2.6642111998083e-05
7.620264541001514e-06
-2.68864311466169e-05
-2.768317408080318e-05

0.001299326922821686
0.0007726204941731576
0.0002373219399282489
-0.0002377327576872354
-0.0002611238772695911
0.0001377022131790884
-0.000185086841106866
0.0001462475940494791
0.0001115834322177405
7.488613712472909e-05
-9.556631812879349e-05
1.428513359442817e-05
-9.988724433373022e-05
4.819492701316386e-05
-0.0001000540704651492
-7.220258581275085e-05
5.6524334342367e-05
7.188677050112034e-05
-5.282354873055078e-05
-8.432234248673407e-06
4.619183129135989e-05
5.64407656461276e-05
-4.384667465423209e-05
-4.090690617345061e-05
-4.685378647609231e-05
-3.742298460814042e-05
6.643171415709639e-07
-4.344370381443789e-05
3.794292455020341e-05
3.524236114621036e-05
-3.742206440291343e-05
-3.247736515543905e-05
-4.508293264080387e-06
3.257756693974124e-05
3.465248495135975e-05
2.819254233174401e-05
-5.82609834220617e-06
-3.097055220691724e-05
-2.943498356257793e-05
-2.602168210634373e-05
2.922142730966357e-05
-2.457352404996747e-06
-2.69506307470205e-05
-2.475441825913264e-05
-2.627701060571503e-05
-6.140587895135304e-06
2.32540349197656e-05
-2.393184830458176e-05
-2.428418904250063e-05
8.936157928264721e-06
2.074034037312993e-05
2.14284520622425e-05
2.151438858469667e-05
8.584884645208614e-06
1.907131612268986e-05
-2.152511078706106e-05
1.958671960511754e-05
7.664691649999801e-06
-1.865797424385578e-05
1.883628438605879e-05
1.865327532711624e-05
-5.335271188671776e-06
1.882433355048318e-05
1.938216715306414e-05

0.0002527549934686522
0.0001502960375319847
4.616567572249342e-05
-4.624559112965836e-05
-5.079581030350578e-05
2.678688587249094e-05
-3.600450548154879e-05
2.844919860392187e-05
2.170606118139465e-05
1.456742315379608e-05
-1.85902898571911e-05
2.778853254665766e-06
-1.943082941309355e-05
9.375245173863363e-06
-1.946328170589078e-05
-1.404539826349996e-05
1.099554508305986e-05
1.398396345781763e-05
-1.027564001013153e-05
-1.640302586681806e-06
8.985587700282211e-06
1.097928866222154e-05
-8.529389925822302e-06
-7.957523715628778e-06
-9.114356276905135e-06
-7.279804692780591e-06
1.292280424811093e-07
-8.45100096134742e-06
7.380947380066647e-06
6.855613167767226e-06
-7.279625687419447e-06
-6.317745036725717e-06
-8.769876268262933e-07
6.337237052859659e-06
6.740865946609738e-06
5.484228586182491e-06
-1.133337132146618e-06
-6.024628277369842e-06
-5.725917740520874e-06
-5.061936280482835e-06
5.684375147686877e-06
-4.780229518576733e-07
-5.242642462638186e-06
-4.81541844128209e-06
-5.111604729627994e-06
-1.194514041131394e-06
4.523552418586242e-06
-4.655405853349407e-06
-4.723945863825529e-06
1.738329668322405e-06
4.034569363163963e-06
4.168426102705381e-06
4.185143131176483e-06
1.669997307308992e-06
3.709898022866117e-06
-4.187228895853699e-06
3.810158243405351e-06
1.490994340154099e-06
-3.629491604704267e-06
3.664177854971548e-06
3.62857753553989e-06
-1.037857686747217e-06
3.661853087196665e-06
3.770367138665117e-06

-0.001071808922488839
-0.0006373311633950539
-0.0001957657986221732
0.0001961046803399371
0.000215399909458186
-0.0001135899350190526
0.000152677301031226
-0.00012063898118445
-9.204467032298611e-05
-6.177323699774111e-05
7.883222510112949e-05
-1.178374231806276e-05
8.239653765289799e-05
-3.975577807563734e-05
8.25341517768123e-05
5.955958761542019e-05
-4.662666864034886e-05
-5.929907298825454e-05
4.35739072688284e-05
6.955712027130431e-06
-3.810343344280527e-05
-4.655773319947338e-05
3.616892430259789e-05
3.374392253252042e-05
3.864947729121021e-05
3.087005133554705e-05
-5.479922159633566e-07
3.583651547307182e-05
-3.129894745036264e-05
-2.907126487000838e-05
3.086929226241098e-05
2.679043213922923e-05
3.718870794383185e-06
-2.687308813948427e-05
-2.85846786554792e-05
-2.325590110392135e-05
4.805922263900836e-06
2.554746892929478e-05
2.428078527547832e-05
2.146516828818778e-05
-2.410462368495846e-05
2.027058923442565e-06
2.223145383505947e-05
2.041980805226443e-05
2.167578761653927e-05
5.065343278687731e-06
-1.918214859794351e-05
1.974127380412674e-05
2.003191809081941e-05
-7.37139639921021e-06
-1.71086132957969e-05
-1.767623352678657e-05
-1.774712217684007e-05
-7.081632651226786e-06
-1.573184271400737e-05
1.77559668732402e-05
-1.615699672370405e-05
-6.322569596844982e-06
1.539087886111234e-05
-1.553796609376073e-05
-1.538700274587379e-05
4.401041157137479e-06
-1.552810790335809e-05
-1.598826232793539e-05

-0.001475809677954948
-0.0008775626693019238
-0.0002695564985111498
0.0002700231161221984
0.0002965913646911811
-0.0001564057938891619
0.0002102265000207577
-0.000166111862137896
-0.0001267393958163653
-8.50576432860514e-05
0.0001085467365478331
-1.622543028951554e-05
0.000113454558127553
-5.474106513541112e-05
0.0001136440436334265
8.200959515593996e-05
-6.420182495815305e-05
-8.165088382227775e-05
5.999837536743818e-05
9.577553341194489e-06
-5.246589635363062e-05
-6.410690543596676e-05
4.980220579154748e-05
4.646313946522788e-05
5.321776245512467e-05
4.250600975981895e-05
-7.545488741455676e-07
4.934450091768618e-05
-4.309657121509609e-05
-4.002920030364847e-05
4.250496456651267e-05
3.688864516620605e-05
5.120638011362632e-06
-3.700245698710307e-05
-3.935920341383505e-05
-3.202183075603268e-05
6.617435663898271e-06
3.517716740550167e-05
3.343302816951806e-05
2.95561106405882e-05
-3.319046536310544e-05
2.791125464840293e-06
3.061123492851288e-05
2.811671904684051e-05
2.984611946270163e-05
6.974641165977764e-06
-2.641254420524298e-05
2.718242246727934e-05
2.758262034035958e-05
-1.014992310451251e-05
-2.355742385471066e-05
-2.433899920150488e-05
-2.443660816295209e-05
-9.750937674721082e-06
-2.166170223278542e-05
2.444878672229167e-05
-2.224711105796916e-05
-8.705758279099498e-06
2.119221766014122e-05
-2.139474700738573e-05
-2.11868805069707e-05
6.059941279180191e-06
-2.138117293416213e-05
-2.201477500529428e-05

0.0009047291652925604
0.0005379803054207879
0.0001652486967256883
-0.0001655347516065828
-0.0001818221291120252
9.588288074406149e-05
-0.0001288770826803097
0.0001018330809332151
7.769621618521544e-05
5.214366849699446e-05
-6.654340313596489e-05
9.946824595083959e-06
-6.955209008765943e-05
3.355841807176191e-05
-6.966825212815396e-05
-5.02750955490602e-05
3.935823458289364e-05
5.005519144467283e-05
-3.678135526276307e-05
-5.871415514723232e-06
3.21636504512718e-05
3.930004519616768e-05
-3.053070375438824e-05
-2.848372524801398e-05
-3.262457383492355e-05
-2.605784967015461e-05
4.625680284355883e-07
-3.025011273059302e-05
2.641988698465118e-05
2.453946841454349e-05
-2.60572089257195e-05
-2.261418504603196e-05
-3.139151763935987e-06
2.268395615219344e-05
2.412873406583965e-05
1.963063709622522e-05
-4.056747380104636e-06
-2.156498211086602e-05
-2.049575641143048e-05
-1.811905404103451e-05
2.034705590576795e-05
-1.711069286068497e-06
-1.876588657680608e-05
-1.723665058848368e-05
-1.829684081359565e-05
-4.275728350726094e-06
1.619192462891187e-05
-1.666389017283514e-05
-1.690922715163836e-05
6.222300609152643e-06
1.444162397013546e-05
1.492076028539507e-05
1.498059840378166e-05
5.977706905607249e-06
1.327947232805721e-05
-1.498806433789228e-05
1.363835087836986e-05
5.336970978534376e-06
-1.299165988728446e-05
1.311581831368803e-05
1.298838800324707e-05
-3.714981475680111e-06
1.310749687486688e-05
1.349591977349994e-05

0.0009368983789818715
0.000557109127691252
0.000171124400572527
-0.0001714206266305364
-0.0001882871300750205
9.929216276804305e-05
-0.0001334595307448169
0.0001054539326387427
8.045883982685845e-05
5.399772701392587e-05
-6.89094691778426e-05
1.030050118494638e-05
-7.202513520923479e-05
3.475164579497885e-05
-7.21454275924275e-05
-5.206271371593008e-05
4.075768483530424e-05
5.183499053993713e-05
-3.808918010430009e-05
-6.08018387060028e-06
3.330728479411328e-05
4.069742642407058e-05
-3.161627584694133e-05
-2.949651347163281e-05
-3.378459710761466e-05
-2.69843816827009e-05
4.790154364815813e-07
-3.132570792293328e-05
2.735929186144967e-05
2.541201174964519e-05
-2.698371815548006e-05
-2.341827159376706e-05
-3.250769746168985e-06
2.3490523532547e-05
2.498667302922726e-05
2.032863842505792e-05
-4.200992064989972e-06
-2.233176242959821e-05
-2.12245185570762e-05
-1.876330841422714e-05
2.107053074718296e-05
-1.771909320426345e-06
-1.943314020199629e-05
-1.784952957740259e-05
-1.894741670365433e-05
-4.427759283594372e-06
1.676765657545461e-05
-1.72564036723784e-05
-1.751046403271732e-05
6.443545292770663e-06
1.495512094286372e-05
1.545129378032617e-05
1.551325954673087e-05
6.190254636127628e-06
1.375164698473046e-05
-1.552099094507218e-05
1.412328608396282e-05
5.526736232545025e-06
-1.345360087374359e-05
1.358217396820785e-05
1.34502126521988e-05
-3.847074081432278e-06
1.357355664620644e-05
1.397579059427537e-05

0.001324476028096218
0.0007875749400514199
0.0002419154216350867
-0.0002423341909719117
-0.0002661780570636952
0.0001403675065667232
-0.000188669287041083
0.0001490782874448718
0.0001137431838818117
7.633559477321526e-05
-9.741605075047196e-05
1.456162931103049e-05
-0.0001018206105860832
4.912776329315763e-05
-0.0001019906657184825
-7.360010201887571e-05
5.761839035704365e-05
7.327817394811616e-05
-5.384597423769041e-05
-8.595444248478187e-06
4.708589667826686e-05
5.753320414800263e-05
-4.469534839250437e-05
-4.169867926131643e-05
-4.776066432794955e-05
-3.814732469766968e-05
6.771753233234432e-07
-4.428457785587744e-05
3.867732833046516e-05
3.592449420681449e-05
-3.814638668140831e-05
-3.31059803722763e-05
-4.595553475436707e-06
3.320812161090934e-05
3.532320067098989e-05
2.873822271642336e-05
-5.93886531253061e-06
-3.157000232542228e-05
-3.000471200226768e-05
-2.652534443429582e-05
2.978702226408692e-05
-2.504915657358135e-06
-2.747227332823989e-05
-2.523355207825052e-05
-2.678561494109967e-05
-6.259441963894012e-06
2.370412808876287e-05
-2.439506088169054e-05
-2.475422134615222e-05
9.109121616261812e-06
2.114177976018151e-05
2.184321018610096e-05
2.193081005178303e-05
8.751049267765968e-06
1.944045073267414e-05
-2.19417397876054e-05
1.996583010047056e-05
7.813045489067589e-06
-1.901910842050696e-05
1.920086984233344e-05
1.901431855394265e-05
-5.438537960441907e-06
1.918868769252296e-05
1.975731843610985e-05

0.0008782541631967326
0.0005222374397545808
0.0001604130400894606
-0.0001606907241740093
-0.0001765014857261853
9.307706927468517e-05
-0.0001251057650695379
9.885314933098448e-05
7.542259932256896e-05
5.061779336695868e-05
-6.45961499633332e-05
9.655751628606079e-06
-6.751679399963916e-05
3.25764013281221e-05
-6.762955680157426e-05
-4.880390028855156e-05
3.820649836940218e-05
4.859043121670704e-05
-3.570502601968825e-05
-5.699600850157955e-06
3.12224486576639e-05
3.815001177307669e-05
-2.96372867220946e-05
-2.765020874985476e-05
-3.166988408489716e-05
-2.52953213345022e-05
4.490319449399516e-07
-2.936490660630464e-05
2.564676438606743e-05
2.382137232277721e-05
-2.529469934010651e-05
-2.19524283353449e-05
-3.04729106935761e-06
2.202015773637047e-05
2.342265725360919e-05
1.905618766074378e-05
-3.938035173722676e-06
-2.093392812423352e-05
-1.989599107306937e-05
-1.758883791436095e-05
1.975164197592811e-05
-1.660998430974768e-06
-1.821674225217121e-05
-1.67322561487322e-05
-1.776142212978441e-05
-4.150608125371563e-06
1.571810190391188e-05
-1.617625636575503e-05
-1.641441407226647e-05
6.040218027992559e-06
1.401902012409639e-05
1.448413551968733e-05
1.454222260099961e-05
5.802781846346874e-06
1.289087641316592e-05
-1.454947006020135e-05
1.323925313515597e-05
5.180795712761916e-06
-1.261148620001969e-05
1.273201139039585e-05
1.260831006081266e-05
-3.606270331917768e-06
1.272393346103559e-05
1.310098997793827e-05

-8.82726893939728e-05
-5.248970655787929e-05
-1.612299839378745e-05
1.615090821990277e-05
1.774003640405143e-05
-9.355108771566066e-06
1.257428977184569e-05
-9.93565839158549e-06
-7.580670792446356e-06
-5.087557724098915e-06
6.492512214254195e-06
-9.704925978094776e-07
6.786064029487086e-06
-3.274230486479637e-06
6.797397736973438e-06
4.905244645474078e-06
-3.840107459461081e-06
-4.883789023784788e-06
3.588686286632779e-06
5.728627504416638e-07
-3.13814568489614e-06
-3.834430032605227e-06
2.978822207666587e-06
2.779102440889375e-06
3.183117095402331e-06
2.54241441356364e-06
-4.513187533270713e-08
2.951445479640495e-06
-2.57773769994576e-06
-2.394268866693356e-06
2.542351897350818e-06
2.206422661106521e-06
3.062810167382458e-07
-2.213230094116382e-06
-2.354194304081355e-06
-1.915323610072508e-06
3.958090610661673e-07
2.104053943084903e-06
1.999731642364355e-06
1.767841350579278e-06
-1.985223219232583e-06
1.669457484240173e-07
1.830951560470921e-06
1.681746938155295e-06
1.785187664985001e-06
4.171746143669501e-07
-1.57981503005489e-06
1.625863802950955e-06
1.649800861413656e-06
-6.070979361087369e-07
-1.409041551843252e-06
-1.455789963142356e-06
-1.461628253581493e-06
-5.83233397582843e-07
-1.295652645123523e-06
1.462356690456695e-06
-1.330667736951955e-06
-5.207180221069691e-07
1.267571337300974e-06
-1.279685236827547e-06
-1.267252105847165e-06
3.624636172767272e-07
-1.278873330004638e-06
-1.316771007233063e-06

0.001058635336104572
0.0006294977362234361
0.0001933596443113174
-0.0001936943608393814
-0.0002127524326041045
0.0001121938029380742
-0.0001508007467575263
0.0001191562093894152
9.091335074701673e-05
6.101398312632137e-05
-7.786329947883951e-05
1.163890852903648e-05
-8.138380312183363e-05
3.926714044094307e-05
-8.151972583272238e-05
-5.882754167327479e-05
4.605358099920499e-05
5.857022902724855e-05
-4.303834106905823e-05
-6.870219481461767e-06
3.76351047496389e-05
4.598549284273613e-05
-3.572437263044969e-05
-3.332917651848554e-05
-3.817443718182708e-05
-3.049062802658204e-05
5.412568523710409e-07
-3.539604943253986e-05
3.091425258606375e-05
2.871395041681697e-05
-3.048987828318418e-05
-2.646115136477932e-05
-3.673162212719457e-06
2.654279144145636e-05
2.823334482570608e-05
2.297006319410553e-05
-4.746852749949496e-06
-2.52334653958486e-05
-2.398235053064489e-05
-2.120134024686952e-05
2.380835413942625e-05
-2.002144374520939e-06
-2.195820739028564e-05
-2.016882851694079e-05
-2.140937085640965e-05
-5.003085225180397e-06
1.894638111524214e-05
-1.949863412243323e-05
-1.97857061048203e-05
7.280794683547684e-06
1.68983316024507e-05
1.74589752222261e-05
1.752899258100355e-05
6.994592417173122e-06
1.553848288593817e-05
-1.753772856739221e-05
1.595841133447976e-05
6.244858994698476e-06
-1.520170981432742e-05
1.534698920014184e-05
1.519788134035438e-05
-4.346948030418935e-06
1.533725217660376e-05
1.579175085048447e-05

-0.0007456921283491315
-0.0004434119008748064
-0.0001362005969250065
0.0001364363678951069
0.0001498606827765016
-7.902819115063103e-05
0.0001062225357223282
-8.393244052533707e-05
-6.403845375438962e-05
-4.297763864934228e-05
5.484612833943124e-05
-8.198330602314601e-06
5.732593584715424e-05
-2.765938045987491e-05
5.742167844342381e-05
4.143753118737654e-05
-3.243968122182987e-05
-4.125628273654215e-05
3.031577641314408e-05
4.839313796390265e-06
-2.650979086402715e-05
-3.239172060632747e-05
2.516389029555392e-05
2.347673814255975e-05
2.688969122774965e-05
2.147729301338657e-05
-3.812559060357091e-07
2.4932622723161e-05
-2.177568991042679e-05
-2.022581909878186e-05
2.147676490165227e-05
1.863897000867043e-05
2.587338675330254e-06
-1.869647646104165e-05
-1.988728533374162e-05
-1.617988246505161e-05
3.343635536572198e-06
1.777420030762811e-05
1.689292752669001e-05
1.493401173506361e-05
-1.677036621131661e-05
1.410290445615245e-06
1.546714137074604e-05
1.420672081327554e-05
1.508054641296606e-05
3.524123125914091e-06
-1.3345641106527e-05
1.373464259388873e-05
1.393685322321529e-05
-5.128518856764176e-06
-1.19030155412617e-05
-1.229792729209479e-05
-1.234724681838589e-05
-4.926920846691489e-06
-1.094515172445319e-05
1.235340035970224e-05
-1.124094511795335e-05
-4.398816132599257e-06
1.070793214564527e-05
-1.08102654900185e-05
-1.070523540692483e-05
3.061946657243704e-06
-1.08034068281544e-05
-1.112355114215678e-05

-0.0005892856220700768
-0.0003504076922720194
-0.0001076329633020993
0.0001078192820755946
0.0001184278904341912
-6.245228427764955e-05
8.394270324344533e-05
-6.632788324629264e-05
-5.060659570136684e-05
-3.39632182823768e-05
4.334233073933592e-05
-6.478757338656898e-06
4.530200666221265e-05
-2.185791508413763e-05
4.537766755932974e-05
3.274614336731361e-05
-2.563556325970764e-05
-3.260291119140475e-05
2.395714059863424e-05
3.824283417354893e-06
-2.094944817888513e-05
-2.559766222780837e-05
1.988584589104357e-05
1.855256843214698e-05
2.124966567300627e-05
1.697250043632769e-05
-3.012887158316332e-07
1.970308594215959e-05
-1.720830955166206e-05
-1.598351911785258e-05
1.697208309432104e-05
1.472950647959814e-05
2.044652776707283e-06
-1.477495114002715e-05
-1.571599171245331e-05
-1.278620457553192e-05
2.642318823327714e-06
1.404611941963969e-05
1.334969074728744e-05
1.180165119186663e-05
-1.325283627045278e-05
1.114486597013636e-06
1.222295861494977e-05
1.122690718294068e-05
1.19174506961652e-05
2.784949725971995e-06
-1.054643615293759e-05
1.085384583952416e-05
1.101364344494651e-05
-4.05282865396041e-06
-9.406396622786064e-06
-9.718476914242126e-06
-9.757451829795581e-06
-3.893515172890722e-06
-8.6494416360176e-06
9.762314685770064e-06
-8.883193324237318e-06
-3.476178710386264e-06
8.461978094764743e-06
-8.54284735193616e-06
-8.459846988248429e-06
2.419713273161678e-06
-8.537427272160205e-06
-8.790422354255523e-06

0.0007534328964377052
0.0004480148040863793
0.0001376144474864165
-0.0001378526659121812
-0.0001514163338916075
7.984855504732251e-05
-0.0001073251945590255
8.480371371236175e-05
6.470321445175165e-05
4.342377442190785e-05
-5.541546673513395e-05
8.283434592947401e-06
-5.792101625364319e-05
2.794650277413478e-05
-5.801775272017341e-05
-4.186767964528209e-05
3.277642615939434e-05
4.16845497179362e-05
-3.06304738408339e-05
-4.88954901328664e-06
2.678497969243494e-05
3.272796768158754e-05
-2.54251078028654e-05
-2.372044191591663e-05
-2.716882366841808e-05
-2.170024124908139e-05
3.852135896948338e-07
-2.51914395230199e-05
2.200173569949797e-05
2.043577622329901e-05
-2.169970765519589e-05
-1.883245461010393e-05
-2.614196929414744e-06
1.889055801676279e-05
2.009372825814515e-05
1.634784014236031e-05
-3.378344642752758e-06
-1.795870803851126e-05
-1.706828707435467e-05
-1.508903646588885e-05
1.694445349300998e-05
-1.424930175420713e-06
-1.562770033307024e-05
-1.435419579247112e-05
-1.523709226881516e-05
-3.560705810371329e-06
1.348417751970634e-05
-1.387721709488706e-05
-1.408152680173284e-05
5.181756209818289e-06
1.202657656511549e-05
1.242558775613723e-05
1.247541925110599e-05
4.978065481607138e-06
1.105876950043862e-05
-1.248163667017696e-05
1.13576334212724e-05
4.444478697956462e-06
-1.081908742849876e-05
1.09224830593762e-05
1.08163626958773e-05
-3.093731650101363e-06
1.091555320015593e-05
1.123902081984466e-05

0.0003869492827906838
0.0002300921660580461
7.067625001282283e-05
-7.07985946163063e-05
-7.776464510525889e-05
4.100874975532188e-05
-5.512024661565998e-05
4.355362813879342e-05
3.323038129172864e-05
2.230165214189787e-05
-2.846036483147954e-05
4.254219705482705e-06
-2.974716899649304e-05
1.435280999287571e-05
-2.979685106708225e-05
-2.150247047540855e-05
1.683336983928458e-05
2.140841831179594e-05
-1.573124818452393e-05
-2.511182472661604e-06
1.375627309419789e-05
1.680848245605083e-05
-1.305786789467696e-05
-1.218238283758729e-05
-1.395340830279366e-05
-1.114484491905739e-05
1.978386170264843e-07
-1.29378601624452e-05
1.129968692544468e-05
1.049543893061078e-05
-1.114457087505753e-05
-9.672002429177517e-06
-1.342603477620253e-06
9.701843270529655e-06
1.031976938469036e-05
8.395950121328317e-06
-1.73505569336515e-06
-9.223262254946449e-06
-8.765958419268477e-06
-7.749451697795192e-06
8.702359768728344e-06
-7.318179389466386e-07
-8.026099555968191e-06
-7.372051038908935e-06
-7.825490435986942e-06
-1.828713036111785e-06
6.925225650409207e-06
-7.127083549690595e-06
-7.232013258637321e-06
2.661254716201226e-06
6.176628599973051e-06
6.381553411354452e-06
6.407145950960137e-06
2.556642903304428e-06
5.679580685914474e-06
-6.41033910307391e-06
5.833071700662395e-06
2.282602541889528e-06
-5.556484380626263e-06
5.609586475587096e-06
5.555085008050826e-06
-1.588883693309466e-06
5.606027427300901e-06
5.772154449410295e-06

7.90708420342122e-05
4.701799983826742e-05
1.444228184124647e-05
-1.446728225147356e-05
-1.589075427303421e-05
8.379900204322972e-06
-1.126350275571147e-05
8.899931344338484e-06
6.790435715252614e-06
4.557213288767459e-06
-5.815710512738562e-06
8.69325126757503e-07
-6.078661481728454e-06
2.932913490644085e-06
-6.088813724757476e-06
-4.393905149643565e-06
3.439801510587982e-06
4.374686135416147e-06
-3.214589341599659e-06
-5.131455760372311e-07
2.811014634696203e-06
3.434715918147189e-06
-2.668299582198819e-06
-2.489399287685778e-06
-2.85129807138893e-06
-2.277384430678174e-06
4.04271741306913e-08
-2.643776698038702e-06
2.309025496763772e-06
2.144682082822422e-06
-2.27732843137785e-06
-1.976417608830547e-06
-2.743532349454337e-07
1.982515411713602e-06
2.108785029811499e-06
1.715663719497227e-06
-3.545485694175193e-07
-1.88472015645365e-06
-1.791272769517952e-06
-1.583555515669024e-06
1.77827675408573e-06
-1.495427520396256e-07
-1.640086901217266e-06
-1.506435879558637e-06
-1.599093590872803e-06
-3.736869042919198e-07
1.415129702542172e-06
-1.456378193693447e-06
-1.477819971234963e-06
5.4381196874183e-07
1.262158236371035e-06
1.304033433225319e-06
1.309263120284733e-06
5.224351514161549e-07
1.160589377495147e-06
-1.309915622401403e-06
1.191954376269836e-06
4.66436592709911e-07
-1.135435361338629e-06
1.146286466507851e-06
1.135149407670282e-06
-3.246791688516733e-07
1.145559195629243e-06
1.179506289232647e-06

-0.0004768626855890243
-0.0002835574922071038
-8.709892455519268e-05
8.72496977411973e-05
9.583441334051885e-05
-5.053774076006161e-05
6.792825313411655e-05
-5.367395936652231e-05
-4.095195306123022e-05
-2.748377166320306e-05
3.507355255579526e-05
-5.242750727462691e-06
3.665936474680218e-05
-1.768789819066756e-05
3.672059118309143e-05
2.649888828776405e-05
-2.074485289437024e-05
-2.63829817095125e-05
1.938663693297877e-05
3.094692951182778e-06
-1.695274709927299e-05
-2.07141825586609e-05
1.609205709703269e-05
1.501314010691441e-05
1.71956895963328e-05
1.373451487038885e-05
-2.438093528642631e-07
1.594416378896905e-05
-1.392533671265552e-05
-1.2934209772381e-05
1.373417714819988e-05
1.191943559150173e-05
1.654577301194973e-06
-1.195621039476517e-05
-1.27177208029749e-05
-1.034687361106938e-05
2.138221607797223e-06
1.136642398472931e-05
1.080285882280978e-05
9.550151693790894e-06
-1.072448208289745e-05
9.01866687054048e-07
9.89108278340925e-06
9.085056396436026e-06
9.643859160154783e-06
2.253641622702887e-06
-8.534404504247629e-06
8.783167079187673e-06
8.912478761704406e-06
-3.279636705492023e-06
-7.611859830382101e-06
-7.864401959920174e-06
-7.895941305537056e-06
-3.150716786885198e-06
-6.999315464219494e-06
7.899876433889452e-06
-7.188472391913638e-06
-2.812999084551206e-06
6.847615907359397e-06
-6.913057061379966e-06
-6.845891369819964e-06
1.958084376370774e-06
-6.90867101545973e-06
-7.113400114170253e-06

-0.0007456328228665116
-0.0004433766359769703
-0.0001361897647841696
0.0001364255170032618
0.0001498487642383403
-7.902190597629162e-05
0.0001062140877603193
-8.392576531218469e-05
-6.403336072569087e-05
-4.29742206038674e-05
5.484176638363715e-05
-8.197678582620597e-06
5.732137667030493e-05
-2.765718068755539e-05
5.741711165208177e-05
4.143423562786394e-05
-3.24371012684146e-05
-4.125300159185784e-05
3.031336537555665e-05
4.838928921950112e-06
-2.650768251946516e-05
-3.238914446725723e-05
2.516188899153212e-05
2.347487101907973e-05
2.688755266942619e-05
2.147558490734924e-05
-3.812255844531818e-07
2.49306398120266e-05
-2.177395807263526e-05
-2.022421052344783e-05
2.14750568376063e-05
1.863748763669501e-05
2.587132902245984e-06
-1.869498951553499e-05
-1.988570368226895e-05
-1.617859566625311e-05
3.343369614602389e-06
1.7772786711468e-05
1.689158401885548e-05
1.493282402134508e-05
-1.676903245087921e-05
1.410178284104629e-06
1.546591125680044e-05
1.420559094157233e-05
1.507934704522725e-05
3.523842849625442e-06
-1.334457971717123e-05
1.373355026693886e-05
1.393574481428942e-05
-5.128110981616102e-06
-1.190206888505469e-05
-1.229694922824615e-05
-1.234626483211148e-05
-4.926529004792235e-06
-1.094428124791088e-05
1.235241788403673e-05
-1.124005111673153e-05
-4.398466291286417e-06
1.070708053536493e-05
-1.080940574108423e-05
-1.070438401111375e-05
3.061703138213608e-06
-1.080254762469727e-05
-1.112266647737219e-05

-0.0004815211742618269
-0.0002863275755150285
-8.794979707198649e-05
8.810204316664392e-05
9.677062316046051e-05
-5.103144576150751e-05
6.859184667446965e-05
-5.419830219998569e-05
-4.135201415896653e-05
-2.775226161397685e-05
3.54161873482253e-05
-5.293967347291754e-06
3.701749139538545e-05
-1.786069190226802e-05
3.707931595492108e-05
2.675775687753071e-05
-2.094751010607505e-05
-2.664071800376343e-05
1.957602568426212e-05
3.124925117579002e-06
-1.711835909350397e-05
-2.091654015075775e-05
1.624926097977183e-05
1.515980401089162e-05
1.736367490452427e-05
1.386868783859176e-05
-2.461911351738019e-07
1.609992289667928e-05
-1.406137382627865e-05
-1.306056453138812e-05
1.386834681718328e-05
1.203587698515213e-05
1.670740926173007e-06
-1.207301104278699e-05
-1.284196067347489e-05
-1.044795259034652e-05
2.159109971347167e-06
1.147746298816648e-05
1.090839233797073e-05
9.643447468094766e-06
-1.082924993287668e-05
9.106770550551102e-07
9.987709125752765e-06
9.173808638105683e-06
9.738070366057698e-06
2.275657528516201e-06
-8.617777407840583e-06
8.868970153293287e-06
8.999545086274943e-06
-3.311675594055893e-06
-7.686220361978059e-06
-7.941229584634614e-06
-7.97307703925004e-06
-3.181496252141864e-06
-7.067692027940696e-06
7.977050610012985e-06
-7.258696836443048e-06
-2.840479373464395e-06
6.914510512668431e-06
-6.980590963671311e-06
-6.912769128062831e-06
1.977212972848108e-06
-6.976162070311658e-06
-7.182891174926557e-06

7.17979539787228e-05
4.269331275242311e-05
1.311388952373879e-05
-1.313659041143485e-05
-1.442913234048406e-05
7.609122070004825e-06
-1.022749260901867e-05
8.081321061420549e-06
6.165855559860148e-06
4.138043576632975e-06
-5.280784989836305e-06
7.893651292665411e-07
-5.519549888304578e-06
2.663145888015006e-06
-5.528768334177079e-06
-3.989756421016017e-06
3.12341065555413e-06
3.972305160053069e-06
-2.918913365168735e-06
-4.659467574251648e-07
2.552459214842011e-06
3.118792832819503e-06
-2.422871006250288e-06
-2.260425852237168e-06
-2.589037405484314e-06
-2.067911993084837e-06
3.67087071929373e-08
-2.400603722087172e-06
2.096642733113967e-06
1.947415526635002e-06
-2.067861144564254e-06
-1.794627916826645e-06
-2.49118390923575e-07
1.800164847503997e-06
1.91482026277327e-06
1.557858011962898e-06
-3.219374072083256e-07
-1.711364740459957e-06
-1.626512587456971e-06
-1.437901040534718e-06
1.61471193763535e-06
-1.357879004773567e-07
-1.489232703551284e-06
-1.367874821741856e-06
-1.452009933012232e-06
-3.393154096581368e-07
1.284966931465657e-06
-1.32242141143856e-06
-1.341890987295744e-06
4.937924739424158e-07
1.14606568790253e-06
1.184089229567265e-06
1.188837893183275e-06
4.743818832992373e-07
1.053839071015567e-06
-1.189430378553395e-06
1.082319136240445e-06
4.235340380332262e-07
-1.030998705997098e-06
1.04085173309784e-06
1.030739054172227e-06
-2.948153759766726e-07
1.040191356154582e-06
1.071016016694386e-06

0.0006384958552092106
0.0003796696385756721
0.0001166212077444722
-0.0001168230856797416
-0.000128317600754993
6.766756758725703e-05
-9.095261463822928e-05
7.18668111887618e-05
5.483266584388171e-05
3.679942847865831e-05
-4.69617745550543e-05
7.019787269045292e-06
-4.908509965826499e-05
2.368323214084031e-05
-4.916707886731358e-05
-3.548071772169209e-05
2.777634524626197e-05
3.532552447205871e-05
-2.595776038308843e-05
-4.143642776399533e-06
2.26989007200811e-05
2.773527916409641e-05
-2.154647882662211e-05
-2.01018616503909e-05
-2.302418886302167e-05
-1.838984488212512e-05
3.264488205297757e-07
-2.13484569073784e-05
1.864534601284204e-05
1.731827542738394e-05
-1.838939268859091e-05
-1.595954234122209e-05
-2.215398228593139e-06
1.60087820074232e-05
1.702840726650802e-05
1.385395862308639e-05
-2.862974343255416e-06
-1.521908679819692e-05
-1.446450056006732e-05
-1.27871868724106e-05
1.435955793173579e-05
-1.207555464156384e-06
-1.324367695689342e-05
-1.216444697555293e-05
-1.29126565950041e-05
-3.017516108323613e-06
1.14271509751493e-05
-1.17602319182215e-05
-1.19333739480111e-05
4.391273434325535e-06
1.019190869616899e-05
1.053005027832444e-05
1.057227992232669e-05
4.21865595727822e-06
9.371741694753438e-06
-1.057754886708025e-05
9.62501358615329e-06
3.766468441487251e-06
-9.168623394206093e-06
9.256245904551195e-06
9.166314322629607e-06
-2.621779384811807e-06
9.250373203198435e-06
9.524495471342342e-06

0.0004153744770873261
0.0002469946771034167
7.586810907063935e-05
-7.599944107709338e-05
-8.347721583443167e-05
4.402124191255707e-05
-5.916936568477628e-05
4.675306640430485e-05
3.56714765121626e-05
2.393992574380347e-05
-3.055105587568562e-05
4.566733585433594e-06
-3.193238834204789e-05
1.540716370509919e-05
-3.198572004470129e-05
-2.308203639865629e-05
1.806994483665686e-05
2.29810751874173e-05
-1.68868616100087e-05
-2.695653288022674e-06
1.476680536003128e-05
1.804322923268502e-05
-1.401709549507823e-05
-1.307729753198584e-05
-1.497842207009996e-05
-1.196354234613704e-05
2.123717906968016e-07
-1.388827202585099e-05
1.212975900628491e-05
1.126643116163423e-05
-1.196324817093302e-05
-1.038250522764435e-05
-1.441230782055226e-06
1.041453816949049e-05
1.107785697627914e-05
9.012714447091589e-06
-1.862512436129581e-06
-9.900800716202998e-06
-9.409903458960905e-06
-8.318724416470572e-06
9.341632867991244e-06
-7.855770955844335e-07
-8.61569475479391e-06
-7.91360000272973e-06
-8.400348940713893e-06
-1.963049823066524e-06
7.433950936683612e-06
-7.650637265070305e-06
-7.763275083313247e-06
2.856749799782458e-06
6.630362140417293e-06
6.850340675475513e-06
6.87781323642154e-06
2.744453230149765e-06
6.096801215068015e-06
-6.88124095666785e-06
6.26156764008501e-06
2.450281934619156e-06
-5.964662287009552e-06
6.021665248139941e-06
5.96316011688662e-06
-1.705602678732163e-06
6.017844753088854e-06
6.196175423303507e-06

0.0002987601585127879
0.000177652149936225
5.456851477958969e-05
-5.46629759783975e-05
-6.00414026633643e-05
3.166249718554336e-05
-4.255786054800797e-05
3.362737553797631e-05
2.565688689368954e-05
1.721891065660196e-05
-2.197399888445039e-05
3.284645844002126e-06
-2.296752913095629e-05
1.108167912251751e-05
-2.300588822333576e-05
-1.660186947839246e-05
1.299689769475168e-05
1.652925262507674e-05
-1.214595919991356e-05
-1.938862034259317e-06
1.062109819800465e-05
1.297768236372536e-05
-1.008186564894671e-05
-9.4059112899011e-06
-1.077330456919411e-05
-8.604837333213392e-06
1.527494666910678e-07
-9.98920872800406e-06
8.724389492708336e-06
8.103436646674303e-06
-8.604625746238816e-06
-7.467668522440617e-06
-1.036612407963974e-06
7.490708375177419e-06
7.967803725980098e-06
6.482439690862097e-06
-1.339621332904105e-06
-7.12120015682659e-06
-6.768119863071207e-06
-5.983283909774945e-06
6.719015900971525e-06
-5.650302330717807e-07
-6.19688130260068e-06
-5.691896160303816e-06
-6.041992754796982e-06
-1.411933348481355e-06
5.346906184013108e-06
-5.502758903395347e-06
-5.583774214373867e-06
2.054731501557969e-06
4.768920945643978e-06
4.927141601049249e-06
4.94690137714694e-06
1.973961635341707e-06
4.385154596417036e-06
-4.949366781978714e-06
4.503663667077885e-06
1.76237746796762e-06
-4.290113015216857e-06
4.331112678515586e-06
4.289032571886469e-06
-1.226763209503748e-06
4.328364768447901e-06
4.456629989927941e-06

-0.0005720096751114384
-0.0003401348729824105
-0.0001044775132191869
0.0001046583697294202
0.0001149559680303625
-6.06213854567342e-05
8.148177490157249e-05
-6.438336440870381e-05
-4.912297412576744e-05
-3.29675266591474e-05
4.20716738984839e-05
-6.28882114481757e-06
4.397389846663305e-05
-2.121711176657841e-05
4.404734123114582e-05
3.178613244098945e-05
-2.488401152563542e-05
-3.164709936884805e-05
2.325479478404211e-05
3.712167806523246e-06
-2.03352781703265e-05
-2.48472216293111e-05
1.930285725875999e-05
1.800866717922319e-05
2.062669425932028e-05
1.647492166245485e-05
-2.9245590593629e-07
1.912545523998374e-05
-1.6703817617813e-05
-1.551493407496326e-05
1.64745165555535e-05
1.429768502810167e-05
1.984710175706315e-06
-1.434179739819208e-05
-1.525524970712532e-05
-1.241135444552428e-05
2.564854588447258e-06
1.363433266466055e-05
1.295832102669331e-05
1.145566498012824e-05
-1.286430600960621e-05
1.081813457512332e-06
1.186462103330371e-05
1.08977706051307e-05
1.156806961779554e-05
2.703304014714753e-06
-1.023724878308381e-05
1.053564621272703e-05
1.069075906960672e-05
-3.934012836576101e-06
-9.130631521720371e-06
-9.433562629216966e-06
-9.471394926400238e-06
-3.779369911083636e-06
-8.395868004950526e-06
9.476115219184513e-06
-8.622766850311224e-06
-3.374268402771025e-06
8.213900287920462e-06
-8.292398720237021e-06
-8.211831658544765e-06
2.348775112453683e-06
-8.2871375396602e-06
-8.532715624878565e-06

-2.392112388520427e-05
-1.422424967323028e-05
-4.369191021888684e-06
4.376754339726832e-06
4.807394126774008e-06
-2.535152349155846e-06
3.407522139248577e-06
-2.692476199581269e-06
-2.054295234503126e-06
-1.378683479870073e-06
1.759413812684305e-06
-2.629949741099098e-07
1.838963777537436e-06
-8.872877175617311e-07
1.842035112776524e-06
1.329278236075724e-06
-1.040635409441e-06
-1.323463950957301e-06
9.725024788173477e-07
1.552407762422586e-07
-8.504099310147423e-07
-1.039096876608053e-06
8.072346673771407e-07
7.531123639070155e-07
8.625967884570128e-07
6.889719863715678e-07
-1.223034200506823e-08
7.998158144212758e-07
-6.985442868840653e-07
-6.488258437333292e-07
6.889550450295364e-07
5.97921171109619e-07
8.299946671353956e-08
-5.99765925692771e-07
-6.37965989075185e-07
-5.190358838168204e-07
1.072607807652982e-07
5.701801472144361e-07
5.419097195564863e-07
4.790694862341748e-07
-5.3797806425543e-07
4.524083221646525e-08
4.961717990741326e-07
4.557386562856038e-07
4.83770185155549e-07
1.130506581423742e-07
-4.281160040451973e-07
4.405948172391547e-07
4.470815499427866e-07
-1.645182110100017e-07
-3.818378906592564e-07
-3.945062997193322e-07
-3.960884251747042e-07
-1.580511305747443e-07
-3.511104923728104e-07
3.962858251730553e-07
-3.605992748615406e-07
-1.411100126388179e-07
3.435007044755698e-07
-3.467834649001911e-07
-3.434141955559783e-07
9.822445823564386e-08
-3.465634452789712e-07
-3.568333831060039e-07

0.0003136747561321277
0.0001865208369315566
5.729266462832673e-05
-5.739184148527321e-05
-6.303876806071501e-05
3.324314102873613e-05
-4.468241881833795e-05
3.530610933447639e-05
2.693772081106944e-05
1.807850694670358e-05
-2.307097698582934e-05
3.448620757288066e-06
-2.411410589341319e-05
1.163489473828984e-05
-2.415437993466249e-05
-1.74306620598126e-05
1.364572416606688e-05
1.735442005395688e-05
-1.275230542449075e-05
-2.035653210246137e-06
1.115132085783936e-05
1.362554957416723e-05
-1.058516893461834e-05
-9.875469824181715e-06
-1.131112562097351e-05
-9.034404940367356e-06
1.60374970853404e-07
-1.048788642805597e-05
9.159925339942286e-06
8.507973508353623e-06
-9.034182790619604e-06
-7.840466795548243e-06
-1.088361801286439e-06
7.86465683556268e-06
8.365569569574937e-06
6.806053723143793e-06
-1.406497429241528e-06
-7.476702160288566e-06
-7.10599551858121e-06
-6.281979265946866e-06
7.054440206074308e-06
-5.932374699770842e-07
-6.506239791306203e-06
-5.97604496161918e-06
-6.343618952901045e-06
-1.482419379359145e-06
5.613832519304651e-06
-5.777465662318658e-06
-5.862525390631743e-06
2.157307071586827e-06
5.006993308896787e-06
5.173112599186651e-06
5.193858815748236e-06
2.072505041041061e-06
4.604068713446967e-06
-5.196447297639422e-06
4.728493951483578e-06
1.850358244651708e-06
-4.50428250047274e-06
4.54732893427639e-06
4.503148119636958e-06
-1.28800524303045e-06
4.54444384402715e-06
4.679112275950798e-06

0.0002304323929389264
0.0001370223199248961
4.208845484076737e-05
-4.216131234690278e-05
-4.630966913393873e-05
2.442114446988767e-05
-3.282469019047036e-05
2.593664647938474e-05
1.978904373229418e-05
1.328086986616441e-05
-1.694844844971574e-05
2.533432856503165e-06
-1.77147539480719e-05
8.547250244794512e-06
-1.774434014688926e-05
-1.280494872612798e-05
1.002444988479437e-05
1.274893966735518e-05
-9.368124775764867e-06
-1.495435738007716e-06
8.192006208556112e-06
1.000962918469854e-05
-7.776098521105023e-06
-7.254737904453878e-06
-8.309402311531787e-06
-6.636873093833727e-06
1.178149901412369e-07
-7.704632646532071e-06
6.72908314731021e-06
6.250144955129293e-06
-6.636709897731018e-06
-5.759779804197049e-06
-7.995345795316215e-07
5.777550341024454e-06
6.14553188144453e-06
4.999877150566911e-06
-1.033244027281865e-06
-5.492550281480408e-06
-5.220221007743672e-06
-4.614880497539802e-06
5.182347338289751e-06
-4.358053273827698e-07
-4.77962722481181e-06
-4.390134411188023e-06
-4.660162370840907e-06
-1.089017966051702e-06
4.124045163637156e-06
-4.244253678896305e-06
-4.306740431032614e-06
1.584805347232052e-06
3.678247697791725e-06
3.800282591663309e-06
3.815523219840143e-06
1.52250790555776e-06
3.382250404772681e-06
-3.817424775718108e-06
3.473655928430752e-06
1.359313970199514e-06
-3.308945252259217e-06
3.340568111781068e-06
3.308111911081779e-06
-9.461970543282096e-07
3.338448660862219e-06
3.437379060630958e-06

0.0003399695470877463
0.0002021565434081663
6.209540571680234e-05
-6.220289639142322e-05
-6.832319467095206e-05
3.602985378445157e-05
-4.842806566828996e-05
3.826575701493872e-05
2.919586152434509e-05
1.959399568675038e-05
-2.500497551497156e-05
3.737712436249954e-06
-2.613554804377964e-05
1.261022704972104e-05
-2.617919818550819e-05
-1.8891843127529e-05
1.47896206938258e-05
1.880920989137369e-05
-1.382130826512357e-05
-2.206298359641336e-06
1.208611604012078e-05
1.476775490215321e-05
-1.147250461887913e-05
-1.070331270774484e-05
-1.225931694930148e-05
-9.791742866585512e-06
1.738189163756953e-07
-1.136706709465738e-05
9.927785415619805e-06
9.22118163391791e-06
-9.791502094417483e-06
-8.497719033265539e-06
-1.179597214686665e-06
8.523936880853221e-06
9.066840228937582e-06
7.376592972431181e-06
-1.524401580463594e-06
-8.103460662523432e-06
-7.701678349415356e-06
-6.808586295544842e-06
7.645801247734963e-06
-6.429675007021906e-07
-7.051646177617928e-06
-6.477006068420288e-06
-6.875393126654454e-06
-1.606687931185644e-06
6.084430008166217e-06
-6.261780223419231e-06
-6.353970355851984e-06
2.338150245496298e-06
5.426720557584118e-06
5.606765329369224e-06
5.629250663969205e-06
2.24623941316715e-06
4.990019517580302e-06
-5.63205613364756e-06
5.124875099661018e-06
2.005470450161335e-06
-4.881868405747129e-06
4.928523344715254e-06
4.88063893180182e-06
-1.395976407280559e-06
4.925396402539167e-06
5.0713538470357e-06

5.46618578656146e-06
3.250365315623148e-06
9.983983184546387e-07
-1.000126602627562e-06
-1.098531556107841e-06
5.793044592763232e-07
-7.786485774874251e-07
6.152543335140898e-07
4.694244077346522e-07
3.150412195494475e-07
-4.020414267093103e-07
6.009664915001778e-08
-4.202192886406156e-07
2.027529949473559e-07
-4.209211155812248e-07
-3.037516897299001e-07
2.377942822140015e-07
3.024230747867847e-07
-2.222253123458479e-07
-3.547387357973275e-08
1.943260985540443e-07
2.374427140218812e-07
-1.844601736241883e-07
-1.720927544591073e-07
-1.971109019379647e-07
-1.574361178536106e-07
2.794739994258218e-09
-1.82764900914455e-07
1.596234721519053e-07
1.482623735410411e-07
-1.574322466134499e-07
-1.366302111348033e-07
-1.896610324071773e-08
1.370517536721883e-07
1.457808018739979e-07
1.186042338293715e-07
-2.451002545240303e-08
-1.302911448244317e-07
-1.238311051264585e-07
-1.094715628308387e-07
1.22932687541797e-07
-1.033792539271689e-08
-1.133795907246997e-07
-1.04140264366978e-07
-1.105457135997101e-07
-2.583306301363565e-08
9.782824701508504e-08
-1.006797648452915e-07
-1.021620399402897e-07
3.759384847419603e-08
8.725329381240992e-08
9.014813595554338e-08
9.050966544575727e-08
3.611606409717628e-08
8.023181486486922e-08
-9.055477306828841e-08
8.240008455808516e-08
3.224487064728523e-08
-7.849291184759261e-08
7.92430512849563e-08
7.847314380741833e-08
-2.244514681115969e-08
7.919277487868431e-08
8.153954539126269e-08

-0.0002008410180000728
-0.0001194263613351981
-3.668359299861843e-05
3.674709438189043e-05
4.036273274554071e-05
-2.128506089575546e-05
2.860945073438055e-05
-2.260594708925617e-05
-1.724779939900016e-05
-1.157538395460786e-05
1.477198408066718e-05
-2.208097687332658e-06
1.543988313090616e-05
-7.449640297409793e-06
1.546566996674557e-05
1.116057905225222e-05
-8.737142786546653e-06
-1.111176249379079e-05
8.16510080340757e-06
1.303396767028321e-06
-7.140015539505558e-06
-8.724225312328746e-06
6.777517358254573e-06
6.323108168394252e-06
7.242336018543952e-06
5.784587537813172e-06
-1.026855740803373e-07
6.715228897772155e-06
-5.864956277527161e-06
-5.447521763006297e-06
5.784445298819542e-06
5.020127702436383e-06
6.968609613925534e-07
-5.035616204991353e-06
-5.356342758409746e-06
-4.357809264523038e-06
9.005582055332305e-07
4.787214921826484e-06
4.54985728355747e-06
4.022252623659442e-06
-4.516847226979814e-06
3.798406312805984e-07
4.165843114541692e-06
3.82636769533516e-06
4.061719546754727e-06
9.491698373334467e-07
-3.594448759479621e-06
3.6992204900031e-06
3.753682897611888e-06
-1.381289823060639e-06
-3.205899147507001e-06
-3.312262719069955e-06
-3.32554619557696e-06
-1.326992415282694e-06
-2.947912859654398e-06
3.327203559862391e-06
-3.027580384643037e-06
-1.184755311849753e-06
2.88402131529494e-06
-2.911583270528244e-06
-2.883294989068282e-06
8.246895204110477e-07
-2.909735992571756e-06
-2.995962073667483e-06

0.0002673562945450665
0.000158978428587599
4.883260198723991e-05
-4.891713399521421e-05
-5.373021294167453e-05
2.833432665757819e-05
-3.808443520889241e-05
3.009266886141751e-05
2.29599898581099e-05
1.540896273509445e-05
-1.966422479936997e-05
2.939383705367703e-06
-2.055332114522553e-05
9.916839923652717e-06
-2.058764816141844e-05
-1.485678119987549e-05
1.163074228353793e-05
1.479179739172504e-05
-1.086924930536572e-05
-1.735060563946142e-06
9.504672484959128e-06
1.161354675208787e-05
-9.022120805611358e-06
-8.417218687418962e-06
-9.64087984143169e-06
-7.70034878821905e-06
1.366933650444226e-07
-8.93920342073585e-06
7.80733434654896e-06
7.251652314420506e-06
-7.700159441982487e-06
-6.682712296677449e-06
-9.276499706398191e-07
6.703330339210687e-06
7.130276307411411e-06
5.801044771130013e-06
-1.198808426938888e-06
-6.372662593701861e-06
-6.056695968555305e-06
-5.354357231877374e-06
6.012753518464819e-06
-5.056376665886215e-07
-5.545502556452671e-06
-5.093598403247541e-06
-5.406894957591271e-06
-1.263519440055269e-06
4.784871690234935e-06
-4.924342112786222e-06
-4.996841583435147e-06
1.838750532453449e-06
4.267640770285995e-06
4.409230225720396e-06
4.426912973460106e-06
1.766470706890617e-06
3.924213622532973e-06
-4.429119229827024e-06
4.030265735236755e-06
1.577126989660772e-06
-3.839162238494402e-06
3.875852264738191e-06
3.838195364839906e-06
-1.097813268041171e-06
3.873393198387789e-06
3.98817595424378e-06

0.0001326628898140956
7.888551040254862e-05
2.423086431458193e-05
-2.427280931712592e-05
-2.666107162837521e-05
1.405956669816818e-05
-1.889759596028181e-05
1.493206068017505e-05
1.139280677816706e-05
7.645967449364843e-06
-9.757439570573059e-06
1.458529851672338e-06
-1.0198611493481e-05
4.920761803394075e-06
-1.021564464834031e-05
-7.371973533163664e-06
5.771204619075376e-06
7.339728398278043e-06
-5.393349819621151e-06
-8.609415716477382e-07
4.716243246626419e-06
5.762672151573414e-06
-4.476799846289049e-06
-4.176645839476204e-06
-4.783829691721567e-06
-3.820933128054933e-06
6.782760382000432e-08
-4.435656023916942e-06
3.874019640799201e-06
3.598288768906078e-06
-3.820839173962773e-06
-3.315979250018662e-06
-4.603023319516446e-07
3.326209976432154e-06
3.538061678043481e-06
2.878493527104012e-06
-5.948518643325752e-07
-3.162131779725635e-06
-3.005348317235297e-06
-2.656846006509425e-06
2.983543959029985e-06
-2.508987273429657e-07
-2.751692814498798e-06
-2.5274567964705e-06
-2.682915362869842e-06
-6.269616376122234e-07
2.374265797243945e-06
-2.443471384232535e-06
-2.479445810430989e-06
9.123928041328834e-07
2.117614467382335e-06
2.187871524008516e-06
2.196645749502125e-06
8.765273664002366e-07
1.947205022042879e-06
-2.197740499656373e-06
1.999828356630463e-06
7.825745206712715e-07
-1.905002303724455e-06
1.923207990324542e-06
1.904522538499442e-06
-5.447378033954953e-07
1.921987795194094e-06
1.978943297657889e-06

-0.0001562769584494704
-9.292717540477461e-05
-2.854397172404231e-05
2.859338296055881e-05
3.140675729989013e-05
-1.656217743926644e-05
2.226137861776552e-05
-1.758997583838754e-05
-1.342073276098462e-05
-9.006953934634509e-06
1.149426927517965e-05
-1.718148981577375e-06
1.201397004726718e-05
-5.796660158448864e-06
1.203403511321543e-05
8.684188947999291e-06
-6.798482271285633e-06
-8.646204161056316e-06
6.353369106055749e-06
1.0141896532511e-06
-5.555737184102833e-06
-6.788431019794725e-06
5.273672724498134e-06
4.920091136484746e-06
5.635354054263752e-06
4.501061363344274e-06
-7.990095526175432e-08
5.225205278711693e-06
-4.563597305056978e-06
-4.23878618365464e-06
4.500950685362064e-06
3.906225412402011e-06
5.422364046599497e-07
-3.918277213845361e-06
-4.167838636914087e-06
-3.390866985962587e-06
7.007358291092105e-07
3.72499300629221e-06
3.540301999734816e-06
3.129766082650217e-06
-3.51461645356723e-06
2.955588412324443e-07
3.241495675539834e-06
2.977345520804997e-06
3.160475799031814e-06
7.385611600046132e-07
-2.796886437976879e-06
2.878410658184291e-06
2.920788552375209e-06
-1.074799233913861e-06
-2.494551027759104e-06
-2.577313879787026e-06
-2.587649922325409e-06
-1.032549728191805e-06
-2.293808605774714e-06
2.588939538623755e-06
-2.355798923372715e-06
-9.218732233413981e-07
2.244093779976959e-06
-2.265540088980114e-06
-2.243528616270505e-06
6.417014372786232e-07
-2.264102698435972e-06
-2.331196312215516e-06

-0.0001108615920147533
-6.592177573075475e-05
-2.024885932737389e-05
2.028391125307073e-05
2.227969592461557e-05
-1.174907277672597e-05
1.579203932874675e-05
-1.247818452760281e-05
-9.520557698644853e-06
-6.389459215891171e-06
8.1539403091301e-06
-1.218840789493081e-06
8.522611772521638e-06
-4.112103152688778e-06
8.536845765676067e-06
6.16049238277841e-06
-4.822787539229426e-06
-6.133546286599725e-06
4.507027912126611e-06
7.194578182210571e-07
-3.941194371556332e-06
-4.815657263894567e-06
3.741100158349789e-06
3.490272281077071e-06
3.997673925951079e-06
3.193015998306102e-06
-5.668108204608233e-08
3.706717750007512e-06
-3.237378482238302e-06
-3.00696013790153e-06
3.192937484263135e-06
2.771044255557521e-06
3.846580562188136e-07
-2.779593704609597e-06
-2.956630530389204e-06
-2.405453216537884e-06
4.970962473776487e-07
2.642479473740727e-06
2.511461189140834e-06
2.220230378158831e-06
-2.493240073448031e-06
2.096670168024929e-07
2.299490434577118e-06
2.112104482254519e-06
2.242015598976066e-06
5.239292267433601e-07
-1.984088289630322e-06
2.041920902507434e-06
2.071983432925693e-06
-7.624537574206005e-07
-1.769614030392651e-06
-1.828325318521131e-06
-1.835657622291027e-06
-7.324823047339967e-07
-1.627209003401406e-06
1.836572465506784e-06
-1.671184426051384e-06
-6.539693003322297e-07
1.5919417139071e-06
-1.607155549541025e-06
-1.591540791414652e-06
4.552177342107386e-07
-1.606135876480533e-06
-1.653731535567777e-06

-0.000396190531151535
-0.0002355873018472959
-7.236416315446913e-05
7.248942963153313e-05
7.962184559922632e-05
-4.198813402686702e-05
5.643664623528507e-05
-4.459379002188576e-05
-3.402400004307659e-05
-2.283426743664039e-05
2.914006450157572e-05
-4.355820361249741e-06
3.045760054129329e-05
-1.469558845952236e-05
3.050846913521176e-05
2.201599945419729e-05
-1.723538984126685e-05
-2.191970110629272e-05
1.610694695944468e-05
2.571155347509665e-06
-1.40848048730054e-05
-1.720990808947281e-05
1.336972013384261e-05
1.247332645846738e-05
1.428664812864863e-05
1.141100972261724e-05
-2.02563463089516e-07
1.324684633798828e-05
-1.156954971604461e-05
-1.07460944095808e-05
1.141072913379983e-05
9.90299233036175e-06
1.374667969631332e-06
-9.933545840375775e-06
-1.056622946655175e-05
-8.596464927142721e-06
1.776492856568376e-06
9.443535197645641e-06
8.975309883346561e-06
7.93452661842972e-06
-8.910192349192068e-06
7.492954524854614e-07
8.21778147053332e-06
7.548112754514507e-06
8.01238133844385e-06
1.872386954373236e-06
-7.090616137061285e-06
7.297294872209548e-06
7.404730546517087e-06
-2.724811665076465e-06
-6.324140848902262e-06
-6.533959741140438e-06
-6.560163490076744e-06
-2.61770147891077e-06
-5.815222275238177e-06
6.563432902093203e-06
-5.972379012217498e-06
-2.337116396643479e-06
5.689186144032743e-06
-5.743556440458437e-06
-5.687753351186434e-06
1.626829929366551e-06
-5.739912393831466e-06
-5.910006915401548e-06

-0.0002772449231190318
-0.0001648585169327694
-5.063875906378424e-05
5.072641763223378e-05
5.571751651303748e-05
-2.938232005786679e-05
3.949305300437991e-05
-3.120569754726113e-05
-2.380920424505592e-05
-1.597888950437447e-05
2.03915396941425e-05
-3.048101825313558e-06
2.131352078485047e-05
-1.028363116303129e-05
2.134911744429002e-05
1.54062845932396e-05
-1.206092512504099e-05
-1.533889724810482e-05
1.12712670302191e-05
1.799234738335294e-06
-9.856219008599127e-06
-1.204309358753116e-05
9.35581933231667e-06
8.728543877521291e-06
9.997464226469087e-06
7.985159322364677e-06
-1.417492023035303e-07
9.269835106534196e-06
-8.096101924053229e-06
-7.519867044158661e-06
7.984962972836369e-06
6.929883809437317e-06
9.619606870636432e-07
-6.951264445440542e-06
-7.394001738498802e-06
-6.015606306624638e-06
1.243148401374678e-06
6.608366389357015e-06
6.280713199642829e-06
5.552397266835978e-06
-6.235145463084862e-06
5.243395381356684e-07
5.750612427270481e-06
5.281993828162057e-06
5.60687818994566e-06
1.310252861685822e-06
-4.961848331085613e-06
5.106477305103694e-06
5.181658292337771e-06
-1.906759857189314e-06
-4.425486743338963e-06
-4.572313126287946e-06
-4.590649900614612e-06
-1.831806638992684e-06
-4.069357356755051e-06
4.592937759134344e-06
-4.179331987735581e-06
-1.635459721422904e-06
3.981160202206604e-06
-4.019207271654288e-06
-3.980157567084239e-06
1.138417764260855e-06
-4.016657252539298e-06
-4.135685444400446e-06

-1.829979628132871e-05
-1.088163217256848e-05
-3.342456065135641e-06
3.348242046421736e-06
3.677683941009564e-06
-1.939406014298463e-06
2.606773882022594e-06
-2.059759657664252e-06
-1.571547577510057e-06
-1.054700729744336e-06
1.345961607029516e-06
-2.011926560109132e-07
1.406817784110424e-06
-6.787801673589199e-07
1.40916737309714e-06
1.016905436305506e-06
-7.960920267504957e-07
-1.012457475009014e-06
7.439699460113397e-07
1.187600797278939e-07
-6.505684502069512e-07
-7.949150403522756e-07
6.175391271342405e-07
5.761352561228959e-07
6.5989146568928e-07
5.27067501285505e-07
-9.356281427893177e-09
6.118636622902334e-07
-5.343903658083364e-07
-4.963554730693347e-07
5.270545410666373e-07
4.57413108017375e-07
6.349506568368786e-08
-4.588243558002614e-07
-4.880476222801323e-07
-3.97065413066136e-07
8.205510938378093e-08
4.361910664297024e-07
4.145640279396615e-07
3.664908908428547e-07
-4.115562891982789e-07
3.460949481847963e-08
3.795742577644992e-07
3.486426727925095e-07
3.700869523423845e-07
8.648439861748905e-08
-3.275111861970427e-07
3.370575495015543e-07
3.420199370400401e-07
-1.258573702688036e-07
-2.921081653637685e-07
-3.017995705889192e-07
-3.030099055928614e-07
-1.20910016830622e-07
-2.686015303246237e-07
3.031609177154981e-07
-2.758605030770945e-07
-1.079499649317378e-07
2.627799991560183e-07
-2.652913296154719e-07
-2.627138193406357e-07
7.514227108115378e-08
-2.651230133480958e-07
-2.729795743925113e-07

-0.0002795974014118264
-0.0001662573742251593
-5.106843900212489e-05
5.115684137098693e-05
5.619029071809061e-05
-2.96316348851732e-05
3.982815941087912e-05
-3.147048409507173e-05
-2.401123007667572e-05
-1.611447355864419e-05
2.056456596257946e-05
-3.073965575306508e-06
2.149437024614014e-05
-1.03708898179814e-05
2.153026895031011e-05
1.553700998099785e-05
-1.216326447260609e-05
-1.54690508408405e-05
1.136690597185591e-05
1.814501602802837e-06
-9.939850986440882e-06
-1.214528163095462e-05
9.43520531942145e-06
8.80260730768245e-06
1.008229469807324e-05
8.05291498677666e-06
-1.429519724669046e-07
9.348491500385726e-06
-8.16479895849293e-06
-7.583674611081233e-06
8.05271697117989e-06
6.988685251316735e-06
9.701231147444857e-07
-7.01024730626857e-06
-7.456741313283074e-06
-6.066649922125901e-06
1.253696762715326e-06
6.664439692004979e-06
6.334006299836789e-06
5.599510461539886e-06
-6.288051911975148e-06
5.287886633627509e-07
5.79940751701744e-06
5.32681259592863e-06
5.654453666114374e-06
1.32137061771421e-06
-5.003950600658819e-06
5.149806780276737e-06
5.225625693131271e-06
-1.922939093666812e-06
-4.463037878205008e-06
-4.611110112204722e-06
-4.629602477704615e-06
-1.847349882512312e-06
-4.103886662972148e-06
4.631909749160698e-06
-4.21479445056145e-06
-1.649336922311642e-06
4.014941138034185e-06
-4.053311044428743e-06
-4.01392999535038e-06
1.148077465324195e-06
-4.050739387895675e-06
-4.170777557630338e-06

0.0002033722779474836
0.0001209315278003525
3.714592738931748e-05
-3.721022909970851e-05
-4.087143644456686e-05
2.155332294033382e-05
-2.897002427399764e-05
2.289085666106686e-05
1.74651786188198e-05
1.172127201110463e-05
-1.495815985303386e-05
2.235927008711503e-06
-1.563447663651948e-05
7.543530361780158e-06
-1.56605884716265e-05
-1.13012391974074e-05
8.847259633248318e-06
1.125180738913107e-05
-8.268008032400885e-06
-1.319823869742909e-06
7.230003309629883e-06
8.834179356206069e-06
-6.862936454429837e-06
-6.402800208445852e-06
-7.333613364541899e-06
-5.857492439874685e-06
1.039797513527738e-07
-6.799862953683335e-06
5.9388740910592e-06
5.516178523406005e-06
-5.857348408196546e-06
-5.083397886537983e-06
-7.056437103452281e-07
5.099081595365001e-06
5.42385036230624e-06
4.412732049520541e-06
-9.119082123130107e-07
-4.847549635879369e-06
-4.607200507683544e-06
-4.07294628706774e-06
4.573774415402493e-06
-3.846278773618002e-07
-4.21834649222874e-06
-3.874592561887842e-06
-4.11291062370229e-06
-9.611325111766014e-07
3.639750681708927e-06
-3.745842881965111e-06
-3.800991695727088e-06
1.398698635461564e-06
3.246304061744544e-06
3.354008165491928e-06
3.367459057658937e-06
1.3437169010709e-06
2.985066294867342e-06
-3.369137310208663e-06
3.065737893710004e-06
1.199687140508647e-06
-2.920369506097275e-06
2.94827883296745e-06
2.919634025760443e-06
-8.35083331261822e-07
2.946408273210154e-06
3.033721087622426e-06

-3.464901170377924e-05
-2.060338785791369e-05
-6.328638720329581e-06
6.339593953432693e-06
6.963362430731213e-06
-3.672090150890274e-06
4.935690942051301e-06
-3.899968906101694e-06
-2.975583420113731e-06
-1.996980587492528e-06
2.548456756463552e-06
-3.809401255442792e-07
2.663682432172268e-06
-1.285208949961883e-06
2.668131166732917e-06
1.92541861245819e-06
-1.507328361921195e-06
-1.91699679941257e-06
1.408639908901892e-06
2.248614863892138e-07
-1.231792611175086e-06
-1.505099844459936e-06
1.169254570637547e-06
1.090860079838773e-06
1.249444899089456e-06
9.9795471709277e-07
-1.771527396909367e-08
1.158508590472229e-06
-1.011819899770496e-06
-9.398042650973211e-07
9.979301780827071e-07
8.66070413545616e-07
1.202221729786452e-07
-8.687424837795641e-07
-9.24074099869035e-07
-7.518075028317529e-07
1.553639396681715e-07
8.258883942464921e-07
7.849395498881777e-07
6.939174060171546e-07
-7.792446681947709e-07
6.552995304376992e-08
7.186895797944517e-07
6.601234169131723e-07
7.007262237268541e-07
1.637503988480308e-07
-6.201128553120651e-07
6.381880321517988e-07
6.475838648250777e-07
-2.382995651097176e-07
-5.530804324190615e-07
-5.714302330358952e-07
-5.737218930654818e-07
-2.289321981430996e-07
-5.085727417281258e-07
5.740078208834684e-07
-5.223169511189364e-07
-2.043935102254509e-07
4.975501981735309e-07
-5.023051756136136e-07
-4.974248926662306e-07
1.42275104603428e-07
-5.019864839621682e-07
-5.168621728169214e-07

-0.0001067438360551103
-6.34732290344912e-05
-1.949675158963942e-05
1.95305015741883e-05
2.145215638637965e-05
-1.131267443924253e-05
1.520547221491446e-05
-1.201470463550912e-05
-9.166933576081689e-06
-6.152134157804509e-06
7.851076750262861e-06
-1.173569123864965e-06
8.206054570178506e-06
-3.95936642074615e-06
8.219759867046337e-06
5.931671889026136e-06
-4.643653704232312e-06
-5.905726657492501e-06
4.339622404885564e-06
6.92734841716602e-07
-3.79480574122628e-06
-4.636788270247207e-06
3.602143670429338e-06
3.360632346959662e-06
3.849187463399689e-06
3.074417118237247e-06
-5.457576442327734e-08
3.569038335268824e-06
-3.11713183687076e-06
-2.895271970672096e-06
3.074341520445439e-06
2.668118762693655e-06
3.703706192929369e-07
-2.67635065772355e-06
-2.846811766605889e-06
-2.316106950288752e-06
4.786324945308415e-07
2.544329290223694e-06
2.418177445959372e-06
2.13776388363408e-06
-2.400633121086913e-06
2.018793096958756e-07
2.214079966722401e-06
2.033654131137371e-06
2.158739931308479e-06
5.044688107733787e-07
-1.910392871490928e-06
1.966077395190458e-06
1.995023306566992e-06
-7.341337734959093e-07
-1.703884875801528e-06
-1.760415437926096e-06
-1.767475396355042e-06
-7.052755569234924e-07
-1.566769229360067e-06
1.768356259357748e-06
-1.609111263429184e-06
-6.296787779359335e-07
1.532811880389309e-06
-1.547460625250628e-06
-1.532425849440916e-06
4.383094839882646e-07
-1.546478826129031e-06
-1.592306629413363e-06

0.0001276841592293596
7.592500122115785e-05
2.33214996427556e-05
-2.336187048341503e-05
-2.566050324846948e-05
1.353192257080691e-05
-1.818838452128426e-05
1.437167256179651e-05
1.096524398625063e-05
7.359020496505765e-06
-9.39125078269598e-06
1.403792410090294e-06
-9.815865881383992e-06
4.736089606636113e-06
-9.832259795766077e-06
-7.095309349601652e-06
5.554615993663024e-06
7.064274348456883e-06
-5.1909417781674e-06
-8.286311332090246e-07
4.53924646531087e-06
5.546403742744462e-06
-4.308789181458079e-06
-4.019899710914958e-06
-4.604296445981478e-06
-3.677536608851509e-06
6.52820888979981e-08
-4.269189453343604e-06
3.728630827852663e-06
3.463247911802388e-06
-3.677446180775454e-06
-3.191533240034287e-06
-4.430275590174781e-07
3.201380015589756e-06
3.405281094780073e-06
2.770466001236411e-06
-5.725275566494099e-07
-3.04345954043699e-06
-2.892560034050402e-06
-2.557136732199211e-06
2.871573975712142e-06
-2.414827017368045e-07
-2.648424016458971e-06
-2.432603394198874e-06
-2.582227726772855e-06
-6.034322761987249e-07
2.285161528841093e-06
-2.35176988631791e-06
-2.386394221495943e-06
8.781514426966958e-07
2.03814211509093e-06
2.105762481401951e-06
2.114207417331974e-06
8.436320057335625e-07
1.874127997929311e-06
-2.115261082404274e-06
1.924776421479966e-06
7.532051340530847e-07
-1.833509113377388e-06
1.851031555334112e-06
1.833047353350792e-06
-5.242942357469891e-07
1.849857153138482e-06
1.904675161820718e-06

8.250025437427425e-05
4.90572358538984e-05
1.506866368177453e-05
-1.509474839460718e-05
-1.6579958376611e-05
8.743348125584919e-06
-1.175201652828127e-05
9.285933739069195e-06
7.084946352015254e-06
4.754865964361656e-06
-6.067945962464388e-06
9.070289660067875e-07
-6.342301480519553e-06
3.060118025963417e-06
-6.35289404042635e-06
-4.584474924217343e-06
3.588990483977985e-06
4.564422354624055e-06
-3.354010550141817e-06
-5.354014130244212e-07
2.93293224716429e-06
3.583684322322044e-06
-2.784027444447342e-06
-2.597367995463143e-06
-2.974962832519889e-06
-2.376157759369749e-06
4.218055687318594e-08
-2.758440968705507e-06
2.409171142465739e-06
2.237699926204874e-06
-2.376099331293423e-06
-2.062137588061139e-06
-2.862523161397572e-07
2.068499861135912e-06
2.20024596810789e-06
1.790074440065269e-06
-3.699258337524618e-07
-1.966463089700865e-06
-1.868962759693403e-06
-1.65223651978328e-06
1.855403089005887e-06
-1.56028629083811e-07
-1.711219750105566e-06
-1.571772097842826e-06
-1.668448502907727e-06
-3.89894224816921e-07
1.476505844998127e-06
-1.519543340554386e-06
-1.541915077790116e-06
5.673978498107151e-07
1.316899793685142e-06
1.360591176041048e-06
1.366047681894262e-06
5.450938902005492e-07
1.210925752203492e-06
-1.366728483939204e-06
1.243651094578236e-06
4.866665961583489e-07
-1.18468077139977e-06
1.196002504083118e-06
1.184382415519272e-06
-3.387609557618134e-07
1.195243690457882e-06
1.230663116703308e-06

2.369695926050103e-05
1.409095436470995e-05
4.328247374329642e-06
-4.335739816416386e-06
-4.762344082118164e-06
2.511395460578059e-06
-3.375590281644568e-06
2.667245030692256e-06
2.035044453376923e-06
1.365763850079113e-06
-1.742926362571617e-06
2.605304507069943e-07
-1.821730865459666e-06
8.789729527964317e-07
-1.824773419235077e-06
-1.316821582356271e-06
1.030883624907594e-06
1.311061782847235e-06
-9.633891673283787e-07
-1.5378601640306e-07
8.424407476310356e-07
1.02935950964822e-06
-7.996700789793711e-07
-7.460549551026321e-07
-8.545134021538747e-07
-6.825156364358486e-07
1.211573158645978e-08
-7.923207480226906e-07
6.919982350046231e-07
6.427457029156644e-07
-6.824988538463297e-07
-5.923180574954363e-07
-8.222167949948708e-08
5.941455249018312e-07
6.319876158550922e-07
5.141720034841711e-07
-1.062556410077619e-07
-5.648369944718509e-07
-5.3683148872523e-07
-4.745801306314379e-07
5.329366769297932e-07
-4.481688080738144e-08
-4.915221778591707e-07
-4.514679336672827e-07
-4.792367793479392e-07
-1.119912614995922e-07
4.241041330377891e-07
-4.36466007394044e-07
-4.428919529838542e-07
1.629765124171374e-07
3.7825969141339e-07
3.908093849334683e-07
3.92376684305039e-07
1.565700349312982e-07
3.478202392846773e-07
-3.925722344708395e-07
3.572201024839464e-07
1.39787672051404e-07
-3.402817626382898e-07
3.435337603461432e-07
3.40196064391418e-07
-9.730399777122847e-08
3.433158025276957e-07
3.534895008650194e-07

1.971893592288289e-05
1.172549706295809e-05
3.601661786846472e-06
-3.607896468026208e-06
-3.962886409432636e-06
2.089805937551218e-06
-2.808927834746757e-06
2.219492943061872e-06
1.693420271153044e-06
1.136492220348731e-06
-1.450340226532301e-06
2.167950413801872e-07
-1.515915768351511e-06
7.314192147452612e-07
-1.518447566718273e-06
-1.09576592165267e-06
8.578285475413118e-07
1.090973023277057e-06
-8.01664426670294e-07
-1.279698618693202e-07
7.010196936587139e-07
8.565602864584025e-07
-6.654289638403934e-07
-6.208142442652505e-07
-7.110657041364193e-07
-5.679413106693835e-07
1.008185616510491e-08
-6.593133696569751e-07
5.75832059497129e-07
5.348475807016926e-07
-5.679273453821924e-07
-4.928852555855057e-07
-6.841907485689628e-08
4.944059448983351e-07
5.258954604323936e-07
4.278576284267467e-07
-8.841844024974795e-08
-4.700174557596224e-07
-4.467132517390394e-07
-3.949120679722034e-07
4.43472264431101e-07
-3.729344306103831e-08
-4.090100431609081e-07
-3.756797299338923e-07
-3.987870021637428e-07
-9.319121855113594e-08
3.529095075898927e-07
-3.631961863850224e-07
-3.685434044770283e-07
1.356175435821501e-07
3.147610009874406e-07
3.252039696262455e-07
3.26508165473829e-07
1.302865254694858e-07
2.894314386803657e-07
-3.266708885103232e-07
2.97253340980657e-07
1.163214283188114e-07
-2.831584508156997e-07
2.85864533638416e-07
2.830871387832011e-07
-8.096951494915696e-08
2.856831645336515e-07
2.941489977836058e-07

-0.0002120523129485289
-0.0001260929485438002
-3.873133496373507e-05
3.879838110469498e-05
4.261585069051827e-05
-2.247323001615293e-05
3.020648003491086e-05
-2.386785037440763e-05
-1.821060156063244e-05
-1.222154202007623e-05
1.559658192504211e-05
-2.33135754079393e-06
1.630176426193772e-05
-7.86549217601085e-06
1.632899056380159e-05
1.178358198659318e-05
-9.224865293442169e-06
-1.17320404029348e-05
8.620890931852675e-06
1.376154641567707e-06
-7.538583625582041e-06
-9.211226743348581e-06
7.155850165364162e-06
6.676075064169187e-06
7.646615811734919e-06
6.107493275335135e-06
-1.084176614271146e-07
7.090084654673948e-06
-6.192348337879062e-06
-5.751611902717031e-06
6.107343096307698e-06
5.300359962316995e-06
7.35760952310874e-07
-5.316713060025842e-06
-5.655343127498632e-06
-4.601069757229302e-06
9.508289309109001e-07
5.054445585186698e-06
4.803838230716932e-06
4.246781761037481e-06
-4.768985495365308e-06
4.01043995977242e-07
4.398387722864464e-06
4.039962195308199e-06
4.288451796424166e-06
1.002154148549676e-06
-3.795097141074918e-06
3.90571741182694e-06
3.963220005752109e-06
-1.458395823466761e-06
-3.384858013956556e-06
-3.49715898508298e-06
-3.511183968349417e-06
-1.4010674399469e-06
-3.112470482800308e-06
3.512933849595705e-06
-3.19658518759937e-06
-1.250890414008191e-06
3.045012401307973e-06
-3.074112912819433e-06
-3.044245530285923e-06
8.707251238273307e-07
-3.072162516596488e-06
-3.163201887512445e-06

-0.0001729624091262659
-0.0001028488671060061
-3.159156771674471e-05
3.164625451500927e-05
3.476000850876518e-05
-1.833049567059739e-05
2.463819180002215e-05
-1.946803052520798e-05
-1.485364377199704e-05
-9.968612563747211e-06
1.272149474051794e-05
-1.901593107774271e-06
1.329668316533465e-05
-6.415560654867215e-06
1.331889054754543e-05
9.611386455534964e-06
-7.524345775029111e-06
-9.569346091267806e-06
7.031708561225438e-06
1.122473123854348e-06
-6.148914704821555e-06
-7.513221366865184e-06
5.836734656357051e-06
5.445401705598627e-06
6.237032145840904e-06
4.981632767574829e-06
-8.843185745777273e-08
5.783092415876072e-06
-5.05084557568206e-06
-4.691354870035462e-06
4.981510272679893e-06
4.323287096337607e-06
6.001301522403965e-07
-4.336625650097515e-06
-4.612832362761831e-06
-3.752904642739422e-06
7.75552316645864e-07
4.122704784757237e-06
3.918294603271013e-06
3.463926397259753e-06
-3.889866650814119e-06
3.271152044763671e-07
3.587585187070906e-06
3.295232126277817e-06
3.497914942862596e-06
8.174161999875311e-07
-3.095505704518694e-06
3.185734140424091e-06
3.232636657253025e-06
-1.189553896296744e-06
-2.760890407200102e-06
-2.852489721743535e-06
-2.863929327660447e-06
-1.142793475780395e-06
-2.53871502533468e-06
2.865356634306693e-06
-2.607323953870729e-06
-1.02030021060077e-06
2.483692223989964e-06
-2.507428322446675e-06
-2.483066718626444e-06
7.102149135268437e-07
-2.505837463922091e-06
-2.580094559730052e-06

