-0.7733727641367063
-0.4588183773398942
-0.1417045733166083
0.1408130297841846
0.1558336977610614
-0.08134798920026939
0.1106599906393973
-0.0864124184327988
-0.06686571775408516
-0.04403008228574209
0.05731619710039076
-0.008392881823986894
0.05895499073094487
-0.02908932980352127
0.05906599879770141
0.04335300134364885
-0.03322287227590667
-0.04312551812874656
0.0310435552330122
0.005096636104734437
-0.02782047947531392
-0.03322418120638401
0.02640671381928467
0.02400637834483699
0.0281695415241
0.02195919543657211
-0.0003915970101119424
0.0261200112057228
-0.02229012213123551
-0.02122132085889485
0.02199852536969449
0.01955488822995097
0.002737324027472364
-0.01913595151148781
-0.02083532608151922
-0.01654419566562833
0.003521687253691637
0.01862490862189244
0.01729790690022375
0.01567418276416122
-0.01718660571580573
0.001512122860401675
0.01620841217296086
0.01453990006268869
0.0158001133083917
0.003591228325439054
-0.01366965975749596
0.01439470608545898
0.01428259178242843
-0.005357976525301372
-0.0124824978828619
-0.01259445469594094
-0.01293710006283439
-0.005015100877096483
-0.0112312813570276
0.01293655907205937
-0.01151654146043073
-0.004610531509497608
0.01121390365616462
-0.01107681890459636
-0.01121058127489782
0.003208511546525478
-0.01107751280470058
-0.01164042245789548

-0.4592933237293329
-0.2724846636559846
-0.08415600792304599
0.08362653492992829
0.09254706179577743
-0.04831122851891385
0.06571914251644284
-0.05131890947539959
-0.03971044646902212
-0.02614873935943076
0.03403914372280946
-0.004984394030104792
0.0350123962193734
-0.01727567298729992
0.03507832207858718
0.02574663215997748
-0.01973051565691241
-0.0256115336322142
0.01843625522456034
0.003026808086517999
-0.01652212371381769
-0.01973129300914774
0.01568251161828699
0.01425699198629409
0.01672942590497222
0.01304120383621865
-0.0002325630028328088
0.01551224366677474
-0.01323773573978335
-0.01260299229970206
0.01306456123453422
0.01161332545803476
0.001625651573217035
-0.01136452585351866
-0.01237375637043616
-0.009825324821433125
0.002091471951029229
0.01106102591376196
0.01027294148720236
0.009308638514737866
-0.01020684155027558
0.000898024816294166
0.009625908545668926
0.00863500673436563
0.009383426587056473
0.002132771246093193
-0.008118185376335298
0.008548778427021288
0.008482195592368616
-0.003182013850094502
-0.007413149527539037
-0.00747963883149841
-0.007683130261143602
-0.002978385660181016
-0.006670072678293673
0.007682808975646181
-0.006839483946827483
-0.002738118588286768
0.006659752348503154
-0.006578339976476793
-0.006657779241081603
0.001905482066043453
-0.006578752072303822
-0.006913054827144891

-0.1392937167842335
-0.08263869646337133
-0.02552269438218241
0.02536211669175189
0.02806751927139264
-0.01465174918757419
0.01993119244726702
-0.01556391367524555
-0.01204331828496689
-0.007930346265477331
0.01032333500256985
-0.001511658747251587
0.01061850140410543
-0.005239337425606654
0.01063849528924893
0.007808395861540592
-0.005983838035360903
-0.007767423404305817
0.005591316879939929
0.0009179653319148818
-0.005010802252857204
-0.005984073789460354
0.004756166090296769
0.0043238368627054
0.005073672517269623
0.0039551146507815
-7.053132143971924e-05
0.004704527508613632
-0.004014718520242734
-0.00382221458342582
0.003962198443764668
0.003522070066553615
0.0004930249105098281
-0.003446614535505843
-0.003752692291331688
-0.00297980820160157
0.0006342981414205832
0.003354569577594519
0.003115560640948656
0.002823108436217631
-0.003095513961801078
0.0002723514755457152
0.002919329564523088
0.002618810508110561
0.002845790038639722
0.0006468233230710476
-0.002462069784578796
0.002592659330195811
0.00257246619863364
-0.0009650358782479633
-0.002248247682730973
-0.002268412448460811
-0.002330126991447254
-0.0009032798588373075
-0.002022888569414055
0.002330029552512645
-0.002074267337707868
-0.0008304120601225957
0.002019758636929742
-0.00199506802788574
-0.002019160236182246
0.0005778914378504349
-0.001995193007624419
-0.002096579792160156

0.1380417834367642
0.08189596274737306
0.0252933034738805
-0.02513416901129071
-0.02781525618181376
0.01452006332384916
-0.0197520564097198
0.01542402952974744
0.01193507627575247
0.007859070509645414
-0.01023055172673464
0.001498072377103757
-0.01052306525440879
0.005192247711924942
-0.01054287944004893
-0.00773821616215946
0.005930056956395485
0.007697611954023404
-0.00554106367240398
-0.0009097149137531281
0.004965766550010616
0.005930290591600314
-0.004713418986754758
-0.004284975414518428
-0.005028071753895892
-0.003919567175715845
6.989740545710558e-05
-0.004662244518341217
0.003978635342109855
0.003787861577357946
-0.003926587301531335
-0.003490414676273164
-0.000488593739163338
0.00341563731864216
0.003718964132372957
0.002953026510778717
-0.0006285972454021967
-0.003324419635316992
-0.003087558844795717
-0.002797735119485134
0.003067692339649862
-0.0002699036559145685
-0.002893091438940631
-0.002595273364572559
-0.002820212865949726
-0.0006410098541884022
0.002439941383255088
-0.002569357226204112
-0.002549345584914978
0.0009563624030521464
0.002228041055236797
0.002248024585638266
0.002309184455402378
0.0008951614296403258
0.002004707407215282
-0.002309087892223689
0.002055624397369552
0.000822948546518141
-0.002001605605695117
0.001977136909008326
0.002001012583211031
-0.0005726975096607281
0.001977260765464488
0.002077736313661262

0.1506885438871945
0.08939889843057595
0.02761056091630377
-0.02743684727790539
-0.03036356346268868
0.01585032549526962
-0.02156164999506289
0.01683710897414971
0.01302851368911127
0.008579082810445168
-0.01116782835227937
0.001635318955776793
-0.0114871406391459
0.00566793783543291
-0.01150877011036468
-0.008447156337226409
0.006473341807675472
0.008402832156187331
-0.006048710727960514
-0.0009930588572025741
0.00542070749938867
0.006473596847472576
-0.005145240999943566
-0.004677545375974708
-0.005488720822717767
-0.004278660096035387
7.630108788509287e-05
-0.005089378159449357
0.004343139819221355
0.004134888229689165
-0.004286323373855958
-0.003810190596173548
-0.0005333564756546737
0.003728562477088871
0.004059678714108787
0.003223569370742979
-0.0006861864664663139
-0.003628987844432731
-0.003370426945412776
-0.003054050888370252
0.003348740361409786
-0.0002946310014766125
-0.003158143320178642
-0.002833040508170023
-0.003078587943747063
-0.0006997362620224685
0.002663477717100453
-0.002804750051060351
-0.002782905034199747
0.001043979977340713
0.002432164044650602
0.002453978375231976
0.002520741434138025
0.0009771720490578753
0.00218836958341374
-0.002520636024280386
0.00224395135665956
0.0008983433499733687
-0.002184983608942567
0.002158273201537855
0.00218433625643488
-0.0006251654511409614
0.002158408405158603
0.002268089066168012

-0.07757425576288694
-0.04602243032467195
-0.01421387889898947
0.01412445135614891
0.01563112083485598
-0.008159725830359644
0.0110999078512573
-0.008667720612166797
-0.006707060981934174
-0.00441650006683233
0.005749182721975196
-0.0008418599560184987
0.00591356424939888
-0.002917846625573203
0.00592469907152609
0.00434858449932356
-0.003332467486082009
-0.004325766471705554
0.003113867988518289
0.0005112253379654628
-0.002790572787592547
-0.003332598780222834
0.002648763011409762
0.002407993945514587
0.002825585953181785
0.002202648350367244
-3.927969541610186e-05
0.002620004897724824
-0.002235842423446321
-0.00212863479072001
0.002206593395280757
0.001961480894224677
0.0002745711823071125
-0.001919458850449915
-0.00208991703522732
-0.001659489091769609
0.0003532478520098684
0.001868197966100672
0.001735091169834579
0.001572221209495287
-0.001723926946126755
0.0001516756355502109
0.001625807850654534
0.001458445368827888
0.001584852851956445
0.0003602232681826687
-0.00137115467649552
0.001443881480299194
0.001432635695573848
-0.0005374394607875379
-0.001252074715105403
-0.001263304702575315
-0.001297674233752905
-0.0005030468309171979
-0.001126569660760199
0.001297619968902182
-0.001155183081411171
-0.0004624659247218566
0.0011248265657469
-0.001111076084640403
-0.001124493309562673
0.0003218343169954826
-0.001111145687279577
-0.001167609141167153

0.1089480628725723
0.06463554929725931
0.01996248055133681
-0.01983688530759787
-0.0219529058801268
0.01145981117119473
-0.01558910809475582
0.01217325723501022
0.009419636635418269
0.006202690856984688
-0.008074358103726864
0.001182338270811334
-0.008305221407652627
0.004097928294501132
-0.00832085955060367
-0.006107307801790285
0.00468023667934787
0.006075261346644172
-0.004373227716508716
-0.0007179831725739666
0.003919180358523904
0.004680421073536225
-0.00372001763037869
-0.003381872931843242
-0.003968354102161437
-0.003093478224211984
5.516581092172488e-05
-0.003679628705637288
0.003140097169185578
0.002989530930476939
-0.003099018786569206
-0.002754774012145277
-0.0003856176013395119
0.002695756748982123
0.002935154328111136
0.002330645909889062
-0.0004961139338292908
-0.002623764127251646
-0.002436824175772367
-0.002208083770796377
0.002421144740186636
-0.0002130186943548683
-0.002283342768678314
-0.002048292905635483
-0.002225824101832249
-0.0005059104581043948
0.001925698731282593
-0.002027838859028143
-0.002012044876227334
0.0007547992254420268
0.001758458569029257
0.00177423036559994
0.001822500166021727
0.0007064969843877844
0.001582194776138181
-0.001822423954522683
0.001622380488800576
0.0006495037064484675
-0.001579746711075923
0.001560435042981018
0.001579278674157809
-0.0004519956402768069
0.001560532795419061
0.001639832092122951

-0.08151918296572316
-0.04836283482539212
-0.01493670526677393
0.01484273001486199
0.01642601900287807
-0.008574676951439389
0.01166437770018178
-0.009108505077233407
-0.007048138921492949
-0.004641094825538036
0.006041549140329923
-0.0008846715332459165
0.00621429005390337
-0.003066229519018587
0.006225991121394596
0.004569725509525316
-0.003501935327044563
-0.004545747103930774
0.00327221926643946
0.0005372229672392368
-0.002932483353062172
-0.003502073297958223
0.002783462044674683
0.00253044901422702
0.002969277062827354
0.002314660864186014
-4.127720783103641e-05
0.002753241478480373
-0.002349542974108519
-0.002236883451414287
0.002318806528684979
0.002061229183928075
0.0002885341048713118
-0.002017070169558088
-0.002196196760154876
-0.001743880022710937
0.0003712117634524307
0.001963202486661596
0.001823326735717281
0.00165217425779949
-0.001811594771470562
0.0001593888818431212
0.001708485970521907
0.001532612510396612
0.001665448264270331
0.0003785419043817747
-0.001440882775455203
0.001517307996264712
0.00150549032333174
-0.0005647701715738485
-0.001315747173899495
-0.001327548246230636
-0.001363665590482359
-0.0005286285539780665
-0.00118385974052839
0.001363608566070877
-0.001213928255532447
-0.0004859839641649292
0.001182028002924394
-0.001167578260878863
-0.001181677799476956
0.0003382007382961711
-0.001167651403059874
-0.001226986224685271

-0.06617937187747393
-0.03926219467023696
-0.01212600196066684
0.01204971043126957
0.01333506520195345
-0.00696114354994211
0.009469442178588937
-0.007394518968714049
-0.005721860668373367
-0.003767760289097528
0.004904685164007378
-0.0007181991312733025
0.005044920685781724
-0.002489244079962748
0.005054419913676621
0.003709820840574741
-0.002842961274486955
-0.003690354553460879
0.002656471861223164
0.0004361314384737963
-0.002380665498431349
-0.002843073282826508
0.002259686162934011
0.002054283669647806
0.002410535579468511
0.001879101292828139
-3.350990021897945e-05
0.002235152329107803
-0.001907419487889512
-0.001815959586346168
0.001882466850020841
0.001673358928845393
0.0002342394161830851
-0.001637509503870333
-0.001782929082686013
-0.001415726707923754
0.0003013592683963312
0.001593778331784518
0.001480223595321296
0.001341277606514972
-0.001470699284644011
0.0001293959985966228
0.001386992904948162
0.001244214301218321
0.001352053786778199
0.0003073100655562576
-0.001169745740322323
0.001231789702549919
0.001222195811354173
-0.0004584949683022593
-0.001068157436695915
-0.001077737851095962
-0.001107058841193176
-0.0004291542724793952
-0.0009610878221404975
0.001107012547307531
-0.0009854982168948834
-0.0003945342963567746
0.000959600770385601
-0.0009478700977075644
-0.0009593164662090855
0.000274560068129622
-0.0009479294764134887
-0.0009960990125002431

-0.04627512751025141
-0.02745361603101092
-0.008478960603586761
0.008425614671910286
0.009324383490985711
-0.004867495659934357
0.0066213932201793
-0.005170528194008215
-0.004000942053593431
-0.002634560934317391
0.003429541939175323
-0.0005021920794134854
0.003527599936213736
-0.001740573896918574
0.003534242156737543
0.002594047473820881
-0.001987906378548826
-0.002580435907365001
0.001857505905814837
0.00030495964760696
-0.001664651633489872
-0.001987984699029807
0.001580058292432067
0.001436433076627096
0.001685537927353947
0.001313938912737123
-2.343139352183658e-05
0.001562903305063697
-0.001333740069051256
-0.001269787836113535
0.001316292238007614
0.001170076046447333
0.0001637890863012056
-0.001145008768459703
-0.00124669165485263
-0.0009899298236032152
0.0002107218333418311
0.001114430273877099
0.001035028494136028
0.0009378721874700791
-0.001028368734779655
9.047859120605088e-05
0.0009698380584682155
0.0008700018420480532
0.0009454073015336859
0.0002148828564757364
-0.0008179305991027847
0.0008613140912980016
0.00085460567860369
-0.0003205970760839997
-0.0007468962031804194
-0.000753595192387722
-0.0007740975410349096
-0.0003000809484460469
-0.0006720290667074489
0.0007740651705936724
-0.0006890977407941307
-0.0002758733477386989
0.0006709892637053982
-0.0006627867323337754
-0.0006707904674389163
0.00019198281581529
-0.0006628282521778966
-0.0006965102192510406

0.05775704975069753
0.03426548887603124
0.01058278552138403
-0.01051620323850748
-0.01163797724952649
0.006075233156944563
-0.008264312995182814
0.006453455024462488
0.004993667693033709
0.003288256027407079
-0.004280490083126476
0.0006267974714638654
-0.0044028785219736
0.002172450267951135
-0.004411168830003948
-0.003237690246621586
0.002481151620384993
0.003220701337821112
-0.002318395794599848
-0.0003806271421917895
0.002077689946759222
0.002481249373976012
-0.001972107054373044
-0.001792845122941862
-0.002103758609963001
-0.001639957342862153
2.924526055750129e-05
-0.001950695520527007
0.001664671620961444
0.001584851369820004
-0.001642894582196842
-0.001460398794401057
-0.0002044289214335097
0.001429111748860081
0.001556024495386726
0.0012355541550671
-0.0002630067612280363
-0.001390946027274056
-0.001291842841835928
-0.001170579823459063
0.001283530643185213
-0.0001129284083010419
-0.00121047716142228
-0.001085869286112864
-0.001179984572430396
-0.0002682002297949296
0.001020877971530762
-0.001075025904813641
-0.001066652980813521
0.0004001445759216861
0.0009322183100656258
0.0009405794723953074
0.0009661689247537689
0.0003745379256878903
0.0008387749170682736
-0.0009661285224626274
0.0008600787213243371
0.0003443238631098384
-0.0008374771150529791
0.0008272393472070284
0.0008372289928663436
-0.0002396181629507636
0.0008272911690779333
0.0008693304059778666

-0.008183835746211374
-0.004855219127976582
-0.00149951873958647
0.001490084419983404
0.001649033228660271
-0.0008608249640689413
0.00117100475872302
-0.0009144167879719578
-0.0007075734710716845
-0.000465926624298573
0.0006065203798463587
-8.881353141723418e-05
0.0006238621049704657
-0.0003078234819206209
0.0006250367930734664
0.0004587617492554716
-0.0003515646559220566
-0.0004563545203591167
0.0003285031084449269
5.393263723983485e-05
-0.0002943964992884059
-0.0003515785070335732
0.000279436021690832
0.0002540356556972314
0.0002980902762162433
0.0002323723525130056
-4.143882171801502e-06
0.000276402132722723
-0.0002358742210021461
-0.0002245641588126794
0.0002327885421272917
0.0002069299576230929
2.896638110860005e-05
-0.0002024967664750398
-0.0002204795595047191
-0.0001750707888346645
3.726651799778584e-05
0.0001970889072103479
0.0001830465661445869
0.0001658643065109817
-0.0001818687762688361
1.600129419016532e-05
0.0001715175256766092
0.0001538613194019463
0.0001671969043695482
3.800240208272715e-05
-0.0001446524306902087
0.0001523248757665401
0.0001511384814644328
-5.669814331264791e-05
-0.0001320898758180975
-0.0001332746035603986
-0.0001369004791174614
-5.30698309173759e-05
-0.0001188494941995633
0.0001368947543493457
-0.000121868118515622
-4.878867517221051e-05
0.0001186656032534582
-0.0001172149714981665
-0.0001186304457924878
3.395249057669581e-05
-0.0001172223143538282
-0.0001231790280566276

0.05924268908926515
0.03514687319966698
0.01085499822182953
-0.01078670329505563
-0.01193733182005849
0.006231501619545768
-0.008476889443337493
0.00661945219182962
0.005122115894604623
0.003372837260878939
-0.004390593775807211
0.0006429200917317099
-0.004516130316576433
0.002228330504097247
-0.004524633869704323
-0.003320970816131884
0.002544972339554867
0.003303544914940911
-0.002378030073180518
-0.0003904177159522193
0.002131132737406902
0.002545072607584701
-0.002022834019003288
-0.001838961073359904
-0.002157871944409757
-0.001682140680699826
2.999751348140801e-05
-0.00200087173304767
0.001707490664811287
0.001625617259888123
-0.001685153472340723
-0.001497963488379165
-0.0002096872864112033
0.001465871670679046
0.001596048894349575
0.001267335346551489
-0.0002697718780835864
-0.001426724242138952
-0.00132507190310815
-0.001200689731118486
0.001316545896284218
-0.0001158331772693267
-0.001241613317046903
-0.001113800250989872
-0.001210336391079147
-0.0002750989341732932
0.001047137215743088
-0.001102677953889419
-0.001094089659725423
0.0004104371813382007
0.0009561970312700645
0.000964773261227609
0.000991020931019938
0.000384171871303028
0.0008603500670870362
-0.0009909794894921973
0.0008822018524086226
0.0003531806360656791
-0.000859018882727018
0.0008485177768001626
0.0008587643782879585
-0.000245781673217486
0.0008485709316443511
0.0008916915108978307

-0.02431608815197854
-0.01442599044924707
-0.004455420537267903
0.004427388969404385
0.004899663018313908
-0.002557712099661709
0.003479328742966952
-0.002716945930185045
-0.002102366106816975
-0.001384376864362648
0.001802113761770065
-0.0002638857530871317
0.001853640079000488
-0.0009146154876200259
0.001857130351820783
0.001363088346539529
-0.001044580735686767
-0.001355935907041191
0.0009760594898118112
0.0001602464665789098
-0.0008747207850116011
-0.001044621890576207
0.0008302697105599917
0.0007547992884077746
0.0008856958593142319
0.0006904325530244167
-1.231244214884839e-05
0.0008212553175686234
-0.0007008374225158498
-0.0006672325851598209
0.0006916691496108253
0.0006148372532015723
8.606588625715197e-05
-0.0006016652064866822
-0.0006550962862500385
-0.0005201762188483774
0.000110727532278459
0.0005855971930674646
0.0005438741167740948
0.0004928216087737523
-0.0005403746278627853
4.754358373500931e-05
0.0005096186437873227
0.0004571579295802114
0.0004967810683723774
0.0001129140158340341
-0.0004297961695639171
0.0004525927965492488
0.000449067741877151
-0.0001684634312806197
-0.0003924698838031889
-0.0003959899867363814
-0.0004067633102012003
-0.0001576828674005705
-0.0003531296164041255
0.000406746300577326
-0.0003620986545473976
-0.0001449625533914208
0.0003525832334378196
-0.0003482730675527117
-0.0003524787724061771
0.0001008807824894579
-0.0003482948848929128
-0.00036599367308715

0.05457222639491438
0.03237603071048194
0.009999232472136866
-0.009936321651193092
-0.01099623910815013
0.005740234320722898
-0.007808604520456756
0.0060976003820236
0.004718308242222875
0.003106935917721952
-0.004044456475978096
0.0005922347776440913
-0.004160096205183997
0.002052657612639112
-0.004167929371327828
-0.003059158421316293
0.002344336639981319
0.003043106310253054
-0.00219055545118762
-0.0003596387049788833
0.001963122539021507
0.002344429003270219
-0.001863361669454906
-0.001693984550154524
-0.001987753731166824
-0.001549527266004474
2.763262644146888e-05
-0.001843130804520507
0.001572878756176633
0.00149745993137507
-0.001552302540895656
-0.001379869885648785
-0.0001931563580600613
0.001350308061770199
0.001470222620525414
0.001167423567591181
-0.0002485041147199814
-0.001314246863908971
-0.00122060839907158
-0.001106032032710678
0.001212754549393451
-0.000106701341062673
-0.001143729362634546
-0.001025992580521456
-0.001114918187600276
-0.0002534112064710951
0.0009645849991374879
-0.001015747121972483
-0.001007835895445344
0.0003780799137448042
0.0008808141843457126
0.0008887142977615063
0.000912892703574277
0.0003538852583770513
0.0007925234212310345
-0.0009128545291351705
0.0008126524969707684
0.0003253372513295688
-0.0007912971822572265
0.0007816239425910044
0.0007910627419562759
-0.0002264052040975617
0.0007816729069144172
0.000821394027773129

0.0403821649961303
0.0239575018363597
0.007399197031147962
-0.007352644502156803
-0.008136958510523099
0.004247638492489989
-0.005778183830228231
0.004512080979167618
0.003491437211325639
0.002299059561065408
-0.002992802740916289
0.0004382398169758776
-0.003078373422806543
0.001518918392559077
-0.003084169781661652
-0.002263705336574278
0.001734754017860824
0.002251827151638705
-0.001620959552262101
-0.0002661241895896751
0.00145266454230242
0.001734822364524339
-0.00137884384336611
-0.001253508755721784
-0.001470891045617262
-0.001146613760431545
2.044749415500877e-05
-0.00136387347877292
0.001163893314360908
0.001108085156473022
-0.001148667398627402
-0.001021071286193151
-0.0001429311654757882
0.0009991962312737111
0.00108793018656511
0.0008638660036643113
-0.0001838872046417314
-0.0009725117923535114
-0.0009032215290300839
-0.0008184377106536967
0.0008974098648463723
-7.895648473125552e-05
-0.0008463328488486908
-0.0007592103970913077
-0.0008250132564328157
-0.0001875183372129865
0.0007137702300449246
-0.0007516289985496869
-0.0007457748768462909
0.0002797702506780558
0.0006517817958496804
0.0006576276941116738
0.0006755191461814015
0.0002618667743196745
0.000586448706121103
-0.0006754908979935335
0.000601343749102498
0.0002407419200292353
-0.0005855413180995024
0.0005783833480830078
0.0005853678377861335
-0.0001675345301416079
0.0005784195805317938
0.0006078122764559911

-0.02538908602485554
-0.01506256722793883
-0.004652025218474415
0.004622756699481394
0.005115870821293961
-0.002670576456181562
0.003632861347260747
-0.002836836810066518
-0.002195137376047832
-0.001445465367638119
0.001881635772916639
-0.0002755302598011261
0.001935435795870298
-0.000954974794865377
0.001939080084224481
0.001423237449768249
-0.001090675029326423
-0.001415769394027095
0.00101913014121808
0.0001673176746079592
-0.0009133196556773733
-0.001090718000260253
0.000866907085279419
0.0007881063740637064
0.0009247790279188033
0.0007208993228488717
-1.285575422080205e-05
0.0008574949134823688
-0.0007317633288085135
-0.0006966756082360175
0.0007221904868272349
0.0006419682234758159
8.986372217154438e-05
-0.000628214932853325
-0.0006840037699409924
-0.0005431300744543869
0.0001156136145242194
0.0006114378849826165
0.0005678736913253356
0.0005145683854187464
-0.0005642197802006964
4.964154307362476e-05
0.0005321066244749658
0.000477330972338148
0.0005187025643925504
0.000117896581205975
-0.0004487618178551737
0.0004725643933349404
0.0004688837883070749
-0.0001758972299365609
-0.0004097884322411096
-0.00041346386702469
-0.000424712585753845
-0.000164640951293494
-0.0003687121938682174
0.0004246948255451441
-0.0003780770094404595
-0.0001513593270196938
0.0003681417006187287
-0.0003636413397159325
-0.0003680326300275659
0.0001053323564575668
-0.0003636641197913756
-0.0003821439037598752

-0.03636002517364746
-0.02157128945293765
-0.006662223046811346
0.006620307237538705
0.00732650209090767
-0.003824565684635216
0.005202665819061232
-0.004062669200717883
-0.003143683477796394
-0.002070068891156965
0.002694713941412419
-0.0003945903043797414
0.002771761621940672
-0.00136763125492327
0.002776980652517319
0.002038236014127558
-0.001561969244728644
-0.002027540918821811
0.001459508922598751
0.0002396177182111244
-0.001307976413152843
-0.00156203078393519
0.001241508395107627
0.001128656918661758
0.001324387522349343
0.001032408866581067
-1.84108851589661e-05
0.001228029107072332
-0.001047967344337804
-0.0009977177842684598
0.001034257958538063
0.000919370659637003
0.0001286949517267402
-0.0008996744014592955
-0.0009795702873898787
-0.0007778233198468551
0.0001655716921202083
0.0008756477830007807
0.0008132589606340934
0.0007369197705294115
-0.0008080261491679945
7.109226988515175e-05
0.0007620365003306541
0.0006835916091415965
0.0007428403795429713
0.0001688411570364784
-0.0006426773684650066
0.0006767653321987194
0.0006714942920619479
-0.0002519046058691215
-0.0005868630992688286
-0.000592126735034595
-0.0006082361647223449
-0.00023578434953445
-0.0005280373085410697
0.000608210730107354
-0.0005414487771390798
-0.0002167635705874607
0.0005272202980781167
-0.000520775275380428
-0.0005270640967315281
0.0001508477748527517
-0.0005208078990088417
-0.0005472730269640476

0.02482598951163176
0.01472849931080573
0.004548849421702316
-0.004520230039939334
-0.00500240753952128
0.00261134658515349
-0.003552289263819302
0.002773919503205875
0.002146452118087065
0.00141340684817411
-0.001839903567911391
0.0002694193612666479
-0.001892510377162784
0.000933794710766602
-0.001896073839997325
-0.00139167191626806
0.001066485292623492
0.001384369492174398
-0.0009965271759721989
-0.0001636067887934688
0.0008930634277427623
0.001066527310518161
-0.0008476802270721219
-0.000770627211920732
-0.0009042686461894642
-0.0007049107246501795
1.257063051176202e-05
-0.0008384768048580873
0.0007155337812559063
0.0006812242601463322
-0.0007061732523109664
-0.0006277302131792409
-8.787066308423922e-05
0.0006142819524421299
0.0006688334665474557
0.0005310841642214878
-0.0001130494567142583
-0.000597876997412597
-0.0005552790002352152
-0.000503155935858283
0.0005517061280505165
-4.854055898194535e-05
-0.0005203051998544518
-0.0004667443995912435
-0.000507198424183527
-0.0001152817901995695
0.0004388088713546578
-0.000462083537037185
-0.0004584845629846074
0.0001719960608764989
0.0004006998641402094
0.0004042937826176064
0.0004152930195697667
0.0001609894316792709
0.0003605346426737573
-0.0004152756532592176
0.0003696917589617277
0.0001480023763517513
-0.0003599768022135022
0.0003555762533927289
0.0003598701506647193
-0.0001029962234201813
0.0003555985282359899
0.0003736684549176473

0.004982999912702743
0.002956261249752084
0.0009130317347734809
-0.0009072873362760158
-0.00100406859195018
0.0005241418393315818
-0.0007130050982738625
0.0005567729993538788
0.0004308295833295341
0.000283694883451261
-0.0003693000560557676
5.407706520793532e-05
-0.0003798591407516224
0.0001874285397590799
-0.0003805743885760233
-0.0002793323115689575
0.0002140618047693979
0.0002778665903895315
-0.0002000200164648033
-3.28386755296675e-05
0.0001792530759104318
0.0002140702384778787
-0.0001701438927748807
-0.0001546780372206779
-0.0001815021545426873
-0.0001414876163445047
2.523140143654798e-06
-0.0001682966088199568
0.0001436198451571702
0.0001367333385541947
-0.0001417410271994004
-0.00012599617010242
-1.763714216799428e-05
0.0001232968745902029
0.0001342462947492534
0.0001065976581805078
-2.269095589021562e-05
-0.0001200041200579219
-0.0001114539748111323
-0.0001009919859702848
0.000110736838369391
-9.74291884947595e-06
-0.000104434136018554
-9.36835690405399e-05
-0.0001018033823886736
-2.313902333001389e-05
8.807643162132191e-05
-9.274805435812152e-05
-9.202567882571892e-05
3.452254565447726e-05
8.042730329409295e-05
8.114866408629803e-05
8.335639871629646e-05
3.231332727454006e-05
7.23654576639667e-05
-8.335291300140177e-05
7.420344722901228e-05
2.970660356132423e-05
-7.225348956021717e-05
7.137022428794664e-05
7.223208277387292e-05
-2.067310034390027e-05
7.137469522912546e-05
7.500163799573091e-05

-0.02113329132282733
-0.01253773455988445
-0.003872238807137043
0.003847876365028154
0.004258333219656666
-0.002222926425674348
0.003023910238908448
-0.002361317720683546
-0.001827181869257928
-0.001203172130003071
0.001566230344549326
-0.0002293450517648142
0.001611012246392605
-0.0007948990572600593
0.0016140456682092
0.001184670122353495
-0.0009078528116658913
-0.001178453884500764
0.0008483004921544281
0.0001392713844636491
-0.0007602262773618666
-0.000907888579682718
0.0007215935211333264
0.0006560016213327513
0.0007697647952790746
0.0006000600174925423
-1.070083416381895e-05
0.0007137590457853784
-0.0006091029662089046
-0.0005798967545324438
0.0006011347526947086
0.0005343595855884856
7.480049569904949e-05
-0.0005229116627649626
-0.000569349007755785
-0.0004520889833685998
9.62341139115567e-05
0.0005089468339466909
0.0004726850010116946
0.0004283148902613202
-0.000469643569422298
4.132047882553326e-05
0.0004429133171169418
0.0003973193239785895
0.0004317560857636076
9.813440287499013e-05
-0.0003735390168047276
0.0003933517332355916
0.0003902880822548765
-0.0001464128090112633
-0.0003410984669080562
-0.0003441578142962907
-0.000353520989074541
-0.0001370433415345008
-0.0003069075507353569
0.0003535062058853218
-0.000314702607850766
-0.0001259880229324644
0.0003064326852742423
-0.0003026866883556739
-0.0003063418974225915
8.767623113955119e-05
-0.0003027056499665088
-0.0003180877971540733

-0.02827751776861477
-0.01677618532672008
-0.00518127063127578
0.005148672330371466
0.005697886403213231
-0.002974399043675064
0.004046159881354342
-0.003159574284193628
-0.002444870843123404
-0.001609911147541528
0.002095703206906521
-0.0003068764196430741
0.002155623879259337
-0.001063619096172443
0.00215968276615953
0.001585154433498365
-0.001214757494278378
-0.001576836761931933
0.001135073182571611
0.0001863528490981517
-0.001017224990555294
-0.001214805353871468
0.0009655322166273437
0.0008777666109883183
0.001029988057403913
0.0008029136374299406
-1.431831055485218e-05
0.0009550492533976288
-0.0008150136051587608
-0.0007759340714967439
0.0008043516928334137
0.0007150028098074216
0.0001000872184989973
-0.0006996848531245856
-0.0007618206003703841
-0.0006049201738108738
0.0001287665903295771
0.0006809991364032128
0.0006324787895493799
0.0005731091165550307
-0.0006284091851279475
5.528909606876408e-05
0.0005926426226472432
0.0005316353270290685
0.0005777136272995275
0.0001313092825258186
-0.0004998159550072708
0.0005263264702111
0.000522227135009407
-0.0001959084718572178
-0.0004564086971354806
-0.0004605022738913939
-0.0004730307218795532
-0.0001833716038886135
-0.0004106593519517926
0.0004730109411513127
-0.0004210895713966814
-0.0001685789734633438
0.0004100239555852354
-0.0004050116036140175
-0.0004099024763966878
0.0001173156677802875
-0.0004050369753025059
-0.0004256191427357496

0.01787446939359644
0.01060437530682322
0.00327512704886162
-0.003254521374185388
-0.003601684453205011
0.001880143975350075
-0.002557613491844973
0.001997194884704307
0.001545424510535297
0.001017639092957402
-0.001324712555622153
0.0001939793024059051
-0.001362588943244784
0.0006723230495878905
-0.001365154601598107
-0.001001990154777347
0.0007678589694394978
0.0009967324809231611
-0.0007174898103642323
-0.0001177952861658787
0.0006429969245838113
0.0007678892219124368
-0.0006103214644177413
-0.0005548440478835956
-0.0006510645721625893
-0.0005075288204353408
9.050730897771806e-06
-0.0006036950905282031
0.000515177317188114
0.0004904747978910332
-0.000508437827990489
-0.0004519596077994264
-6.326601713733867e-05
0.0004422769917315782
0.0004815535478097782
0.0003823753987470629
-8.139450204208344e-05
-0.0004304655847204018
-0.0003997954438014747
-0.0003622673477523425
0.0003972230108080907
-3.494872723861737e-05
-0.0003746146499325084
-0.0003360513981212316
-0.0003651778997691751
-8.300176029623396e-05
0.0003159380912891015
-0.0003326956227136436
-0.0003301043966310069
0.0001238354799318593
0.0002884999791946767
0.0002910875653127181
0.0002990069082320991
0.0001159108146684468
0.0002595814129698207
-0.0002989944046584851
0.0002661744470458806
0.000106560261980278
-0.0002591797732999273
0.0002560114212318099
0.0002591029852288717
-7.415627249490137e-05
0.0002560274589008499
0.0002690376292009629

0.01784762617032119
0.01058845004449659
0.003270208583049009
-0.00324963385322049
-0.003596275575447188
0.001877320444010175
-0.002553772561605256
0.001994195570596908
0.001543103648624737
0.001016110839850462
-0.001322723150839119
0.0001936879913963278
-0.001360542657090499
0.0006713133794637516
-0.001363104462432199
-0.001000485402672492
0.0007667058269709974
0.0009952356246003412
-0.000716412310453395
-0.0001176183855207344
0.0006420312953597406
0.0007667360340118832
-0.0006094049060026494
-0.0005540108034201557
-0.0006500868272409527
-0.0005067666322469861
9.037138841697832e-06
-0.0006027884833586477
0.0005144036427675801
0.0004897382208089129
-0.0005076742746878679
-0.0004512808714186802
-6.317100655065951e-05
0.0004416127963489856
0.0004808303683341773
0.0003818011613821742
-8.127226676094159e-05
-0.0004298191272761069
-0.0003991950456511285
-0.0003617233079217457
0.0003966264758433525
-3.489624252045751e-05
-0.0003740520673758659
-0.0003355467284433471
-0.0003646294889781923
-8.287711129352908e-05
0.0003154636270385148
-0.0003321959926163414
-0.0003296086579420593
0.0001236495083450205
0.0002880667204956043
0.0002906504206716234
0.0002985578706118971
0.0001157367440535561
0.000259191583114028
-0.0002985453858157486
0.0002657747160130669
0.0001064002336828478
-0.0002587905466118602
0.0002556269526587979
0.0002587138738583488
-7.40449073217169e-05
0.0002556429662430567
0.0002686335983460722

0.02598805442496567
0.01541791683702964
0.004761773797045887
-0.004731814787736374
-0.005236562245867543
0.002733579547579174
-0.003718566250021547
0.002903762244240711
0.002246924113106744
0.001479566165036742
-0.001926026514962149
0.0002820304512114836
-0.001981095764923506
0.000977504149584303
-0.001984826027760834
-0.001456813855686371
0.001116405765624933
0.001449169616784904
-0.001043173021280207
-0.0001712649612401779
0.0009348663002637697
0.001116449750309851
-0.0008873587844622482
-0.000806699040751784
-0.0009465960170869775
-0.0007379064696844682
1.315904164636733e-05
-0.0008777245647554201
0.0007490267746011722
0.0007131112796125128
-0.000739228094248415
-0.0006571132617553423
-9.198374846331773e-05
0.0006430355094147846
0.000700140492757906
0.0005559433656233351
-0.0001183411212039604
-0.0006258626646446538
-0.0005812707232630394
-0.0005267078615014884
0.0005775306106386247
-5.081266501181328e-05
-0.0005446598551520165
-0.0004885919593833736
-0.0005309395722480612
-0.0001206779466538479
0.000459348813692988
-0.0004837129292984399
-0.0004799454930192959
0.000180046921748858
0.0004194559847239994
0.0004232181287846851
0.0004347322224488496
0.0001685250898202666
0.0003774106933986315
-0.0004347140432491702
0.0003869964396729828
0.0001549301311776736
-0.0003768267413172853
0.000372220209835639
0.0003767150975800588
-0.000107817312117794
0.0003722435273285473
0.0003911592784145197

0.01673504736179564
0.009928391108802679
0.003066351513529519
-0.003047059363702232
-0.003372092260720608
0.001760292727109362
-0.002394576419399855
0.00186988213469627
0.001446910216376061
0.0009527688930425075
-0.001240267717655741
0.0001816139400554372
-0.001275729645324662
0.000629465290942387
-0.001278131753779773
-0.0009381175086664263
0.0007189111988607527
0.0009331949893443511
-0.0006717528612263384
-0.0001102863335170208
0.0006020085827137523
0.0007189395228661719
-0.0005714160453127849
-0.0005194750800866212
-0.0006095619517876611
-0.0004751759988190521
8.473784977771376e-06
-0.0005652120748096344
0.0004823369361640882
0.0004592090982804027
-0.0004760270609765315
-0.0004231490891053972
-5.923307539214897e-05
0.000414083698971986
0.0004508565402631942
0.0003580005798835401
-7.620594584766185e-05
-0.0004030252193389128
-0.0003743101705410954
-0.0003391743323267071
0.0003719017193008432
-3.272089328605942e-05
-0.0003507345460721262
-0.0003146295389094367
-0.000341899348928762
-7.771074816730875e-05
0.0002957983705526137
-0.0003114876800298415
-0.000309061633680507
0.0001159414904071486
0.0002701093223740927
0.0002725319607911754
0.0002799464790021336
0.0001085219891291235
0.0002430341927714849
-0.0002799347724786232
0.0002492069487337506
9.976749473550299e-05
-0.0002426581559365461
0.0002396917729490799
0.0002425862627811521
-6.942912290427106e-05
0.0002397067882843665
0.0002518876151029378

-0.001708172610190808
-0.001013406498869434
-0.0003129873226768742
0.000311018142595273
0.0003441947617037463
-0.0001796758477796684
0.0002444181820459777
-0.0001908618110079735
-0.0001476884019256723
-9.725061971756015e-05
0.0001265960770114627
-1.853762055909793e-05
0.0001302157317540749
-6.4250512461094e-05
0.0001304609187426425
9.575512986603261e-05
-7.338039699000029e-05
-9.525268057504229e-05
6.856687128254047e-05
1.125709955397728e-05
-6.144796305978675e-05
-7.338328806562036e-05
5.832533464195126e-05
5.302363861271907e-05
6.221894732326715e-05
4.850196170077497e-05
-8.649325628279875e-07
5.769208561318218e-05
-4.923288984053697e-05
-4.687219504516159e-05
4.858883095408465e-05
4.319149318247817e-05
6.046013185072943e-06
-4.226617455083549e-05
-4.601963630903161e-05
-3.65416823609238e-05
7.778460772581728e-06
4.113741813848282e-05
3.820642793588546e-05
3.462005765713052e-05
-3.796059352911032e-05
3.339873051084571e-06
3.580002685956414e-05
3.211473198140513e-05
3.489820438848851e-05
7.93205831253077e-06
-3.019260500394451e-05
3.179403750322393e-05
3.154640713592274e-05
-1.183433031390012e-05
-2.757048344475445e-05
-2.781776595909759e-05
-2.857457749664042e-05
-1.107701014680514e-05
-2.480688237431238e-05
2.857338259341562e-05
-2.54369452857615e-05
-1.01834251322953e-05
2.476849970291144e-05
-2.446571632503688e-05
-2.476116145553747e-05
7.086739794064571e-06
-2.446724896389469e-05
-2.571056511905656e-05

0.02081176773652581
0.01234698446241045
0.00381332625588095
-0.003789334465916088
-0.004193546597092111
0.002189106645047039
-0.002977904226412069
0.002325392443813507
0.001799382977998398
0.001184866972880637
-0.001542401590681404
0.0002258557777838821
-0.001586502177084613
0.0007828053993566142
-0.001589489448178312
-0.001166646456256869
0.0008940406662987376
0.001160524792744232
-0.0008353943805442406
-0.0001371524984691212
0.0007486601339076526
0.000894075890137765
-0.0007106151395255109
-0.0006460211601402316
-0.0007580535320492965
-0.0005909306563403292
1.053803081604886e-05
-0.000702899858512858
0.0005998360249108492
0.0005710741588771965
-0.0005919890404351349
-0.0005262297960675867
-7.366247496829203e-05
0.0005149560428587894
0.0005606868863648306
0.0004452108653774568
-9.47700003972071e-05
-0.0005012036760640968
-0.0004654935335587075
-0.0004217984732262468
0.0004624983745531505
-4.069182575221215e-05
-0.0004361747984467831
-0.0003912744759704972
-0.0004251873141046723
-9.66413782121326e-05
0.0003678559642942402
-0.0003873672484710144
-0.000384350208121534
0.000144185272811877
0.000335908967521069
0.000338921769753285
0.0003481424924405949
0.0001349583531634908
0.0003022382346847673
-0.0003481279341640919
0.0003099146971771373
0.000124071231063823
-0.0003017705938645939
0.000298081588843311
0.0003016811872668268
-8.634231793883133e-05
0.0002981002619705377
0.0003132483839393893

-0.01418633990138184
-0.008416321023678203
-0.002599353553510503
0.002582999551698742
0.00285853072030184
-0.001492204378800144
0.002029888190396645
-0.001585103583207175
-0.001226549270672928
-0.0008076644823258206
0.001051377927471036
-0.0001539545738207645
0.001081439088852649
-0.0005335992411839851
0.001083475361967702
0.0007952444685492357
-0.0006094227524704796
-0.0007910716370797062
0.0005694465162278123
9.348999019396186e-05
-0.0005103241235768717
-0.0006094467627979364
0.0004843907560378732
0.0004403602748820723
0.0005167271327088682
0.0004028078371390807
-7.183247907640533e-06
0.0004791316353199083
-0.0004088781809507355
-0.0003892726571473128
0.000403529284577115
0.0003587045006345334
5.021202048316562e-05
-0.0003510197476134855
-0.00038219217362579
-0.0003034779526655996
6.45999635931393e-05
0.00034164544782955
0.000317303631895386
0.0002875188973289124
-0.0003152619819860092
2.773757994211376e-05
0.0002973185183266863
0.0002667122169114699
0.0002898289004570078
6.58755881389861e-05
-0.0002507489902008846
0.0002640488555822135
0.0002619922902565039
-9.828388029205275e-05
-0.00022897232227008
-0.0002310259986834403
-0.0002373113036049579
-9.199435121256045e-05
-0.0002060206697822299
0.0002373013799568501
-0.0002112533298587598
-8.457314525789587e-05
0.0002057019024527019
-0.0002031872924592127
-0.0002056409584519952
5.885523448371901e-05
-0.0002032000209950659
-0.0002135257371877287

-0.01168947357611794
-0.006935006696464527
-0.002141854409944691
0.002128378793727007
0.002355415107333799
-0.001229568992242334
0.001672617780841756
-0.001306117474987726
-0.001010670503386207
-0.0006655115195426159
0.0008663301871463006
-0.0001268578037119348
0.0008911004347282428
-0.000439683122878536
0.0008927783136552078
0.0006552774899151002
-0.0005021613193543665
-0.0006518390975221329
0.0004692210993625535
7.703528729756396e-05
-0.0004205045416419132
-0.0005021811037448855
0.0003991355756722105
0.000362854678020565
0.0004257805893453485
0.0003319116559466691
-5.918960576919523e-06
0.0003948020863371449
-0.0003369135890793486
-0.0003207587348999937
0.0003325061250502327
0.0002955707258496623
4.137445533673243e-05
-0.0002892385275516809
-0.0003149244516665223
-0.0002500643247856398
5.323004895480003e-05
0.0002815141511176619
0.0002614566157607742
0.0002369141425008205
-0.0002597743063819368
2.285562802334972e-05
0.0002449889815012599
0.000219769541240911
0.0002388175735981932
5.428115724104807e-05
-0.0002066159217646914
0.0002175749447418322
0.0002158803451340996
-8.098542891393152e-05
-0.0001886720556144013
-0.0001903642747727174
-0.0001955433347916677
-7.580288820985354e-05
-0.0001697600080285017
0.000195535157754936
-0.0001740716939265099
-6.968785138477312e-05
0.0001694973453331476
-0.0001674253191955115
-0.0001694471277794297
4.849642071854131e-05
-0.0001674358074457799
-0.0001759441462722842

0.01435453381453545
0.008516105321613152
0.00263017161150739
-0.002613623715880526
-0.002892421594977859
0.001509896024103707
-0.002053954640261331
0.001603896645848207
0.001241091296518948
0.0008172401904183462
-0.00106384311363282
0.0001557798664895367
-0.001094260681557896
0.0005399256188864768
-0.001096321096822572
-0.000804672924374116
0.0006166480972892591
0.0008004506196182973
-0.0005761979009091807
-9.459841191519198e-05
0.000516374550390113
0.0006166723922840422
-0.0004901337156256234
-0.0004455812070141272
-0.0005228534738994142
-0.0004075835458030144
7.268412832712396e-06
-0.0004848122425250303
0.0004137258598964634
0.0003938878920805611
-0.0004083135467559097
-0.0003629573180663381
-5.080733655983226e-05
0.000355181454252068
0.0003867234620135203
0.0003070760015470913
-6.536586380010627e-05
-0.000345696012328888
-0.0003210655986799468
-0.0002909277348996676
0.0003189997428733316
-2.806643799460503e-05
-0.0003008435406649161
-0.0002698743695003773
-0.0002932651255335225
-6.665661221053661e-05
0.0002537218820231498
-0.0002671794312340705
-0.0002650984831731144
9.944913859976563e-05
0.0002316870288930138
0.0002337650537905665
0.0002401248775828046
9.308504056766816e-05
0.0002084632605337794
-0.0002401148362795123
0.0002137579592742994
8.557584844612065e-05
-0.0002081407138836753
0.0002055962905559331
0.0002080790473281435
-5.955302491211308e-05
0.0002056091700018195
0.0002160573083714911

0.007744028542577814
0.004594294982634334
0.001418933160390155
-0.001410005850196291
-0.001560412597029486
0.0008145634026196023
-0.001108073836800338
0.0008652751503652725
0.0006695477922424706
0.000440887279413658
-0.0005739253913252479
8.404060682432648e-05
-0.0005903351554630893
0.0002912807519593694
-0.0005914467146978396
-0.0004341074516459881
0.0003326712332028451
0.0004318295895457395
-0.0003108490354662354
-5.103424544599377e-05
0.0002785753482870122
0.0003326843399423248
-0.000264418861143504
-0.0002403835352466553
-0.0002820706180903311
-0.0002198844388097273
3.92118595859683e-06
-0.0002615480162862951
0.0002231981135184275
0.0002124958649482616
-0.0002202782619939057
-0.0001958093426899209
-2.74096999300201e-05
0.0001916143954976375
0.0002086307759353654
0.000165662316272058
-3.526377948028039e-05
-0.000186497159790766
-0.0001732094676388781
-0.0001569505991625823
0.0001720949733237578
-1.514136925147389e-05
-0.0001623000088934132
-0.0001455926641244426
-0.000158211581930628
-3.596011644678922e-05
0.0001368786699484874
-0.000144138790447587
-0.0001430161541162774
5.365113056278034e-05
0.000124991238856986
0.0001261122981910027
0.0001295433157085609
5.02178071650926e-05
0.0001124624080802787
-0.0001295378985949831
0.0001153188086224598
4.616672484698349e-05
-0.0001122883996105046
0.0001109157262008253
0.0001122551315452465
-3.212785108002166e-05
0.0001109226744444019
0.0001165592686240019

0.00158944121173951
0.0009429667961754298
0.0002912322481025375
-0.0002893999414868348
-0.0003202705252699774
0.0001671869666518897
-0.0002274292007290175
0.0001775954176721634
0.0001374228992531765
9.049093863472486e-05
-0.0001177966564069847
1.724911048711292e-05
-0.0001211647167455639
5.978459774586487e-05
-0.0001213928613150466
-8.909939706134445e-05
6.827988366847038e-05
8.863187193843138e-05
-6.380093576401894e-05
-1.047464281360866e-05
5.717684751647259e-05
6.82825737918713e-05
-5.427126627342866e-05
-4.933807971449598e-05
-5.789424232478033e-05
-4.513069482412133e-05
8.048129635911521e-07
-5.368203302052245e-05
4.581081772338687e-05
4.361420973802021e-05
-4.521152598268523e-05
-4.018934553303291e-05
-5.62576783268129e-06
3.932834380608106e-05
4.282091052291926e-05
3.400174873675257e-05
-7.237796720328539e-06
-3.827804482051957e-05
-3.555078143311381e-05
-3.221369202665478e-05
3.532203444631868e-05
-3.107725669931599e-06
-3.331164411164945e-05
-2.988250614190809e-05
-3.247250537781946e-05
-7.380718026184869e-06
2.8093982069934e-05
-2.958410244591739e-05
-2.935368433199805e-05
1.101175150685858e-05
2.565411853192673e-05
2.588421297131657e-05
2.658842016924985e-05
1.030707103319266e-05
2.308260941851701e-05
-2.658730832112238e-05
2.36688780142585e-05
9.475597188135985e-06
-2.304689464407074e-05
2.276515708642821e-05
2.30400664623428e-05
-6.594155776995248e-06
2.276658319491584e-05
2.392347912233802e-05

-0.009010064490318461
-0.005345395339580975
-0.00165090807869239
0.001640521283224064
0.001815517343904127
-0.0009477326624900337
0.001289227780438989
-0.001006735042852062
-0.0007790091106050737
-0.0005129659322195126
0.0006677538389791671
-9.77800227787787e-05
0.0006868463606996673
-0.0003389009151390659
0.0006881396436898423
0.0005050777012962742
-0.000387058137602584
-0.0005024274418983174
0.0003616683281711268
5.937760174241468e-05
-0.000324118362901027
-0.0003870733871031987
0.0003076474961656782
0.0002796827443332157
0.0003281850584414321
0.0002558323440054733
-4.562242787618628e-06
0.0003043073099611724
-0.0002596877562965584
-0.0002472358458627883
0.0002562905515479355
0.0002278213200975071
3.189078690398855e-05
-0.0002229405600993031
-0.0002427388710549522
-0.0001927456936683495
4.102889413989118e-05
0.0002169867308387369
0.0002015266944302921
0.0001826097376157386
-0.0002002299965167992
1.761676273239958e-05
0.0001888336979736715
0.0001693949455204057
0.0001840768727119896
4.18390720648158e-05
-0.000159256340134095
0.0001677033846593932
0.0001663972136285404
-6.242230948546763e-05
-0.0001454254870878078
-0.0001467298233052506
-0.0001507217622463946
-5.842768768634025e-05
-0.0001308483748437162
0.0001507154595135996
-0.0001341717552979618
-5.371431237514695e-05
0.0001306459185219381
-0.0001290488329898497
-0.0001306072116122723
3.738028709149896e-05
-0.0001290569171701179
-0.0001356150124541117

-0.01468593037585559
-0.008712712752817955
-0.002690893181361348
0.002673963252030852
0.002959197610335904
-0.001544754303501989
0.002101373352264381
-0.001640925074636852
-0.001269743804030767
-0.0008361074411683392
0.00108840357335911
-0.000159376285066712
0.001119523377772305
-0.0005523906348723826
0.001121631360902403
0.0008232500403968619
-0.0006308843700673819
-0.0008189302572208808
0.0005895003184914544
9.67823622140932e-05
-0.0005282958536217758
-0.0006309092259495756
0.0005014492086986003
0.0004558681366838915
0.0005349243530768412
0.0004169932408356241
-7.436215357694331e-06
0.000496004881180773
-0.0004232773597271064
-0.0004029814018153382
0.0004177400949868467
0.0003713367477758868
5.19803023170819e-05
-0.0003633813661478098
-0.0003956515698259355
-0.0003141653248432246
6.687493562166857e-05
0.0003536769381623129
0.0003284778934109968
0.0002976442505443979
-0.0003263643441355812
2.87143950205927e-05
0.0003077889779852579
0.0002761048357207244
0.0003000356034474853
6.819548295069602e-05
-0.0002595794431477739
0.0002733476806464465
0.0002712186906887304
-0.000101745075408588
-0.000237035881434597
-0.0002391618807432131
-0.0002456685308805034
-9.523405235397791e-05
-0.0002132759565498962
0.0002456582577582429
-0.000218692891580256
-8.755149894605139e-05
0.0002129459634126888
-0.0002103427981465405
-0.0002128828731895971
6.092789837905627e-05
-0.0002103559749343126
-0.0002210453246991461

-0.009116236745480993
-0.005408384087169127
-0.001670361949856752
0.001659852759093698
0.001836910927811908
-0.0009589004975455909
0.00130441970509316
-0.001018598146602718
-0.0007881887512341779
-0.0005190105892698048
0.0006756224764404472
-9.893223712079297e-05
0.0006949399794682226
-0.0003428944353269663
0.0006962485021686651
0.0005110294054862621
-0.0003916191299674869
-0.0005083479161212752
0.0003659301336292152
6.00772919488307e-05
-0.000327937689340416
-0.0003916345591643505
0.0003112727341979021
0.00028297845300746
0.0003320523057627991
0.0002588470057690581
-4.616003069343163e-06
0.0003078931881084392
-0.0002627478492352232
-0.000250149208729427
0.0002593106127098997
0.000230505907245032
3.2266579637563e-05
-0.0002255676336411427
-0.0002455992427407084
-0.0001950169587621076
4.151236795101359e-05
0.0002195436460060552
0.000203901432551879
0.0001847615632411809
-0.0002025894546876224
1.78243540798247e-05
0.000191058865128227
0.0001713910514748751
0.0001862459866755788
4.233209280177359e-05
-0.0001611329754011372
0.0001696795577008579
0.0001683579950904826
-6.315787773557216e-05
-0.0001471391431819473
-0.000148458849357901
-0.0001524978282686738
-5.911618435272726e-05
-0.0001323902580406996
0.0001524914512661127
-0.0001357528003453415
-5.434726785348706e-05
0.000132185416026344
-0.0001305695108539607
-0.0001321462530045117
3.782076666668833e-05
-0.0001305776902960971
-0.0001372130644682026

0.00144912327634954
0.0008597204621792313
0.0002655218868316925
-0.0002638513386249021
-0.0002919966271599782
0.0001524274840038224
-0.000207351455381651
0.0001619170634440542
0.0001252910271485128
8.250228099393255e-05
-0.0001073974145219477
1.57263366009322e-05
-0.0001104681381176929
5.450673577666934e-05
-0.0001106761417880448
-8.123358651870749e-05
6.225204681977749e-05
8.080733512107132e-05
-5.816850625590004e-05
-9.549927735944815e-06
5.212920112581162e-05
6.22544994555461e-05
-4.948012837017918e-05
-4.49824499305283e-05
-5.278326338825505e-05
-4.11464984451384e-05
7.337630294434908e-07
-4.894291339447818e-05
4.17665792111591e-05
3.976389063282184e-05
-4.122019372398432e-05
-3.664137788988597e-05
-5.129117738650661e-06
3.585638651417396e-05
3.904062490324828e-05
3.100003017859136e-05
-6.598834621540683e-06
-3.489880928770672e-05
-3.241231225574225e-05
-2.936982543813145e-05
3.220375935017142e-05
-2.833371609812561e-06
-3.037084888646069e-05
-2.724443967225244e-05
-2.960579041040097e-05
-6.729138648801183e-06
2.561380882928672e-05
-2.69723794423171e-05
-2.676230293888581e-05
1.003961977587239e-05
2.338933961460239e-05
2.359912101793211e-05
2.424115988939319e-05
9.397149410031236e-06
2.104484666699873e-05
-2.424014619669053e-05
2.157935870935325e-05
8.639079156376821e-06
-2.10122848392065e-05
2.075541943925861e-05
2.100605945828467e-05
-6.012015136975353e-06
2.07567196490211e-05
2.181148330080313e-05

0.01258769622835334
0.007467894689034485
0.002306435144593366
-0.002291924057987199
-0.002536405909959905
0.001324049442035563
-0.001801142232306283
0.001406479933132298
0.001088330727704649
0.0007166496241188641
-0.0009328992583148494
0.0001366055953609572
-0.0009595728591432432
0.0004734685057878449
-0.0009613796667895619
-0.0007056292085881633
0.0005407475456019126
0.0007019266090932525
-0.0005052761892353918
-8.295470185644441e-05
0.0004528162366221461
0.0005407688502306876
-0.0004298052729041833
-0.0003907365402056487
-0.0004584976974118254
-0.0003574158470439918
6.373775281215174e-06
-0.0004251387969501454
0.0003628021302173844
0.0003454059322021024
-0.0003580559953316296
-0.0003182824689889977
-4.455368088229182e-05
0.0003114637026764925
0.0003391233408969591
0.0002692793424317317
-5.732026186643441e-05
-0.0003031457828426699
-0.0002815470204588087
-0.0002551186961997857
0.0002797354419232954
-2.461186132915388e-05
-0.0002638140082485853
-0.000236656698641711
-0.000257168387513071
-5.845213762831043e-05
0.000222492351103704
-0.0002342934686902412
-0.00023246865554084
8.720837353824842e-05
0.0002031696729016453
0.0002049919226872155
0.0002105689432297823
8.1627604853541e-05
0.0001828044179124958
-0.0002105601378671529
0.0001874474150468889
7.504268676649891e-05
-0.0001825215721368208
0.000180290330890019
0.0001824674958513607
-5.222290021805489e-05
0.0001803016250605176
0.0001894637471919993

0.007848480987474468
0.004656263419458991
0.001438071911872319
-0.001429024188979668
-0.001581459641201379
0.0008255503377088719
-0.001123019678069099
0.0008769460919773446
0.0006785787382790616
0.000446834023282866
-0.0005816665702196094
8.517415725033911e-05
-0.0005982976713496466
0.0002952095839008514
-0.0005994242234371
-0.000439962748333321
0.0003371583452355395
0.0004376541621384634
-0.0003150418069118689
-5.172260185905576e-05
0.0002823328081228995
0.0003371716287603767
-0.0002679853764748087
-0.0002436258590360145
-0.000285875222571198
-0.0002228502681712768
3.974075415036361e-06
-0.0002650758092959365
0.0002262086381472214
0.0002153620362829949
-0.0002232494032928024
-0.0001984504440837152
-2.777940545936207e-05
0.0001941989149085756
0.000211444814456429
0.0001678967907276462
-3.57394218365544e-05
-0.000189012657273656
-0.0001755457390348386
-0.0001590675688664322
0.0001744162122782378
-1.534559797154027e-05
-0.0001644891321181306
-0.0001475564365515503
-0.0001603455599309171
-3.644515108489485e-05
0.0001387249069105049
-0.0001460829528410863
-0.0001449451742477084
5.437478385614027e-05
0.0001266771366319546
0.000127813316957288
0.0001312906124767915
5.089515135447268e-05
0.0001139793153874094
-0.0001312851222965058
0.0001168742434245168
4.67894275212486e-05
-0.0001138029598691829
0.0001124117716654457
0.000113769243080052
-3.256119563397031e-05
0.0001124188136278068
0.0001181314349087965

0.005992418669554493
0.003555118485941825
0.001097986857153278
-0.001091078801484286
-0.001207465278212135
0.0006303185628198772
-0.0008574403245519106
0.0006695598985516219
0.0005181038097073683
0.000341163665629791
-0.0004441100921825048
6.503159157613214e-05
-0.000456808157077521
0.0002253964078936785
-0.0004576682944432019
-0.000335917356648934
0.000257424840018074
0.0003341547206641367
-0.0002405385715327738
-3.949088817477204e-05
0.0002155648198834013
0.0002574349821643842
-0.0002046103667344144
-0.0001860115541343583
-0.0002182695000004447
-0.0001701491167062847
3.034258953966527e-06
-0.0002023888738479806
0.0001727132764430577
0.0001644317529717175
-0.0001704538616317923
-0.0001515195294486621
-2.120994217473248e-05
0.0001482734308922491
0.0001614409024818036
0.0001281914124427783
-2.72875195842555e-05
-0.0001443136548379885
-0.0001340314852813397
-0.0001214501851908967
0.0001331690767165622
-1.171656629185558e-05
-0.0001255896201846847
-0.0001126612839625655
-0.0001224259482113322
-2.782635316622832e-05
0.0001059182946903353
-0.000111536259730464
-0.0001106675507795679
4.15158640828152e-05
9.671966330435737e-05
9.758715195651958e-05
0.0001002421129131877
3.885911880950138e-05
8.70247094387534e-05
-0.0001002379210881672
8.923502514751909e-05
3.572434455325669e-05
-8.689005967641586e-05
8.582786914828919e-05
8.686431646351569e-05
-2.486090199256065e-05
8.583324577936583e-05
9.019490741435507e-05

-0.01090130979708197
-0.006467413262942899
-0.001997439688880993
0.001984872667265861
0.002196601037554509
-0.001146665195317635
0.001559841380565669
-0.001218052389913659
-0.0009425259562323138
-0.0006206393470860066
0.000807917798449208
-0.0001183044051929324
0.0008310179099198457
-0.0004100374498337114
0.0008325826577131681
0.0006110953478018264
-0.000468303048443473
-0.0006078887893167587
0.000437583825667577
7.18411763087139e-05
-0.0003921519861154625
-0.0004683214988694919
0.0003722238245465663
0.0003383891695945822
0.0003970722958404814
0.000309532483492607
-5.519874141942009e-06
0.0003681825211092159
-0.0003141971608460376
-0.0002991315491236362
0.0003100868704648999
0.0002756418437882098
3.858477906419211e-05
-0.0002697365945147854
-0.000293690642947998
-0.0002332037157991445
4.964100824489574e-05
0.0002625330348378725
0.000243827880557925
0.0002209401857058758
-0.0002422590010362976
2.131458530335347e-05
0.0002284705779799302
0.0002049515606864382
0.0002227152777949321
5.062124546289428e-05
-0.0001926848251548447
0.0002029049350485873
0.0002013245939676847
-7.552497928085266e-05
-0.0001759508257502906
-0.000177528946883815
-0.000182358808327546
-7.069187183735545e-05
-0.0001583139246282832
0.0001823511826282968
-0.0001623348947272566
-6.498914190543652e-05
0.0001580689719880648
-0.0001561366523942221
-0.0001580221403574313
4.522654530673594e-05
-0.0001561464334732281
-0.0001640810968097551

-0.0004131406987021018
-0.0002451037245967543
-7.569949336713543e-05
7.522322508521465e-05
8.324736241041016e-05
-4.345661840551041e-05
5.911527787268137e-05
-4.616206903491969e-05
-3.572009596567424e-05
-2.352115280364825e-05
3.061868068682011e-05
-4.483531385758313e-06
3.149413477173234e-05
-1.553970684913921e-05
3.155343599424395e-05
2.315945181486599e-05
-1.774787179151501e-05
-2.303792882022293e-05
1.658366662742615e-05
2.722655747633071e-06
-1.486187885282797e-05
-1.774857103063489e-05
1.410663615748471e-05
1.28243615273772e-05
1.504835004166931e-05
1.173074326677711e-05
-2.091936383974055e-07
1.395347777954276e-05
-1.190752643293683e-05
-1.133656592734463e-05
1.175175356969328e-05
1.044634691191354e-05
1.462296079883055e-06
-1.022254822566924e-05
-1.113036503762213e-05
-8.838015603495417e-06
1.88130795402756e-06
9.949545831141538e-06
9.240652986835942e-06
8.37324912262452e-06
-9.18119517912309e-06
8.077857458129593e-07
8.65863790465918e-06
7.767308016978743e-06
8.44052202831239e-06
1.918457241286446e-06
-7.302420055543086e-06
7.689744461591349e-06
7.629852280675516e-06
-2.862265479131265e-06
-6.668230555877193e-06
-6.728038604615511e-06
-6.911081960733985e-06
-2.67909910525535e-06
-5.999822649985159e-06
6.91079295998313e-06
-6.152210429732067e-06
-2.462975550157123e-06
5.990539370590866e-06
-5.917307815646234e-06
-5.988764533166241e-06
1.714007479445423e-06
-5.917678501560679e-06
-6.218388454379686e-06

0.006263469812531862
0.003715924828450524
0.001147651376443157
-0.001140430853223113
-0.001262081763109288
0.0006588293489169358
-0.0008962243603177233
0.0006998456622476666
0.0005415388594837707
0.0003565952979322623
-0.0004641982326699837
6.797312290068234e-05
-0.0004774706608051805
0.0002355916157641321
-0.0004783697042001177
-0.000351111686098517
0.0002690687689498256
0.0003492693219563906
-0.0002514186949585874
-4.127715361569269e-05
0.0002253153219823443
0.0002690793698491493
-0.0002138653732395603
-0.0001944252927489403
-0.0002281423411209035
-0.0001778453600936105
3.171505598921586e-06
-0.0002115433970225646
0.0001805255027858165
0.0001718693865955104
-0.0001781638893464598
-0.0001583731129355556
-2.216931757654252e-05
0.0001549801857324314
0.0001687432529272404
0.0001339898105151527
-2.852179805848355e-05
-0.0001508412997252934
-0.0001400940435375943
-0.0001269436617528573
0.0001391926262119216
-1.224653404950392e-05
-0.0001312703330944564
-0.0001177572179202932
-0.0001279635608219593
-2.908500434640845e-05
0.0001107092274373698
-0.0001165813062050928
-0.0001156733035120475
4.339372393070726e-05
0.0001010945203917002
0.0001020012475890742
0.0001047762986531477
4.061680784112505e-05
9.096104103728612e-05
-0.0001047719172220739
9.327133450667247e-05
3.734024039717717e-05
-9.082030075054835e-05
8.971006485502465e-05
9.079339311182845e-05
-2.598541886496958e-05
8.971568468370833e-05
9.427463449846696e-05

0.004287754971035227
0.00254379371691136
0.0007856424700112613
-0.000780699549353071
-0.0008639775580620672
0.0004510118034305656
-0.0006135242239736535
0.0004790901540319391
0.0003707187878697563
0.000244112817195604
-0.0003177740676093415
4.653205081807938e-05
-0.000326859913221683
0.0001612778782146341
-0.0003274753672593963
-0.0002403589260453463
0.0001841951803306431
0.0002390977072250037
-0.0001721125496546901
-2.825691284593878e-05
0.0001542430826356577
0.0001842024373400072
-0.000146404843431313
-0.0001330968361676405
-0.0001561783622374868
-0.0001217467872665937
2.171103127253111e-06
-0.0001448152987595755
0.0001235815203291863
0.0001176558423367115
-0.0001219648413848542
-0.0001084167598140849
-1.517634865152598e-05
0.0001060940791087957
0.000115515799265119
9.172479365271251e-05
-1.952503725066377e-05
-0.0001032607407863049
-9.590354062044185e-05
-8.690124372168862e-05
9.528646147183225e-05
-8.383553975729192e-06
-8.986313339440894e-05
-8.061252175321025e-05
-8.759943137716825e-05
-1.991058881123601e-05
7.578771104386735e-05
-7.980753323190803e-05
-7.91859459684051e-05
2.970584373590574e-05
6.920581488025366e-05
6.982652898348686e-05
7.172623303748445e-05
2.780486294991158e-05
6.226878512256316e-05
-7.172323366118317e-05
6.385033218902234e-05
2.556183811445427e-05
-6.217243918619456e-05
6.141241006134155e-05
6.215401914662306e-05
-1.778871971089104e-05
6.141625720187165e-05
6.453715668981261e-05

0.006765628577416551
0.004013840245641304
0.00123966159042441
-0.001231862178963186
-0.001363266160626037
0.0007116494218195877
-0.0009680770124905101
0.0007559541203201936
0.0005849554469270772
0.000385184476092795
-0.0005014142196797959
7.34227060331602e-05
-0.0005157507331095002
0.0002544796120873895
-0.0005167218551658066
-0.0003792612287489475
0.0002906407162457238
0.0003772711574524247
-0.000271575589636434
-4.458645103358079e-05
0.0002433794409423699
0.0002906521670467491
-0.0002310115198470338
-0.0002100128772333663
-0.0002464331096028427
-0.0001921036879914202
3.425773501865034e-06
-0.0002285033847206613
0.0001949987047365798
0.0001856486050602326
-0.0001924477545680286
-0.0001710702998243765
-2.394668977849621e-05
0.0001674053527689631
0.0001822718410755242
0.0001447321242437096
-3.080846524362685e-05
-0.0001629346414400895
-0.0001513257496007693
-0.0001371210672970209
0.0001503520632893463
-1.322837073052986e-05
-0.0001417946192019678
-0.0001271981222235785
-0.0001382227343433653
-3.141682525340808e-05
0.000119585075900796
-0.0001259279345891891
-0.0001249471349442059
4.68727123293078e-05
0.0001091995326318306
0.00011017895452134
0.0001131764886908234
4.38731636102959e-05
9.825362572072542e-05
-0.0001131717559889803
0.0001007491414630369
4.033390518035467e-05
-9.810160191681748e-05
9.690235550440375e-05
9.807253702237445e-05
-2.806873789303695e-05
9.690842588943642e-05
0.0001018328786406016

4.574515094479944e-05
2.71391971647224e-05
8.381853352079117e-06
-8.329118377414216e-06
-9.217593839878262e-06
4.811749544005278e-06
-6.545560188107977e-06
5.111311527848195e-06
3.955120342653904e-06
2.604388017902901e-06
-3.390264319485766e-06
4.964406088765664e-07
-3.487199284625127e-06
1.720639573051425e-06
-3.49376543379484e-06
-2.564338547189304e-06
1.965139422442869e-06
2.550882870481185e-06
-1.836232391265215e-06
-3.014670269406742e-07
1.645586826958285e-06
1.965216846075342e-06
-1.561962310705413e-06
-1.419981995780001e-06
-1.666233915802988e-06
-1.298890724464706e-06
2.316304008577968e-08
-1.545003794783281e-06
1.318465103461356e-06
1.255245298264056e-06
-1.301217097684305e-06
-1.156675480876596e-06
-1.619132540360456e-07
1.13189529162736e-06
1.232413631259341e-06
9.785924240876475e-07
-2.083084929575513e-07
-1.101667004339871e-06
-1.023174591781631e-06
-9.271309900467545e-07
1.016591104823229e-06
-8.944236428172643e-08
-9.587307645267376e-07
-8.600379454877539e-07
-9.345798064485549e-07
-2.124218610335157e-07
8.0856306038383e-07
-8.514496931229788e-07
-8.448181100458514e-07
3.169253641654293e-07
7.383422022977301e-07
7.449644697505832e-07
7.652320105425294e-07
2.966442022089299e-07
6.643324988774191e-07
-7.652000108162591e-07
6.812056900562646e-07
2.727138446417365e-07
-6.633046045483448e-07
6.551960144940407e-07
6.631080849970312e-07
-1.897840883742151e-07
6.552370588555537e-07
6.885332753821871e-07

-0.003735914150359726
-0.002216403457474432
-0.0006845290462411796
0.0006802222872597796
0.000752782285032811
-0.0003929658737025514
0.0005345626896627255
-0.000417430496340528
-0.0003230066957563171
-0.0002126951129917954
0.000276876044414588
-4.054330256062644e-05
0.0002847925273807034
-0.0001405211611746273
0.0002853287715140065
0.0002094243535472407
-0.0001604889703991606
-0.0002083254555762581
0.000149961393328924
2.462020364030849e-05
-0.0001343917548708497
-0.0001604952934199564
0.0001275623094022421
0.0001159670636418502
0.0001360779609386255
0.0001060777839178207
-1.891678733926323e-06
0.0001261773416342863
-0.0001076763839444107
-0.0001025133500461915
0.0001062677741275059
9.446335200157985e-05
1.322312866780811e-05
-9.243960396277561e-05
-0.0001006487338898668
-7.991966818553321e-05
1.701213419232648e-05
8.997092074667371e-05
8.356060383435027e-05
7.571691673074972e-05
-8.302294374445192e-05
7.304577369697797e-06
7.829760653574159e-05
7.023756318827324e-05
7.632524653486872e-05
1.734806465956566e-05
-6.603371321933516e-05
6.953617795805066e-05
6.899458995474124e-05
-2.588265484175871e-05
-6.029891746259214e-05
-6.083974468272964e-05
-6.249495383174743e-05
-2.422633327816506e-05
-5.425469436489373e-05
6.249234047989852e-05
-5.563269383198271e-05
-2.22719892731972e-05
5.417074830234449e-05
-5.350853612338939e-05
-5.415469895088127e-05
1.549928345570637e-05
-5.351188813085668e-05
-5.623112293734288e-05

0.00534686351149469
0.003172130380025446
0.0009797022181453037
-0.0009735383579694888
-0.001077386676980555
0.0005624151966019746
-0.000765069438142193
0.0005974291163125341
0.0004622891870630303
0.0003044105653818715
-0.0003962667126451086
5.802582617590516e-05
-0.0004075968321842654
0.0002011147577375555
-0.0004083643081147305
-0.0002997294341713248
0.0002296928101900789
0.0002981566845769411
-0.000214625676568567
-3.523658820619593e-05
0.0001923423134055052
0.0002297018597365021
-0.0001825679686774619
-0.0001659727810023852
-0.0001947556219916988
-0.0001518191825033734
2.707382340926931e-06
-0.0001805857942149247
0.0001541071087799728
0.0001467177426307339
-0.0001520910976703317
-0.0001351965354829773
-1.892502379233945e-05
0.0001323001347335473
0.0001440490924188328
0.0001143815249691637
-2.4347872007958e-05
-0.0001287669399976316
-0.0001195924546598362
-0.000108366521011074
0.000118822952203321
-1.045435645280446e-05
-0.0001120600202718962
-0.0001005244362243071
-0.0001092371664011475
-2.48286577769261e-05
9.450786006605091e-05
-9.952060933117906e-05
-9.874548522055391e-05
3.704341619860368e-05
8.630018479737443e-05
8.707422007043323e-05
8.944316567421258e-05
3.467287850012471e-05
7.764965519861304e-05
-8.943942542887795e-05
7.962185658569874e-05
3.187580923446317e-05
-7.752951107293612e-05
7.658174889380112e-05
7.75065411416474e-05
-2.218267064718118e-05
7.658654630764229e-05
8.047833203428513e-05

0.002414264364966019
0.001432309113755609
0.0004423640417338778
-0.0004395808796166013
-0.0004864714156127376
0.0002539468165874336
-0.0003454510999320154
0.0002697566195594427
0.0002087370115651095
0.0001374502226848529
-0.000178925944397991
2.620034793913519e-05
-0.0001840418228554897
9.080916163846393e-05
-0.0001843883605568154
-0.0001353365558136525
0.0001037129833851745
0.0001346264136355213
-9.690973439523232e-05
-1.591034427311268e-05
8.684814791547526e-05
0.0001037170695186646
-8.243474702785805e-05
-7.494153719603959e-05
-8.793782692244199e-05
-6.85507758797655e-05
1.222461858991737e-06
-8.153973761536661e-05
6.958384112770935e-05
6.624732742482586e-05
-6.867355348504195e-05
-6.10451673550327e-05
-8.545198591615197e-06
5.973735818779267e-05
6.504235424837688e-05
5.164658479682826e-05
-1.099377226015305e-05
-5.814201801745333e-05
-5.399947108875134e-05
-4.893063559037189e-05
5.365201835207581e-05
-4.720445956472719e-06
-5.059835791548239e-05
-4.538970625735907e-05
-4.93237573027957e-05
-1.12108610163548e-05
4.267304715674184e-05
-4.49364492232436e-05
-4.458645814629493e-05
1.672617965516038e-05
3.896704308956735e-05
3.931654252466584e-05
4.038619035496214e-05
1.565581294785115e-05
3.506107741386088e-05
-4.038450152539527e-05
3.595158369273692e-05
1.439285483420798e-05
-3.500682884731942e-05
3.457888666198719e-05
3.49964572553107e-05
-1.001612088062208e-05
3.458105283388447e-05
3.633830726450667e-05

-0.003074044598195326
-0.001823736521143941
-0.0005632551317340714
0.0005597113754667111
0.0006194163526742609
-0.0003233464615918742
0.000439857417064799
-0.0003434768334476526
-0.0002657815325263806
-0.0001750131927126369
0.0002278235726108177
-3.336048828033442e-05
0.0002343375396667477
-0.0001156258680087144
0.0002347787806359171
0.0001723218941447607
-0.0001320560999717384
-0.0001714176813506436
0.0001233936307277937
2.025838950278149e-05
-0.0001105823719377315
-0.0001320613027806208
0.0001049628584514003
9.542187298975787e-05
0.0001119698429675984
8.728461777144308e-05
-1.55654133352836e-06
0.0001038232571344591
-8.860000339823272e-05
-8.435167331715854e-05
8.744094855272568e-05
7.772784525027476e-05
1.088046609651966e-05
-7.606263254030889e-05
-8.281740004642855e-05
-6.576077885827173e-05
1.399819618786675e-05
7.403131115552262e-05
6.875667172750812e-05
6.230260372703961e-05
-6.831426565812214e-05
6.010469111894685e-06
6.442608816360989e-05
5.779399445997926e-05
6.280315938038609e-05
1.427461186459794e-05
-5.433491543188407e-05
5.721686945362863e-05
5.677123135569663e-05
-2.129717978010921e-05
-4.961611911900271e-05
-5.006113121720929e-05
-5.142309686696688e-05
-1.993429879554954e-05
-4.46427148555216e-05
5.142094650707085e-05
-4.577658240375501e-05
-1.832619422201062e-05
4.457364101437824e-05
-4.402874900419885e-05
-4.456043503056004e-05
1.275336816244788e-05
-4.403150715650601e-05
-4.626899140589446e-05

-0.002298131504289425
-0.001363411043947096
-0.0004210850954955964
0.0004184358112514786
0.0004630707814683704
-0.0002417312652593429
0.0003288339369399328
-0.0002567805725404857
-0.0001986961781611321
-0.0001308384829795412
0.0001703191066076753
-2.494003800745168e-05
0.000175188897019156
-8.644098727041351e-05
0.000175518765288961
0.0001288264893898111
-9.872409914176621e-05
-0.0001281505070343883
9.224810543446573e-05
1.514501226490012e-05
-8.267050937339061e-05
-9.872798872085476e-05
7.846940539817337e-05
7.133663989304659e-05
8.370777177592384e-05
6.525329204991578e-05
-1.163658028386988e-06
7.761744843883926e-05
-6.623666397333887e-05
-6.306064590079876e-05
6.537016370934403e-05
5.810872426362094e-05
8.134150666670211e-06
-5.686382437093299e-05
-6.191363530043386e-05
-4.916223978322539e-05
1.046494110117259e-05
5.534522451970705e-05
5.140194567129045e-05
4.657693532114164e-05
-5.107120638191193e-05
4.493379318473926e-06
4.816443554330155e-05
4.320633458134939e-05
4.69511467809214e-05
1.06715872817313e-05
-4.062035437297478e-05
4.277488047680954e-05
4.244172494844175e-05
-1.592160368588204e-05
-3.709261945489098e-05
-3.74253069907624e-05
-3.844350177216073e-05
-1.490272460747458e-05
-3.33745416402502e-05
3.844189418001282e-05
-3.422221207931447e-05
-1.370051830742328e-05
3.332290258133493e-05
-3.291554561063072e-05
-3.331302989185486e-05
9.534317484270524e-06
-3.291760758361819e-05
-3.459033316688649e-05

-0.007534147731408278
-0.004469779124717995
-0.001380476840006467
0.001371791480250994
0.001518121861680397
-0.0007924868791730358
0.001078042512092609
-0.0008418242230544701
-0.000651401522121988
-0.0004289382299842785
0.0005583707060576884
-8.17629149699622e-05
0.0005743357282129561
-0.0002833863801654311
0.000575417161660586
0.0004223421509906959
-0.0003236550850968872
-0.000420126024141233
0.0003024243186205643
4.965110115968382e-05
-0.0002710253218700431
-0.0003236678366137423
0.000257252507770627
0.0002338685939479306
0.0002744258619008142
0.0002139250697129435
-3.814912888293939e-06
0.0002544594693476116
-0.0002171489362899186
-0.0002067367430311729
0.0002143082193919262
0.0001905024635309485
2.666683463405468e-05
-0.0001864212089620225
-0.0002029764067336876
-0.0001611724901914371
3.430805074021608e-05
0.0001814426619976615
0.0001685150965667802
0.0001526968804572786
-0.0001674308075860172
1.473100365904279e-05
0.0001579013090006499
0.0001416467713272286
0.0001539236877203236
3.498551538893555e-05
-0.0001331689462403752
0.0001402323009384753
0.0001391400906085893
-5.219706272963776e-05
-0.0001216036916060327
-0.0001226943676788308
-0.0001260323968071495
-4.885679021569922e-05
-0.0001094144206788617
0.0001260271265097367
-0.0001121934062607057
-4.491550145507189e-05
0.0001092451282348475
-0.0001079096574010337
-0.0001092127618100527
3.125711314189168e-05
-0.0001079164173313149
-0.0001134002469709744

-0.005518633946962924
-0.003274036519122048
-0.001011175599928024
0.001004813722925279
0.001111998216675665
-0.0005804830419895796
0.0007896476437145914
-0.0006166217998827322
-0.0004771404386059158
-0.000314189894003953
0.0004089969620045082
-5.988993237745486e-05
0.0004206910668151054
-0.0002075756613010992
0.0004214831982610014
0.0003093583793126739
-0.000237071796757635
-0.0003077351044184263
0.0002215206245782789
3.636857971627043e-05
-0.0001985213981832642
-0.0002370811370250129
0.0001884330481609597
0.0001713047324927789
0.0002010122354114821
0.0001566964431693792
-2.79435823673539e-06
0.0001863871954373713
-0.0001590578701238324
-0.000151431117207896
0.0001569770937353281
0.0001395397860118164
1.953299883622129e-05
-0.0001365503370637207
-0.0001486767353874704
-0.000118056083766316
2.513005853066797e-05
0.0001329036368312051
0.0001234344169563563
0.0001118478450553691
-0.0001226401938815035
1.079020743470552e-05
0.0001156599996689962
0.0001037538297086594
0.0001127464603267234
2.562628976234533e-05
-9.754396828982775e-05
0.0001027177544174476
0.0001019177290902957
-3.823345288421559e-05
-8.907261769975298e-05
-8.987151920989813e-05
-9.231656827456177e-05
-3.578676057810321e-05
-8.014418588161321e-05
9.231270787211889e-05
-8.217974514017102e-05
-3.289983418317272e-05
8.002018207104135e-05
-7.904197259841674e-05
-7.999647422015369e-05
2.289529908603148e-05
-7.904692413138553e-05
-8.306373525420363e-05

-0.0002649858768753843
-0.0001572080058725243
-4.855318464577925e-05
4.824770912949722e-05
5.33943409480876e-05
-2.787280500432028e-05
3.791617188322642e-05
-2.960806422617891e-05
-2.291064758651815e-05
-1.50863212469035e-05
1.963863152684704e-05
-2.875709169993976e-06
2.020014233673982e-05
-9.967071408624549e-06
2.023817777246193e-05
1.485432848040331e-05
-1.138337468107208e-05
-1.477638438687356e-05
1.063666072333948e-05
1.746294477845938e-06
-9.532316743943028e-06
-1.138382316880974e-05
9.047908772277404e-06
8.225465792682599e-06
9.65191820580444e-06
7.524025836043826e-06
-1.341754997306209e-07
8.949673940423289e-06
-7.637413460257518e-06
-7.271202939996559e-06
7.537501713723988e-06
6.700221995375679e-06
9.37907618874613e-07
-6.556678908656401e-06
-7.138946970601596e-06
-5.668648288309612e-06
1.206659231180176e-06
6.381576869295088e-06
5.92689740407622e-06
5.370549955570634e-06
-5.888761535640192e-06
5.181087577509864e-07
5.553596546944793e-06
4.981903095814053e-06
5.413698379229048e-06
1.230486553200272e-06
-4.683726846125329e-06
4.932154313287772e-06
4.893739840632126e-06
-1.83583929209024e-06
-4.276961641945716e-06
-4.315322152723982e-06
-4.4327250239383e-06
-1.718357518087296e-06
-3.848248964563481e-06
4.432539660632024e-06
-3.945989539546802e-06
-1.579737212860118e-06
3.84229472691199e-06
-3.795324462580518e-06
-3.841156357164028e-06
1.099353746420335e-06
-3.795562218260771e-06
-3.988435713305363e-06

-0.005311846240190532
-0.003151355705322356
-0.0009732860269902077
0.0009671625346977815
0.001070330738206886
-0.0005587318698287
0.0007600589036438628
-0.0005935164790427977
-0.0004592615979260728
-0.0003024169428902242
0.0003936715128694121
-5.764580785422786e-05
0.0004049274300525325
-0.0001997976322826198
0.0004056898796881344
0.0002977664689877913
-0.0002281885235304657
-0.0002962040195252861
0.0002132200664329816
3.500581942625175e-05
-0.0001910826397749129
-0.0002281975138103365
0.0001813723084409531
0.0001648858047051724
0.0001934801433043107
0.0001508248998755442
-2.689651358688004e-06
0.0001794031154844617
-0.0001530978422395747
-0.0001457568699643753
0.0001510950342363627
0.0001343111166290668
1.880108146780292e-05
-0.0001314336847668241
-0.0001431056970732112
-0.0001136324261968707
2.418841477888213e-05
0.0001279236293608121
0.0001188092288636623
0.0001076568152446078
-0.0001180447659740275
1.038588957770341e-05
0.000111326125321353
9.986608924230882e-05
0.0001085217586701954
2.466605182230596e-05
-9.388891638640474e-05
9.886883653580713e-05
9.809878880898418e-05
-3.680081427837865e-05
-8.573499419952617e-05
-8.650396021973177e-05
-8.885739130537097e-05
-3.444580152485586e-05
-7.714111799040339e-05
8.885367555536342e-05
-7.910040318636934e-05
-3.166705061221148e-05
7.702176070349852e-05
-7.608020553623663e-05
-7.69989412051341e-05
2.203739358996079e-05
-7.60849715312168e-05
-7.99512694711751e-05

0.004079335312713319
0.002420144716233508
0.0007474538756846584
-0.0007427512210490839
-0.0008219812432848667
0.0004290889728103516
-0.0005837019720030699
0.0004558024879028704
0.0003526988488517418
0.0002322469549213965
-0.0003023276712918994
4.427021584894056e-05
-0.0003109718711361559
0.0001534384656318019
-0.0003115574091170836
-0.0002286755333189041
0.0001752418010428479
0.0002274756199594908
-0.0001637464841881157
-2.688339776394739e-05
0.0001467456181586118
0.000175248705302576
-0.0001392883809349254
-0.0001266272507305806
-0.0001485868274797118
-0.0001158289062366849
2.065569911148168e-06
-0.0001377761010228696
0.0001175744563957382
0.0001119368144012424
-0.0001160363611567741
-0.0001031468262031576
-1.443865505151665e-05
0.0001009370466133808
0.0001099007947753123
8.726622494207239e-05
-1.857596212395421e-05
-9.824143150709142e-05
-9.124185092420886e-05
-8.267713864884269e-05
9.06547668257832e-05
-7.97604527550236e-06
-8.549505646734959e-05
-7.669409955925687e-05
-8.334138872310949e-05
-1.894277275246207e-05
7.210381377184891e-05
-7.592824000734718e-05
-7.533686692491761e-05
2.826189886418863e-05
6.584185113023725e-05
6.64323934951046e-05
6.823975652852403e-05
2.645332115826011e-05
5.924201726689222e-05
-6.823690294626305e-05
6.074668832214333e-05
2.43193255170765e-05
-5.915035452415721e-05
5.842726897744657e-05
5.913282984793092e-05
-1.692404369529663e-05
5.84309291156993e-05
6.140012758318408e-05

-0.0005410888937635448
-0.0003210114704649213
-9.914335540680392e-05
9.851958854325811e-05
0.0001090287724665703
-5.69149775211616e-05
7.742306775702234e-05
-6.045829652323852e-05
-4.678248178388827e-05
-3.080556960511369e-05
4.010117645969813e-05
-5.872065001804314e-06
4.124775553995141e-05
-2.035229841745578e-05
4.132542213869218e-05
3.033185111528275e-05
-2.324432413576015e-05
-3.01726928843238e-05
2.171956880109277e-05
3.565852483703905e-06
-1.946454951783108e-05
-2.324523992679558e-05
1.847541086400586e-05
1.679602037246581e-05
1.970877016620435e-05
1.536371245241261e-05
-2.739801591523875e-07
1.827481988485446e-05
-1.55952447320929e-05
-1.484745980238492e-05
1.539122957088031e-05
1.368154314547232e-05
1.915163939801812e-06
-1.338843480741111e-05
-1.457739923542436e-05
-1.157511738973819e-05
2.463942291007153e-06
1.303088454887756e-05
1.210245012907083e-05
1.096641439394582e-05
-1.202457845117732e-05
1.057954098863059e-06
1.134018705989401e-05
1.017281549757566e-05
1.10545214776328e-05
2.512596579526872e-06
-9.563953399075761e-06
1.007123078677053e-05
9.992790211909893e-06
-3.748698849154776e-06
-8.733357682203306e-06
-8.811688069460553e-06
-9.05141929760476e-06
-3.508806505142314e-06
-7.85794624122527e-06
9.051040794329813e-06
-8.057527970677886e-06
-3.225750258907986e-06
7.845787963463165e-06
-7.749876858142753e-06
-7.843463465181325e-06
2.244829458513588e-06
-7.750362344177e-06
-8.144201092589021e-06

-0.002122228299440336
-0.001259053059336926
-0.0003888544691492787
0.0003864079659847391
0.0004276264936276577
-0.0002232287103826405
0.0003036643836467273
-0.0002371261160534478
-0.0001834876078658138
-0.0001208238652647822
0.0001572825694716152
-2.303108170688596e-05
0.0001617796171839504
-7.982463539393544e-05
0.0001620842367303835
0.000118965873358444
-9.116757533005616e-05
-0.0001183416319333857
8.518726607120336e-05
1.398578521897406e-05
-7.634275679775524e-05
-9.117116719332868e-05
7.246321303416723e-05
6.587640249694889e-05
7.730062523134364e-05
6.025868526731853e-05
-1.074589506347004e-06
7.16764664247216e-05
-6.116678809822136e-05
-5.823386828019163e-05
6.036661135546866e-05
5.36609758171225e-05
7.511547839836228e-06
-5.251136284804462e-05
-5.717465197736869e-05
-4.539927168533936e-05
9.663935295044643e-06
5.110899941758087e-05
4.746754637228907e-05
4.301185117352442e-05
-4.716212247545901e-05
4.149447815320637e-06
4.447784121394887e-05
3.989924240282659e-05
4.335741980115764e-05
9.854764397483071e-06
-3.751119786776438e-05
3.950081258781633e-05
3.919315739528273e-05
-1.47029349067226e-05
-3.42534822573625e-05
-3.456070527847957e-05
-3.550096556176661e-05
-1.376204270369581e-05
-3.081999294542311e-05
3.549948101772648e-05
-3.160278113270804e-05
-1.265185548114988e-05
3.077230643473162e-05
-3.039612931463384e-05
-3.076318941915068e-05
8.804543318401731e-06
-3.039803346033631e-05
-3.194272555637487e-05

0.002594118025695645
0.001539010782861905
0.0004753185074655493
-0.0004723280101850091
-0.0005227117156424498
0.0002728649041244563
-0.0003711859141582067
0.0002898524782557109
0.0002242871378082199
0.0001476897499200717
-0.0001922552576937969
2.815217581582875e-05
-0.0001977522499522929
9.757410436213047e-05
-0.0001981246034154674
-0.0001454186227764778
0.0001114392125413298
0.0001446555776634226
-0.0001041291469600274
-1.709560538308601e-05
9.331800993923561e-05
0.0001114436030763319
-8.85758272009063e-05
-8.052440127701984e-05
-9.448886595442622e-05
-7.365755215776865e-05
1.313530692891343e-06
-8.761414293639581e-05
7.476757690086358e-05
7.118250541266731e-05
-7.378947623524499e-05
-6.559280388475434e-05
-9.181783909556343e-06
6.418756782858453e-05
6.988776624379901e-05
5.549406209663196e-05
-1.181276715356921e-05
-6.247338078546346e-05
-5.802222961240305e-05
-5.25757848376687e-05
5.764889294711832e-05
-5.072101515771241e-06
-5.436774623520119e-05
-4.877106951986263e-05
-5.299819264658379e-05
-1.204602820971304e-05
4.585202948237488e-05
-4.828404653294075e-05
-4.790798243045319e-05
1.797221744814893e-05
4.186994198045099e-05
4.22454778156492e-05
4.339481040649142e-05
1.682211242658109e-05
3.767299647853994e-05
-4.339299576548439e-05
3.862984214284164e-05
1.54650686595959e-05
-3.761470659673476e-05
3.715488432005514e-05
3.760356236000231e-05
-1.076228440471936e-05
3.715721186360579e-05
3.90453751735621e-05

0.001723924473930345
0.001022751597242947
0.0003158735261140167
-0.0003138861872955911
-0.0003473687436266694
0.0001813327233522184
-0.0002466720771593517
0.0001926218376128651
0.0001490503062023819
9.814741346144654e-05
-0.0001277634790310381
1.870856468461654e-05
-0.0001314165123138793
6.484299668156466e-05
-0.0001316639602871367
-9.663813299410121e-05
7.405707217350538e-05
9.613105038164889e-05
-6.919915867958037e-05
-1.136090656809314e-05
6.201460365298572e-05
7.405998990913737e-05
-5.886318000857384e-05
-5.351259454456861e-05
-6.279269752533062e-05
-4.894922112130723e-05
8.729085131456384e-07
-5.822409149245115e-05
4.968688949346674e-05
4.730442562015728e-05
-4.903689143684526e-05
-4.358978227297114e-05
-6.101766318733541e-06
4.265593084263442e-05
4.64440050385389e-05
3.687865041549957e-05
-7.850189620974407e-06
-4.151676563606392e-05
-3.855874739307539e-05
-3.493930550572952e-05
3.83106460315029e-05
-3.370671592691117e-06
-3.61301557596124e-05
-3.241087704262158e-05
-3.522001715900293e-05
-8.005203556146943e-06
3.047102522746201e-05
-3.208722528967364e-05
-3.18373114061822e-05
1.194346024458427e-05
2.782472385107093e-05
2.807428667387141e-05
2.883807712686075e-05
1.117915647172151e-05
2.503563831418994e-05
-2.883687120485857e-05
2.567151133235569e-05
1.0277331289158e-05
-2.499690169813367e-05
2.469132621219788e-05
2.498949578132284e-05
-7.152089957698688e-06
2.469287298421995e-05
2.594765434293724e-05

0.0003417035108638951
0.000202722228731445
6.261010531176565e-05
-6.221618976501113e-05
-6.885285350738922e-05
3.594242621469913e-05
-4.889350784903447e-05
3.818007063343906e-05
2.954364515083915e-05
1.945405165317395e-05
-2.532432830166912e-05
3.708272800015947e-06
-2.60484054390353e-05
1.285269740999281e-05
-2.609745273923346e-05
-1.915489328378013e-05
1.467904304900016e-05
1.905438313285867e-05
-1.371614350116005e-05
-2.251874556929347e-06
1.229207434172154e-05
1.467962138085874e-05
-1.166742254297639e-05
-1.060686921485431e-05
-1.244630233253623e-05
-9.702351213268154e-06
1.730214450317989e-07
-1.154074716187381e-05
9.848566361571592e-06
9.376332059921565e-06
-9.719728572348441e-06
-8.640043033027363e-06
-1.209446820386173e-06
8.454941935397598e-06
9.205785879986715e-06
7.309812299474857e-06
-1.556006307127966e-06
-8.22914506527249e-06
-7.642828649340151e-06
-6.925409749090471e-06
7.593651839366439e-06
-6.681094993496216e-07
-7.161451245574972e-06
-6.424243430081504e-06
-6.981050329009874e-06
-1.586732018529046e-06
6.039740404701228e-06
-6.36009158242704e-06
-6.31055550778662e-06
2.367344021826528e-06
5.515210191909414e-06
5.564676681914552e-06
5.716069555130221e-06
2.215849402133324e-06
4.962378362881591e-06
-5.715830526243829e-06
5.088416391856395e-06
2.037096309563265e-06
-4.954700278414324e-06
4.894131374191932e-06
4.953232332593951e-06
-1.417634174530168e-06
4.894437963845363e-06
5.143151409345878e-06

0.0004180601654355058
0.0002480222935569606
7.660088396087392e-05
-7.611894452081425e-05
-8.423862914151773e-05
4.397407744339979e-05
-5.981919216591823e-05
4.671174318647119e-05
3.614543247755769e-05
2.380123058128814e-05
-3.098327217240068e-05
4.536918969104029e-06
-3.186915071393907e-05
1.572474567767672e-05
-3.192915806454209e-05
-2.343522264330976e-05
1.795920431131916e-05
2.331225261519787e-05
-1.678113639143137e-05
-2.75507573051265e-06
1.503884645446632e-05
1.795991187644077e-05
-1.427461071783077e-05
-1.297706742168054e-05
-1.522753804613212e-05
-1.187042691797038e-05
2.116846085397597e-07
-1.411962860879768e-05
1.204931512703803e-05
1.147155591766154e-05
-1.18916874008149e-05
-1.057073663249141e-05
-1.47970834873195e-06
1.03442730667658e-05
1.126289969403016e-05
8.943254143037773e-06
-1.903709600557852e-06
-1.006801990024152e-05
-9.350685924958085e-06
-8.47295346219182e-06
9.290520124309366e-06
-8.174044425838783e-07
-8.761740506923741e-06
-7.859797121706109e-06
-8.541027419040146e-06
-1.941301242386208e-06
7.389373513861162e-06
-7.781309979530012e-06
-7.720704633411827e-06
2.896347862820033e-06
6.747632412086342e-06
6.808152624318464e-06
6.993375566489255e-06
2.711000438053583e-06
6.07126544911605e-06
-6.993083124475511e-06
6.225467784050635e-06
2.492303394921249e-06
-6.06187162909654e-06
5.987768070586975e-06
6.060075657856112e-06
-1.734416998034034e-06
5.988143170390051e-06
6.292433822554725e-06

-0.003995260903429007
-0.002370265943884083
-0.0007320489780118832
0.0007274432442911688
0.0008050403491993436
-0.0004202455218180578
0.0005716719733065375
-0.0004464084758928147
-0.0003454297853648483
-0.0002274603845499593
0.0002960967492358245
-4.33578142047881e-05
0.0003045627935866151
-0.0001502761248653924
0.0003051362637290541
0.0002239625693412853
-0.0001716300972295824
-0.0002227873859928136
0.0001603716969065794
2.632933549318935e-05
-0.000143721215844052
-0.0001716368591936807
0.0001364176710154384
0.0001240174845583027
0.0001455244781531406
0.0001134416921139461
-2.022998865425795e-06
0.0001349365589359974
-0.0001151512667801314
-0.0001096298156314762
0.0001136448714233088
0.0001010209876001067
1.414107681848168e-05
-9.885675119310398e-05
-0.0001076357580249013
-8.546768283899966e-05
1.819311469349894e-05
9.62166922571979e-05
8.936137184355097e-05
8.097317683635323e-05
-8.878638744888657e-05
7.811660334440499e-06
8.373301784629425e-05
7.511344716818586e-05
8.162373682918272e-05
1.855236541712879e-05
-7.061776639274113e-05
7.436337185183999e-05
7.378418686836456e-05
-2.767942591942729e-05
-6.448486173966559e-05
-6.506323312650987e-05
-6.683334671415804e-05
-2.590812269344113e-05
-5.80210493334647e-05
6.683055194375094e-05
-5.949470937334118e-05
-2.381810834067426e-05
5.793127574431418e-05
-5.722309286814733e-05
-5.791411224872025e-05
1.657524202362336e-05
-5.722667757157126e-05
-6.013468136199213e-05

-0.003467941415321697
-0.002057423440122895
-0.000635428581575712
0.0006314307413583753
0.000698786095695876
-0.0003647788930293926
0.0004962191356532905
-0.0003874886970136039
-0.0002998378047663074
-0.0001974387422981
0.0002570160508755793
-3.763517907667475e-05
0.0002643646938146846
-0.0001304417432932236
0.00026486247378592
0.0001944025905877766
-0.0001489772850096384
-0.0001933825152777488
0.0001392048386803607
2.285422534392074e-05
-0.0001247519921059791
-0.0001489831544875357
0.0001184124147411954
0.0001076488823432683
0.000126317248592542
9.846894904121814e-05
-1.755990839681177e-06
0.0001171267890849269
-9.995288336507531e-05
-9.516018782558251e-05
9.864531147626615e-05
8.768760668783973e-05
1.227464917596849e-05
-8.580901971944354e-05
-9.342931839659884e-05
-7.418712423374649e-05
1.579187378353624e-05
8.351741225152687e-05
7.756689984386795e-05
7.028583120566171e-05
-7.706780548087963e-05
6.780628612506787e-06
7.26814111613586e-05
6.519950525851013e-05
7.085052622727253e-05
1.610370835282135e-05
-6.129719251142879e-05
6.454842956727824e-05
6.404568903547207e-05
-2.402612240315027e-05
-5.597374692010637e-05
-5.647578123883516e-05
-5.801226417923498e-05
-2.248860684034178e-05
-5.036306884769643e-05
5.80098382800629e-05
-5.164222603114941e-05
-2.067444563592092e-05
5.02851441375994e-05
-4.967043166065854e-05
-5.027024598730858e-05
1.438753805374473e-05
-4.967354323253947e-05
-5.219773051950965e-05

