-0.7656157824398667
-0.454252741615386
-0.1402678028875573
0.139424405804399
0.1542565216742184
-0.08055324656344356
0.1095329975309402
-0.08556763662441216
-0.06617951067872066
-0.04360720043368745
0.05672632096575807
-0.008312490973156148
0.05838089464736133
-0.02878363680990655
0.05849038768591469
0.04290513524799275
-0.03290418582560881
-0.04268129566998623
0.03074592084921735
0.005042832194053106
-0.02753015076297652
-0.0329037230636737
0.02613118152303146
0.02377740683325144
0.02787725991630483
0.02174984432773393
-0.0003878010328454245
0.02584896934685404
-0.022076712264826
-0.02100000498236133
0.02178740518546357
0.01935100013523536
0.002708002151337523
-0.01895282165729996
-0.0206190848741247
-0.01638643172233416
0.003484497483281823
0.01843149029232945
0.01713209351871699
0.01551053581309519
-0.01702136304213552
0.001495242987988345
0.01604005228757265
0.01440078667685748
0.01563610197400262
0.003557414041393505
-0.01353848680427077
0.0142451204974797
0.01414527996843663
-0.005302881191797108
-0.01235252693740389
-0.0124736734790982
-0.01280278037741351
-0.004968080602929826
-0.01112279445226663
0.01280248383917134
-0.01140593967637174
-0.004562608604474292
0.01109766410450116
-0.01097038759963978
-0.01109439254277863
0.003175189365913145
-0.01097080487265036
-0.01152006069779

-0.4547228533758467
-0.2697947293653694
-0.08330937923270076
0.08280845966300475
0.09161771125467813
-0.04784306040465522
0.06505502932206936
-0.05082126149292081
-0.03930605483990476
-0.0258996628122315
0.03369151357989449
-0.004937045056634141
0.03467421597826762
-0.01709549066376684
0.03473924727469013
0.02548268462056563
-0.01954281195583813
-0.0253497393836097
0.01826095174483839
0.002995093749333468
-0.01635100659617314
-0.01954253710722337
0.01552011556812241
0.01412213610154142
0.01655716544014273
0.01291790412375216
-0.0002303270076744435
0.01535250104270035
-0.01311204108439642
-0.01247255138348391
0.01294021267693373
0.01149315648787557
0.001608366093603844
-0.01125666599513194
-0.01224631116939917
-0.009732407769447485
0.002069550647360289
0.01094703120014698
0.0101752793343846
0.009212186143606367
-0.01010951308528573
0.0008880709797040885
0.009526682327864041
0.008553071865476939
0.009286763763713662
0.002112858042693561
-0.008040925345619206
0.008460616914992402
0.008401318541985706
-0.003149544878712223
-0.007336547161388943
-0.007408499833190921
-0.00760396658204003
-0.002950696471231714
-0.006606171067599568
0.007603790458829718
-0.006774339758962228
-0.00270987413145225
0.006591245378096379
-0.006515651931901761
-0.006589302296570953
0.00188584300584059
-0.006515899763226273
-0.006842119757340431

-0.1378810883307715
-0.08180717251100053
-0.02526107450175377
0.02510918564253911
0.02778032738929807
-0.01450697537784745
0.01972598952905672
-0.01541002567380215
-0.01191838408622374
-0.007853297166476382
0.0102159425799995
-0.001497011070575486
0.01051391765469794
-0.005183695608802971
0.01053363644792149
0.007726861016520804
-0.005925772504089751
-0.007686549354536696
0.005537086781190548
0.0009081724895616376
-0.004957953109342409
-0.005925689164482514
0.004706010286628451
0.004282114876743966
0.005020464605222186
0.003916967590948246
-6.983976779340591e-05
0.004655186201110649
-0.003975833810710935
-0.003781927708818097
0.003923731991654351
0.003484955535311233
0.0004876888543734131
-0.00341324687523693
-0.003713327138799448
-0.002951061213149213
0.0006275292598448617
0.003319359395863678
0.003085348753155847
0.002793319583467331
-0.003065407107527566
0.0002692809307635189
0.002888681133565251
0.002593462916207263
0.002815933013492398
0.0006406609306135818
-0.00243816982060459
0.002565428721093549
0.002547448265209081
-0.0009550051694109587
-0.00222458822927463
-0.002246405722332448
-0.002305675160547084
-0.0008947103444798816
-0.002003123550395143
0.002305621756458867
-0.00205411567013473
-0.0008216881815154384
0.001998597782011086
-0.001975676333145892
-0.001998008600724237
0.0005718254187923036
-0.001975751480571968
-0.00207466792492968

0.1366808123445416
0.08109502854799086
0.02504117298022354
-0.02489060633681654
-0.02753849538564668
0.01438068993588075
-0.01955427176978048
0.01527587904072792
0.01181463272781224
0.007784933012149747
-0.01012701123558739
0.001483979359983655
-0.01042239239161886
0.005138570744804806
-0.01044193952973579
-0.007659597508239472
0.005874187747086446
0.00761963676544843
-0.005488885592923641
-0.0009002667089804113
0.004914793368366138
0.005874105132961499
-0.004665043746502348
-0.004244838411063925
-0.004976760692101814
-0.003882869788302625
6.923180192087568e-05
-0.004614662092431763
0.003941223568610883
0.003749005449026502
-0.003889575303865565
-0.003454618463759511
-0.0004834434482212407
0.003383534038553587
0.003681002057474107
0.002925371773422627
-0.0006220665215512102
-0.003290463864062936
-0.00305849031983058
-0.002769003308782152
0.003038722269282231
-0.0002669367990291605
-0.002863534721983274
-0.0025708864244132
-0.002791419885436634
-0.0006350838791147672
0.00241694517898497
-0.002543096271259659
-0.00252527233799441
0.000946691703181429
0.002205222848111329
0.002226850416549604
0.002285603905230343
0.0008869217539339318
0.0019856860531708
-0.002285550966032845
0.002036234278700807
0.0008145352600784134
-0.001981199682294456
0.001958477768150981
0.001980615629921314
-0.0005668475909640866
0.001958552261407743
0.002056607622970369

0.1491628461591821
0.08850082948793118
0.02732799556004683
-0.02716367879399107
-0.03005337969684272
0.0156939705271936
-0.02134001680058462
0.01667091054122936
0.01289357455355602
0.008495872575910699
-0.01105183524354762
0.001619500068660483
-0.01137419134591267
0.005607837884027137
-0.01139552357760005
-0.008359091120139715
0.006410633271770799
0.008315481062320138
-0.0059901443607089
-0.0009824813176801848
0.005363624597588478
0.006410543113116289
-0.005091067215277771
-0.004632487677084877
-0.005431250932396967
-0.004237463173899138
7.555422331859023e-05
-0.005036084582487655
0.004301145967450615
0.004091374008177355
-0.00424478105392501
-0.003770102866739536
-0.0005275927136863328
0.003692526833941195
0.004017160376736176
0.003192524044249497
-0.000678875192964311
-0.003590957258216376
-0.003337799309432216
-0.003021875620120328
0.003316225991038187
-0.0002913141355016047
-0.003125039878530517
-0.002805666206100557
-0.003046339334650078
-0.0006930813281952311
0.002637666660915577
-0.002775338186618928
-0.002755886527164741
0.001033145958526329
0.002406609316971166
0.0024302119690804
0.002494330973373599
0.0009679176679445073
0.002167023872544895
-0.002494273199635222
0.002222188288523178
0.0008889206583292316
-0.002162127795053696
0.002137330858850607
0.002161490405556297
-0.0006186135314557383
0.002137412155018473
0.002244422177574094

-0.07681719563463862
-0.04557693626568639
-0.01407361172901593
0.01398899043429943
0.01547715404406246
-0.008082219100228969
0.01098986971371915
-0.008585332268912036
-0.00664004652910829
-0.004375279250529674
0.00569157140591926
-0.0008340244022422823
0.005857581189304139
-0.002887973720781479
0.005868567049767122
0.004304838332316712
-0.003301404356781608
-0.004282379640830388
0.003084857275687096
0.000505966878019448
-0.002762206612658073
-0.003301357926083976
0.002621842612523427
0.002385679284948285
0.002797033417889654
0.002182246088793586
-3.890957904823222e-05
0.002593527172259457
-0.002215042014431943
-0.002107011804167981
0.002186014715069353
0.001941560763516498
0.0002717043402309255
-0.001901609975222651
-0.002068792614926342
-0.001644114136932681
0.0003496131231887208
0.001849302780972685
0.001718929271893388
0.001556232109212005
-0.001707819254471877
0.0001500235180152212
0.001609360547190411
0.001444886681831339
0.001568830648279995
0.000356929123770259
-0.001358368797108286
0.001429268091373687
0.00141925070455024
-0.0005320586007759487
-0.001239376852065437
-0.00125153195362922
-0.001284552522915572
-0.0004984667614706341
-0.001115993030762226
0.001284522770088351
-0.001144402087328534
-0.0004577841860278659
0.001113471605673765
-0.001100701461174597
-0.001113143357219045
0.0003185790422457205
-0.001100743327790222
-0.001155852291243213

0.1078382271313863
0.06398223684638038
0.01975694798089506
-0.01963815413112469
-0.02172728175457212
0.01134605568265098
-0.01542790070037365
0.01205234067144199
0.009321491625053592
0.00614214504557457
-0.007989994491929558
0.001170827861900252
-0.008223043883780356
0.004054222019929281
-0.008238466156183621
-0.006043258023272232
0.004634608044951955
0.00601172985495684
-0.004330612915703301
-0.0007102911094582452
0.003877666473224919
0.004634542864180351
-0.003680619382366206
-0.003349086392275715
-0.003926557361545344
-0.003063500918454022
5.462240567782831e-05
-0.003640869338733697
0.003109540798573313
0.00295788482811952
-0.003068791426302351
-0.002725619815663223
-0.0003814265036928663
0.002669535729979022
0.002904231611854562
0.002308055537092737
-0.000490797133051673
-0.002596105360026798
-0.002413083212862694
-0.002184684174888877
0.002397486645293378
-0.0002106074047238354
-0.002259267430818646
-0.002028374205634841
-0.002202370372704591
-0.0005010675487559766
0.001906917867289746
-0.002006448371303469
-0.001992385670541575
0.0007469194333859247
0.001739873492780556
0.001756937180050014
0.001803292421495656
0.000699762226371691
0.001566663673856522
-0.001803250653604224
0.001606545138799085
0.0006426508364717926
-0.001563124023534052
0.001545196920992784
0.001562663218748323
-0.0004472305820746558
0.001545255694573829
0.001622619270120862

-0.08072327546397348
-0.04789447923193232
-0.01478924122376447
0.01470031701836607
0.01626415230306995
-0.00849319209582762
0.01154869392047455
-0.009021888080754659
-0.006977686449423568
-0.0045977579532095
0.005980982286937372
-0.0008764337334842596
0.006155433506653932
-0.003034824381043324
0.006166977987460785
0.004523735182683405
-0.00346927756355298
-0.004500134488536073
0.003241719273594893
0.000531694802609853
-0.002902662137556609
-0.003469228771899704
0.002755160764270489
0.00250698876073876
0.002939259852027279
0.002293211184037873
-4.088809337216064e-05
0.002725405511356833
-0.002327674750659725
-0.002214151309072243
0.002297171441302221
0.002040287243611515
0.0002855202421804055
-0.00199830499651487
-0.002173988711158025
-0.001727715744806041
0.0003673906111232634
0.001943338032213621
0.001806335156754005
0.001635365001285386
-0.001794660205731117
0.0001576520682740994
0.001691194968761585
0.001518357767009113
0.001648604163835732
0.0003750786232325961
-0.001427440531833029
0.001501944986388018
0.001491418225168286
-0.0005591132641407149
-0.001302397961893932
-0.001315171138572897
-0.001349870771753947
-0.0005238133124152052
-0.001172740193049285
0.001349839506023561
-0.001202593822565043
-0.0004810620675028765
0.001170090555943019
-0.001156671061991946
-0.001169745616373338
0.0003347784772901256
-0.001156715057484865
-0.001214626258233397

-0.06550006406134608
-0.03886229144995687
-0.0120002098776042
0.01192805545725153
0.0131969746226421
-0.006891502149343257
0.009370781689274363
-0.007320493920089917
-0.00566179836992786
-0.003730689057683863
0.004853057816255621
-0.000711151342147466
0.004994610125689735
-0.002462501555229502
0.005003977488795953
0.003670625882798208
-0.002815023317044568
-0.003651475929211122
0.002630379142433898
0.0004314250559315758
-0.002355263148895174
-0.002814983726772827
0.002235578344928891
0.002034207897110164
0.002384959077715331
0.001860745597813444
-3.317720595242036e-05
0.002211434490994153
-0.001888709847388044
-0.001796595241609953
0.001863959009348446
0.001655519357855459
0.0002316753630986148
-0.001621454339328139
-0.001764006713441858
-0.001401894203550872
0.0002981061958375931
0.001576853328500868
0.001465687161523023
0.001326959439296844
-0.001456213932946385
0.0001279212285676468
0.001372260703711695
0.001232018032414053
0.001337701892327743
0.0003043443629928103
-0.001158246438111269
0.001218700458567754
0.001210158888242565
-0.0004536728026493155
-0.001056785040585834
-0.00106714938576292
-0.001095305183247913
-0.0004250298977857134
-0.0009515788021548105
0.001095279813769864
-0.0009758024803260221
-0.0003903409030147486
0.0009494288472727215
-0.0009385400706664398
-0.0009491489581851503
0.0002716442263130329
-0.000938575769262357
-0.0009855657772508794

-0.04582975383932349
-0.02719156502069635
-0.008396429417165964
0.008345943675344214
0.00923379399771459
-0.00482191661357484
0.006556644245404897
-0.005122077957446495
-0.003961504913013688
-0.002610326625093745
0.003395637061952418
-0.0004975856347651287
0.003494679827631493
-0.001722988240124638
0.003501234079926542
0.002568301009405178
-0.001969644267085062
-0.002554901974282236
0.001840450545039281
0.0003018638897046613
-0.001647954576648933
-0.001969616566159355
0.00156421229055091
0.001423315358825813
0.0016687325274398
0.001301945485512004
-2.321376633238231e-05
0.001547319072224088
-0.001321511797280515
-0.001257060109052216
0.001304193878116193
0.001158350693759565
0.0001621009843822763
-0.001134515733656231
-0.001234258234804671
-0.0009808916552712617
0.0002085819879567588
0.001103308842846496
0.001025526963685976
0.0009284605340351788
-0.001018898638356194
8.950523179012783e-05
0.0009601573854278165
0.0008620309607369244
0.0009359769232949744
0.0002129467724685328
-0.0008104136981331774
0.0008527127846426755
0.0008467363314741581
-0.0003174304203662119
-0.0007394221511869864
-0.0007466739820819003
-0.0007663743180487921
-0.0002973892601330178
-0.0006658103757064831
0.0007663565672736011
-0.0006827594462693829
-0.000273117709958788
0.0006643060733147341
-0.0006566873028810976
-0.0006641102376590838
0.0001900668068375592
-0.0006567122808393286
-0.0006895907295840996

0.05716280103932554
0.03391565284585601
0.01047274715672241
-0.0104097770080085
-0.01151718010486986
0.006014308105959359
-0.008178009242635354
0.006388695086950703
0.004941128812359368
0.00325582332475631
-0.004235329878809714
0.0006206314949851532
-0.004358864513725958
0.002149058760137658
-0.004367039539524706
-0.003203405371201895
0.002456709319284887
0.003186692945000814
-0.002295567824728967
-0.0003765105422263198
0.002055470337394632
0.002456674768313329
-0.001951019773343873
-0.001775281031576304
-0.002081386380304781
-0.001623898112419987
2.895420103899466e-05
-0.001929949102061683
0.001648302895186963
0.001567913219873505
-0.001626702500581455
-0.001444794368158332
-0.0002021862554839365
0.001415065360952158
0.001539472765981921
0.001223452229920059
-0.0002601613510681774
-0.001376141449279535
-0.001279125216145829
-0.001158055637086537
0.001270857800104461
-0.0001116386043602989
-0.001197590669634829
-0.001075198973817622
-0.001167430722654602
-0.0002656054847962115
0.001010817495296823
-0.001063576545122094
-0.001056122199968883
0.0003959264548276464
0.0009222707470907469
0.0009313158527673245
0.0009558878020134691
0.0003709294003153591
0.0008304558250489093
-0.0009558656617231947
0.0008515961600329637
0.0003406558405140623
-0.0008285795300415953
0.0008190767458896489
0.0008283352670098832
-0.0002370676286311833
0.0008191079005423331
0.0008601167226858558

-0.008105526141679052
-0.004809145209051429
-0.001485006408199552
0.001476077416315078
0.001633104094290977
-0.000852812155643528
0.001159618956696615
-0.0009058991878804894
-0.000700638317748697
-0.0004616666886800925
0.0006005579927356973
-8.800381918815266e-05
0.0006180748602529847
-0.0003047305527998322
0.0006192340561655774
0.0004542339687100296
-0.0003483545461020464
-0.0004518641931740846
0.0003255051305225385
5.338814731164106e-05
-0.0002914599748486794
-0.0003483496468704979
0.000276649175482073
0.0002517299108623484
0.0002951347976263693
0.0002302642341230128
-4.105625147227953e-06
0.0002736614129197329
-0.0002337247644171867
-0.0002223257321282382
0.0002306618885615592
0.0002048678215121568
2.866944847901797e-05
-0.0002006523310061912
-0.0002182929548971113
-0.0001734821221565407
3.689015572709814e-05
0.0001951330286301216
0.0001813763967028003
0.0001642090672475442
-0.0001802041001108325
1.583004348300709e-05
0.0001698150248634429
0.0001524602229304828
0.0001655384282965362
3.766211874236908e-05
-0.0001433311084066636
0.0001508121948788389
0.0001497551894766185
-5.614126969706204e-05
-0.0001307754258771688
-0.0001320579966956715
-0.0001355422307315076
-5.25967569172278e-05
-0.0001177563253909444
0.0001355390912999852
-0.000120753966072337
-4.830405036841307e-05
0.0001174902719793798
-0.0001161428036265021
-0.0001174556361610997
3.361553013985373e-05
-0.0001161472212695579
-0.000121962158149482

0.05866567572807409
0.03480733371676759
0.0107480875238373
-0.01068346181870005
-0.01181997979541342
0.006172431068068291
-0.008393018354710064
0.00655666110621075
0.005071036677105897
0.003341422602204448
-0.00434668149135656
0.0006369485989040978
-0.004473463991537901
0.002205559945463481
-0.004481853948011654
-0.003287626521367415
0.00252129898575393
0.00327047470658013
-0.002355920899060311
-0.0003864094302036442
0.002109510977240748
0.002521263526398697
-0.002002314289730381
-0.00182195517768641
-0.002136108382229268
-0.001666592230375985
2.971543973064879e-05
-0.001980689646670283
0.00169163864248298
0.00160913543168727
-0.001669470349074006
-0.001482779646116726
-0.0002075019608072651
0.001452269029688646
0.00157994724609757
0.00125561817273289
-0.0002670012872225647
-0.001412321764356331
-0.001312754864730789
-0.00118850222951219
0.0013042700889715
-0.000114573709528884
-0.001229076682778942
-0.001103467170857677
-0.001198123796682944
-0.0002725885533834483
0.001037393030452844
-0.001091539175366811
-0.001083888847048976
0.0004063358091062219
0.0009465182880926381
0.0009558011998271802
0.0009810191734092393
0.0003806815537598149
0.0008522894479102176
-0.0009809964510256624
0.0008739855862103679
0.0003496120678328372
-0.0008503638229853485
0.0008406111998905076
0.0008501131380023498
-0.0002433004047043784
0.0008406431736343537
0.0008827301640916399

-0.02405815433729268
-0.01427410826237607
-0.004407673571815936
0.00438117127435437
0.004847244912001187
-0.002531246720146773
0.003441885368699263
-0.00268881527184043
-0.002079576882289323
-0.00137028099774136
0.001782526713895199
-0.0002612056795935298
0.001834518835675539
-0.0009044760996877383
0.001837959465396986
0.001348219811205967
-0.001033957239509645
-0.001341186038864597
0.0009661374882772227
0.0001584622966300987
-0.0008650874644637341
-0.001033942698014378
0.0008211272710366363
0.0007471639645575254
0.0008759947704180601
0.0006834513128525307
-1.218597802493885e-05
0.0008122592405597105
-0.0006937225735270099
-0.0006598889058154336
0.0006846315979673056
0.0006080717750498451
8.509429298195793e-05
-0.0005955597037257657
-0.0006479191489681306
-0.0005149153301894412
0.0001094943183817505
0.0005791777655177908
0.0005383464649607083
0.0004873918132357403
-0.0005348669508805379
4.698542977016927e-05
0.000504030954381732
0.0004525198623065797
0.0004913375130860601
0.0001117855953500402
-0.0004254235773355995
0.0004476283213353466
0.000444491005057984
-0.0001666338874804245
-0.0003881568357541326
-0.0003919636567009873
-0.0004023052728666193
-0.0001561133569168548
-0.0003495146152056427
0.0004022959546652196
-0.0003584119650996008
-0.000143372099301939
0.0003487249374071025
-0.0003447254929503463
-0.0003486221342270792
9.977484472908186e-05
-0.0003447386050341074
-0.0003619980211995665

0.05404150754025118
0.03206373683019588
0.009900897684278355
-0.009841365931032837
-0.01088830085585635
0.00568590536062024
-0.007731460672231829
0.006039849472671974
0.004671325496921629
0.003078043719963418
-0.004004065710911184
0.0005867427943722273
-0.004120854912679943
0.002031712461230534
-0.004128583552816339
-0.00302848797425459
0.002322564198892006
0.003012688106331444
-0.002170221606599037
-0.0003559517192432168
0.001943234301283877
0.002322531534527523
-0.001844487111815987
-0.001678344334246105
-0.001967735235508267
-0.001535227464213389
2.737319804700134e-05
-0.001824566974589744
0.001558299658506713
0.001482299547147213
-0.001537878722745729
-0.001365903425327826
-0.0001911461623924723
0.001337797728303283
0.001455412043814935
0.001156647359930436
-0.00024595561028867
-0.001300999201500585
-0.001209280401877156
-0.001094821655093515
0.001201464416337324
-0.0001055427370532485
-0.001132197933384644
-0.001016489262149354
-0.001103684827440062
-0.0002511024748327975
0.0009556232427506352
-0.001005501459652265
-0.0009984541484204968
0.0003743074535350489
0.0008719114638692425
0.0008804626744070882
0.0009036929072916374
0.0003506753276532719
0.0007851099651388168
-0.0009036719759402416
0.0008050959621803599
0.0003220548125538378
-0.0007833361225536541
0.0007743522244228146
0.0007831051971576898
-0.0002241228877397418
0.0007743816779200226
0.000813151271620595

0.03996403422799583
0.02371133475884435
0.007321776019067056
-0.00727775191365483
-0.008051966865731296
0.004204762723906857
-0.005717463723737204
0.004466506617677186
0.003454474542740759
0.002276232662240512
-0.002961031740330022
0.0004338999814144508
-0.003047398088521208
0.001502464125035323
-0.003053113466439546
-0.002239585877059962
0.00171755081170011
0.002227901775500908
-0.001604892507927349
-0.000263228531897571
0.001437033970077238
0.001717526656197268
-0.001364009803294648
-0.001241146175839534
-0.001455152564811581
-0.001135310351619804
2.024265187023822e-05
-0.00134927873670889
0.001152372384201977
0.001096169824541062
-0.001137270973955324
-0.001010094161442085
-0.0001413537875625065
0.0009893098219774818
0.001076286346962685
0.0008553479868701812
-0.0001818857185066555
-0.0009620970802976564
-0.0008942704519461401
-0.0008096274898533617
0.0008884904815520049
-7.804951690088157e-05
-0.0008372674823875531
-0.0007517001933127244
-0.0008161818614676983
-0.0001856918571613972
0.0007066893897048443
-0.0007435746443585354
-0.0007383631134428104
0.0002768027126875255
0.000644784003479055
0.0006511076773768534
0.000668286580489728
0.0002593266071789103
0.0005805937500204436
-0.0006682711016242036
0.0005953735203524225
0.0002381615565148215
-0.0005792819822880959
0.0005726383331980933
0.0005791112115074154
-0.0001657402830636048
0.0005726601142441828
0.0006013304722741253

-0.02514869308447102
-0.01492114327275931
-0.004607470229014301
0.004579766601569587
0.005066967020331977
-0.002645986304417512
0.003597903544710769
-0.002810697324671484
-0.002173842599270559
-0.001432394844948094
0.001863327361448955
-0.000273045944253228
0.00191767624852896
-0.0009454753475427954
0.001921272839510465
0.001409333640771965
-0.001080825773844954
-0.001401981032614432
0.001009931802308963
0.000165645278001758
-0.0009043012539537085
-0.001080810573194235
0.0008583483767321833
0.0007810323670298764
0.0009157029802033174
0.0007144316668739993
-1.273835960093634e-05
0.0008490783648440541
-0.0007251685163710937
-0.0006898011929567206
0.0007156654534601765
0.0006356352291062291
8.895155577777077e-05
-0.0006225559946328848
-0.0006772888556831823
-0.0005382560699326098
0.0001144576166929295
0.0006054314750065038
0.0005627493211071492
0.0005094849318491501
-0.0005591120831684556
4.9115245341177e-05
0.0005268783132365388
0.0004730322605895969
0.0005136094874219671
0.0001168527555900682
-0.0004447077206055613
0.0004679189896014791
0.0004646394610447069
-0.000174187281159114
-0.0004057517045641314
-0.000409731085952814
-0.0004205414801048063
-0.0001631898625491822
-0.0003653578600880629
0.0004205317395157845
-0.0003746585204221074
-0.0001498710529357522
0.0003645323867659088
-0.0003603516503824778
-0.0003644249235920967
0.0001042975663247261
-0.0003603653568275779
-0.0003784071298529394

-0.03598347653835108
-0.02134960282338434
-0.006592501500175153
0.006552862349756402
0.0072499627827267
-0.003785953639260767
0.005147984324812165
-0.004021626925066546
-0.003110396787067561
-0.002049511921901898
0.002666102614907025
-0.0003906820245459443
0.002743866572521508
-0.001352813439316177
0.002749012678795203
0.002016515284794792
-0.001546476739150956
-0.00200599496064734
0.00144503959675636
0.0002370100487784197
-0.001293900356807836
-0.001546454989620811
0.001228149652632973
0.001117523672514849
0.001310214276088797
0.001022229466829855
-1.822641289142872e-05
0.001214885851840665
-0.001037592061247144
-0.0009869874732463943
0.00102399480431832
0.0009094852474706316
0.0001272744555603276
-0.0008907711009653355
-0.0009690844596301544
-0.0007701523335225608
0.0001637692643141965
0.0008662688436058634
0.0008051979848420044
0.0007289857580377874
-0.0007999937197299704
7.027551183171709e-05
0.0007538727105710594
0.0006768282229875254
0.00073488729129808
0.0001671962982368285
-0.0006363006529639442
0.0006695120071497585
0.0006648195629544124
-0.000249232193649953
-0.0005805612598850529
-0.0005862550737287058
-0.0006017228979627446
-0.0002334967694191663
-0.0005227645803469583
0.0006017089608462594
-0.0005360722338224918
-0.0002144398318822243
0.0005215834692722803
-0.0005156015508853682
-0.0005214297078591324
0.0001492319707529008
-0.0005156211624630961
-0.0005414358524823728

0.02459049040394691
0.01458995221868132
0.004505202400477346
-0.004478113685270871
-0.004954500159195631
0.002587255751589576
-0.003518044150182018
0.002748310831047673
0.002125591791092161
0.001400601278605614
-0.001821968777750528
0.0002669853916242341
-0.001875111331985887
0.0009244894906798503
-0.001878628092707456
-0.001378051943016122
0.001056835666600984
0.001370862534018484
-0.0009875152641097664
-0.0001619686003356039
0.00088422930101916
0.001056820803345293
-0.0008392963980425883
-0.0007636965015283482
-0.0008953779535152934
-0.0006985740765744531
1.245561781189798e-05
-0.0008302321441823431
0.0007090726099829425
0.0006744903028981002
-0.000699780477921508
-0.0006215266117109182
-8.697717895012478e-05
0.0006087376851164167
0.0006622556906015062
0.0005263088892169408
-0.0001119171050158772
-0.0005919932628861409
-0.0005502584859591449
-0.0004981763579329346
0.0005467019804847875
-4.802507888553988e-05
-0.0005151836742439294
-0.0004625327934823213
-0.0005022093644949422
-0.0001142590811920556
0.0004348369475655955
-0.0004575330171223266
-0.0004543262812797737
0.0001703210044135203
0.0003967456028015719
0.0004006366574787873
0.0004112071031383918
0.0001595676855079222
0.0003572483437737592
-0.0004111975787522991
0.0003663425658046609
0.000146544501404809
-0.0003564411927326512
0.0003523532523544563
0.0003563361148212901
-0.0001019825680503405
0.0003523666545700887
0.0003700079707593557

0.004930338555808485
0.002925252923771524
0.0009032830468973071
-0.0008978518198353076
-0.00099336624680266
0.0005187390156217496
-0.0007053600164028132
0.0005510302003367608
0.000426176419801615
0.0002808174368140021
-0.0003653006818843998
5.352997636640876e-05
-0.0003759556456440423
0.0001853580837741646
-0.0003766607483366803
-0.000276296345252058
0.000211893197272521
0.0002748548847609284
-0.0001979946109701195
-3.247434361603741e-05
0.0001772860054182591
0.000211890217222847
-0.0001682770584499662
-0.0001531194475818459
-0.0001795212854124531
-0.0001400625464251785
2.497323628997708e-06
-0.0001664596957400694
0.0001421674789903975
0.0001352338034448355
-0.0001403044272083637
-0.0001246147013272733
-1.743873065600428e-05
0.0001220505500299234
0.0001327807909294227
0.0001055237600448862
-2.243913028372442e-05
-0.0001186933306673708
-0.000110325600848863
-9.988325018178915e-05
0.0001096125294225553
-9.628921350718553e-06
-0.000103293179221787
-9.273679489813774e-05
-0.0001006918590148777
-2.290869129077121e-05
8.718383947844833e-05
-9.173435087382373e-05
-9.109140747965886e-05
3.414898203048133e-05
7.954660969378049e-05
8.03267574899994e-05
8.244610830143248e-05
3.199296554067785e-05
7.162749723051433e-05
-8.244419868308638e-05
7.345086849235493e-05
2.938184613439328e-05
-7.146566524461546e-05
7.064604230375357e-05
7.144459735749748e-05
-2.044727774925312e-05
7.064872941819854e-05
7.41857740217558e-05

-0.02090985258217965
-0.01240616779341342
-0.003830875940227177
0.003807841790345766
0.004212924030605716
-0.002200002337059954
0.002991472855949815
-0.002336951129611814
-0.001807438984400826
-0.001190963082922208
0.001549261439128462
-0.0002270237432744584
0.001594449760168557
-0.0007861144144073178
0.001597440141695844
0.001171788870645094
-0.0008986513741372903
-0.001165675552861492
0.000839706661233214
0.0001377255801053894
-0.0007518802605980231
-0.0008986387355733263
0.0007136727925120175
0.0006493884831967895
0.0007613602130656237
0.0005940134059530711
-1.059129476429364e-05
0.0007059652515531534
-0.000602940547392469
-0.0005735344261147948
0.000595039236422693
0.0005284981963877453
7.395867101409001e-05
-0.0005176234815941626
-0.0005631310573603976
-0.0004475324040081074
9.516565667720582e-05
0.0005033853190095325
0.0004678972901512812
0.0004236106736054204
-0.0004648731127577394
4.083681550258495e-05
0.0004380723809988508
0.0003933021410823924
0.0004270400306978921
9.715709221958031e-05
-0.000369751734167142
0.0003890507176697633
0.0003863239573394461
-0.0001448278190240381
-0.0003373617984404948
-0.0003406704506207784
-0.0003496587406808183
-0.0001356840276888016
-0.0003037763818788169
0.0003496506418789933
-0.0003115094054538431
-0.0001246101184143746
0.0003030900430134742
-0.000299613974449274
-0.0003030006928785444
8.671809422483841e-05
-0.0002996253706576582
-0.0003146261825492834

-0.02800648975209167
-0.016616722179334
-0.005131044675700997
0.005100192919095608
0.005642756840381717
-0.002946665580988583
0.004006754880483335
-0.003130093701301519
-0.002420869357887465
-0.001595166453034778
0.00207506841321578
-0.000304073790788695
0.002135593289951713
-0.001052915375876071
0.002139598583116476
0.001569484666062189
-0.001203646482037999
-0.00156129653698825
0.001124696403772848
0.0001844685433655038
-0.001007062423347186
-0.001203629554046227
0.0009558876453709328
0.0008697857542657063
0.001019759796061357
0.000795616817528616
-1.41858957212538e-05
0.0009455642264937096
-0.0008075737595615633
-0.0007681874352929463
0.0007969908066768851
0.0007078662684474621
9.905965399298673e-05
-0.0006933007622000588
-0.0007542532461703563
-0.0005994213319928776
0.0001274641214234893
0.0006742302808108862
0.0006266978980436046
0.0005673807571135376
-0.0006226473389662217
5.469650493165892e-05
0.0005867506526360707
0.0005267857504214345
0.000571974010647579
0.0001301314343033747
-0.0004952425232590642
0.000521091427815781
0.0005174392267803967
-0.000193981225519144
-0.0004518597017190305
-0.0004562912840563356
-0.0004683301280640243
-0.0001817341043441153
-0.0004068756626848142
0.0004683192805932334
-0.000417233212775582
-0.0001669017985977479
0.0004059563858836025
-0.0004013005673769482
-0.0004058367110256915
0.0001161495236604246
-0.0004013158313676337
-0.0004214077991547761

0.01768427381644221
0.01049237757220913
0.003239920454606152
-0.003220439580122244
-0.003563033351492673
0.001860627356050427
-0.002530004689949801
0.001976450264738757
0.001528621293767481
0.00100724369915557
-0.001310270524152558
0.0001920027902215145
-0.00134848804096366
0.0006648474684742567
-0.001351017122674641
-0.0009910273237034252
0.0007600243427497661
0.0009858570536027602
-0.000710172511469344
-0.0001164798680688803
0.0006358943160090567
0.0007600136538257907
-0.0006035807774601126
-0.0005492130422709993
-0.0006439118797171019
-0.0005023801904019853
8.957469018315807e-06
-0.000597062210950277
0.0005099302203695191
0.000485060322386694
-0.0005032477750414326
-0.0004469714351015175
-6.254971832886857e-05
0.0004377742667652034
0.0004762617896882009
0.0003784955222953145
-8.048528912324378e-05
-0.0004257325001004465
-0.0003957188968448161
-0.0003582639865185177
0.0003931612326581454
-3.453727970109129e-05
-0.0003704948137036017
-0.0003326308843239808
-0.0003611643269011036
-8.216952344679702e-05
0.0003127133912311246
-0.0003290352905509976
-0.0003267291635171768
0.000122486507152228
0.0002853199655703685
0.0002881182211242712
0.0002957199668534538
0.0001147532479598254
0.0002569154753721955
-0.0002957131173824222
0.000263455593519497
0.0001053876131205902
-0.000256335011957766
0.0002533951658707207
0.000256259445081063
-7.334085771695342e-05
0.0002534048040863946
0.0002660915728677063

0.01768020640656984
0.01048996430941031
0.00323917526797407
-0.003219698874120868
-0.003562213848403437
0.001860199408928933
-0.002529422785023531
0.001975995678172204
0.001528269708545249
0.001007012031572914
-0.001309969159939293
0.0001919586292877813
-0.001348177886663391
0.0006646945525454003
-0.00135070638668176
-0.0009907993859118243
0.0007598495359950931
0.0009856303049811679
-0.0007100091707115695
-0.000116453077522085
0.0006357480593493054
0.0007598388495295282
-0.0006034419529633913
-0.0005490867224360292
-0.0006437637790054801
-0.0005022646421940868
8.955408786818896e-06
-0.0005969248857337348
0.0005098129356433153
0.000484948757774887
-0.0005031320272878378
-0.0004468686309916631
-6.253533179852798e-05
0.0004376735780180789
0.0004761522487522294
0.0003784084677495603
-8.046677738434835e-05
-0.0004256345809779402
-0.0003956278808967014
-0.0003581815852567561
0.0003930708049767356
-3.452933607423501e-05
-0.0003704095993329733
-0.0003325543787147336
-0.0003610812585566336
-8.215062433143894e-05
0.0003126414666755746
-0.0003289596119337811
-0.0003266540153126738
0.0001224583350693048
0.0002852543415443795
0.0002880519534952475
0.0002956519508113295
0.0001147268545382836
0.0002568563844221614
-0.0002956451029156932
0.0002633949983323039
0.0001053633738093003
-0.0002562760545151705
0.0002533368845971948
0.0002562005050189897
-7.332398920813179e-05
0.0002533465205960999
0.0002660303714012685

0.02571760789128361
0.015258690011823
0.004711700616907167
-0.004683370276826635
-0.005181592164221038
0.002705843919370177
-0.003679295472044937
0.002874281039344829
0.002223019359201045
0.001464798542181281
-0.00190547963243699
0.0002792228012414729
-0.001961058002355725
0.0009668639311521879
-0.001964735955573515
-0.001441215646461027
0.001105276260566081
0.001433696707288397
-0.001032778522585287
-0.0001693925125406131
0.0009247583954627765
0.001105260716045631
-0.0008777659702938678
-0.0007987009145248721
-0.0009364180520495713
-0.0007305935704914079
1.302652731474708e-05
-0.0008682862518025271
0.0007415733094556238
0.0007054059049437781
-0.000731855267850626
-0.0006500145963503561
-9.096382166378001e-05
0.0006366394828776602
0.0006926105130432586
0.0005504325216876381
-0.0001170468817760751
-0.0006191275716382257
-0.0005754798602338869
-0.0005210105216921774
0.0005717603405434165
-5.02263325146249e-05
-0.0005387973768944331
-0.0004837332165500208
-0.00052522838313716
-0.0001194962036073998
0.0004547679176150174
-0.000478504272927421
-0.0004751505547357098
0.0001781277532576049
0.0004149306369183232
0.000419000040042307
0.0004300549873918115
0.0001668815505751298
0.0003736230011707349
-0.0004300450264505374
0.0003831340614395068
0.0001532614422828916
-0.000372778853956063
0.0003685035407758755
0.0003726689597459106
-0.000106656990315439
0.0003685175572888748
0.0003869674720724953

0.01657790531072972
0.009835950499407517
0.00303722364108719
-0.003018961534543883
-0.003340121858162032
0.001744222264783122
-0.002371721825902252
0.0018527990281254
0.001432987259023518
0.0009442282359313928
-0.001228297011587891
0.0001799906577294032
-0.001264123553377805
0.0006232530944073924
-0.001266494409968261
-0.0009290263939153334
0.0007124754863409953
0.0009241795877048952
-0.0006657424993315268
-0.0001091926218455646
0.0005961113171991227
0.0007124654661403701
-0.0005658193873252561
-0.0005148530216559508
-0.0006036272838344138
-0.0004709501398200042
8.397069325593754e-06
-0.00055970863720423
0.0004780278226920493
0.0004547138422524492
-0.000471763446385625
-0.0004190078826320339
-5.863646528163759e-05
0.0004103861101245989
0.0004464657658279636
0.0003548159791166186
-7.544994585818179e-05
-0.0003990977038481814
-0.0003709618200697749
-0.0003358501743637421
0.0003685641691884427
-3.237654870750172e-05
-0.0003473158131030486
-0.0003118207375085862
-0.0003385690628366084
-7.702881064091161e-05
0.0002931493282131147
-0.0003084500922832071
-0.0003062882418166202
0.000114823471887408
0.0002674696977428456
0.0002700928880468299
0.0002772190512244563
0.0001075740230287435
0.0002408422572388726
-0.000277212630271999
0.000246973210677598
9.879432366697666e-05
-0.0002402981089395827
0.0002375421863291774
0.0002402272696990337
-6.875248637627107e-05
0.0002375512215561278
0.000249444277145404

-0.001691212250838612
-0.00100342471931358
-0.0003098455283739236
0.0003079825005841189
0.0003407460049943526
-0.0001779386482848396
0.0002419536685948989
-0.0001890152197141375
-0.0001461876854962311
-9.632642546011901e-05
0.0001253059970323854
-1.836193413356707e-05
0.0001289608789513639
-6.358181259206292e-05
0.0001292027443524183
9.477559373719354e-05
-7.268392769380819e-05
-9.428114176115564e-05
6.791641342320992e-05
1.113939887487968e-05
-6.081291596341255e-05
-7.268290547264954e-05
5.772265323447726e-05
5.252326643710218e-05
6.157966511612997e-05
4.804446828885971e-05
-8.566357599701861e-07
5.709925870607816e-05
-4.876650546771698e-05
-4.638810550726199e-05
4.812743860401991e-05
4.274552490335297e-05
5.981859986015576e-06
-4.186596581466343e-05
-4.554666941305657e-05
-3.619692110842307e-05
7.697104692600234e-06
4.071436730871201e-05
3.784405586443678e-05
3.426210481266617e-05
-3.759945701624699e-05
3.302927287116234e-06
3.543178387256229e-05
3.181071682198202e-05
3.453947504783721e-05
7.858174225376464e-06
-2.990593358490905e-05
3.146685694388475e-05
3.124631352022704e-05
-1.17138358978643e-05
-2.728619937638978e-05
-2.755380686325478e-05
-2.828078981090609e-05
-1.097427583331396e-05
-2.456977334149844e-05
2.82801347706983e-05
-2.519522893263065e-05
-1.007860567225131e-05
2.451426148689701e-05
-2.423311317568231e-05
-2.450703474812331e-05
7.013856398381605e-06
-2.423403491377728e-05
-2.544731734815633e-05

0.0205938229022923
0.01221866206036105
0.003772976416912091
-0.003750290403156559
-0.004149250265925396
0.002166751694493336
-0.002946259997306602
0.00230163065499355
0.001780121509950842
0.001172962971234997
-0.001525846037478141
0.0002235925263094929
-0.001570351386192727
0.0007742331500244508
-0.001573296571356392
-0.001154078556322092
0.0008850692360046612
0.001148057634687746
-0.0008270154083273602
-0.0001356440077546299
0.00074051640821633
0.0008850567884589304
-0.0007028864044551078
-0.0006395736825585279
-0.0007498530815128451
-0.0005850355393805229
1.043121886319382e-05
-0.0006952953545953972
0.0005938277567865526
0.0005648660770493722
-0.0005860458655384199
-0.0005205105209525376
-7.284086614036894e-05
0.0005098001656457557
0.0005546199438989043
0.0004407684384650156
-9.372733128025566e-05
-0.0004957771974027618
-0.000460825531503231
-0.0004172082589997141
0.00045784706126174
-4.021961145104431e-05
-0.0004314513934145698
-0.0003873578069818466
-0.0004205857850896643
-9.56886684403146e-05
0.0003641633388532295
-0.0003831706392100787
-0.0003804850908964144
0.0001426389040566048
0.0003322629417772261
0.0003355215872783033
0.0003443740291100549
0.0001336333111824387
0.0002991851322587759
-0.0003443660527126655
0.0003068012795931662
0.0001227267720025145
-0.0002985091666590219
0.0002950856350904404
0.0002984211669542473
-8.54074445466571e-05
0.00029509685905757
0.0003098709499925571

-0.01405393349437852
-0.008338435500846519
-0.002574808955613867
0.002559327239076175
0.002831591179818041
-0.001478665926075015
0.00201062921904993
-0.001570711970641414
-0.001214816182088538
-0.0008004702996287098
0.001041289848665614
-0.0001525872349929011
0.001071661830300665
-0.0005283633471653516
0.001073671726015799
0.0007875829249765444
-0.0006040017067131318
-0.0007834740408405093
0.0005643837767568585
9.256813914246967e-05
-0.0005053538821783351
-0.0006039932120794598
0.0004796738725580284
0.0004364670921994481
0.0005117255493617778
0.0003992483863395447
-7.118622747421902e-06
0.0004744934788840617
-0.000405248498085516
-0.0003854840511034226
0.0003999378676804768
0.0003552142931061322
4.970911390597587e-05
-0.0003479051780429364
-0.0003784917372161746
-0.000300795551656336
6.396275653469829e-05
0.0003383354219071077
0.0003144832022197498
0.0002847172743548515
-0.0003124505916215618
2.744724703055374e-05
0.0002944372794635819
0.0002643462985807843
0.000287022214397672
6.53012405130412e-05
-0.0002485175952816294
0.0002614888311901152
0.0002596561205965054
-9.73416971114535e-05
-0.0002267476664501806
-0.0002289714782879157
-0.000235012689254662
-9.119597060253709e-05
-0.0002041742308468781
0.000235007245886666
-0.0002093717519009911
-8.375297291263923e-05
0.0002037129286578867
-0.0002013765928931097
-0.000203652874630756
5.828497949497027e-05
-0.000201384252514527
-0.000211466600625699

-0.01156348396003684
-0.006860809836933279
-0.002118535858328407
0.002105797603879306
0.002329814581967912
-0.00121663658969633
0.001654332485162612
-0.001292371469212931
-0.0009995427573064842
-0.0006586216929192081
0.0008567664325157921
-0.0001255477724476462
0.0008817562990619544
-0.0004347338837529956
0.0008834100280248598
0.000648018045894979
-0.0004969686280503026
-0.0006446372830771906
0.0004643712560930392
7.616445549657074e-05
-0.0004158018474364509
-0.0004969616387217324
0.0003946725045761379
0.0003591222501337627
0.0004210444132493859
0.0003284989439685847
-5.857155933624436e-06
0.0003904101107645564
-0.0003334357964135295
-0.0003171737395489545
0.0003290662446769316
0.0002922679819391385
4.090033167933735e-05
-0.0002862540901820852
-0.0003114205097139486
-0.0002474925997208967
5.262813500039164e-05
0.000278380157832662
0.0002587547084966343
0.0002342634990029133
-0.0002570822898774192
2.258341416742452e-05
0.0002422610552181714
0.0002175023942411954
0.0002361599884963896
5.372943080633635e-05
-0.0002044786413693653
0.0002151512888832837
0.0002136433466718868
-8.009210756841248e-05
-0.0001865664872415341
-0.0001883962249819444
-0.0001933668935951948
-7.503544425510386e-05
-0.0001679932130314071
0.0001933624148278408
-0.0001722696991386703
-6.891139475420924e-05
0.0001676136566271339
-0.0001656913349403305
-0.0001675642445689562
4.795649742975612e-05
-0.0001656976372264198
-0.0001739933268786819

0.01421982127026395
0.008436859512895715
0.002605201111030073
-0.002589536653660028
-0.002865014303900482
0.001496119587845328
-0.002034361991758234
0.001589252112123673
0.001229155452630282
0.0008099187745147678
-0.001053580874314702
0.0001543883220018206
-0.001084311356328271
0.0005345999655865508
-0.001086344976158614
-0.0007968792817441377
0.000611131134200184
0.0007927218977592246
-0.0005710455678853551
-9.36607814782314e-05
0.0005113189048236582
0.000611122539298807
-0.0004853357772411604
-0.0004416189989734179
-0.0005177657809654101
-0.0004039609763672164
7.202648511127292e-06
-0.0004800942359900948
0.0004100319113594897
0.0003900341716730857
-0.000404658596107785
-0.0003594071199093653
-5.029586311398135e-05
0.0003520117305770451
0.0003829593229282464
0.0003043460384350487
-6.47177508162247e-05
-0.0003423290163457005
-0.0003181952532971238
-0.0002880779787027393
0.0003161386504655666
-2.777122485255844e-05
-0.0002979127153938265
-0.0002674665509680439
-0.0002904101254616003
-6.607203379705016e-05
0.0002514510111233018
-0.0002645753550193973
-0.0002627210117430358
9.849068487645379e-05
0.0002294241175725759
0.0002316741785169685
0.0002377866978510768
9.227241633491794e-05
0.0002065842329335605
-0.0002377811902313354
0.000211843103730733
8.474156407152413e-05
-0.0002061174856929564
0.0002037535726278958
0.0002060567228088843
-5.89729552577761e-05
0.0002037613226608879
0.0002139626793260812

0.007658252231701755
0.004543770063292762
0.001403061743420624
-0.00139462546540042
-0.001542987198622136
0.0008057528259141347
-0.001095629612170382
0.0008559104438152934
0.0006619761464864982
0.0004361912955539341
-0.000567418389348395
8.314764925996699e-05
-0.0005839686523927967
0.0002879151081934464
-0.0005850638823046621
-0.0004291687231380582
0.0003291318704644018
0.000426929715025764
-0.0003075433165819601
-5.04421170383204e-05
0.0002753768187062571
0.0003291272415790519
-0.0002613832993072997
-0.0002378391134579759
-0.000278848859786184
-0.0002175579418325574
3.87907119127042e-06
-0.0002585604055294607
0.0002208275153784376
0.0002100574971290864
-0.0002179336531605717
-0.0001935629376644132
-2.708742948432042e-05
0.0001895800636336252
0.0002062472540072188
0.0001639091437055274
-3.485450697297527e-05
-0.0001843653238376011
-0.0001713678014909745
-0.0001551477885250918
0.0001702601938126016
-1.495652024466059e-05
-0.0001604444018075229
-0.0001440472613491277
-0.0001564037936309774
-3.558387202358048e-05
0.0001354219037285017
-0.0001424901737173754
-0.0001414914953047459
5.304331840189312e-05
0.0001235590607654285
0.0001247708575891401
0.0001280628268720772
4.969439663765827e-05
0.0001112583718760403
-0.0001280598606786883
0.0001140905986848335
4.563856744990187e-05
-0.0001110069996520421
0.0001097338864278191
0.0001109742750851043
-3.17605796605247e-05
0.0001097380602993139
0.0001152321210869321

0.001571601101490718
0.0009324574093856743
0.0002879316735340955
-0.0002862004085625441
-0.0003166467109694739
0.0001653539202448953
-0.0002248414720769131
0.0001756471000927961
0.0001358485473582356
8.951372974039587e-05
-0.0001164437183218088
1.706328457325972e-05
-0.0001198401083653981
5.908498277185464e-05
-0.0001200648678122088
-8.807258074067698e-05
6.754334990648618e-05
8.761309892824629e-05
-6.311301854168143e-05
-1.035156381645845e-05
5.65119166240203e-05
6.754239998194221e-05
-5.364021302437404e-05
-4.880855335909765e-05
-5.722443736903862e-05
-4.464651864125845e-05
7.960501133311766e-07
-5.306090813378388e-05
4.531748967099726e-05
4.310730227687595e-05
-4.47236208728212e-05
-3.972234353705983e-05
-5.558792362296429e-06
3.89049913495549e-05
4.232537683146695e-05
3.363689037632835e-05
-7.152726221767149e-06
-3.783483975890744e-05
-3.516753136813899e-05
-3.183891414944322e-05
3.494023179708985e-05
-3.06932743657547e-06
-3.292586754520392e-05
-2.956090081045386e-05
-3.209666734794511e-05
-7.302404096333217e-06
2.779083355136033e-05
-2.924136045543652e-05
-2.903641498669798e-05
1.088537372560839e-05
2.535638029707661e-05
2.560506121870949e-05
2.628062822726605e-05
1.019811911787604e-05
2.283207375525502e-05
-2.628001951493139e-05
2.341329393937663e-05
9.365795315263516e-06
-2.278048798185154e-05
2.251922391207416e-05
2.277377235484785e-05
-6.517800728969235e-06
2.252008046012788e-05
2.364755337748235e-05

-0.008928159757496883
-0.005297227591756885
-0.001635720398844243
0.001625885199422718
0.001798848587937962
-0.0009393644577331538
0.001277309223638315
-0.0009978393175481101
-0.000771746426295338
-0.0005085214555109774
0.0006615089025762359
-9.693536770444193e-05
0.0006808035651202802
-0.0003356577982516109
0.0006820804083646496
0.0005003343853362645
-0.0003837092109118685
-0.0004977241001797557
0.0003585407975240391
5.880653519875007e-05
-0.0003210403831755707
-0.0003837038144549655
0.0003047264288968281
0.0002772780965275769
0.0003250881654251696
0.0002536338582780826
-4.522306951840644e-06
0.0003014354369231462
-0.0002574455994003747
-0.0002448896740257777
0.0002540718708503909
0.0002256599519463012
3.157912413159163e-05
-0.0002210166293493179
-0.0002404476083588901
-0.000191088903374023
4.063415477951376e-05
0.0002149371704095866
0.0001997843715135261
0.0001808747218119197
-0.0001984930979955204
1.74366419543877e-05
0.0001870496306721022
0.000167933481823864
0.0001823390003316436
4.148446468003882e-05
-0.0001578778492235293
0.0001661181946392514
0.0001649539132673914
-6.183907325479453e-05
-0.0001440478846378737
-0.0001454606241649339
-0.0001492984747326047
-5.793482622534341e-05
-0.0001297074695916213
0.0001492950166787521
-0.0001330093422191308
-5.320645089350029e-05
0.0001294144142956351
-0.0001279301907533059
-0.0001293762632720501
3.702718591927045e-05
-0.0001279350567450057
-0.000134340154271832

-0.01453119240205831
-0.00862160125088149
-0.002662247145792386
0.002646239684123885
0.002927749462764508
-0.001528880087468645
0.002078908374150673
-0.001624051932701959
-0.001256070244114765
-0.0008276535491431481
0.001076651112895058
-0.000157768959890583
0.001108054499636636
-0.000546306089958936
0.001110132649598391
0.0008143285308694157
-0.0006245130599863051
-0.0008100801127334822
0.0005835497408562734
9.571166967009639e-05
-0.0005225152442908138
-0.0006245042768826311
0.0004959631647017605
0.0004512891210459402
0.0005291032875458671
0.0004128065014987674
-7.360364756375143e-06
0.0004906068495305711
-0.0004190103716288398
-0.0003985747418507584
0.0004135193970043472
0.0003672770501690076
5.139719058672484e-05
-0.0003597197241496994
-0.00039134497528952
-0.0003110102973342288
6.613487406524171e-05
0.0003498249877253974
0.0003251627681672032
0.0002943860162349163
-0.0003230611319460629
2.837933078788334e-05
0.0003044361039516083
0.000273323260494118
0.0002967692299630833
6.751881175244304e-05
-0.0002569570287051264
0.000270368756087641
0.0002684738082949781
-0.0001006473333629953
-0.0002344478127226094
-0.0002367471432048973
-0.0002429935082482417
-9.42929035240085e-05
-0.0002111078036027875
0.0002429878800282462
-0.0002164818277848779
-8.659714834459442e-05
0.0002106308360075159
-0.0002082151603870356
-0.0002105687425998362
6.026428483745407e-05
-0.0002082230801223281
-0.0002186478156831013

-0.009032723581576096
-0.005359267070111493
-0.001654877446284679
0.001644927060072816
0.001819916141880299
-0.0009503660014524934
0.001292268671114868
-0.001009525700598529
-0.0007807848798788774
-0.000514477100286382
0.000669256288643901
-9.807064451523566e-05
0.0006887769242614622
-0.000339588917756685
0.0006900687214958247
0.0005061941456978736
-0.0003882030935839658
-0.0005035532896952276
0.000362739915583722
5.949525900840233e-05
-0.0003248003080717173
-0.0003881976339254263
0.0003082952898456825
0.0002805254911636811
0.0003288954966852929
0.0002566043389658972
-4.575270801211019e-06
0.0003049657547997782
-0.0002604607220120308
-0.0002477577455532888
0.000257047481404949
0.000228302810962906
3.194896898988207e-05
-0.0002236051072190714
-0.0002432636557979691
-0.000193326877045959
4.111004933419734e-05
0.0002174544475512703
0.0002021241837978385
0.0001829930701732518
-0.0002008177872868946
1.764085446977439e-05
0.0001892402976411995
0.0001699002664163329
0.0001844744978665646
4.197031779922906e-05
-0.0001597268653814628
0.0001680637191540832
0.0001668858020817399
-6.256331320486119e-05
-0.0001457349285615135
-0.0001471642136535584
-0.0001510470119307737
-5.86133408512001e-05
-0.0001312265630443487
0.0001510435133772973
-0.0001345671061748102
-5.382958826137316e-05
0.0001309300755760472
-0.00012942846927023
-0.000130891477739566
3.746083677899642e-05
-0.0001294333922509143
-0.0001359135042834532

0.001432660901808916
0.0008500218482671267
0.0002624765601610133
-0.0002608983507587755
-0.0002886529934736955
0.0001507355118744809
-0.0002049639605396331
0.00016011870479115
0.0001238386141260583
8.160010873793916e-05
-0.0001061493036259979
1.555477445349081e-05
-0.0001092454297472346
5.386146944095696e-05
-0.0001094503189342579
-8.028636708705252e-05
6.157205953622141e-05
7.98675065840924e-05
-5.753339952108226e-05
-9.436415346326152e-06
5.151587979721744e-05
6.157119359145641e-05
-4.889805427841867e-05
-4.449354610726903e-05
-5.216540887437166e-05
-4.069946349522806e-05
7.256738826209195e-07
-4.836996387042853e-05
4.13111161338495e-05
3.929632430008138e-05
-4.076974936645509e-05
-3.621061887763498e-05
-5.06735740461234e-06
3.546552616877714e-05
3.858352636893153e-05
3.066316106224244e-05
-6.520376697089162e-06
-3.448998323900065e-05
-3.205848300592791e-05
-2.902413813193898e-05
3.185127825904688e-05
-2.797978067756528e-06
-3.001499747320589e-05
-2.694751662700516e-05
-2.925910419903489e-05
-6.65682203207121e-06
2.533393532237639e-05
-2.665622580721711e-05
-2.646939890834032e-05
9.923032837965901e-06
2.311470425197499e-05
2.334140009297802e-05
2.39572423947111e-05
9.29653620013678e-06
2.081356353424606e-05
-2.395668749665318e-05
2.134339991090868e-05
8.537795468449706e-06
-2.076653829320192e-05
2.052837173968558e-05
2.076041637319476e-05
-5.94158292541844e-06
2.052915256309357e-05
2.155694922535847e-05

0.01245465790295314
0.007389558350365713
0.00228180706280244
-0.00226808709726483
-0.002509368603441165
0.001310400271168462
-0.001781828489722765
0.001391971882195066
0.001076575463298683
0.000709380313158771
-0.000922795660598448
0.0001352234812377582
-0.0009497114447984247
0.0004682379306858697
-0.0009514926232541676
-0.0006979594648513371
0.0005352689788178656
0.000694318153591561
-0.0005001593943998993
-8.203429354446813e-05
0.0004478468412404988
0.0005352614508360825
-0.0004250891033519995
-0.0003867990638645298
-0.0004534934408258347
-0.0003538156824318059
6.308554903492758e-06
-0.0004204982156098227
0.0003591330079482868
0.0003416176677837989
-0.0003544267038398722
-0.000314792474622575
-4.405243618134509e-05
0.0003083151045880058
0.0003354210483497671
0.0002665663457215593
-5.668407720076629e-05
-0.0002998343444552728
-0.000278696402074075
-0.0002523177054003991
0.0002768950935890785
-2.432387148268239e-05
-0.0002609316168360752
-0.0002342648567430515
-0.0002543603534414326
-5.78702476110265e-05
0.000220237390004435
-0.0002317325565272477
-0.0002301084003087973
8.626464168921427e-05
0.0002009447829719804
0.0002029155348394409
0.0002082692826668187
8.081827172705494e-05
0.0001809401046912024
-0.0002082644587299677
0.0001855461707935716
7.422225431757656e-05
-0.0001805312966549799
0.0001784608255865807
0.0001804780765110766
-5.165240612396494e-05
0.000178467613576942
0.0001874026349809446

0.00777713162413296
0.004614303209515235
0.001424841533711367
-0.001416274298970031
-0.001566939058021658
0.0008182605631232344
-0.001112637119717103
0.0008691967799737954
0.000672252031860637
0.0004429623125732997
-0.0005762264504229489
8.443835394389357e-05
-0.0005930336239417616
0.0002923844273146549
-0.0005941458551568203
-0.0004358307284513534
0.0003342409992325842
0.0004335569641157834
-0.0003123173252612019
-5.122513228057548e-05
0.0002796515053981071
0.0003342362984927868
-0.0002654407639707106
-0.0002415311006698115
-0.0002831774431272467
-0.0002209351035087352
3.939286187129569e-06
-0.0002625740502863311
0.0002242554307912344
0.0002133182290662096
-0.0002213166470205908
-0.0001965676238160987
-2.750790886554421e-05
0.0001925229234533577
0.0002094488393697063
0.0001664535126853163
-3.53955550459713e-05
-0.0001872272350179063
-0.000174027951549638
-0.0001575561545959793
0.0001729031504276996
-1.518869097837285e-05
-0.0001629349874436091
-0.00014628331343943
-0.0001588316567253942
-3.613624206292419e-05
0.0001375240640060878
-0.0001447020550666145
-0.0001436878741242532
5.38667122094366e-05
0.0001254770736003054
0.000126707681200408
0.0001300507518699977
5.046580498264634e-05
0.0001129854405663218
-0.0001300477396322317
0.0001158616321587427
4.634701697674397e-05
-0.0001127301662800347
0.0001114372904621773
0.0001126969337281872
-3.225360056126538e-05
0.000111441529124898
0.0001170208744642038

0.005925592161207633
0.00351575365432883
0.001085622595987076
-0.00107909500439128
-0.001193890273181504
0.0006234533003945187
-0.0008477462017494391
0.0006622628849403229
0.0005122057286504882
0.0003375041254219418
-0.0004390414233327638
6.433570529816656e-05
-0.000451847231498258
0.0002227750479596437
-0.0004526946684308983
-0.0003320703921366833
0.0002546666226994233
0.0003303379539094773
-0.000237962424171152
-3.902971647757278e-05
0.0002130735145480484
0.0002546630410876166
-0.0002022459932874147
-0.0001840286195460308
-0.0002157600151730415
-0.0001683360113675908
3.001441209864183e-06
-0.000200061772040099
0.000170865852222624
0.000162532523183083
-0.0001686267189641507
-0.0001497698158042953
-2.095896752461651e-05
0.0001466880568830722
0.0001595843378671596
0.0001268251172338265
-2.696876350544674e-05
-0.0001426531386898374
-0.0001325962726841058
-0.0001200459963576813
0.0001317392584231552
-1.157264561669034e-05
-0.0001241442643694621
-0.0001114569351947509
-0.0001210178335059865
-2.75331115702194e-05
0.0001047830427767279
-0.0001102521346755291
-0.0001094794047112742
4.104240265495207e-05
9.560413783277606e-05
9.65417687102104e-05
9.908893832381589e-05
3.845116591395236e-05
8.608644848866626e-05
-9.908664322412085e-05
8.827789119242915e-05
3.531295775430779e-05
-8.589194859036245e-05
8.490687399192968e-05
8.586662787338125e-05
-2.457482937069416e-05
8.491010353563517e-05
8.916114705722247e-05

-0.01079889517939515
-0.006407166432785152
-0.001978456211548089
0.001966560222846182
0.002175764980955525
-0.001136191397761751
0.001544946415879778
-0.001206918613551515
-0.0009334520202369131
-0.0006150729874573463
0.0008001162045921271
-0.0001172464319018436
0.000823453716911617
-0.0004059888574936329
0.0008249980997113175
0.0006051704638638972
-0.0004641085801052099
-0.0006020132403644164
0.0004336665780144456
7.11283877891491e-05
-0.000388308625789947
-0.0004641020529178
0.000368576375583394
0.0003353767384627017
0.000393204548063929
0.0003067782750179749
-5.46987509950995e-06
0.000364595815387015
-0.0003113886979886206
-0.0002962019041046692
0.0003073080652530559
0.0002729429393564899
3.819596205902618e-05
-0.0002673266919584121
-0.0002908290834092976
-0.0002311281488605996
4.914831164384785e-05
0.0002599733916567381
0.000241645596075265
0.0002187737691196249
-0.0002400837593980365
2.109017690773421e-05
0.0002262425191570021
0.0002031209248697742
0.0002205448608874841
5.017678870239478e-05
-0.0001909583151760276
0.0002009252768795796
0.0001995170412704654
-7.47963396946459e-05
-0.0001742305300610609
-0.0001759392837664598
-0.0001805812869475582
-7.007402786658982e-05
-0.0001568853387651727
0.00018057710432055
-0.0001608790594611943
-6.43549064614603e-05
0.0001565308789987144
-0.0001547356630872224
-0.0001564847341138171
4.478556728274552e-05
-0.0001547415486600743
-0.0001624887192623646

-0.0004107663541844707
-0.0002437145978851068
-7.525614717335442e-05
7.480364978090451e-05
8.276134122463499e-05
-4.32182357881656e-05
5.876638268257722e-05
-4.590854438813416e-05
-3.550647328177161e-05
-2.339603120664328e-05
3.043467047552272e-05
-4.45979783796138e-06
3.132237840224538e-05
-1.544292819422053e-05
3.138112334619513e-05
2.301936086721102e-05
-1.765367532778739e-05
-2.289926699049789e-05
1.649572814841594e-05
2.705568305445132e-06
-1.477041084892048e-05
-1.765342704780171e-05
1.401983920783813e-05
1.275699762320711e-05
1.495664102426637e-05
1.166917462190122e-05
-2.080620855325362e-07
1.38684274038384e-05
-1.184454502816769e-05
-1.126687260414549e-05
1.16893266837302e-05
1.038215245515525e-05
1.452890857715301e-06
-1.016852268752078e-05
-1.106250225586753e-05
-8.791609278513805e-06
1.869494281856138e-06
9.888819226575409e-06
9.1916699676952e-06
8.32167569363854e-06
-9.132261116435748e-06
8.022242029011033e-07
8.605770610027429e-06
7.726275732949755e-06
8.389044150891233e-06
1.908615299764912e-06
-7.263636661241079e-06
7.642758085556171e-06
7.589191882945705e-06
-2.845089173681965e-06
-6.627348301074386e-06
-6.692345554796928e-06
-6.868917203190893e-06
-2.665462759995095e-06
-5.967575160155331e-06
6.868758105221163e-06
-6.119487560689049e-06
-2.447919890134911e-06
5.954092285873602e-06
-5.885806198949957e-06
-5.952337035377719e-06
1.703545028188637e-06
-5.886030073275678e-06
-6.180715499019655e-06

0.006194560291838919
0.003675336977385808
0.001134900013714895
-0.001128076128675602
-0.001248082061313277
0.0006517524246306805
-0.000886226189053708
0.0006923236122572932
0.0005354552223019089
0.0003528237510772272
-0.0004589699212265901
6.725596270301258e-05
-0.0004723569969158682
0.0002328870142528089
-0.0004732428997979796
-0.0003471433755923882
0.000266226177184118
0.0003453323003854076
-0.0002487637595733933
-4.08013115510096e-05
0.000222745119230928
0.000266222432999596
-0.0002114261267259525
-0.0001923818494739959
-0.0002255535626139051
-0.0001759769392383412
3.137679413482543e-06
-0.000209142761647999
0.0001786216119189783
0.0001699100253361546
-0.0001762808423227234
-0.0001565680068180882
-2.191031452280976e-05
0.0001533463639977987
0.000166828019151075
0.0001325818270733602
-2.819290072383429e-05
-0.0001491282971209786
-0.0001386149406285515
-0.0001254949956056488
0.0001377190256944592
-1.20979387474534e-05
-0.0001297792878080538
-0.0001165160689808268
-0.0001265109453445643
-2.878286507131627e-05
0.0001095392423886731
-0.0001152565814472901
-0.0001144487765523896
4.290535542295437e-05
9.9943698425871e-05
0.0001009238892395077
0.0001035866772471609
4.019650004008496e-05
8.999399232440899e-05
-0.0001035842779707358
9.228490664747415e-05
3.69158456979736e-05
-8.979066389512219e-05
8.876087584593108e-05
8.976419384730457e-05
-2.56903036957321e-05
8.87642519816442e-05
9.320825431614378e-05

0.004251134041380222
0.002522269443191093
0.000778846577411365
-0.0007741635573710894
-0.0008565198960573455
0.0004472774157271593
-0.0006081894667508579
0.0004751201597949473
0.0003674662632894635
0.000242131965490333
-0.0003149767802997248
4.615567515087028e-05
-0.0003241639139292819
0.0001598231137389659
-0.0003247718815203957
-0.0002382337004879156
0.0001827027442165824
0.0002369908159083275
-0.00017071883019319
-2.800067095900117e-05
0.0001528630466574625
0.0001827001746992171
-0.0001450951741879155
-0.000132025679097864
-0.0001547903939922637
-0.0001207674994914132
2.153291781366021e-06
-0.0001435281717608328
0.0001225824560873978
0.0001166039651966636
-0.0001209760587250175
-0.0001074477529022383
-1.503636731859173e-05
0.0001052368396464869
0.0001144888802202049
9.09867838533249e-05
-1.934791080332476e-05
-0.0001023421115553964
-9.51271220212821e-05
-8.612331185877564e-05
9.451228347020168e-05
-8.30243904601065e-06
-8.906348833084837e-05
-7.99613538130663e-05
-8.682052656262134e-05
-1.975278498367619e-05
7.517337474282276e-05
-7.909700669620975e-05
-7.854263532427693e-05
2.944461082028564e-05
6.858825139847014e-05
6.926092586421621e-05
7.108831444564348e-05
2.75856076322073e-05
6.176007759485958e-05
-7.108666789688238e-05
6.333226083398872e-05
2.533419660467796e-05
-6.162053961853456e-05
6.091382811279056e-05
6.160237404807242e-05
-1.763045630828213e-05
6.091614504970044e-05
6.396592561750352e-05

0.006691963598653212
0.003970454738788487
0.001226028841771821
-0.001218657020669645
-0.001348299044476183
0.0007040860521945903
-0.0009573873072370625
0.0007479149759536663
0.0005784505578342108
0.0003811543657200053
-0.0004958237326017399
7.26564006155168e-05
-0.000510285747495976
0.0002515870939269713
-0.0005112427855360149
-0.0003750178743177678
0.000287603284622346
0.0003730613755852392
-0.0002687386909322171
-4.407752589580575e-05
0.0002406308372903881
0.0002875992397918441
-0.0002284029660213241
-0.0002078294944384333
-0.0002436647896619386
-0.0001901073225708349
3.389624998392233e-06
-0.0002259362540574181
0.0001929643539783501
0.0001835532549572418
-0.0001904356280973916
-0.0001691399151802295
-2.366964244659481e-05
0.0001656595847830286
0.0001802237735687841
0.0001432277221979359
-3.045670015238372e-05
-0.0001611028206760272
-0.0001497452754051848
-0.0001355718409122142
0.000148777421377781
-1.306936439433013e-05
-0.0001402001480257963
-0.000125871935301928
-0.0001366693681539814
-3.109403674316887e-05
0.0001183348919300703
-0.000124511314962379
-0.0001236386459274419
4.635051773667745e-05
0.0001079688565889061
0.000109027753578423
0.0001119043549155602
4.342414996202158e-05
9.722022102613592e-05
-0.0001119017629848756
9.969508841553074e-05
3.988006960716227e-05
-9.700056597670352e-05
9.588808925276759e-05
9.697197046902998e-05
-2.77531526162969e-05
9.589173648135062e-05
0.0001006925779379977

4.737595236134441e-05
2.810895065238548e-05
8.679707106380003e-06
-8.627518082139022e-06
-9.545322589156089e-06
4.984597835278791e-06
-6.777851491550357e-06
5.294885985077926e-06
4.095157672223931e-06
2.698393499187953e-06
-3.5101986417731e-06
5.143731168948048e-07
-3.612582900088703e-06
1.781118202591102e-06
-3.619358278726206e-06
-2.654950028688522e-06
2.036095879958492e-06
2.641098938590397e-06
-1.902543436080895e-06
-3.120481359955114e-07
1.703553062735847e-06
2.036067244385833e-06
-1.616985489918287e-06
-1.47133499504482e-06
-1.72503201741933e-06
-1.345870360027019e-06
2.39969494880634e-08
-1.599522330123553e-06
1.366096797531701e-06
1.29947064632221e-06
-1.348194608589282e-06
-1.197430985055216e-06
-1.675699271858184e-07
1.172791884021106e-06
1.275899485284721e-06
1.013984855667347e-06
-2.15619101056834e-07
-1.140532139023851e-06
-1.060126064592982e-06
-9.597848197950579e-07
1.053274113689454e-06
-9.252494814302049e-08
-9.925510556210899e-07
-8.911140537874839e-07
-9.675547960199084e-07
-2.201311441276243e-07
8.377553344399419e-07
-8.81481502273285e-07
-8.753034162833575e-07
3.281398483021866e-07
7.64368683517138e-07
7.718651758072611e-07
7.922301592042684e-07
3.0742254191295e-07
6.882734031951886e-07
-7.92211809608886e-07
7.057942993418191e-07
2.823321212219393e-07
-6.867183488003011e-07
6.788425372629247e-07
6.865159060568003e-07
-1.964792570620699e-07
6.788683579153748e-07
7.128560556648615e-07

-0.003704051926824433
-0.002197676408243115
-0.0006786161381128028
0.0006745357799697767
0.0007462936102395064
-0.000389716898461089
0.0005299210385426984
-0.0004139765357270141
-0.0003201767122209709
-0.0002109717935474217
0.0002744421461702824
-4.021586141775101e-05
0.000282446979631547
-0.000139255339077408
0.000282976707347864
0.0002075751996378759
-0.0001591905701312164
-0.0002064922629492197
0.0001487488763626522
2.439724040891173e-05
-0.0001331909690450288
-0.0001591883312872347
0.0001264227507983079
0.0001150351803289462
0.0001348702843852858
0.0001052258255878392
-1.876182800671004e-06
0.0001250574072681377
-0.0001068072138506049
-0.0001015981001205635
0.0001054075451534274
9.362020870113714e-05
1.310132421060922e-05
-9.169381978342919e-05
-9.975520725804995e-05
-7.927761598832309e-05
1.685801143730136e-05
8.917161675264042e-05
8.288513045845856e-05
7.504002840884888e-05
-8.234941601197501e-05
7.233990988374113e-06
7.760183102918232e-05
6.967105807057579e-05
7.564751794976817e-05
1.721078200939963e-05
-6.54992481656998e-05
6.891794453134816e-05
6.843491569046448e-05
-2.565535840127971e-05
-5.976157003686e-05
-6.034767744414281e-05
-6.193989780939853e-05
-2.403559194043183e-05
-5.381211982245234e-05
6.193846315641249e-05
-5.518197744151291e-05
-2.207391694420245e-05
5.369053910892187e-05
-5.30747749177406e-05
-5.367471128142952e-05
1.536157764583015e-05
-5.307679368604238e-05
-5.573409535629093e-05

0.005287757062546755
0.003137315345047122
0.0009687653812506711
-0.000962940424416812
-0.001065379046038023
0.0005563443285737453
-0.0007564941770535874
0.0005909764208937713
0.0004570715272775049
0.0003011749331186251
-0.0003917826815989736
5.7410562659248e-05
-0.0004032100631542355
0.0001987953779404466
-0.0004039662813525104
-0.0002963260908807014
0.00022725412011797
0.0002947801335786062
-0.0002123479738058366
-3.482852908853384e-05
0.000190138124720963
0.0002272509240334733
-0.0001804760858126679
-0.0001642196435801443
-0.0001925354484426861
-0.000150216199288367
2.678363870395298e-06
-0.0001785269757471546
0.0001524737262130566
0.0001450374028407642
-0.0001504756149054948
-0.0001336484826714832
-1.870292884440069e-05
0.0001308984465473322
0.0001424065623607239
0.000113173568331589
-2.40658259655001e-05
-0.0001272978499161722
-0.0001183235123643223
-0.0001071241570127891
0.0001175587477487245
-1.032695753052668e-05
-0.0001107812844413442
-9.945962871095241e-05
-0.0001079913848956798
-2.456942718948372e-05
9.350411898159513e-05
-9.838451380576025e-05
-9.769496106316551e-05
3.662456824543577e-05
8.531323811713791e-05
8.614994171725255e-05
8.842293212019254e-05
3.431225413315183e-05
7.682003985447489e-05
-8.842088406665138e-05
7.877559405380642e-05
3.151184500802758e-05
-7.664647606833856e-05
7.576743562419365e-05
7.662388089198949e-05
-2.192957666181773e-05
7.577031753747063e-05
7.956377560763291e-05

0.002395606601933891
0.001421353754350787
0.0004388970059701974
-0.0004362580222034411
-0.0004826676123851431
0.0002520505633513209
-0.0003427280080074323
0.0002677405559168479
0.0002070752410428001
0.0001364466350440741
-0.0001774962744050621
2.600972800006887e-05
-0.0001826734242577541
9.0063804784267e-05
-0.0001830160272339881
-0.0001342498778294426
0.0001029569747686751
0.0001335494853046813
-9.620377826345016e-05
-1.577898780772404e-05
8.614165542645099e-05
0.0001029555267896794
-8.176429014231608e-05
-7.439934506719983e-05
-8.722775761814689e-05
-6.805511570901103e-05
1.213426807321619e-06
-8.0881250152738e-05
6.907788327202791e-05
6.570887347180308e-05
-6.817264337859272e-05
-6.054914846484245e-05
-8.473320405067358e-06
5.93032507019684e-05
6.451697703100824e-05
5.12730339636402e-05
-1.090296904376655e-05
-5.767200838915731e-05
-5.36062046782905e-05
-4.853236159128002e-05
5.325972976649529e-05
-4.678605190326113e-06
-5.018921505645567e-05
-4.505996405418047e-05
-4.892525725892916e-05
-1.113112446064091e-05
4.236183358852579e-05
-4.457288563243713e-05
-4.426048529277198e-05
1.659267936174889e-05
3.865097319111973e-05
3.903003990024458e-05
4.005981315776633e-05
1.554509058495588e-05
3.480314856741651e-05
-4.005888529169154e-05
3.568910805737886e-05
1.427637144584748e-05
-3.472451587928282e-05
3.432626855695132e-05
3.471427918476245e-05
-9.935146037760561e-06
3.432757420135629e-05
3.604619196112826e-05

-0.003041788859385291
-0.001804744573561079
-0.0005572834964219852
0.0005539326827231041
0.0006128606278477825
-0.000320037770385458
0.0004351742208903883
-0.0003399599247792265
-0.0002629309673588748
-0.0001732512567144669
0.000225373477278123
-3.302549792706166e-05
0.0002319470928007559
-0.0001143572896341424
0.0002323821082646968
0.0001704619541564748
-0.0001307282166422054
-0.00016957264028612
0.0001221534373450946
2.003515489027588e-05
-0.0001093771938989341
-0.0001307263780906585
0.0001038190939403365
9.446755522721078e-05
0.0001107562573662826
8.641205639549247e-05
-1.540732164125489e-06
0.0001026978659390534
-8.771070158062523e-05
-8.343294726605878e-05
8.656128555351656e-05
7.688145670370068e-05
1.075888319449001e-05
-7.529949498605918e-05
-8.191955299164642e-05
-6.510323663813007e-05
1.384389646647875e-05
7.3228247273591e-05
6.806574837984226e-05
6.162330521584467e-05
-6.762581657881843e-05
5.940595227075746e-06
6.372707234014538e-05
5.721427573036119e-05
6.212217913944813e-05
1.413359370002446e-05
-5.378836131475902e-05
5.659581453733627e-05
5.619914846029547e-05
-2.106832866016014e-05
-4.907654685971604e-05
-4.955786165146402e-05
-5.086540222180029e-05
-1.973816707690723e-05
-4.41908239434665e-05
5.086422407640227e-05
-4.531575894091047e-05
-1.812722822744706e-05
4.409098115857539e-05
-4.358531204435064e-05
-4.407798325514591e-05
1.261501638444699e-05
-4.358696986857233e-05
-4.576916136486369e-05

-0.002270002454103
-0.001346830697461306
-0.0004158851790804984
0.0004133845599791468
0.0004573608470384953
-0.0002388352899444567
0.0003247584217870885
-0.0002537026398673754
-0.0001962180706013869
-0.0001292925959354515
0.0001681899599743753
-2.464601088638258e-05
0.0001730956664712102
-8.5341665748075e-05
0.000173420306416723
0.0001272110169883003
-9.755883340918947e-05
-0.000126547346772678
9.115971402639552e-05
1.495167905193807e-05
-8.162515876386903e-05
-9.755746134924371e-05
7.747730329816071e-05
7.049850995983281e-05
8.265431548705826e-05
6.448691515086711e-05
-1.149805576705171e-06
7.664056201438162e-05
-6.545605794590422e-05
-6.226368883644919e-05
6.459828072237736e-05
5.737449358259581e-05
8.029055395983389e-06
-5.619391953633258e-05
-6.113428476674002e-05
-4.858473542059488e-05
1.033131502742335e-05
5.464820495600536e-05
5.079557556601454e-05
4.598775935360227e-05
-5.046726669449163e-05
4.433301050033098e-06
4.755774226691571e-05
4.269742323393046e-05
4.636005509240535e-05
1.054750801829694e-05
-4.014075855721253e-05
4.223588284086236e-05
4.193986197621797e-05
-1.572270791076801e-05
-3.662446243323214e-05
-3.698365428021571e-05
-3.795943545387753e-05
-1.473004530402465e-05
-3.297838325992764e-05
3.795855623680833e-05
-3.381789097158414e-05
-1.352784643004602e-05
3.290387336546202e-05
-3.252650656481202e-05
-3.289417339149214e-05
9.414235989072027e-06
-3.252774375290689e-05
-3.415625259456343e-05

-0.007463950022055483
-0.004428487289009742
-0.001367463804259928
0.001359241568219989
0.001503839125003778
-0.0007853095772763004
0.001067831721978568
-0.0008341946155218913
-0.0006451807440755163
-0.0004251244189365813
0.0005530220697305124
-8.103805930531835e-05
0.0005691524259103218
-0.0002806102375755735
0.0005702198680736196
0.0004182800205082813
-0.0003207812641169444
-0.0004160978196426051
0.0002997404466626989
4.916231918063123e-05
-0.0002683900647132079
-0.0003207767526738545
0.0002547515834688201
0.0002318047515843819
0.0002717740145115752
0.0002120381459906615
-3.780652899338426e-06
0.0002520003110588106
-0.000215224765182865
-0.0002047279996654759
0.0002124043249164793
0.0001886519337752966
2.64001777141865e-05
-0.0001847701116820026
-0.0002010144285564536
-0.0001597505043920898
3.397019192092912e-05
0.0001796876782443892
0.0001670199240008273
0.0001512114389221172
-0.0001659404181154912
1.457704920555028e-05
0.0001563736685835939
0.0001403925500225445
0.0001524355771529506
3.468105180393885e-05
-0.000131986031634898
0.0001388749682151018
0.0001379016278843536
-5.169752387065473e-05
-0.0001204241681290824
-0.0001216052197130966
-0.0001248136664264199
-4.84335696524146e-05
-0.0001084355675542484
0.0001248107754900452
-0.0001111959362014064
-4.448064339201131e-05
0.0001081905730489919
-0.0001069497607603728
-0.0001081586787571297
3.095476253400487e-05
-0.0001069538287340764
-0.0001123084963391613

-0.005458500195866023
-0.003238620122458099
-0.001000047082488334
0.0009940340361913843
0.001099780429146762
-0.0005743088403206679
0.000780921582586682
-0.0006100592124493618
-0.0004718304929024849
-0.0003108999547391154
0.0004044334523973723
-5.926436555491851e-05
0.0004162298272536109
-0.0002052145354995512
0.0004170104639458098
0.0003058945420486904
-0.0002345922183078256
-0.0003042986653590166
0.0002192047484217421
3.595315189460835e-05
-0.0001962777371869366
-0.0002345889190208819
0.0001863037083786482
0.0001695223411447544
0.0001987524711525499
0.0001550667217761759
-2.764848978163087e-06
0.0001842916610116277
-0.0001573971448675798
-0.0001497207005634965
0.0001553345139950648
0.0001379640290221768
1.930685157295292e-05
-0.0001351251934734141
-0.0001470049095190601
-0.0001168279740535673
2.484291812056905e-05
0.0001314083325843988
0.0001221442111989439
0.0001105832255755257
-0.0001213547521230934
1.066041783620183e-05
0.0001143584426569967
0.0001026712075417833
0.0001114784564858281
2.536278076691669e-05
-9.652339276144226e-05
0.0001015613768799288
0.0001008495582892125
-3.780718565100533e-05
-8.806802609571733e-05
-8.893174708577452e-05
-9.127813297542438e-05
-3.54202062785702e-05
-7.930058011973487e-05
9.127601878970795e-05
-8.131927970326712e-05
-3.252937117077309e-05
7.912141191106627e-05
-7.821398700866416e-05
-7.909808713022805e-05
2.263768873793523e-05
-7.821696197970699e-05
-8.213291185675665e-05

-0.0002654529250875959
-0.00015749769238962
-4.863339997200558e-05
4.834097885349388e-05
5.348354335416704e-05
-2.792927655893508e-05
3.797708361696445e-05
-2.966785684898708e-05
-2.294564074263726e-05
-1.51194099904089e-05
1.966804783168829e-05
-2.882091898063131e-06
2.02417186385741e-05
-9.979810710640181e-06
2.027968186743217e-05
1.487599121392168e-05
-1.140848004370722e-05
-1.479838195859137e-05
1.066017029833489e-05
1.748441695359412e-06
-9.545204286210284e-06
-1.14083195956904e-05
9.06015619120848e-06
8.24405967026087e-06
9.665553346627525e-06
7.541066850295154e-06
-1.344576756150479e-07
8.962308093610072e-06
-7.654397912648879e-06
-7.281083903021561e-06
7.554089883195609e-06
6.709343912540866e-06
9.389136283521032e-07
-6.57128818782632e-06
-7.149011969182368e-06
-5.681474092102689e-06
1.208138691241192e-06
6.390533115984672e-06
5.940008607128371e-06
5.377785040080617e-06
-5.901616335781592e-06
5.184279556161701e-07
5.561378038392882e-06
4.993014818358784e-06
5.421321113188539e-06
1.233420188939082e-06
-4.694039759708834e-06
4.939042521068033e-06
4.904425992688314e-06
-1.83860541543832e-06
-4.282845890768227e-06
-4.32484960152543e-06
-4.438956952477303e-06
-1.722523958307568e-06
-3.856475258534824e-06
4.438854137334287e-06
-3.954646860597985e-06
-1.581939437339262e-06
3.847762109576044e-06
-3.80363302909383e-06
-3.846627799576327e-06
1.100895937896198e-06
-3.803777705222053e-06
-3.994214695620343e-06

-0.005262536279622593
-0.003122351429657695
-0.000964144703504824
0.0009583475297118327
0.001060297554332892
-0.0005536907574326966
0.0007528859599594145
-0.0005881576665810588
-0.0004548914532624207
-0.0002997384322505767
0.0003899140129273318
-5.713673401674036e-05
0.0004012868898020252
-0.0001978471923460589
0.0004020395010995297
0.0002949127173228114
-0.0002261701961093181
-0.0002933741337054101
0.0002113351469893953
3.466240898102816e-05
-0.0001892312312475262
-0.0002261670152690829
0.000179615276942418
0.0001634363723493671
0.0001916171205594472
0.0001494997196715642
-2.665588995724258e-06
0.0001776754634616457
-0.0001517464789690912
-0.0001443456243022093
0.0001497578979654045
0.0001330110253659112
1.861372230506035e-05
-0.0001302741059684597
-0.0001417273320266068
-0.0001126337693268551
2.395104025099148e-05
0.0001266906829451082
0.0001177591498974247
0.0001066132116198701
-0.0001169980329460851
1.027770149416495e-05
0.0001102528958081449
9.898524048249198e-05
0.0001074763031239809
2.445223947030831e-05
-9.305813648667456e-05
9.791525350568987e-05
9.722898969259324e-05
-3.644988164873818e-05
-8.490632330737651e-05
-8.573903611903689e-05
-8.800118513935918e-05
-3.4148596479653e-05
-7.645363467995224e-05
8.799914685432527e-05
-7.839986155820712e-05
-3.136154434310026e-05
7.628089873338626e-05
-7.540605100989004e-05
-7.625841132825642e-05
2.182498012191314e-05
-7.540891917743446e-05
-7.918428375702357e-05

0.004033831184765417
0.002393339997582789
0.0007390347096861198
-0.0007345910689801435
-0.0008127376444624483
0.0004244141846008563
-0.0005771009837245634
0.0004508337065912963
0.0003486826944943486
0.0002297550403532686
-0.0002988762872407452
4.379636115095957e-05
-0.0003075938072652891
0.0001516535244410764
-0.0003081706977152051
-0.0002260560407967354
0.0001733636295606922
0.0002248766880575724
-0.0001619922906116209
-2.65693762203939e-05
0.0001450492312411124
0.0001733611913879585
-0.0001376784247922468
-0.0001252769958205456
-0.0001468780594331821
-0.0001145942943253387
2.04322316187224e-06
-0.0001361915219576674
0.0001163164767935489
0.0001106435850997025
-0.000114792192752548
-0.000101955405821376
-1.426776168545415e-05
9.985750659008552e-05
0.0001086366157467101
8.633586298067925e-05
-1.835891439763267e-05
-9.711074670631397e-05
-9.026456178308304e-05
-8.172099438163245e-05
8.968115159253464e-05
-7.878047882616503e-06
-8.451087948670581e-05
-7.587401372145928e-05
-8.238256994893725e-05
-1.874309284947226e-05
7.133077911683872e-05
-7.505384895585612e-05
-7.452781507727909e-05
2.793950701015173e-05
6.508226386339939e-05
6.57205536022424e-05
6.745453257700601e-05
2.617552945505849e-05
5.860312202593057e-05
-6.745297019391028e-05
6.009494084807351e-05
2.403920255399356e-05
-5.847071673484567e-05
5.780012980842089e-05
5.845347972377925e-05
-1.672925006969779e-05
5.780232831177244e-05
6.0696214940927e-05

-0.0005402159955175388
-0.0003205192508528279
-9.897250359006181e-05
9.837740536199058e-05
0.0001088428978777247
-5.68381076808192e-05
7.728612531281582e-05
-6.037624493027659e-05
-4.669604658667748e-05
-3.076909820065615e-05
4.002590679983586e-05
-5.865266481303189e-06
4.119336858579003e-05
-2.030964012297928e-05
4.127062651594572e-05
3.027372329875502e-05
-2.321708605049832e-05
-3.011578282359695e-05
2.169422133212972e-05
3.558205925768806e-06
-1.942518446230367e-05
-2.321675952718068e-05
1.843807633582337e-05
1.677726060236959e-05
1.967010354721081e-05
1.534661912067869e-05
-2.736311421818043e-07
1.82389483459146e-05
-1.557725606945301e-05
-1.481753492757914e-05
1.537312193917369e-05
1.365400249326247e-05
1.910757473396026e-06
-1.337304905965298e-05
-1.45487589433092e-05
-1.156221270366322e-05
2.458650043501827e-06
1.300519935127715e-05
1.208834923182599e-05
1.09441834108577e-05
-1.201021816923995e-05
1.055038568720548e-06
1.131780850582522e-05
1.016114804483132e-05
1.10327824838506e-05
2.510099728757838e-06
-9.552712071116168e-06
1.005131049711951e-05
9.980863345938369e-06
-3.741695649212212e-06
-8.715902662510243e-06
-8.801383266681019e-06
-9.033600019180689e-06
-3.505461447202387e-06
-7.848207437456091e-06
9.033390782819793e-06
-8.047993782762516e-06
-3.219361729413815e-06
7.830475546119835e-06
-7.740669660009781e-06
-7.828167142831287e-06
2.24040324611292e-06
-7.74096408646593e-06
-8.128517202771022e-06

-0.002099189206452077
-0.001245484320034863
-0.0003845906322566431
0.0003822781798569257
0.0004229453372698314
-0.0002208634012111357
0.0003003209853310047
-0.00023461201211283
-0.0001814530443223007
-0.000119563580811189
0.0001555339942360815
-2.279144674103265e-05
0.0001600705559075289
-7.891987221218416e-05
0.0001603707673321643
0.0001176386366107992
-9.021772188660759e-05
-0.0001170249062817128
8.430012372973031e-05
1.382659442829823e-05
-7.548302511405754e-05
-9.021645307156611e-05
7.164728766448498e-05
6.519363488390429e-05
7.643473980548577e-05
5.963440083391266e-05
-1.063284954504468e-06
7.087350952711174e-05
-6.053061752803326e-05
-5.757846795414391e-05
5.973738636391574e-05
5.305717508656225e-05
7.424884671290365e-06
-5.196543692976523e-05
-5.653404933311677e-05
-4.492882904550065e-05
9.553903765550878e-06
5.053603435027544e-05
4.6973307791263e-05
4.252727035141681e-05
-4.666970352053214e-05
4.09970381149268e-06
4.397911511920053e-05
3.948452559344224e-05
4.287155156365337e-05
9.753828656427559e-06
-3.712024493624848e-05
3.905771521274381e-05
3.878396933949218e-05
-1.45396048726298e-05
-3.386854322253714e-05
-3.420070658507862e-05
-3.51030621328338e-05
-1.362163818674204e-05
-3.049682438018347e-05
3.510224907501326e-05
-3.127316077756222e-05
-1.250990242814563e-05
3.04279212097174e-05
-3.00789505231485e-05
-3.041895113985711e-05
8.705833132289942e-06
-3.008009461529074e-05
-3.15860613497302e-05

0.002564074185520997
0.001521308409769979
0.0004697618057160945
-0.0004669372392182383
-0.0005166105169787425
0.0002697756561587636
-0.0003668298614962224
0.0002865690248513833
0.0002216375090924
0.0001460420481124767
-0.0001899784442325654
2.783882465656728e-05
-0.0001955196696910413
9.639741212552768e-05
-0.0001958863657284082
-0.000143690807110905
0.0001101972757173017
0.0001429411604907173
-0.0001029691703954791
-1.688862239683681e-05
9.219944326365698e-05
0.000110195725911274
-8.751424607113565e-05
-7.963137184227156e-05
-9.336192402754169e-05
-7.284099369284459e-05
1.298759299695265e-06
-8.656910756636371e-05
7.393568591154996e-05
7.032975534996842e-05
-7.296678632653963e-05
-6.48071801140795e-05
-9.069194457369995e-06
6.347366638570479e-05
6.905404050882001e-05
5.487873622213775e-05
-1.16697046368591e-05
-6.172770930690266e-05
-5.737598380652011e-05
-5.1945330012934e-05
5.700514354557336e-05
-5.007621361152811e-06
-5.371869931143015e-05
-4.822874112080532e-05
-5.236585550251292e-05
-1.19139047547768e-05
4.534086851659357e-05
-4.770740961062681e-05
-4.737304016701927e-05
1.77595356373543e-05
4.136904720694533e-05
4.177477123635509e-05
4.287696181494044e-05
1.663827668881088e-05
3.725062985905312e-05
-4.28759686979699e-05
3.819889317403644e-05
1.528033670372583e-05
-3.716646744041507e-05
3.674021394876817e-05
3.715551086512277e-05
-1.063382087203831e-05
3.674161141075288e-05
3.858108848893375e-05

0.001702375754281562
0.001010048213971787
0.0003118907841492928
-0.0003100154587203923
-0.0003429952313692734
0.0001791132014563473
-0.0002435507777755592
0.0001902628880983269
0.0001471526541036396
9.69622654510667e-05
-0.0001261331279431163
1.848313921284217e-05
-0.0001298121353301171
6.400150904556303e-05
-0.0001300555972576834
-9.540119686094714e-05
7.316370619397965e-05
9.490348106250962e-05
-6.83647220933639e-05
-1.121292880445646e-05
6.121433523910929e-05
7.316267722524435e-05
-5.810367403056167e-05
-5.286996666085974e-05
-6.198614561745168e-05
-4.836160446553925e-05
8.622903170803882e-07
-5.747616454436489e-05
4.908840773126165e-05
4.669430821794583e-05
-4.84451224584812e-05
-4.302768334573778e-05
-6.021345576614744e-06
4.214231838563156e-05
4.584731789794783e-05
3.643585294755685e-05
-7.747912422198314e-06
-4.098311830635337e-05
-3.809386025639333e-05
-3.448826514519909e-05
3.78476468384855e-05
-3.32472954175458e-06
-3.566566512611298e-05
-3.20206958157925e-05
-3.476746627035964e-05
-7.910045157000071e-06
3.010333931703469e-05
-3.167456615699765e-05
-3.145256695081896e-05
1.179115762215365e-05
2.746631253516956e-05
2.773568646923381e-05
2.846746815022349e-05
1.104671580410169e-05
2.47319556750264e-05
-2.846680878616401e-05
2.536153982875063e-05
1.014513342421547e-05
-2.467607739285328e-05
2.439307325298878e-05
2.466880295117892e-05
-7.060154082197363e-06
2.439400107537527e-05
2.561529225178852e-05

0.0003423753343261837
0.0002031370536578932
6.272628779372736e-05
-6.234912947921572e-05
-6.898189586914587e-05
3.602256556848953e-05
-4.898200573905153e-05
3.826494812249445e-05
2.959478189167172e-05
1.95006818955205e-05
-2.5367414767637e-05
3.717258631927715e-06
-2.610732273495317e-05
1.287173997971804e-05
-2.61562868715989e-05
-1.918672572040351e-05
1.471440620889604e-05
1.908662701275994e-05
-1.374925278627539e-05
-2.255101577044083e-06
1.231119418868177e-05
1.471419926660846e-05
-1.168558984216534e-05
-1.063300652971234e-05
-1.246641775531102e-05
-9.726301878867981e-06
1.734205476402866e-07
-1.155938752195107e-05
9.87247378626409e-06
9.390981601482406e-06
-9.74309869985156e-06
-8.653563958316041e-06
-1.210990111733233e-06
8.475502726307119e-06
9.220638131037212e-06
7.327840109924667e-06
-1.558230666298068e-06
-8.242368816983322e-06
-7.661292231315623e-06
-6.936148661501189e-06
7.611774725518227e-06
-6.686569551641388e-07
-7.172942865757209e-06
-6.439880506841223e-06
-6.992300529464802e-06
-1.590838185022234e-06
6.054269063155646e-06
-6.370268226837017e-06
-6.325620591174781e-06
2.371392756760378e-06
5.523920270414189e-06
5.578095731086124e-06
5.725268878430958e-06
2.221673450841539e-06
4.973996822660163e-06
-5.725136269622746e-06
5.100616392170963e-06
2.040350633030288e-06
-4.962758795174952e-06
4.905842079360487e-06
4.961295787154449e-06
-1.419911325813032e-06
4.906028679473615e-06
5.151650113973565e-06

0.0004126416205032149
0.0002448272249828862
7.559971308770574e-05
-7.514514991564857e-05
-8.313917050361045e-05
4.341553944033123e-05
-5.903466808869373e-05
4.611813007145063e-05
3.56685705242257e-05
2.350284080529105e-05
-3.057361348264078e-05
4.480158095286287e-06
-3.146537405084236e-05
1.551342959436242e-05
-3.152438718247856e-05
-2.312445085734561e-05
1.773426942307784e-05
2.300380871763876e-05
-1.657103588260391e-05
-2.717920001390377e-06
1.483784201434209e-05
1.773402000976635e-05
-1.408384379813361e-05
-1.281523697920946e-05
-1.502492238391856e-05
-1.172244775372858e-05
2.090119486768041e-07
-1.393174075603016e-05
1.189861877629847e-05
1.131830911174557e-05
-1.174269181553067e-05
-1.04295499613803e-05
-1.459523721536059e-06
1.021494491254257e-05
1.111300575417251e-05
8.831745498524719e-06
-1.878029059909012e-06
-9.93396452499934e-06
-9.233632579532106e-06
-8.359666531938154e-06
9.173952509746148e-06
-8.058865866671308e-07
-8.645058423171568e-06
-7.761548399578728e-06
-8.427342545588363e-06
-1.917328676490098e-06
7.296797247682069e-06
-7.677649470095689e-06
-7.623838722404281e-06
2.858077822481037e-06
6.657604048518623e-06
6.722898033322975e-06
6.900275782040771e-06
2.677631362629589e-06
5.994818853729839e-06
-6.900115957680351e-06
6.147424778035616e-06
2.459095347099014e-06
-5.981274426309489e-06
5.912676593773695e-06
5.979511162596983e-06
-1.711322200264368e-06
5.912901490144375e-06
6.208932239451598e-06

-0.003959356036597405
-0.002349152637533962
-0.000725390182440235
0.0007210285830458628
0.0007977323669183297
-0.0004165783809107486
0.0005664461795688472
-0.0004425101289403058
-0.0003422450935768507
-0.0002255131571685345
0.0002933582437836811
-4.298776497116059e-05
0.0003019148154278983
-0.0001488536009476157
0.0003024810549607215
0.000221882450886452
-0.0001701628803455891
-0.0002207248721051292
0.0001590014862639247
2.60788355556719e-05
-0.0001423712403948219
-0.0001701604871878955
0.0001351365184465815
0.0001229640525171575
0.0001441663036015812
0.0001124785818281521
-2.005499880765687e-06
0.0001336770677546051
-0.0001141689682720317
-0.0001086008131004108
0.0001126728265291782
0.0001000730404948903
1.400434122563012e-05
-9.801387400896255e-05
-0.0001066308976877383
-8.474187555454222e-05
1.801996048326685e-05
9.531782654718517e-05
8.859804022944527e-05
8.021220958471389e-05
-8.802540132764721e-05
7.732598369124892e-06
8.295058606257909e-05
7.44731795875755e-05
8.086157072453279e-05
1.83970459890167e-05
-7.001382505992547e-05
7.366815722372019e-05
7.315183531602675e-05
-2.742367012233557e-05
-6.388067385570248e-05
-6.45071790848136e-05
-6.620914424067145e-05
-2.569226023896422e-05
-5.752115404162916e-05
6.620761070326911e-05
-5.898542995909722e-05
-2.359537555925354e-05
5.739119330096064e-05
-5.673298717540965e-05
-5.737427453052728e-05
1.64203840511143e-05
-5.67351450886143e-05
-5.957560294852783e-05

-0.003429302525198563
-0.002034662959711183
-0.0006282795387442413
0.0006245018426540084
0.0006909370097107035
-0.0003608095054841679
0.0004906139523773887
-0.0003832696753144212
-0.0002964274879024913
-0.0001953228838717681
0.0002540852999568507
-3.723283524028969e-05
0.000261496371978668
-0.0001289260235492938
0.000261986806948705
0.0001921782335533292
-0.0001473825515741851
-0.0001911756240882175
0.0001377153742464843
2.258756620992593e-05
-0.0001233114803742565
-0.0001473804787972985
0.0001170452971826363
0.0001065024039030904
0.0001248662318871289
9.742066162496616e-05
-1.737016257650437e-06
0.0001157812285064953
-9.888474983701177e-05
-9.406202401637221e-05
9.758890207555839e-05
8.667589560053256e-05
1.212952871246821e-05
-8.489239728291886e-05
-9.235582840357998e-05
-7.339716992942303e-05
1.560756229498785e-05
8.25572795811531e-05
7.673709569894322e-05
6.947390695304536e-05
-7.624111806676797e-05
6.697407070360634e-06
7.184568693034818e-05
6.450318194637569e-05
7.003633573589786e-05
1.593416598132932e-05
-6.064081756160886e-05
6.380593087837151e-05
6.335873087780871e-05
-2.375236284169545e-05
-5.532873379908452e-05
-5.587136647582505e-05
-5.734548331521448e-05
-2.225274314841062e-05
-4.982058622261693e-05
5.734415507810932e-05
-5.108883415356208e-05
-2.043657610995998e-05
4.97080238028478e-05
-4.913793414494314e-05
-4.969337001023064e-05
1.422212702538133e-05
-4.913980317037804e-05
-5.159999852076746e-05

