-0.5286833032433379
-0.314091008772414
-0.09668335176315192
0.09654781621579155
0.1063579777971616
-0.05586614902313786
0.07544171154883234
-0.0593373660489066
-0.04552209125064476
-0.03032581379585591
0.03900061883634939
-0.005783241424704331
0.04051024697904104
-0.01971741955183541
0.04058125936460997
0.02947897754004611
-0.02288708998163836
-0.02933994291165845
0.02138752795855768
0.003451673588147368
-0.01888194878270006
-0.02286670305107921
0.01792294967601099
0.01655362555434274
0.0191393055514657
0.01514311265004637
-0.0002692897556005393
0.01774649292584191
-0.01536039067001527
-0.01440487071124566
0.01515337037952548
0.01327431046939739
0.001848728624902691
-0.01318776848565459
-0.01415555380509219
-0.01140841123408264
0.002384923849576003
0.01265237912963856
0.01191773230772547
0.01063736782652296
-0.01183505026146025
0.001013029080671106
0.01101037019962202
0.01002069497400638
0.01073431943027115
0.002481604373445755
-0.00941627354359029
0.009777554136268277
0.009835377956831258
-0.003646420185502242
-0.008475609567367398
-0.008676503143072809
-0.008788930715259744
-0.003467933596574505
-0.007727996040541552
0.00879144954918828
-0.00793199537074177
-0.003131553231794165
0.007620556001918988
-0.007628499275014074
-0.007618500979666661
0.002179611188421512
-0.007625715493337224
-0.007914014262050229

-0.3144148219794785
-0.1867939993615689
-0.05749884410281287
0.05741823935381799
0.06325246976793163
-0.03322432388542507
0.04486616498178266
-0.03528870170201994
-0.02707257847730845
-0.01803515504938122
0.02319417419330229
-0.003439368733332489
0.02409196964252065
-0.01172620531090953
0.02413420162986796
0.01753153053733643
-0.01361124945322935
-0.01744884483938147
0.01271944045596377
0.002052755080578063
-0.01122934000130548
-0.01359912508101637
0.01065901078614118
0.009844655959152265
0.01138239341181272
0.009005805628564019
-0.0001601501126449397
0.01055406966665286
-0.009135023686978447
-0.008566763566251396
0.009011906033403343
0.007894404717404498
0.001099462907038943
-0.007842937076467774
-0.008418491566381097
-0.006784730225491363
0.001418345166186805
0.007524534077876318
0.007087630078233377
0.006326180704001557
-0.007038457992237709
0.0006024615419191302
0.006548010056306901
0.005959437355086152
0.006383839081033692
0.001475842328504413
-0.005599980085911832
0.005814838343271932
0.005849226919830036
-0.002168573409552229
-0.005040555010798669
-0.005160029027581765
-0.005226891163906139
-0.002062425118617879
-0.004595939543463891
0.00522838914713503
-0.004717260592745974
-0.001862375349953575
0.004532043558076758
-0.004536767525678049
-0.004530821409676037
0.001296243061938459
-0.004535111974580394
-0.004706566994032903

-0.09503479898371198
-0.05646022051036456
-0.01737955945175657
0.01735519591805586
0.01911864622594849
-0.01004236035038782
0.01356121490511132
-0.0106663377112319
-0.008182938187728292
-0.005451293052816497
0.007010654485617228
-0.001039581130893396
0.007282021495308768
-0.003544354421806352
0.007294786505572471
0.005299067868383746
-0.004114126514651133
-0.005274075348520129
0.003844568965633231
0.0006204642809697295
-0.003394172269060638
-0.004110461810587277
0.003221784968816054
0.002975638661854779
0.003440434083335963
0.002722088361511731
-4.840685838727886e-05
0.003190065541170769
-0.002761145719332813
-0.002589383822094624
0.002723932265509204
0.002386157117819809
0.0003323228711124441
-0.002370600545520015
-0.002544567233568463
-0.002050747700376436
0.0004287079944561839
0.002274360283130324
0.002142301993001349
0.001912146850313411
-0.002127439273495655
0.0001820995943231664
0.001979196831519014
0.001801295268242536
0.001929574630072994
0.0004460870455727909
-0.001692645971417598
0.001757588874458407
0.001767983140987771
-0.0006554714461640896
-0.001523554548738264
-0.001559666679514133
-0.001579876380968315
-0.0006233871397438334
-0.001389165395908004
0.001580329160305267
-0.001425835809402704
-0.0005629202398943185
0.001369852241112858
-0.001371280104177631
-0.001369482835412388
0.0003918014998461291
-0.001370779698486767
-0.001422603569911862

0.09465164426989059
0.05623258810768093
0.01730948974888898
-0.01728522444238195
-0.01904156499358928
0.01000187225816277
-0.01350653973905463
0.01062333391033901
0.008149946784860697
0.005429314907421674
-0.006982389414907941
0.001035389819763744
-0.007252662345907176
0.003530064539377886
-0.007265375891086617
-0.005277703453930627
0.004097539464599551
0.005252811697175239
-0.003829068699021801
-0.0006179627360981063
0.003380487880623258
0.00409388953563783
-0.003208795599543999
-0.002963641688197636
-0.003426563179725163
-0.002711113634378088
4.821169497169997e-05
-0.003177204056090439
0.002750013523452741
0.002578944123920806
-0.002712950104252331
-0.002376536774984145
-0.0003309830348004836
0.002361042922595271
0.00253430822381145
0.002042479637976237
-0.0004269795592863705
-0.002265190675021481
-0.002133664808350427
-0.001904437589209859
0.002118862011327403
-0.0001813654178038046
-0.001971217242951499
-0.001794032930863814
-0.001921795104856638
-0.000444288542749535
0.001685821678740556
-0.001750502749487533
-0.001760855109134211
0.0006528287618309241
0.001517411987136146
0.001553378523526265
0.00157350674490757
0.0006208738106933045
0.00138356465517518
-0.001573957698762089
0.001420087223439546
0.0005606506970982882
-0.001364329365818038
0.001365751472123929
0.001363961449462009
-0.0003902218617224411
0.001365253083934555
0.001416868015467479

0.1028391672001845
0.06109679948101251
0.01880678908609585
-0.01878042479065477
-0.02068869168869984
0.01086705066146929
-0.01467487764459852
0.01154226976885518
0.008854930588329073
0.005898959578076039
-0.00758637758525368
0.001124952742379125
-0.007880029569382364
0.003835420928953462
-0.007893842857130441
-0.005734233484461269
0.004451983368696995
0.005707188549798823
-0.004160289440264723
-0.0006714175293124615
0.003672905643163532
0.004448017714876963
-0.003486361697339736
-0.003220001569386396
-0.003722966531433018
-0.002945629423504437
5.238208589449413e-05
-0.003452037433410514
0.002987894216975576
0.002802027032975882
-0.002947624751045556
-0.002582111115397865
-0.0003596136117743546
0.002565277019290425
0.002753530054081298
0.002219157486518221
-0.0004639139935414702
-0.002461133394625795
-0.002318230324129863
-0.002069174573456244
0.00230214706081221
-0.000197053824788125
-0.002141730777098432
-0.001949219730548564
-0.002088033542759373
-0.0004827202325473389
0.001831648027110354
-0.001901924116876643
-0.001913171972662385
0.0007092995236255666
0.001648670620150474
0.001687748321102172
0.001709617666744354
0.000674580416649101
0.00150324527379675
-0.001710107628848425
0.001542927104295691
0.0006091479046621891
-0.001482346100268721
0.001483891221109334
0.001481946358542045
-0.0004239766946722597
0.001483349721522388
0.00153942942953922

-0.0532843621856548
-0.03165626560931858
-0.009744417311953694
0.009730757101506698
0.01071949307935412
-0.005630577134179566
0.007603537803088702
-0.005980430409468393
-0.004588031403239103
-0.003056445391716563
0.003930752279848948
-0.0005828750951469728
0.004082903051823334
-0.001987258001759236
0.004090060171503379
0.002971095373113556
-0.002306719324170042
-0.002957082501043223
0.002155583085388824
0.0003478835523830284
-0.001903053475560055
-0.002304664588213302
0.00180639890859465
0.001668388946864619
0.001928991671818199
0.001526227694562873
-2.714088525637138e-05
0.001788614376097457
-0.001548126477140081
-0.00145182256278373
0.001527261539528232
0.00133787687728619
0.0001863276654056693
-0.001329154577227055
-0.00142669467951925
-0.001149818638928388
0.0002403691310212885
0.001275194332633756
0.001201151541612585
0.001072107548117526
-0.001192818272771836
0.0001021000816705502
0.001109701308732693
0.001009954990201108
0.001081879001718778
0.0002501132633184888
-0.0009490372153948695
0.0009854495738574874
0.0009912774586782927
-0.0003675114622567415
-0.000854230589770731
-0.0008744780346656672
-0.0008858092634733299
-0.0003495223485630357
-0.0007788809244923709
0.0008860631289892473
-0.0007994413888174248
-0.0003156196073958029
0.0007680523738342535
-0.0007688529518700769
-0.0007678452544701088
0.0002196763001126245
-0.0007685723830850445
-0.0007976291282395286

0.07427126354396013
0.04412459396052754
0.01358241248599733
-0.01356337198238079
-0.01494153749611954
0.007848270319541339
-0.01059831321752855
0.008335918923084457
0.006395101217701985
0.004260275470781245
-0.005478942161030743
0.0008124498075825836
-0.005691019956847881
0.002769971464877921
-0.005700996022997333
-0.004141308977328239
0.003215257757058717
0.004121776910659257
-0.00300459408462168
-0.0004849030736561066
0.002652601634399793
0.003212393730364902
-0.002517878114752749
-0.002325510714282358
-0.002688756005609654
-0.002127356970813257
3.783075857547412e-05
-0.002493088858658666
0.002157880940425412
0.002023646183543886
-0.002128798012215048
-0.001864821160776219
-0.0002597158073255969
0.001852663442831292
0.001988621280108713
0.001602693166563306
-0.0003350423716382632
-0.001777450089743403
-0.001674244356957238
-0.001494374315230605
0.001662628896417353
-0.0001423138377296853
-0.00154677498191388
-0.001407741974717464
-0.001507994412683762
-0.0003486243868519207
0.001322830756461663
-0.001373584706789809
-0.001381707997595411
0.0005122617508974791
0.001190683019515807
0.00121890524559061
0.001234699460751374
0.0004871873360177638
0.001085655679066859
-0.001235053315275398
0.001114314212300034
0.0004399314560408784
-0.001070562129914266
0.001071678028460243
0.001070273433263396
-0.0003061993371184302
0.001071286953156692
0.001111788163804185

-0.05598983359314889
-0.03326358749441139
-0.01023918240510566
0.0102248286082554
0.01126376687449951
-0.00591646524129805
0.007989601429981466
-0.006284082040333129
-0.004820985074241092
-0.003211633992585707
0.004130333122460604
-0.0006124701177649796
0.004290209229718579
-0.002088159457318159
0.004297729746497255
0.003121950394195586
-0.002423841176072655
-0.003107226029611996
0.002265031114131132
0.0003655470650065465
-0.001999679512803956
-0.002421682112521115
0.001898117386536195
0.001753100077995214
0.002026934700491804
0.001603720700383016
-2.851894227016839e-05
0.001879429858447623
-0.001626731376350737
-0.001525537706800401
0.001604807038010632
0.001405806519113147
0.0001957883054603096
-0.001396641351157235
-0.001499133975108998
-0.001208199772225886
0.0002525736838121189
0.001339941317760826
0.001262139062502672
0.001126542962152695
-0.00125338267851728
0.0001072841326816504
0.001166045516273257
0.001061234657194834
0.001136810553594012
0.0002628125667310795
-0.0009972238304838579
0.001035484997689879
0.001041608788759705
-0.000386171566502545
-0.0008976034733190873
-0.0009188789662376807
-0.0009307855292390692
-0.0003672690697684882
-0.0008184279882951099
0.0009310522845759475
-0.0008400323939585781
-0.0003316449436939023
0.000807049626529433
-0.0008078908532827674
-0.0008068319908430345
0.000230830190756706
-0.0008075960388397685
-0.00083812811728138

-0.04505308367949021
-0.02676605902699475
-0.008239116141316052
0.008227566137159824
0.009063563846798083
-0.004760775063915703
0.006428956092394513
-0.005056583594608099
-0.003879280041188532
-0.002584290856573883
0.003323536289508974
-0.0004928335323760489
0.003452183066547211
-0.001680269733436156
0.003458234566435783
0.002512125565062352
-0.001950381208933696
-0.002500277377861734
0.001822592241711959
0.0002941430872647672
-0.001609072980591228
-0.001948643885127104
0.00152734944830397
0.001410659032966328
0.001631004287987475
0.001290458611431478
-2.29482070242476e-05
0.001512312240427428
-0.001308974506968056
-0.001227547459064323
0.001291332749769101
0.001131203911106426
0.0001575440815464511
-0.001123829017267346
-0.001206301288876019
-0.0009721965926025782
0.000203237312593451
0.001078204460355523
0.001015599674957065
0.000906490180185584
-0.001008553715447631
8.632783305467829e-05
0.0009382765199928982
0.0008539388447125812
0.0009147521560964267
0.0002114761877486417
-0.0008024315451345601
0.0008332189838032342
0.0008381465867945818
-0.0003107389106869339
-0.0007222704873228388
-0.0007393901410397955
-0.0007489709407102041
-0.0002955287249719024
-0.0006585607114004519
0.0007491855895088364
-0.0006759450298335296
-0.0002668632221466771
0.0006494049370060213
-0.0006500818430956075
-0.0006492298130922688
0.0001857410753438571
-0.0006498446161042202
-0.0006744127242171563

-0.0318608591768479
-0.01892855200423216
-0.005826578286796623
0.005818410298597569
0.006409615231170494
-0.003366748100154291
0.004546460485837063
-0.003575939417818865
-0.00274336815608807
-0.001827571396424111
0.002350354582663397
-0.0003485244180923122
0.002441331637106517
-0.001188261334939431
0.002445611166276002
0.001776537194044571
-0.001379280083935419
-0.001768158335306048
0.001288909659616251
0.000208013541267455
-0.001137912068452202
-0.001378051474823037
0.001080118422801661
0.0009975967264665331
0.001153421557247525
0.0009125928068510702
-1.62286248275918e-05
0.00106948433688675
-0.0009256869680503105
-0.0008681029916704047
0.0009132109842585137
0.0007999702921216451
0.0001114127910090661
-0.0007947548787721465
-0.0008530780215433165
-0.0006875227220732184
0.0001437263527195478
0.0007624898823712553
0.0007182167252754821
0.0006410561412745286
-0.0007132339293081481
6.10497374955251e-05
0.0006635349598953271
0.0006038926318691634
0.0006468988856442468
0.0001495527605845795
-0.0005674674488536526
0.0005892398597016125
0.0005927245859882425
-0.0002197498565158829
-0.0005107787615136258
-0.000522885521621836
-0.0005296609182022088
-0.0002089934432907535
-0.0004657241718371051
0.0005298127145851904
-0.0004780180988281857
-0.0001887216333687979
0.0004592493467016677
-0.0004597280444474292
-0.0004591255017192988
0.0001313532784345547
-0.0004595602811079172
-0.0004769344754781982

0.03930258392250448
0.02334968431166734
0.007187489227041281
-0.007177413445971561
-0.007906705815298204
0.004153117749204691
-0.005608374959479735
0.004411169777013396
0.003384135267240741
0.002254436322121902
-0.002899325712467846
0.0004299290899559689
-0.003011552231452661
0.001465802933282207
-0.003016831328083115
-0.002191482086933272
0.001701437834761968
0.002181146182401548
-0.001589959636192445
-0.0002565991587765518
0.001403693614115499
0.0016999222600413
-0.001332401135913299
-0.001230604888748749
-0.001422825646355871
-0.001125746646669228
2.001913651144805e-05
-0.001319283251935913
0.001141899204469902
0.001070865367883575
-0.001126509211461099
-0.0009868189481991958
-0.0001374354201928008
0.0009803853733944177
0.001052331023091637
0.0008481070561508191
-0.0001772964441504839
-0.0009405842581209347
-0.0008859702421398657
-0.0007907872996023983
0.0008798236170407224
-7.530909377073484e-05
-0.0008185164845069328
-0.0007449435281225554
-0.0007979947308164553
-0.0001844837231504413
0.0007000105335535481
-0.0007268683153791237
-0.0007311669674199617
0.0002710767192350673
0.0006300810982151548
0.0006450156281514415
0.0006533735506805271
0.0002578079360193519
0.000574503130840351
-0.0006535608020678449
0.0005896685441340272
0.0002328012497183248
-0.0005665159840764718
0.0005671064910122705
0.0005663632126841684
-0.0001620333971696643
0.0005668995432747542
0.0005883318194269331

-0.005640148588662494
-0.00335081503230984
-0.001031446362403328
0.001030000429421193
0.001134658111361146
-0.0005959964682706039
0.0008048343125421403
-0.0006330284299177254
-0.0004856430251253266
-0.0003235246788231015
0.0004160700440839017
-6.169731625587151e-05
0.0004321752000174507
-0.0002103512166454378
0.0004329327809812629
0.0003144903811939529
-0.0002441661907357487
-0.0003130071189873279
0.0002281684231189896
3.682346652015013e-05
-0.0002014381693625859
-0.000243948696979116
0.000191207285532966
0.000176598934058971
0.0002041837268773095
0.0001615511685675187
-2.872862119292071e-06
0.0001893247931515874
-0.0001638691542312736
-0.0001536753869726512
0.0001616606010348796
0.0001416142386191426
1.972277936639225e-05
-0.0001406909833459917
-0.0001510156010708897
-0.0001217082781431163
2.544306733679114e-05
0.0001349792926190022
0.000127141864785638
0.0001134825608560252
-0.0001262597884584139
1.080729144378652e-05
0.0001174618596067643
0.0001069037139404909
0.000114516869009151
2.64744835303922e-05
-0.0001004555687904738
0.0001043098161487798
0.0001049266976314094
-3.890108035714774e-05
-9.042028951196463e-05
-9.256348111759974e-05
-9.376289144261831e-05
-3.69969330604951e-05
-8.244452906659365e-05
9.378976310197513e-05
-8.462085377219655e-05
-3.340832863881437e-05
8.129832721288058e-05
-8.138306838072185e-05
-8.127640363264068e-05
2.325273163119956e-05
-8.135337018092315e-05
-8.442902602914011e-05

0.04070653713833321
0.02418377360316452
0.007444238214181487
-0.007433802509566883
-0.008189146406935788
0.004301473975126484
-0.005808715376676586
0.004568744047606344
0.003505022168737936
0.002334968511317275
-0.003002894415883783
0.0004452868671854397
-0.003119129851497907
0.001518163835201787
-0.003124597526179064
-0.002269765446862903
0.001762216004572921
0.002259060326748779
-0.001646755620616155
-0.0002657653045661541
0.001453835868565478
0.001760646291020064
-0.00137999670528444
-0.001274564128028936
-0.001473651328598731
-0.001165960176342544
2.073425313428654e-05
-0.001366410228824077
0.001182689730187949
0.00110911844762824
-0.001166749981208376
-0.001022069751008836
-0.0001423448404113018
0.00101540635828562
0.001089922025426517
0.0008784028410590377
-0.0001836297659852707
-0.0009741834814328328
-0.0009176185625922218
-0.0008190355281285757
0.000911252369891645
-7.799925899217482e-05
-0.0008477552453197413
-0.0007715541414090705
-0.0008265004206906954
-0.0001910737864627178
0.0007250160660557726
-0.0007528332522105364
-0.0007572854592026062
0.0002807600273975852
0.0006525886357811756
0.0006680566517947321
0.0006767131331218563
0.0002670172613287091
0.0005950253316105461
-0.0006769070734379543
0.0006107324785166433
0.0002411172948882141
-0.0005867528707714793
0.0005873644715904462
0.0005865946421326737
-0.0001678214977555416
0.0005871501313380548
0.0006093480037951946

-0.01645298486642377
-0.009774726348095978
-0.003008851827992048
0.003004633869355938
0.003309932786581229
-0.00173859264853543
0.002347797501443651
-0.001846619289143382
-0.001416678517820806
-0.0009437600022269773
0.001213725849785009
-0.0001799784162950164
0.001260706506885561
-0.0006136195402828615
0.001262916460744327
0.0009174058805520373
-0.000712261845218466
-0.0009130790281199589
0.0006655944526209359
0.0001074184355007768
-0.0005876191203019536
-0.0007116273900386813
0.0005577744142319557
0.0005151601139266003
0.0005956282384182247
0.0004712639906219372
-8.380480802761136e-06
0.000552282959853284
-0.0004780258307482502
-0.0004482893981349391
0.0004715832181563217
0.0004131055925645777
5.75336953163509e-05
-0.0004104123470232294
-0.0004405304860239953
-0.0003550375361444025
7.422045629955659e-05
0.000393750665222829
0.0003708879552234116
0.000331042139585017
-0.0003683148335705232
3.152615569897031e-05
0.0003426502277574614
0.0003118508599512448
0.000334059339596852
7.722922012152778e-05
-0.0002930408529271822
0.0003042841513015623
0.0003060836680233217
-0.000113479082393477
-0.0002637667486185852
-0.0002700186936694569
-0.0002735175163716227
-0.0001079244580492525
-0.0002405005059227067
0.0002735959042010033
-0.0002468491041700973
-9.745607174453114e-05
0.0002371568986654849
-0.0002374040987401046
-0.0002370929449721608
6.7830986297122e-05
-0.0002373174655555343
-0.0002462895198072325

0.03750710028375669
0.02228298660460906
0.00685913882300047
-0.006849523339910043
-0.007545499006202701
0.003963388366953506
-0.005352164184646777
0.004209651648383465
0.0032295357753691
0.002151445548309887
-0.002766874067801997
0.0004102883801146437
-0.002873973675054001
0.001398839774077931
-0.002879011603529356
-0.002091367289405439
0.001623710024278017
0.002081503566232406
-0.001517324551469268
-0.0002448767846901325
0.001339567832387676
0.001622263686471213
-0.001271532251452853
-0.001174386423625243
-0.001357825844463512
-0.001074318483842768
1.910459022769946e-05
-0.001259013639678798
0.001089733134606414
0.001021944379606353
-0.001075046211927568
-0.0009417375031879854
-0.0001311568750257198
0.0009355978372603453
0.001004256750463045
0.0008093624701403044
-0.0001691969037918001
-0.0008976149803336618
-0.0008454959293742861
-0.0007546612865908732
0.000839630104255303
-7.186870303254723e-05
-0.0007811237024223427
-0.0007109118237651247
-0.0007615394563793567
-0.0001760558419916732
0.0006680315302791989
-0.0006936623518637556
-0.0006977646259915711
0.0002586929580249967
0.0006012967234993
0.0006155489902995973
0.0006235250928144547
0.000246030340633365
0.0005482577579185268
-0.0006237037898836793
0.0005627303604928035
0.0002221660498604272
-0.0005406354927961275
0.0005411990232475236
0.0005404897005513612
-0.0001546311277890288
0.0005410015296285161
0.0005614547021866302

0.02744733797981531
0.01630647690462123
0.005019452319721375
-0.005012415800978482
-0.00552172415043684
0.002900369776123169
-0.003916662663551087
0.003080582894874178
0.002363343454275186
0.001574407316558653
-0.002024772032815383
0.0003002451203371544
-0.002103146503128758
0.001023657594648876
-0.002106833211100066
-0.001530442620143371
0.001188215497343324
0.001523224441675533
-0.001110363623798355
-0.0001791984936706478
0.0009802829534745752
0.001187157081141573
-0.0009304951647507039
-0.0008594047752101294
-0.0009936439924377316
-0.0007861760120326771
1.398055677400533e-05
-0.0009213341641451797
0.0007974563063273434
0.0007478491424668765
-0.0007867085564986197
-0.0006891545158841661
-9.597934924247156e-05
0.0006846615669615678
0.0007349055042892381
0.0005922837302283673
-0.0001238166791988274
-0.0006568660748118055
-0.0006187258507994241
-0.0005522539262336357
0.0006144332959674103
-5.259283088751745e-05
-0.0005716188695533909
-0.0005202384869292519
-0.0005572873052320799
-0.0001288359847044392
0.0004888590974516453
-0.0005076154880393193
-0.0005106174930895563
0.0001893090374407726
0.0004400232028383538
0.0004504528756440926
0.000456289711331987
0.0001800426548990737
0.0004012097940870162
-0.0004564204801415597
0.0004118007065088309
0.0001625789946976687
-0.0003956318932254542
0.000396044279430894
0.0003955252038524385
-0.0001131575833513337
0.0003958997554853761
0.0004108671919364911

-0.01752847219871739
-0.01041367389769791
-0.003205532372710613
0.00320103869746925
0.003526294183105438
-0.001852239769997507
0.002501266704272271
-0.001967327821312915
-0.001509282979091271
-0.001005451053142699
0.001293063841457241
-0.0001917431208993909
0.001343115497649925
-0.0006537301978796555
0.001345469910243007
0.0009773742334742729
-0.0007588204847619737
-0.0009727645463456485
0.0007091025703305222
0.0001144400894786048
-0.0006260302004330205
-0.0007581445569550202
0.0005942346262639001
0.0005488347438573344
0.0006345628530415293
0.0005020692491325777
-8.928290274121869e-06
0.0005883842102946986
-0.0005092730925465341
-0.0004775928693780072
0.0005024093437118679
0.0004401091931458211
6.129451810900749e-05
-0.0004372398973934417
-0.0004693267780682861
-0.0003782453841862015
7.90720477399574e-05
0.0004194890863037458
0.0003951319024941616
0.0003526814731447155
-0.0003923905828046641
3.358693563439275e-05
0.0003650483507944019
0.0003322357112208918
0.0003558958993998779
8.227748635395631e-05
-0.0003121961446707237
0.0003241743871948786
0.0003260915334807223
-0.0001208969045445551
-0.0002810084709640884
-0.0002876690888336454
-0.0002913966201577161
-0.0001149791893590239
-0.0002562213766114909
0.0002914801319884492
-0.0002629849656371416
-0.0001038265128206283
0.0002526592067482694
-0.0002529225656263038
-0.0002525910725740138
7.226491528275554e-05
-0.0002528302694638997
-0.0002623888027509156

-0.02471277113105232
-0.01468186940365785
-0.004519366376139979
0.004513030902826941
0.004971597073598998
-0.002611407143580716
0.003526447194007143
-0.002773665704384579
-0.002127884530460652
-0.0014175497714852
0.001823044838676867
-0.0002703318240758251
0.001893610893162978
-0.0009216710149350865
0.001896930295954697
0.001377965259458792
-0.001069834082336541
-0.001371466225104488
0.000999738558521012
0.0001613450223977298
-0.0008826177711917635
-0.001068881115700146
0.0008377903191176099
0.0007737826354716754
0.000894647655409049
0.0007078496234635231
-1.258767972671301e-05
0.000829542025186251
-0.000718006066736985
-0.0006733412439461242
0.0007083291107463289
0.0006204943385584542
8.641696666106477e-05
-0.0006164490202654983
-0.0006616871750481006
-0.0005332747489227418
0.0001114808750304905
0.0005914227814192998
0.0005570824520367278
0.0004972330976239962
-0.0005532175626541821
4.735302905561978e-05
0.0005146687197080694
0.0004684073432004206
0.0005017650031697623
0.0001160001092195622
-0.0004401542692242501
0.0004570419684312766
0.0004597448849689693
-0.0001704482569039465
-0.0003961838744469718
-0.000405574443295845
-0.0004108297574756945
-0.0001621050801946698
-0.0003612374294403624
0.0004109474978432924
-0.0003707731736696482
-0.0001463813171840417
0.0003562152525179699
-0.0003565865528575531
-0.0003561191925626827
0.0001018837404618567
-0.0003564564277726184
-0.0003699326647653135

0.01713440599769653
0.0101795589751299
0.003133467223504339
-0.003129074572784149
-0.003447017829942315
0.001810598657111783
-0.002445034497795665
0.001923099357364433
0.001475352046429262
0.0009828470137068248
-0.001263993837528435
0.0001874324495318227
-0.001312920257831502
0.0006390333679076835
-0.001315221739717401
-0.0009554014028248365
0.0007417610683851923
0.0009508953483387305
-0.0006931608868309513
-0.0001118673055648243
0.000611956107721915
0.0007411003364435969
-0.0005808753454873465
-0.0005364961201570816
-0.0006202969335722424
-0.0004907819835105651
8.727568991055409e-06
-0.0005751564555959295
0.0004978238737791558
0.0004668558692825369
-0.0004911144322565261
-0.0004302148820038303
-5.991652591318169e-05
0.0004274100922999418
0.00045877561203547
0.0003697418637475088
-7.729439016051725e-05
-0.0004100583459211104
-0.0003862487479355722
-0.0003447526675581123
0.0003835690572015598
-3.283185122206012e-05
-0.0003568415193515381
-0.0003247665568598931
-0.000347894828716394
-8.04277657331509e-05
0.0003051775096573909
-0.0003168864634224969
-0.0003187605094001336
0.0001181789617969204
0.0002746909813761937
0.0002812018586208034
0.0002848455894806123
0.0001123942856758222
0.0002504611378777622
-0.0002849272238408585
0.0002570726713333795
0.0001014923379417018
-0.0002469790509064783
0.0002472364890841246
0.0002469124484900658
-7.064029219467992e-05
0.0002471462678771985
0.0002564899110781325

0.003374024580390164
0.002004509651763663
0.000617027251214494
-0.0006161622716216232
-0.0006787701242059855
0.0003565343540440974
-0.0004814643995579149
0.0003786874492844809
0.0002905192085471605
0.0001935374931264306
-0.000248899569547479
3.690829387190945e-05
-0.0002585339242347985
0.0001258353683984338
-0.0002589871209461931
-0.0001881330358167713
0.0001460640116642582
0.0001872457253025186
-0.0001364938983380915
-2.202837021415726e-05
0.0001205034449312865
0.0001459339035174022
-0.000114383171151711
-0.0001056442281650694
-0.0001221458801253658
-9.664242088111856e-05
1.718590787848439e-06
-0.0001132570349397369
9.802907594595342e-05
9.193100587610207e-05
-9.670788508470755e-05
-8.471583940085741e-05
-1.179847327241905e-05
8.416353374146067e-05
9.033988059465884e-05
7.280778434051607e-05
-1.522043847698587e-05
-8.074671154148296e-05
-7.605824035313148e-05
-6.788703236350139e-05
7.553056857919257e-05
-6.465089776556152e-06
-7.026751074757365e-05
-6.395146384887137e-05
-6.850577158252283e-05
-1.5837447680758e-05
6.009408316252543e-05
-6.239975385918567e-05
-6.276878195353592e-05
2.327123111479968e-05
5.409082306675494e-05
5.537291360811548e-05
5.609041951335126e-05
2.213214059573248e-05
4.931959915885086e-05
-5.610649455778199e-05
5.062151043590076e-05
1.998538163405438e-05
-4.863392338846423e-05
4.868461687265058e-05
4.862080836185516e-05
-1.391014560192991e-05
4.86668509478789e-05
5.05067560974537e-05

-0.01430832544738187
-0.008500583139359657
-0.002616645643778186
0.00261297749933949
0.002878480464416344
-0.001511965739812096
0.002041760264653745
-0.001605911023499973
-0.001232013367292059
-0.0008207401493227814
0.001055515737941194
-0.0001565180892562817
0.001096372429720581
-0.0005336337542713708
0.001098294314368381
0.0007978213079777838
-0.000619417957767549
-0.0007940584641373086
0.0005788336962195333
9.341635859210368e-05
-0.000511022509328578
-0.0006188662043157452
0.000485068083989053
0.0004480085909891911
0.0005179876326473021
0.0004098343616186462
-7.288078589084492e-06
0.00048029244497507
-0.0004157147906070335
-0.0003898545251941111
0.0004101119775950263
0.0003592569561410833
5.003413322630025e-05
-0.0003569147772584062
-0.0003831069933330257
-0.0003087581161980972
6.454576189114914e-05
0.0003424249586850832
0.000322542420778915
0.0002878905383086121
-0.0003203047075413071
2.741669669718058e-05
0.0002979855031278242
0.0002712008569542289
0.0002905144439442009
6.716233100058282e-05
-0.0002548427490271108
0.0002646204746828347
0.0002661854229953464
-9.868699543197487e-05
-0.0002293845470639333
-0.0002348215461975496
-0.000237864294629661
-9.385642070649409e-05
-0.0002091510772628221
0.0002379324645442955
-0.0002146721307736158
-8.475259672734959e-05
0.0002062433118212944
-0.0002064582891732282
-0.0002061876945416765
5.898916429057915e-05
-0.0002063829486921194
-0.0002141854886693604

-0.01948288810036083
-0.0115747933397953
-0.003562947632377487
0.003557952914586813
0.003919474224535528
-0.002058763579893959
0.002780156693408744
-0.002186683891489323
-0.00167756727797155
-0.001117558343743761
0.001437239814407276
-0.0002131223831801696
0.00149287220528504
-0.0007266207886643446
0.001495489133706748
0.001086350972695498
-0.0008434285900833493
-0.001081227307752574
0.0007881671530072864
0.0001272001023379827
-0.0006958322553277556
-0.0008426772966633713
0.0006604914905081359
0.0006100295438723456
0.0007053162944435231
0.0005580497198265928
-9.923790183552793e-06
0.0006539887560785573
-0.0005660567881858858
-0.0005308442359455066
0.0005584277347819909
0.0004891811485216859
6.812882628587957e-05
-0.0004859919277251514
-0.0005216564795806393
-0.0004204195557395379
8.788854159784036e-05
0.0004662619100582243
0.0004391889124108575
0.0003920052813758081
-0.0004361419369437953
3.733186219430285e-05
0.0004057510597113726
0.0003692798272021594
0.0003955781145543208
9.145138501746254e-05
-0.0003470058589834348
0.0003603196695706197
0.0003624505767104556
-0.0001343768490611964
-0.0003123407752244744
-0.0003197440486619582
-0.0003238871978683099
-0.0001277993115860726
-0.0002847899322227365
0.0003239800212265199
-0.0002923076580491226
-0.0001154031171800339
0.0002808305821975917
-0.0002811233054591394
-0.0002807548510968698
8.032241726911738e-05
-0.0002810207183209106
-0.0002916450232986929

0.01208731541363312
0.007181079993122098
0.002210476784189316
-0.002207378027526011
-0.002431668290837775
0.001277270835005998
-0.001724827996724779
0.001356633460614015
0.001040774073740233
0.000693340747243972
-0.0008916732915719618
0.00013222256648672
-0.0009261880027525725
0.0004508004467021846
-0.0009278115628269556
-0.0006739794833930381
0.0005232687959145614
0.000670800727044483
-0.0004889842269785235
-7.891580291826059e-05
0.0004316990325972653
0.0005228026884007227
-0.0004097733833231778
-0.00037846645068416
-0.0004375829945435746
-0.0003462178166443589
6.1567864799814e-06
-0.0004057390429472392
0.0003511854559541894
0.0003293393506306945
-0.0003464523396766476
-0.0003034912896962388
-4.226758414030348e-05
0.0003015126755660044
0.0003236392045047189
0.0002608311329463361
-5.452664502640239e-05
-0.0002892720392996802
-0.0002724757686403496
-0.0002432027251500399
0.0002705854044738675
-2.316093953813362e-05
-0.0002517306989026706
-0.0002291036998360637
-0.0002454193349937241
-5.673705715629124e-05
0.0002152847794590516
-0.0002235447575021729
-0.0002248667866892123
8.336830507503066e-05
0.0001937783272802653
0.0001983713681411931
0.0002009418059019917
7.928755638429483e-05
0.0001766855981347214
-0.0002009993941405858
0.0001813496460308922
7.159687361985724e-05
-0.0001742291906277948
0.0001744107981170396
0.0001741822065412728
-4.983257037233206e-05
0.0001743471523632398
0.0001809385429546205

0.01234078611263754
0.00733166705924617
0.002256830426536043
-0.002253666689024257
-0.00248266031349387
0.001304055172163484
-0.001760997596261997
0.001385082030026488
0.001062599079785702
0.0007078800852059326
-0.0009103716579803277
0.0001349952703671629
-0.0009456101417828749
0.000460253720686213
-0.0009472677478709912
-0.0006881128161408639
0.0005342417293516515
0.0006848674013519372
-0.0004992382138707537
-8.057066531273192e-05
0.0004407517504099029
0.0005337658475749876
-0.0004183663208241586
-0.0003864028825982348
-0.0004467590988896447
-0.0003534779955169953
6.285894137000095e-06
-0.0004142473804324489
0.0003585498060976988
0.0003362455884971987
-0.0003537174364913127
-0.0003098554943776424
-4.315393431241499e-05
0.0003078353887590483
0.0003304259104508588
0.0002663007552178968
-5.567006739574191e-05
-0.0002953380666592803
-0.0002781895786283558
-0.0002483026801552562
0.0002762595735730568
-2.364662385540668e-05
-0.0002570094853021627
-0.000233907998636461
-0.0002505657722514025
-5.792683181218009e-05
0.0002197992958481104
-0.0002282324854222018
-0.0002295822375278979
8.5116536327291e-05
0.0001978418539101754
0.0002025312107220014
0.0002051555504977162
8.095021443956158e-05
0.0001803906906660909
-0.0002052143463602139
0.0001851525435288631
7.309825825175083e-05
-0.0001778827723557454
0.0001780681881494451
0.0001778348030141059
-5.087755811470301e-05
0.0001780032077458134
0.0001847328196314484

0.01764747599762598
0.01048437411277511
0.003227295280827211
-0.003222771097252623
-0.003550234798069834
0.00186481494292897
-0.002518248232183706
0.001980684346728626
0.001519529759648725
0.001012277232490948
-0.001301842673269467
0.0001930448977766895
-0.001352234138726182
0.0006581684841218086
-0.001354604535829052
-0.0009840097944864862
0.0007639722469550548
0.0009793688114026382
-0.0007139167890901634
-0.0001152170428399325
0.0006302804266500556
0.0007632917301585991
-0.0005982689868840379
-0.0005525608769025555
-0.0006388710088980592
-0.0005054778832271295
8.988905965460061e-06
-0.0005923788514393177
0.000512730634767594
0.0004808353291395785
-0.0005058202867670084
-0.0004430971698116517
-6.171065708703617e-05
0.0004402083939192787
0.0004725131179208943
0.0003808133568610189
-7.960888141042216e-05
-0.0004223370695336944
-0.0003978145206331661
-0.0003550758880503921
0.0003950545896545542
-3.381496309104464e-05
-0.0003675267265500884
-0.0003344913163483533
-0.0003583121375959641
-8.283608229600592e-05
0.0003143156977497812
-0.0003263752626132381
-0.0003283054247334516
0.0001217176943288985
0.0002829162855866157
0.000289622123531089
0.0002933749617036278
0.0001157598027618127
0.0002579609074063794
-0.0002934590405104747
0.0002647704155960322
0.0001045314087929382
-0.000254374553362011
0.0002546397002286029
0.0002543059566131337
-7.275553416547558e-05
0.0002545467774519584
0.0002641702052580024

0.0115695557284901
0.006873478711199065
0.002115791097199105
-0.0021128250756575
-0.002327507874272632
0.001222558988516915
-0.001650945056637998
0.001298522119146779
0.0009961925568122032
0.0006636415233297863
-0.0008534785008431981
0.0001265588179990982
-0.0008865147757141159
0.0004314904271187755
-0.0008880687906558835
-0.0006451095984620114
0.0005008545974141261
0.0006420670040180053
-0.0004680386066535732
-7.553544757271247e-05
0.000413207221343388
0.0005004084555973418
-0.0003922207564022975
-0.0003622548550039946
-0.0004188391440088273
-0.0003313875899477911
5.893060770814665e-06
-0.0003883592268392236
0.0003361424406211063
0.0003152321123686944
-0.0003316120671950626
-0.0002904912521179976
-4.045705381926667e-05
0.0002885973918469413
0.0003097761317800279
0.0002496584415215391
-5.219099830959715e-05
-0.0002768810827585169
-0.0002608042796989736
-0.0002327851458869218
0.0002589948892079924
-2.216884159474942e-05
-0.0002409478242158661
-0.0002192900517733126
-0.0002349068073342145
-5.430672752196153e-05
0.0002060630643126751
-0.0002139692265178672
-0.00021523462663615
7.97972269729404e-05
0.0001854778401756316
0.0001898741383101006
0.0001923344714694985
7.589127699349244e-05
0.0001691172774175812
-0.0001923895929181277
0.0001735815410036961
6.853002432584208e-05
-0.0001667660900305488
0.0001669399183700517
0.0001667211185055451
-4.769799416057888e-05
0.0001668789988796547
0.0001731880475116493

-0.001169805737655694
-0.0006949821603104894
-0.0002139290931538836
0.0002136291966750067
0.0002353359221093346
-0.0001236137802482485
0.0001669281902550369
-0.0001312944646361402
-0.0001007257146356139
-6.710125089978037e-05
8.629579827281428e-05
-1.279644913953411e-05
8.963611874870455e-05
-4.362829388031469e-05
8.979324626825249e-05
6.522747522950853e-05
-5.064175284999708e-05
-6.491983641239076e-05
4.732370545225053e-05
7.637441059999792e-06
-4.177966636855975e-05
-5.059664314411708e-05
3.965771046315294e-05
3.662783756114383e-05
4.234911394310851e-05
3.350682715971228e-05
-5.958514279934344e-07
3.926726855301692e-05
-3.398759338192352e-05
-3.187333570935955e-05
3.352952420867348e-05
2.937177031175858e-05
4.090640539454938e-06
-2.918028079716876e-05
-3.132167775930402e-05
-2.524313674614875e-05
5.277067737890731e-06
2.799563672628944e-05
2.637010011079552e-05
2.353706621843457e-05
-2.618715139359599e-05
2.241506822161134e-06
2.436240023890695e-05
2.217256797025261e-05
2.37515888667882e-05
5.490990573827869e-06
-2.083517817009727e-05
2.163457566880487e-05
2.176252114515204e-05
-8.068352506565392e-06
-1.875379199838005e-05
-1.919830472664125e-05
-1.944707070470817e-05
-7.673419217510653e-06
-1.709956424450464e-05
1.945264407229775e-05
-1.75509490063975e-05
-6.929117896967229e-06
1.686183407057543e-05
-1.687940997355448e-05
-1.685728696872624e-05
4.822776997934994e-06
-1.687325036202477e-05
-1.75111626087889e-05

0.01411598518305784
0.008386313694347936
0.00258147127507856
-0.002577852439823789
-0.00283978637016826
0.00149164107700565
-0.002014313816749196
0.001584323497280711
0.001215451975982517
0.000809707315477419
-0.001041326923409183
0.0001544140882836281
-0.001081634397397802
0.000526460360170994
-0.001083530447030423
-0.0007870965616173537
0.0006110914059175381
0.0007833842999627733
-0.0005710527000058376
-9.216060527767226e-05
0.0005041530678359361
0.0006105470694346795
-0.0004785475359464345
-0.0004419862167339509
-0.0005110245621925212
-0.0004043251460411479
7.190108287293073e-06
-0.0004738360936600666
0.0004101265271165648
0.0003846138894048282
-0.0004045990301533069
-0.000354427629455777
-4.936154729404844e-05
0.0003521169354109511
0.0003779570615236476
0.0003046076222845646
-6.367810278254534e-05
-0.0003378218968308089
-0.0003182066307736113
-0.0002840205576851479
0.0003159989980897773
-2.704814660311881e-05
-0.0002939798205169308
-0.0002675552280717207
-0.0002866091913594321
-6.62594985521086e-05
0.0002514170146957758
-0.0002610633028646885
-0.0002626072142939062
9.736039136100518e-05
0.0002263010356791857
0.0002316649477240164
0.0002346667938829245
9.259475183869991e-05
0.0002063395551435595
-0.0002347340474205839
0.000211786391661255
8.36133063948509e-05
-0.0002034708774607954
0.000203682964970691
0.0002034160078187672
-5.819619997803352e-05
0.0002036086372572601
0.0002113062912639228

-0.009817224418291266
-0.005832417823617901
-0.001795332207293125
0.001792815421014148
0.001974982244201662
-0.001037389527872196
0.001400892005159096
-0.001101847240718763
-0.0008453086811254179
-0.0005631260111207637
0.0007242101750140247
-0.0001073901494204655
0.0007522427574194587
-0.000366136648353574
0.0007535614003984933
0.0005474009418442177
-0.0004249948830479982
-0.0005448191804375731
0.0003971492203999037
6.409480690179988e-05
-0.000350622627038096
-0.0004246163141176493
0.0003328147836854022
0.0003073875342881356
0.0003554015355813599
0.0002811954422712107
-5.000494526791739e-06
0.0003295381235259898
-0.0002852301206315297
-0.0002674868822624454
0.0002813859200704912
0.0002464932863904283
3.432940606946309e-05
-0.0002448862712436447
-0.0002628572675116895
-0.0002118450358731202
4.428612083679458e-05
0.0002349445208104552
0.0002213027192350098
0.0001975273789285303
-0.0002197673800285919
1.881113658437932e-05
0.0002044537334827414
0.0001860762592340792
0.0001993276923594962
4.608140053236745e-05
-0.000174852638610549
0.000181561329114944
0.0001826350710313703
-6.771109483672212e-05
-0.0001573852639077792
-0.0001611156962950307
-0.0001632033860332038
-6.439674220170317e-05
-0.0001435026810346924
0.0001632501587567475
-0.0001472907847887177
-5.815042893488936e-05
0.0001415076057898476
-0.000141655105992914
-0.000141469445676878
4.047362958143674e-05
-0.0001416034134022244
-0.0001469568900386601

-0.007885458698239506
-0.004684754865471594
-0.001442059116408884
0.001440037565977905
0.001586358857947061
-0.0008332591705637107
0.00112523413713504
-0.0008850333391859184
-0.000678974668222849
-0.0004523179580497647
0.0005817050910314603
-8.625865639529866e-05
0.0006042216151877965
-0.0002940908036211459
0.0006052807846949829
0.0004396871594631508
-0.0003413673207871549
-0.0004376134192618753
0.0003190009356072605
5.148267280660126e-05
-0.0002816295244331607
-0.0003410632440402912
0.0002673257856900086
0.0002469019350792223
0.0002854680723093406
0.000225863742304958
-4.016531697933113e-06
0.0002646938841204325
-0.0002291045044812559
-0.0002148526581985687
0.0002260167391964543
0.0001979900373473567
2.757430228359763e-05
-0.0001966992395589755
-0.0002111340271119501
-0.000170159630627596
3.55718033819375e-05
0.000188713758216321
0.0001777562962790619
0.0001586593034799669
-0.0001765230705337865
1.510961085158461e-05
0.0001642227377500935
0.0001494614561504259
0.0001601053636491795
3.701382031951928e-05
-0.0001404463421935054
0.0001458349428445411
0.0001466974012313217
-5.438737254012412e-05
-0.000126416077027237
-0.0001294124606549284
-0.0001310893492034155
-5.172519536037598e-05
-0.0001152652130756519
0.0001311269183129724
-0.0001183079198962461
-4.670798854273715e-05
0.0001136627149791644
-0.0001137811911094421
-0.0001136320637500698
3.250950786432613e-05
-0.000113739670230267
-0.0001180397266525252

0.009924712816230152
0.005896276733352987
0.001814989227904052
-0.001812444885431895
-0.001996606245888701
0.001048747864367387
-0.001416230315755332
0.001113911322136372
0.0008545639321033539
0.0005692916553184531
-0.000732139523286585
0.0001085659598760607
-0.000760479033317054
0.0003701454638885289
-0.0007618121140652483
-0.0005533944128866437
0.0004296481350431782
0.0005507843838774289
-0.0004014975913472728
-6.479657838183393e-05
0.0003544615801735046
0.0004292654211767443
-0.0003364587594554617
-0.0003107531081203858
-0.0003592928127955531
-0.0002842742399343644
5.055244741587612e-06
-0.0003331462232749326
0.0002883530938269348
0.0002704155854497207
-0.0002844668032675668
-0.000249192131535233
-3.47052773649952e-05
0.000247567521243859
0.0002657352812321325
0.0002141645187073044
-4.477100780451942e-05
-0.0002375169189823207
-0.0002237257538665235
-0.0001996900983088102
0.0002221736042923424
-1.901709896730787e-05
-0.0002066922892423468
-0.0001881136007623294
-0.0002015101232996493
-4.658594394575574e-05
0.0001767670931650071
-0.0001835492368537108
-0.0001846347351274733
6.845246090888518e-05
0.0001591084688745063
0.0001628797456168706
0.000164990293386579
6.510181955929489e-05
0.0001450738861561237
-0.0001650375782227936
0.0001489034657068303
5.878711565809481e-05
-0.0001430569669121316
0.0001432060820890135
0.0001430183889855847
-4.091677373472352e-05
0.0001431538235182886
0.0001485659151565349

0.005196064705235721
0.003086984580185836
0.0009502341923759961
-0.0009489021066667771
-0.001045319440130721
0.0005490699694422306
-0.0007414647148427294
0.0005831861750450178
0.0004474053373826425
0.0002980515740817968
-0.0003833102686898814
5.683950384734431e-05
-0.0003981473657986129
0.0001937889605802764
-0.0003988452977141326
-0.0002897286027435252
0.000224941472010895
0.0002883621269708391
-0.0002102033078705017
-3.392412659030035e-05
0.0001855776927962823
0.0002247411028868369
-0.0001761523499112928
-0.0001626942045623812
-0.0001881070755375665
-0.0001488312429872162
2.646663864684365e-06
-0.0001744180778319325
0.000150966719261548
0.0001415755705297134
-0.0001489320591576228
-0.0001304640711996566
-1.816988260927623e-05
0.0001296135095409786
0.0001391252060702177
0.0001121254304657868
-2.34397768256368e-05
-0.0001243515356537651
-0.0001171311971281063
-0.0001045473749236448
0.0001163185721415803
-9.95636635232067e-06
-0.0001082133588006648
-9.848652143342365e-05
-0.0001055002455801614
-2.438998322458349e-05
9.254607874797624e-05
-9.609685730444379e-05
-9.666516788152053e-05
3.58381570027614e-05
8.330093925444702e-05
8.527538409111223e-05
8.638035740144195e-05
3.408393503392901e-05
7.595315990147796e-05
-8.640511328840998e-05
7.795812906357405e-05
3.077788369795892e-05
-7.489720562946018e-05
7.497527459950688e-05
7.487700822868334e-05
-2.142189983648746e-05
7.494791472315349e-05
7.778140510860394e-05

0.001063645667881524
0.0006319124109872582
0.0001945149915423587
-0.0001942423107208155
-0.00021397914712799
0.0001123958086534514
-0.000151779428580654
0.0001193794696263087
9.158483889058555e-05
6.101180096123972e-05
-7.846443989344696e-05
1.163516920233374e-05
-8.150162571745698e-05
3.966901878583761e-05
-8.164449388802297e-05
-5.930807075190181e-05
4.6046005160434e-05
5.902835020988289e-05
-4.302907112865822e-05
-6.94434198406232e-06
3.798815453531575e-05
4.600498916792041e-05
-3.605876648943637e-05
-3.330385506895297e-05
-3.850592464558708e-05
-3.046607689260434e-05
5.417778094969577e-07
-3.570375724899624e-05
3.090321349823377e-05
2.898082506939683e-05
-3.048671418040244e-05
-2.670627715739474e-05
-3.719414214336228e-06
2.653216534871841e-05
2.847923017208068e-05
2.295231779041603e-05
-4.798172942607008e-06
-2.545502792896064e-05
-2.397700903789791e-05
-2.140107345350749e-05
2.381066294804306e-05
-2.038089696574983e-06
-2.215150827108743e-05
-2.016040365349952e-05
-2.159612813492085e-05
-4.992682244772643e-06
1.894438220534381e-05
-1.967123424499444e-05
-1.978756864759027e-05
7.336148143511116e-06
1.705188218289661e-05
1.745605530548107e-05
1.768224572867918e-05
6.977055117625295e-06
1.554777587926071e-05
-1.768731331221559e-05
1.595819739716587e-05
6.300299268573963e-06
-1.533161975906735e-05
1.534760064585061e-05
1.532748530751459e-05
-4.385109164617334e-06
1.53420000200502e-05
1.592202162187e-05

-0.006261548903923856
-0.003719989263224118
-0.0011450854066054
0.001143480168740504
0.001259668454090788
-0.0006616600562872353
0.0008935064969153874
-0.0007027719942472143
-0.0005391484823263336
-0.0003591688350462152
0.0004619103357891442
-6.84947846504416e-05
0.0004797898685527122
-0.0002335265479837122
0.0004806309155888658
0.0003491391885700749
-0.0002710670685254471
-0.0003474925087533087
0.0002533067555281635
4.088047199527379e-05
-0.0002236315105449646
-0.0002708256125120307
0.000212273444631908
0.0001960556259481915
0.0002266795583715277
0.0001793499810456803
-3.189378146940646e-06
0.0002101835496722114
-0.0001819233495242099
-0.000170606489480245
0.0001794714701758465
0.0001572165106409205
2.189572589846546e-05
-0.0001561915362182056
-0.0001676536631076403
-0.0001351174217533098
2.824624349709806e-05
0.0001498505630596564
0.0001411496508605339
0.0001259854405203009
-0.0001401703922518678
1.199797892386232e-05
0.0001304031563551358
0.0001186817727098726
0.000127133703013841
2.939129541106635e-05
-0.0001115232066611547
0.0001158020936341772
0.0001164869396999855
-4.318698581123237e-05
-0.0001003822959246321
-0.0001027616125043972
-0.0001040931672122024
-4.107305011771992e-05
-9.152781039301984e-05
0.0001041229994421037
-9.394391049404903e-05
-3.708907314796418e-05
9.025532637102086e-05
-9.034940385110849e-05
-9.023098737221185e-05
2.581458874173447e-05
-9.031643366821463e-05
-9.373094823330767e-05

-0.00994965813264634
-0.005911096758024449
-0.001819551121171852
0.001817000383610088
0.002001624625310183
-0.001051383844652309
0.001419789946547556
-0.001116711087822633
-0.0008567118398643411
-0.0005707225441247807
0.0007339797228376684
-0.0001088388355019184
0.0007623904629437883
-0.0003710758077571582
0.0007637268943300345
0.0005547853446936677
-0.0004307280361823561
-0.0005521687554947077
0.0004025067373691037
6.495944164853967e-05
-0.0003553525033103924
-0.0004303443603819374
0.0003373044333173486
0.0003115341719912285
0.0003601958790168978
0.0002849887503686284
-5.067950870417193e-06
0.0003339835712270837
-0.0002890778562758029
-0.0002710952627832358
0.0002851817977010454
0.0002498184646779971
3.479250750869767e-05
-0.0002481897710022337
-0.000266403194832857
-0.0002147028115307822
4.488353770605185e-05
0.0002381139070068264
0.000224288078421815
0.0002001920103318263
-0.0002227320275898972
1.906489758474264e-05
0.0002072118009553291
0.0001885864157827869
0.0002020166098731243
4.670303560712436e-05
-0.0001772113892522238
0.0001840105795520723
0.0001850988061766156
-6.86245130708453e-05
-0.0001595083808088836
-0.0001632891364846185
-0.0001654049890206297
-6.526545003589011e-05
-0.0001454385228021216
0.0001654523927051298
-0.0001492777278276886
-5.893487441227586e-05
0.0001434165341228987
-0.0001435660240940415
-0.0001433778592324796
4.10196161933822e-05
-0.0001435136341737755
-0.0001489393288593615

-0.006327555627369794
-0.003759203889873943
-0.001157156435182094
0.001155534275547222
0.00127294737094645
-0.0006686350097723868
0.0009029254820807486
-0.0007101803332030848
-0.0005448319682041197
-0.0003629550480630307
0.0004667796082740446
-6.921682904827268e-05
0.0004848476198616679
-0.0002359882906780747
0.0004856975328765725
0.0003528196730983251
-0.000273924548248411
-0.0003511556346470919
0.0002559770131937312
4.131141744515064e-05
-0.0002259889437450417
-0.0002736805469030054
0.0002145111456815075
0.00019812236529341
0.0002290691228626162
0.0001812406162192445
-3.222999285181625e-06
0.0002123992198919141
-0.0001838411121104609
-0.0001724049542917348
0.0001813633860387893
0.0001588738236952902
2.212654181097966e-05
-0.0001578380444054858
-0.0001694210004142488
-0.0001365417751244915
2.854400400515773e-05
0.000151430227265036
0.0001426375935583589
0.000127313528228016
-0.0001416480120003564
1.212445677924074e-05
0.0001317778138416306
0.0001199328680968548
0.0001284738952416868
2.970112659463784e-05
-0.0001126988393317369
0.0001170228326056531
0.0001177148980425068
-4.364224559961024e-05
-0.0001014404856070264
-0.000103844883982663
-0.0001051904754032131
-4.150602564849809e-05
-9.249265965968557e-05
0.00010522062211244
-9.493422931363646e-05
-3.748005120014201e-05
9.12067616242843e-05
-9.130183083122248e-05
-9.118216605356963e-05
2.608671572598116e-05
-9.12685130899452e-05
-9.471902209060887e-05

0.0009673716056600968
0.0005747159435818902
0.0001769088009055551
-0.000176660801320434
-0.0001946111918522075
0.0001022224949245809
-0.0001380413740834502
0.0001085740418095782
8.329519437433284e-05
5.548942250437344e-05
-7.1362365775508e-05
1.05820318300268e-05
-7.412464593707391e-05
3.607844562957566e-05
-7.425458264032056e-05
-5.393990251099193e-05
4.187823002653739e-05
5.368550039380857e-05
-3.913436860106008e-05
-6.315786787102579e-06
3.454972192206457e-05
4.184092652621882e-05
-3.279496912396337e-05
-3.028941378278251e-05
-3.502062695938682e-05
-2.770849222794315e-05
4.927397208585361e-07
-3.247209293567751e-05
2.810606216392497e-05
2.635767542452284e-05
-2.772726156707134e-05
-2.428900431325088e-05
-3.382757819907768e-06
2.413065193615406e-05
2.59014815285457e-05
2.087482813590686e-05
-4.363874553230355e-06
-2.315100976135478e-05
-2.180677121369002e-05
-1.946399201792449e-05
2.165548165465674e-05
-1.853615505419362e-06
-2.014650251590772e-05
-1.833561931567384e-05
-1.964139165963067e-05
-4.540778179726194e-06
1.722966396198274e-05
-1.789072623666857e-05
-1.799653083046403e-05
6.672129284439177e-06
1.550846033120641e-05
1.587605041721289e-05
1.608176760244809e-05
6.345538947532468e-06
1.414049562831476e-05
-1.608637650236029e-05
1.451376854689249e-05
5.730038492726088e-06
-1.39439045083731e-05
1.395843891262139e-05
1.394014427960412e-05
-3.988198534212562e-06
1.395334521787494e-05
1.448086715981588e-05

0.008523196687567687
0.005063635316531661
0.001558685924890875
-0.001556500881179191
-0.001714655935787534
0.0009006491662964887
-0.00121623766446318
0.0009566105807666787
0.0007338868751452563
0.0004888992599297303
-0.0006287506021845701
9.323484182687067e-05
-0.0006530881545643146
0.0003178754539450068
-0.0006542329846090111
-0.0004752469430773108
0.0003689754685325682
0.0004730054887382741
-0.0003448001976481564
-5.564634387471431e-05
0.0003044063664053502
0.0003686467995202874
-0.0002889458100393958
-0.0002668701765810207
-0.0003085553575794944
-0.0002441305159185405
4.34136947175772e-06
-0.0002861010529240872
0.0002476333753593955
0.0002322289082665158
-0.0002442958864631654
-0.0002140025197097568
-2.980437928588852e-05
0.0002126073284019372
0.0002282095321754591
0.0001839213234921633
-3.844867982421733e-05
-0.0002039760197192588
-0.0001921323709398097
-0.0001714909051738428
0.0001907994078249496
-1.633160353619875e-05
-0.000177504283261005
-0.0001615491801719541
-0.0001730539157375309
-4.000732015906451e-05
0.0001518049671393219
-0.0001576293719047205
-0.0001585615817794673
5.87859617580421e-05
0.0001366400015784297
0.0001398787183084327
0.0001416912255409252
5.590848048671683e-05
0.0001245873093593601
-0.0001417318330594261
0.0001278760956795003
5.048550610243743e-05
-0.0001228552089210043
0.0001229832668311182
0.0001228220787678282
-3.513872056745524e-05
0.000122938387942927
0.0001275862122556281

0.005454234858426868
0.003240363594339257
0.0009974472508980925
-0.0009960489795672975
-0.001097256876498622
0.0005763508995623889
-0.0007783049140849569
0.0006121621929914684
0.0004696349882901317
0.0003128604775316936
-0.0004023553107362472
5.966361483287498e-05
-0.0004179295995181764
0.0002034175022705141
-0.0004186622086748933
-0.0003041239734705646
0.0002361178482845783
0.0003026896033818214
-0.0002206474080256757
-3.560967083492783e-05
0.0001947982518339496
0.0002359075236787177
-0.0001849046041154616
-0.0001707777812878432
-0.0001974533087473127
-0.0001562260286531656
2.778165232383324e-06
-0.0001830841635001435
0.0001584676075779137
0.0001486098529732712
-0.0001563318539463748
-0.000136946270933164
-1.907266608923751e-05
0.0001360534485163469
0.0001460377404210241
0.0001176964618524123
-2.46043987303103e-05
-0.0001305300297315604
-0.000122950943574994
-0.0001097418852561351
0.0001220979427407078
-1.045105546268178e-05
-0.0001135900161372916
-0.0001033798939697586
-0.0001107420999657927
-2.56018168068482e-05
9.714429618424194e-05
-0.0001008714976868717
-0.0001014680451772862
3.761880120338645e-05
8.743980539033084e-05
8.951235191637827e-05
9.067222660787159e-05
3.5777419474218e-05
7.972694641867733e-05
-9.069821250859441e-05
8.183153389291311e-05
3.230710463725582e-05
-7.86185263111236e-05
7.870047419321786e-05
7.859732538818629e-05
-2.248626209449375e-05
7.867175492206038e-05
8.16460292831347e-05

0.004015356740798491
0.002385525401617818
0.0007343113464020545
-0.0007332819521134405
-0.0008077902601920216
0.0004243041470881005
-0.0005729808056099913
0.0004506680867056443
0.0003457408903161254
0.0002303249603279632
-0.0002962102203327568
4.392379576934012e-05
-0.0003076758662146307
0.0001497540645277349
-0.000308215206230649
-0.0002238932276682391
0.0001738277537256116
0.0002228372578110389
-0.0001624385601559826
-2.621550694755732e-05
0.000143408652890812
0.0001736729147159437
-0.000136125041882389
-0.0001257250069115054
-0.000145363280982747
-0.0001150121425870403
2.045259286124227e-06
-0.0001347848505107451
0.0001166623720470995
0.0001094051852137251
-0.000115090050179095
-0.0001008185650951743
-1.404111856828026e-05
0.0001001612775740387
0.000107511619985414
8.66470355116833e-05
-1.811352845255742e-05
-9.609498827309817e-05
-9.051533586025681e-05
-8.079095054559725e-05
8.988736461617805e-05
-7.693969381551149e-06
-8.362390854503929e-05
-7.610731200420097e-05
-8.152729926925916e-05
-1.884781832106742e-05
7.151672317719007e-05
-7.426065409810111e-05
-7.46998267866686e-05
2.769460995238012e-05
6.437236772920977e-05
6.589815711673635e-05
6.675204602724807e-05
2.633900192842054e-05
5.869423301985363e-05
-6.677117660456246e-05
6.024361065403466e-05
2.37841885705463e-05
-5.787822449327411e-05
5.793855375838194e-05
5.786261657190114e-05
-1.655417605220875e-05
5.791741089927528e-05
6.010704389358771e-05

-0.007535790119016425
-0.004477016591706697
-0.001378113215265366
0.001376181307388853
0.001516014205945373
-0.0007963095698562894
0.001075337354071071
-0.0008457878923294488
-0.0006488665772857415
-0.0004322606115081765
0.0005559102704011056
-8.243364849386173e-05
0.0005774283338070787
-0.0002810497977138452
0.0005784405360657614
0.000420189906324489
-0.0003262299101911894
-0.0004182081229538058
0.0003048553280791538
4.919975259307284e-05
-0.0002691410948510685
-0.0003259393172615468
0.0002554716334778565
0.0002359534472168825
0.0002728094282053776
0.0002158481608540942
-3.838424756287982e-06
0.0002529564395493031
-0.0002189452163991475
-0.0002053253463946511
0.000215994373333039
0.0001892104726182963
2.635156211443739e-05
-0.0001879769132793376
-0.0002017716123038307
-0.0001626141626263452
3.399442628505442e-05
0.0001803455358666807
0.0001698739657836575
0.0001516237998584684
-0.0001686954255436181
1.443959831823527e-05
0.0001569405321635383
0.0001428338169704066
0.0001530057367060683
3.537249919185066e-05
-0.0001342184644236355
0.0001393681158383807
0.0001401923298299653
-5.197564786921776e-05
-0.0001208103498607634
-0.0001236738634492357
-0.0001252763929453847
-4.943152085596224e-05
-0.0001101539538791205
0.0001253122961103461
-0.0001130617365296291
-4.463679438434619e-05
0.000108622516104417
-0.0001087357385923069
-0.0001085932240570732
3.106792356831538e-05
-0.0001086960588929594
-0.000112805435904242

-0.0003037760808708681
-0.0001804735180707743
-5.555327642051301e-05
5.547539906542619e-05
6.111221872608726e-05
-3.210012440235655e-05
4.334804471377007e-05
-3.409465061018807e-05
-2.615653338832762e-05
-1.742490600257291e-05
2.240936127346909e-05
-3.322992052029217e-06
2.327677834134023e-05
-1.132942992446446e-05
2.331758134017649e-05
1.693832245174453e-05
-1.31506905069521e-05
-1.685843455998853e-05
1.228905732959316e-05
1.983296746129656e-06
-1.084937686741074e-05
-1.313897638272893e-05
1.029834567652055e-05
9.511545880557205e-06
1.099725146480988e-05
8.701079426545355e-06
-1.547311709540548e-07
1.019695541189057e-05
-8.825925180024101e-06
-8.276893072380462e-06
8.706973414162139e-06
7.627284587818734e-06
1.062260776575258e-06
-7.577558438877957e-06
-8.133638098766722e-06
-6.555157752055428e-06
1.370353131552921e-06
7.269929127899484e-06
6.847808491547046e-06
6.112124005609815e-06
-6.800300223745461e-06
5.82076267674279e-07
6.326447398001164e-06
5.757790019316475e-06
6.167831416891877e-06
1.425904783093305e-06
-5.410495576328515e-06
5.618083752201334e-06
5.651308734878175e-06
-2.095196172012355e-06
-4.86999956601784e-06
-4.985430983531511e-06
-5.050030729822699e-06
-1.99263958256977e-06
-4.44042839215953e-06
5.051478026344307e-06
-4.557644344780664e-06
-1.799358825882768e-06
4.378694432209496e-06
-4.38325855662004e-06
-4.377513637216033e-06
1.252382552236045e-06
-4.381659023800267e-06
-4.547312581504401e-06

0.004208330349080667
0.002500171116585705
0.0007696015383487607
-0.0007685226725078322
-0.0008466117675464038
0.0004446957355715301
-0.0006005176300249353
0.0004723266969967207
0.0003623568154858118
0.000241394123428739
-0.0003104457562308448
4.603472486137756e-05
-0.0003224624283851469
0.0001569510794014479
-0.0003230276884863681
-0.0002346532888039542
0.0001821817235024968
0.0002335465702021889
-0.0001702451778741636
-2.747539524519521e-05
0.0001503007142924646
0.0001820194431010944
-0.0001426670609868405
-0.0001317672118265574
-0.000152349279650798
-0.0001205394990796283
2.143552187551072e-06
-0.000141262461498728
0.0001222690367441339
0.0001146630775302042
-0.0001206211508244831
-0.0001056637939363771
-1.471591921224445e-05
0.0001049749179032256
0.0001126785096492985
9.081119629961669e-05
-1.89840446158381e-05
-0.0001007132072314259
-9.486540288878052e-05
-8.467367436060304e-05
9.420725204051692e-05
-8.063733048746196e-06
-8.764278119130118e-05
-7.97649453260012e-05
-8.544541119032928e-05
-1.975362364408856e-05
7.495373787224345e-05
-7.782953908135639e-05
-7.828981792407994e-05
2.902558230613243e-05
6.746603259543353e-05
6.906514973502943e-05
6.996007560309297e-05
2.760482525839282e-05
6.151501300586889e-05
-6.998012557481813e-05
6.313885201721402e-05
2.492723039342878e-05
-6.065978801112013e-05
6.072301663406012e-05
6.064342999029425e-05
-1.734975146210066e-05
6.070085767252763e-05
6.299572200915349e-05

0.003008176063089441
0.001787158868880941
0.0005501224318769093
-0.0005493512427999557
-0.0006051704696661841
0.0003178750136373036
-0.0004292587820486071
0.0003376260288535599
0.0002590179496911142
0.000172552048825627
-0.000221911165549429
3.290629439990063e-05
-0.0002305008584998284
0.0001121909263218111
-0.0002309049146848252
-0.0001677336016787812
0.0001302261596198658
0.000166942503041009
-0.00012169374228175
-1.963981423620866e-05
0.0001074371481075995
0.00013011015921628
-0.0001019805011138774
-9.41891295685164e-05
-0.0001089014925775705
-8.616339633777092e-05
1.532242444318084e-06
-0.0001009764728632595
8.739969514775608e-05
8.196284429571202e-05
-8.622176219880967e-05
-7.553002480522198e-05
-1.051915421285889e-05
7.50376061447551e-05
8.054424615825924e-05
6.491317085617602e-05
-1.357007265517346e-05
-7.199127304651832e-05
-6.781117700221904e-05
-6.052598043808179e-05
6.734072115315958e-05
-5.764074282257152e-06
-6.26483414116567e-05
-5.701714915412037e-05
-6.107762920744682e-05
-1.412017899650191e-05
5.357802772200474e-05
-5.563369247307452e-05
-5.596270651954098e-05
2.074791061248856e-05
4.822570651316055e-05
4.936877882508238e-05
5.000848492018852e-05
1.973233270202329e-05
4.397183070130136e-05
-5.002281693312549e-05
4.513257456858396e-05
1.781834874369937e-05
-4.336050337090387e-05
4.340570011503228e-05
4.334881041844895e-05
-1.240185601404956e-05
4.338986056533389e-05
4.503026314613714e-05

0.004555012929246248
0.002706135406851925
0.0008330013726972724
-0.0008318336298041595
-0.0009163557105414629
0.0004813298047174558
-0.0006499883189069824
0.0005112370068851585
0.0003922077980163459
0.0002612801900168675
-0.0003360203016785457
4.982706906167513e-05
-0.0003490269082159262
0.0001698807214811295
-0.0003496387344879738
-0.0002539840449135123
0.0001971898679977609
0.0002527861547475217
-0.000184269988815939
-2.973882043392751e-05
0.000162682498779327
0.00019701421892438
-0.0001544199845230301
-0.0001426222049445097
-0.0001648998251105677
-0.0001304695523517005
2.320138182817703e-06
-0.000152899674020334
0.0001323415694630477
0.0001241090307397893
-0.0001305579305736914
-0.0001143683854663353
-1.592821777695238e-05
0.0001136227597722749
0.0001219609740031843
9.829222968571187e-05
-2.054795168193341e-05
-0.0001090099690451372
-0.0001026804221277759
-9.164909821386815e-05
0.000101968052761576
-8.728024001982946e-06
-9.486280029531976e-05
-8.633598770115458e-05
-9.248441078345493e-05
-2.138092869015222e-05
8.112843260463541e-05
-8.424114254013506e-05
-8.473933918956908e-05
3.14167120250376e-05
7.302388958708555e-05
7.475474212048451e-05
7.572339205090165e-05
2.987891290165533e-05
6.658262454269364e-05
-7.574509374084807e-05
6.8340235537602e-05
2.698073756429754e-05
-6.565694604662027e-05
6.572538344841825e-05
6.563924045075985e-05
-1.877902533158574e-05
6.570139902995863e-05
6.818531446841698e-05

5.647940638624379e-05
3.35544429298126e-05
1.032871339292209e-05
-1.03142340875243e-05
-1.136225678728922e-05
5.968198568921933e-06
-8.059462174794108e-06
6.339029794212868e-06
4.863139568632853e-06
3.239716387700274e-06
-4.166448584721263e-06
6.178255311568542e-07
-4.327722641961096e-06
2.106418237365534e-06
-4.335308917899472e-06
-3.149248599556942e-06
2.445035143216497e-06
3.134395485813099e-06
-2.28483645262056e-06
-3.687433934628067e-07
2.017164627848325e-06
2.442857200813242e-06
-1.914714446531926e-06
-1.768429112656257e-06
-2.044658133800776e-06
-1.617743567943103e-06
2.87683107227194e-08
-1.895863515412273e-06
1.640955448241982e-06
1.538876945497309e-06
-1.618839404389215e-06
-1.418098833287436e-06
-1.975002703165084e-07
1.408853525402324e-06
1.51224234060811e-06
1.21876422110777e-06
-2.547821776747258e-07
-1.351657709292832e-06
-1.273175154294659e-06
-1.13639340729941e-06
1.264342204922148e-06
-1.08222220704378e-07
-1.176241370088948e-06
-1.070514049181617e-06
-1.146750778087722e-06
-2.651105889602661e-07
1.005943514475033e-06
-1.044539235734534e-06
-1.050716572985243e-06
3.895482347455344e-07
9.054520810044361e-07
9.269136059821716e-07
9.389242794676699e-07
3.704804553458012e-07
8.255842888386608e-07
-9.391933673150315e-07
8.473776025160773e-07
3.345448333727659e-07
-8.141064351342938e-07
8.149550175360351e-07
8.138868964728111e-07
-2.328485604140285e-07
8.146576252145847e-07
8.454566748891254e-07

-0.002621558019805052
-0.001557468900463773
-0.0004794193700487266
0.0004787472960518631
0.000527392501246457
-0.000277020950176958
0.0003740894080167298
-0.0002942335172785495
-0.0002257283380511286
-0.0001503752433187087
0.0001933906073080422
-2.867709807435907e-05
0.0002008763322023139
-9.777187786882822e-05
0.000201228458111806
0.000146176074621175
-0.0001134891794828333
-0.0001454866498884279
0.0001060533690010057
1.711565793975844e-05
-9.362906669671528e-05
-0.0001133880877309064
8.887372113595502e-05
8.208371545422808e-05
9.490521008346663e-05
7.508946881617124e-05
-1.335314949638627e-06
8.799873301780728e-05
-7.616687552118844e-05
-7.142878185420183e-05
7.514033335598855e-05
6.582272384045548e-05
9.167207141448007e-06
-6.539359201393531e-05
-7.019250537100213e-05
-5.657037356856131e-05
1.182601418680654e-05
6.273878099317705e-05
5.909592097479835e-05
5.27470354448129e-05
-5.868592924617033e-05
5.023261552679223e-06
5.45966254669754e-05
4.968916762068718e-05
5.322778498377718e-05
1.230541953430332e-05
-4.669205037012352e-05
4.848351612916042e-05
4.877024449679942e-05
-1.808133909705845e-05
-4.202762239272047e-05
-4.302378429404813e-05
-4.358127381885756e-05
-1.719628570919528e-05
-3.832046496045624e-05
4.359376384692086e-05
-3.933202722623371e-05
-1.552829158569021e-05
3.778770689306787e-05
-3.782709484262982e-05
-3.777751674706587e-05
1.080793956611274e-05
-3.781329103007203e-05
-3.924286511458037e-05

0.003589101644685612
0.002132287040748601
0.0006563596290973166
-0.0006554395114152227
-0.0007220382991021957
0.0003792616224326736
-0.0005121553287889035
0.0004028268658590932
0.0003090383440803967
0.0002058745330210285
-0.0002647656628280589
3.926101161445438e-05
-0.0002750141590761114
0.0001338567390124291
-0.0002754962447942916
-0.0002001255687926012
0.0001553748563482595
0.0001991816967044659
-0.0001451946965241438
-2.343256780789562e-05
0.0001281849322932789
0.0001552364544627318
-0.0001216745219021285
-0.0001123785153382241
-0.000129932064454238
-0.0001028028882026468
1.828142290087508e-06
-0.0001204766001815049
0.0001042779355400861
9.779114423333342e-05
-0.0001028725254192423
-9.011604725460388e-05
-1.255056648755376e-05
8.952853489263733e-05
9.609859273325595e-05
7.744891369237394e-05
-1.619066472963047e-05
-8.589390749585978e-05
-8.090656989569699e-05
-7.221448857397446e-05
8.034526170544013e-05
-6.877206670313409e-06
-7.47467104590242e-05
-6.802804739899717e-05
-7.287266930011116e-05
-1.684700516084725e-05
6.392477813235378e-05
-6.637742371700787e-05
-6.676997549274353e-05
2.475465482780441e-05
5.753884045763459e-05
5.890265781025951e-05
5.966590110119688e-05
2.354295302834628e-05
5.246347506925883e-05
-5.968300084872569e-05
5.384837662948361e-05
2.125934900098844e-05
-5.173409092386105e-05
5.178801586220514e-05
5.172013988042027e-05
-1.479684728674373e-05
5.176911744916222e-05
5.3726307280214e-05

0.001717434646850612
0.001020328762835306
0.0003140771366770091
-0.0003136368476739384
-0.000345505286279121
0.0001814819180590995
-0.0002450733897530402
0.0001927582121095188
0.0001478791106724546
9.851380398721878e-05
-0.0001266940219736544
1.878693564359186e-05
-0.0001315980688011642
6.405229610446956e-05
-0.000131828753467504
-9.576284529984365e-05
7.434901208136811e-05
9.531118948544998e-05
-6.947766517527169e-05
-1.121280693668636e-05
6.133825834959622e-05
7.428278486994361e-05
-5.822293716954823e-05
-5.37746697949625e-05
-6.217428518942017e-05
-4.9192600119577e-05
8.747913041182026e-07
-5.764971510146887e-05
4.989843061807321e-05
4.679441149575608e-05
-4.922592248828647e-05
-4.312177171730107e-05
-6.005619193103602e-06
4.284063894764863e-05
4.5984502255044e-05
3.706037357097953e-05
-7.747456415282812e-06
-4.110141960043077e-05
-3.871490976087397e-05
-3.455562894554939e-05
3.844631604894284e-05
-3.290838259380942e-06
-3.576733204824644e-05
-3.255235909343782e-05
-3.487057750225072e-05
-8.061524365506495e-06
3.058888814678683e-05
-3.176251289207443e-05
-3.195035433182882e-05
1.184544381324036e-05
2.753312887859452e-05
2.818573429503294e-05
2.855095673829899e-05
1.126562778737182e-05
2.510449652814121e-05
-2.855913920338623e-05
2.576719102872513e-05
1.017289175909189e-05
-2.4755476153087e-05
2.478127997994212e-05
2.474880038636107e-05
-7.08049554184266e-06
2.47722368285809e-05
2.570877916120005e-05

-0.002084280515480127
-0.001238272072629673
-0.0003811643473795769
0.0003806300121760884
0.0004193055831885828
-0.0002202466489285688
0.0002974213266639872
-0.000233931571390575
-0.0001794662461167058
-0.0001195564573782354
0.0001537559999220788
-2.279984509418258e-05
0.0001597075563720697
-7.773393473054342e-05
0.0001599875155285193
0.0001162178909870796
-9.023004020011408e-05
-0.0001156697610099418
8.431816840975686e-05
1.360787443341084e-05
-7.444017562242733e-05
-9.01496667858743e-05
7.065941852233725e-05
6.52609965017121e-05
7.545477868509954e-05
5.970019186644793e-05
-1.061647657819494e-06
6.99637556104321e-05
-6.055678851075535e-05
-5.678974759989532e-05
5.974063192867443e-05
5.233262805552652e-05
7.288425845220725e-06
-5.199144502708311e-05
-5.58068408833427e-05
-4.497650881333238e-05
9.402321352085276e-06
4.98807265760078e-05
4.698445569457491e-05
4.193674806979406e-05
-4.665849007973236e-05
3.993764814406269e-06
4.340727224504984e-05
3.95055776449982e-05
4.231896997351326e-05
9.783474550780861e-06
-3.712270721419924e-05
3.854701945428644e-05
3.877498402550094e-05
-1.437564322019036e-05
-3.341423451375649e-05
-3.420623714172669e-05
-3.464947148764674e-05
-1.36719778740456e-05
-3.046684370812457e-05
3.465940173595131e-05
-3.127109045943921e-05
-1.234583226702122e-05
3.004327220944796e-05
-3.007458776119462e-05
-3.003517049181703e-05
8.592896926157564e-06
-3.00636129831425e-05
-3.120020175486942e-05

-0.001509777888692749
-0.0008969597813521485
-0.0002761017527905605
0.0002757146995758353
0.0003037298930748105
-0.00015953875600769
0.0002154413186170442
-0.0001694516219529231
-0.0001299988980089082
-8.660240042540653e-05
0.0001113753197865193
-1.65153882757614e-05
0.0001156864133578264
-5.630766827481644e-05
0.0001158892057081641
8.41840629319884e-05
-6.53593979208738e-05
-8.378701727841973e-05
6.107705049034975e-05
9.857055122444643e-06
-5.392178756666756e-05
-6.530117830846348e-05
5.118314301769353e-05
4.727272014515823e-05
5.465672955670471e-05
4.324467314317778e-05
-7.690194037949196e-07
5.067922980893666e-05
-4.386516096303128e-05
-4.113645192860519e-05
4.327396647060573e-05
3.790787473597995e-05
5.279473709398733e-06
-3.766073401349696e-05
-4.042446963234424e-05
-3.257936636292729e-05
6.810703633385089e-06
3.613180543458096e-05
3.403385091063651e-05
3.037747294054752e-05
-3.37977331357807e-05
2.892939680928647e-06
3.144266779698693e-05
2.861642047001337e-05
3.06543407490672e-05
7.086797310465556e-06
-2.689035477909449e-05
2.79220753707859e-05
2.808720471230257e-05
-1.041319923514165e-05
-2.420407045103489e-05
-2.477776868730148e-05
-2.509883171598486e-05
-9.903489350703015e-06
-2.206908649156903e-05
2.510602483095317e-05
-2.265165393060571e-05
-8.942877139516632e-06
2.176226652265018e-05
-2.178495038273312e-05
-2.175639792962876e-05
6.224385672937798e-06
-2.17770006479222e-05
-2.26003047009822e-05

-0.005215164356083719
-0.003098331692086839
-0.0009537270552110949
0.0009523900730318181
0.001049161816517557
-0.000551088236207968
0.0007441901845918249
-0.0005853298458714155
-0.0004490499061505117
-0.0002991471495454407
0.0003847192373445245
-5.704843401652205e-05
0.000399610872530009
-0.0001945012884080808
0.0004003113698975482
0.0002907935846991716
-0.0002257683099777485
-0.0002894220860463861
0.0002109759714178515
3.404882460885514e-05
-0.0001862598377152959
-0.000225567204338522
0.0001767998492343848
0.0001632922345482025
0.0001887985179403801
0.0001493783156157476
-2.656392449410667e-06
0.0001750592023323619
-0.0001515216414557759
-0.0001420959728185142
0.0001494795023654354
0.0001309436299329109
1.823667131062133e-05
-0.0001300899417868741
-0.0001396366013300768
-0.0001125375801779701
2.35259365597169e-05
0.0001248086259803288
0.0001175617469952925
0.0001049316692831372
-0.000116746134968549
9.992963879844232e-06
0.0001086111285528782
9.88485373587606e-05
0.0001058880424936597
2.447963571934053e-05
-9.288625884417873e-05
9.645008932250467e-05
9.702048889080202e-05
-3.596989059818223e-05
-8.360713614487272e-05
-8.558883862914078e-05
-8.669787359108978e-05
-3.420922047503197e-05
-7.623234788643896e-05
8.67227204755178e-05
-7.824468689730026e-05
-3.089101678344251e-05
7.517251214657437e-05
-7.525086808189951e-05
-7.515224050434817e-05
2.150064227533684e-05
-7.52234076364119e-05
-7.806731334191896e-05

-0.003714931034527761
-0.002207042342733995
-0.0006793707722246987
0.0006784183963743567
0.0007473520537999469
-0.0003925580579380387
0.0005301108505058024
-0.0004169494691623346
-0.0003198728397628716
-0.0002130922352314347
0.0002740480139851911
-4.063745330516699e-05
0.0002846558096226445
-0.0001385495879377233
0.0002851547966598253
0.0002071417195472848
-0.0001608221034051975
-0.0002061647564909103
0.0001502850399806397
2.425408416536513e-05
-0.0001326789348081402
-0.0001606788493235427
0.0001259402776164265
0.0001163183647535203
0.0001344873192253731
0.0001064070281733267
-1.892234659620222e-06
0.0001247003582667914
-0.0001079337888152663
-0.0001012195787634538
0.0001064791067831023
9.327540253723132e-05
1.29905735644317e-05
-9.266729273068289e-05
-9.946768853637366e-05
-8.01641752030424e-05
1.675828907291845e-05
8.89052398684627e-05
8.374305248434631e-05
7.474623772308744e-05
-8.316206553491475e-05
7.118312887076642e-06
7.73672361227525e-05
7.041302518554349e-05
7.54274934376946e-05
1.743763997420929e-05
-6.616590045889839e-05
6.870453271317403e-05
6.911084686046922e-05
-2.562252189346919e-05
-5.955607984054977e-05
-6.096771091437312e-05
-6.175771255519425e-05
-2.436833935280327e-05
-5.430277852469078e-05
6.177541179835411e-05
-5.573623299188324e-05
-2.200467504020779e-05
5.35478230884505e-05
-5.360363856730898e-05
-5.353338293899056e-05
1.531560614341281e-05
-5.358407759965479e-05
-5.56098840447248e-05

-0.0002188262885969843
-0.0001300048049743958
-4.001802006141209e-05
3.996192080431238e-05
4.402242590501572e-05
-2.312345022793642e-05
3.122593363987033e-05
-2.456021498688525e-05
-1.884196118253147e-05
-1.255209922648661e-05
1.614267108608741e-05
-2.393730328256403e-06
1.676751836524339e-05
-8.161199180626116e-06
1.679691096518427e-05
1.220158686153869e-05
-9.473151368197913e-06
-1.214403930612989e-05
8.85247053709635e-06
1.428675572157879e-06
-7.815391082400641e-06
-9.464713052941209e-06
7.418453607720307e-06
6.851679295808301e-06
7.921913127288274e-06
6.267856614122747e-06
-1.114612044928454e-07
7.345416733792946e-06
-6.357789741151656e-06
-5.962292313975659e-06
6.272102371122162e-06
5.494344300064464e-06
7.652037072632065e-07
-5.458523874061591e-06
-5.859098033104329e-06
-4.722033538441405e-06
9.871392408056426e-07
5.236921896103763e-06
4.932845643817497e-06
4.402892445523398e-06
-4.898622877263848e-06
4.193009172072416e-07
4.557281139898335e-06
4.147646571890545e-06
4.443021497200743e-06
1.027156090377288e-06
-3.897471660854274e-06
4.047008615685483e-06
4.070942361976562e-06
-1.509282761476906e-06
-3.508123244733982e-06
-3.59127471807551e-06
-3.637809398098222e-06
-1.435405720937558e-06
-3.198679968662424e-06
3.638851963817216e-06
-3.283116938812597e-06
-1.296175171499582e-06
3.154209669035982e-06
-3.157497453913969e-06
-3.153359078756774e-06
9.021586723504739e-07
-3.156345224154875e-06
-3.275674412684195e-06

-0.00367906461423319
-0.00218573408491311
-0.0006728116739737586
0.0006718684929941245
0.0007401366189450267
-0.0003887680407978247
0.0005249928070240187
-0.0004129239610806046
-0.0003167845741652005
-0.0002110349007615572
0.0002714021717988863
-4.024511224518165e-05
0.0002819075527069845
-0.0001372119378692867
0.000282401722190671
0.0002051418353220148
-0.0001592694196273076
-0.0002041743045180886
0.0001488340880362678
2.401991907091725e-05
-0.000131397963937983
-0.0001591275486160859
0.0001247243662342717
0.0001151953497313505
0.0001331888890067137
0.0001053797038006316
-1.873965764999182e-06
0.0001234964178925119
-0.0001068917240777548
-0.0001002423374848965
0.0001054510865155163
9.237485963092552e-05
1.286515390872544e-05
-9.177262092182248e-05
-9.850736117379485e-05
-7.939021682438804e-05
1.659649338042283e-05
8.804688942540051e-05
8.293454123902668e-05
7.402458772400822e-05
-8.235916352478951e-05
7.04958794994892e-06
7.662028125820308e-05
6.973321090852506e-05
7.469926614191796e-05
1.726928537531099e-05
-6.552709075477954e-05
6.80412133612232e-05
6.844360468092581e-05
-2.537514498910097e-05
-5.898108575028966e-05
-6.037908799681571e-05
-6.116146243525096e-05
-2.41330711626352e-05
-5.377850330675494e-05
6.117899079811515e-05
-5.519811824910811e-05
-2.179222724075819e-05
5.303083671350253e-05
-5.308611331252256e-05
-5.301653597884848e-05
1.516773907349913e-05
-5.306674119951843e-05
-5.507298915891809e-05

0.002733352453585925
0.001623886028195921
0.0004998638601624645
-0.0004991631260587787
-0.0005498827706247914
0.0002888343069810647
-0.0003900421785588936
0.0003067808914792454
0.0002353543587418467
0.0001567878861266132
-0.0002016376090067008
2.990001205051628e-05
-0.0002094425571910467
0.0001019412884420125
-0.0002098096992536263
-0.0001524096469361581
0.000118328842944289
0.0001516908221874252
-0.0001105759377362758
-1.784554271578393e-05
9.762181010266275e-05
0.000118223440208226
-9.266367629138969e-05
-8.558411575914592e-05
-9.895237369533268e-05
-7.829160456363212e-05
1.392258483822509e-06
-9.17513749418e-05
7.941495649348058e-05
7.447481027040243e-05
-7.834463818477318e-05
-6.862968599274282e-05
-9.558136018089767e-06
6.818225415184527e-05
7.318581367639767e-05
5.898277597741165e-05
-1.23303259548105e-05
-6.5414230647247e-05
-6.161602351470257e-05
-5.499639438197273e-05
6.118854798714459e-05
-5.237474885658817e-06
-5.692485882453696e-05
-5.180812601003618e-05
-5.549764513517697e-05
-1.283017519444332e-05
4.868319887560649e-05
-5.055106038811958e-05
-5.085001607830833e-05
1.885240464321613e-05
4.381985976191256e-05
4.485850226248011e-05
4.543976552233984e-05
1.792960879778218e-05
3.995461329899478e-05
-4.545278817856085e-05
4.100931290139544e-05
1.619048427885409e-05
-3.939913615156517e-05
3.94402037715764e-05
3.93885114541921e-05
-1.126883628287331e-05
3.942581130550822e-05
4.091634853638964e-05

-0.0004247957757626351
-0.0002523713779365026
-7.768484301192764e-05
7.757594052269204e-05
8.545838200275203e-05
-4.488831776517705e-05
6.061723566004238e-05
-4.767743238320556e-05
-3.657689196643162e-05
-2.436671920234364e-05
3.1336904404211e-05
-4.646820719228438e-06
3.254988702348146e-05
-1.584289967771483e-05
3.260694530634779e-05
2.368628828646354e-05
-1.838972232346015e-05
-2.357457429352353e-05
1.718482780722998e-05
2.773411512279473e-06
-1.51716009032929e-05
-1.837334147326855e-05
1.44010474037224e-05
1.330079873128265e-05
1.53783864544367e-05
1.216745497004122e-05
-2.163736776499475e-07
1.425926482492497e-05
-1.234203734188811e-05
-1.157427932943814e-05
1.217569703121227e-05
1.066587686612251e-05
1.485449049689848e-06
-1.059634058813816e-05
-1.13739537887283e-05
-9.166631271817853e-06
1.916280636444371e-06
1.016615651496512e-05
9.575869542154144e-06
8.547099729137076e-06
-9.509434714858457e-06
8.139664550635403e-07
8.846806248049161e-06
8.051604559944805e-06
8.625000111935376e-06
1.993963207248934e-06
-7.565953379281431e-06
7.856241475562467e-06
7.902702777758954e-06
-2.929889939704253e-06
-6.810132113373881e-06
-6.97154962331184e-06
-7.061884909948187e-06
-2.78647639033528e-06
-6.209426424097558e-06
7.063908787022629e-06
-6.373339400329545e-06
-2.516195567888238e-06
6.123098608801499e-06
-6.129481009819525e-06
-6.12144740332515e-06
1.751312401901998e-06
-6.127244247833253e-06
-6.35889162228383e-06

-0.001429635623973824
-0.0008493472227253931
-0.000261445676604529
0.0002610791690077121
0.0002876072556477274
-0.0001510700949468047
0.000204005229032642
-0.0001604567645997487
-0.0001230982762847004
-8.200535833563529e-05
0.0001054632777381859
-1.563871586654552e-05
0.0001095455291702636
-5.331873586934049e-05
0.0001097375568653127
7.971539140927162e-05
-6.188998019442881e-05
-7.933942179471938e-05
5.783494899636599e-05
9.333821389231713e-06
-5.105950285211271e-05
-6.183485100465858e-05
4.846623145908324e-05
4.476338226165375e-05
5.175543253710828e-05
4.094915267713851e-05
-7.281981961912534e-07
4.798906704976039e-05
-4.153670366613727e-05
-3.895284038896556e-05
4.097689105173828e-05
3.589564303300679e-05
4.999227864787983e-06
-3.566162107291126e-05
-3.827865164782201e-05
-3.084998337029179e-05
6.449176803775024e-06
3.421385131856014e-05
3.222726074306681e-05
2.87649711969803e-05
-3.200367660848761e-05
2.739376206824392e-06
2.977362321443996e-05
2.709739918765711e-05
2.9027142265519e-05
6.710614833349909e-06
-2.546295678418559e-05
2.643991142296312e-05
2.659627534307265e-05
-9.860444173645903e-06
-2.291926621869146e-05
-2.346251131587534e-05
-2.376653162696169e-05
-9.377790788600108e-06
-2.089761180977392e-05
2.377334291585519e-05
-2.144925531342905e-05
-8.468169944244562e-06
2.060707850617401e-05
-2.062855825807717e-05
-2.06015214306811e-05
5.893981864500731e-06
-2.062103051240483e-05
-2.14006318116585e-05

0.001724847451941551
0.001024732713961628
0.0003154327589139588
-0.0003149905695314984
-0.0003469965589451689
0.0001822652317581585
-0.0002461311774682572
0.0001935901966385731
0.0001485173876667405
9.893901005190086e-05
-0.0001272408597194982
1.886802396474416e-05
-0.0001321660734330691
6.432875913463876e-05
-0.0001323977537823022
-9.617617765470674e-05
7.46699178790046e-05
9.572257239988025e-05
-6.977754522665223e-05
-1.126120374320575e-05
6.160300702843202e-05
7.460340481717019e-05
-5.847423947432817e-05
-5.400677245267798e-05
-6.244264233398708e-05
-4.940492561170632e-05
8.785670853076069e-07
-5.789854326063595e-05
5.01138026214358e-05
4.699638590704144e-05
-4.943839180673163e-05
-4.33078942515633e-05
-6.031540694460217e-06
4.30255480544141e-05
4.618298092965307e-05
3.722033385031523e-05
-7.780896048316155e-06
-4.127882187478496e-05
-3.888201136252413e-05
-3.470477822618722e-05
3.861225834418944e-05
-3.30504220166898e-06
-3.592171129149628e-05
-3.269286184481214e-05
-3.502108616639549e-05
-8.096319581127773e-06
3.072091614924926e-05
-3.189960650298598e-05
-3.20882587054493e-05
1.189657121208562e-05
2.765196758859902e-05
2.830738978569212e-05
2.867418860498406e-05
1.131425257967899e-05
2.521285275584062e-05
-2.86824063872856e-05
2.587840758371205e-05
1.021680007546901e-05
-2.486232593624928e-05
2.488824113779557e-05
2.485562135551737e-05
-7.11105643304678e-06
2.487915895434733e-05
2.581974359843748e-05

0.001127167472486318
0.0006696507461399041
0.0002061315887408048
-0.0002058426231929444
-0.0002267581598981167
0.0001191081798983118
-0.0001608438223882287
0.0001265089109169413
9.705436169906725e-05
6.465547649725972e-05
-8.31504015531676e-05
1.233003119158431e-05
-8.636897064277565e-05
4.203808560594922e-05
-8.652037101922877e-05
-6.284999810172797e-05
4.879591091473456e-05
6.255357241607973e-05
-4.559880307147799e-05
-7.359063867400885e-06
4.025683874343591e-05
4.875244541304683e-05
-3.821222603752854e-05
-3.5292789013954e-05
-4.080553051559609e-05
-3.228553636291522e-05
5.741332312265484e-07
-3.783601534982866e-05
3.274877913053204e-05
3.071158406455299e-05
-3.230740612679501e-05
-2.830119825800181e-05
-3.941540727050096e-06
2.811668834728218e-05
3.01800335025603e-05
2.432304931308747e-05
-5.084723824463262e-06
-2.697522338419107e-05
-2.54089359748234e-05
-2.26791633731659e-05
2.523265555788527e-05
-2.159806109651074e-06
-2.347441478274445e-05
-2.136439974008657e-05
-2.288586688259756e-05
-5.290849384057868e-06
2.007575647888436e-05
-2.084601672732789e-05
-2.096929871726339e-05
7.774269016816788e-06
1.807023477992222e-05
1.849854545773498e-05
1.873824416129225e-05
7.393730656554406e-06
1.647630199584226e-05
-1.874361438511278e-05
1.691123422843412e-05
6.676558384922158e-06
-1.624723685223841e-05
1.626417213088706e-05
1.624285548776677e-05
-4.646991533839357e-06
1.62582370311181e-05
1.687289800575775e-05

0.0002829974766526879
0.0001681289391522412
5.17533737407459e-05
-5.168082327861815e-05
-5.693207853124833e-05
2.990444204851441e-05
-4.038299275138614e-05
3.17625405606421e-05
2.436739892638332e-05
1.623302405995313e-05
-2.087653733498648e-05
3.095695892085015e-06
-2.168462216094831e-05
1.055448497243506e-05
-2.172263419157865e-05
-1.577972333703659e-05
1.225116941086111e-05
1.570529986130042e-05
-1.144847285128217e-05
-1.84763715759128e-06
1.010726805066747e-05
1.224025654511995e-05
-9.593927974206471e-06
-8.860946113842483e-06
-1.024502786965356e-05
-8.105916419801296e-06
1.44147395720369e-07
-9.499472910606127e-06
8.222222592135808e-06
7.710744859495717e-06
-8.111407252483843e-06
-7.105570280154541e-06
-9.896010194636728e-07
7.059245452280315e-06
7.577288677156031e-06
6.106778050387382e-06
-1.276619532520282e-06
-6.772658310491184e-06
-6.379411170777237e-06
-5.694048279294587e-06
6.335152518513877e-06
-5.422616372550598e-07
-5.89371172569187e-06
-5.363951111274167e-06
-5.745945244940378e-06
-1.3283713925253e-06
5.040411974348047e-06
-5.23380090012131e-06
-5.264753258945774e-06
1.951882544765399e-06
4.536886461038267e-06
4.644422247856449e-06
4.704603303398708e-06
1.856340934177778e-06
4.136698408353424e-06
-4.705951603291828e-06
4.245896666243382e-06
1.676280785047701e-06
-4.079187116362158e-06
4.083439049854003e-06
4.078087088972343e-06
-1.166718265210206e-06
4.081948926797888e-06
4.236271606489379e-06

0.000271013021591495
0.0001610089685451209
4.956170762040876e-05
-4.949222954497552e-05
-5.452110319394134e-05
2.863804050295065e-05
-3.867284265566669e-05
3.041745174772572e-05
2.333548160752257e-05
1.55455834874755e-05
-1.999245198392912e-05
2.964598510111672e-06
-2.076631581122801e-05
1.010752073683346e-05
-2.080271809787216e-05
-1.511147926849834e-05
1.173235351546526e-05
1.504020749851056e-05
-1.096364977082943e-05
-1.769392910515516e-06
9.679242680394782e-06
1.172190279086049e-05
-9.187641670856857e-06
-8.485700328120309e-06
-9.811168608604199e-06
-7.762644839407011e-06
1.380430021182728e-07
-9.097186616339811e-06
7.874025646017934e-06
7.384208113172209e-06
-7.767903144854678e-06
-6.804661633487741e-06
-9.476931230200946e-07
6.760298582265335e-06
7.256403570016282e-06
5.848166532152653e-06
-1.222556897059075e-06
-6.485847911647755e-06
-6.109254110068486e-06
-5.452915154999099e-06
6.066869735371094e-06
-5.192977921378303e-07
-5.644123198807368e-06
-5.136797032767818e-06
-5.502614373681546e-06
-1.27211715505086e-06
4.826959220258247e-06
-5.012158458573589e-06
-5.041800038388456e-06
1.869223685330403e-06
4.344757144028552e-06
4.447738975731843e-06
4.50537146736779e-06
1.777728097188321e-06
3.961516365172349e-06
-4.50666266908368e-06
4.066090265175426e-06
1.605293184830689e-06
-3.906440577232686e-06
3.910512448672942e-06
3.905387134089196e-06
-1.117309758878001e-06
3.909085429764816e-06
4.056872810131619e-06

-0.002781426558371273
-0.001652446877337961
-0.0005086554477823407
0.0005079423891922671
0.000559554089045451
-0.0002939143143987561
0.0003969022263868707
-0.0003121765427804826
-0.0002394937627505769
-0.0001595454658367504
0.0002051840040320464
-3.042589238860283e-05
0.0002131262253648002
-0.000103734228161876
0.00021349982470872
0.000155090222332618
-0.0001204100063842085
-0.0001543587549200378
0.0001125207433578515
1.815940948014128e-05
-9.933877899264172e-05
-0.0001203027498285795
9.429344170198349e-05
8.708936611333875e-05
0.0001006927444900222
7.966859449285842e-05
-1.416745476032976e-06
9.336509482902144e-05
-8.081170389608134e-05
-7.578467055865419e-05
7.972256086741868e-05
6.983674244515168e-05
9.726244171093258e-06
-6.938144118909416e-05
-7.447300313885853e-05
-6.002016292291744e-05
1.254719128485728e-05
6.656473378649958e-05
6.2699723923351e-05
5.596366899115432e-05
-6.226472997152482e-05
5.329591405844467e-06
5.792605119708363e-05
5.271932546960805e-05
5.647373572461499e-05
1.305583185496511e-05
-4.953943722896965e-05
5.14401506226689e-05
5.174436433480397e-05
-1.918398005899443e-05
-4.459056188161727e-05
-4.564747198916974e-05
-4.623895848637813e-05
-1.824495411337194e-05
-4.065733360273037e-05
4.625221018460174e-05
-4.17305832238527e-05
-1.647524193487069e-05
4.00920867431692e-05
-4.013387665900143e-05
-4.008127517899165e-05
1.146703217069501e-05
-4.011923105876737e-05
-4.163598380493823e-05

-0.002324251484927471
-0.001380838942828459
-0.0004250492166568392
0.0004244533614540647
0.0004675817948337563
-0.0002456044649558104
0.000331664550435229
-0.0002608649834501182
-0.0002001288626617651
-0.0001333214370764634
0.0001714585001784926
-2.542487607720878e-05
0.0001780952814627178
-8.668373181289075e-05
0.0001784074733584529
0.0001295984891169113
-0.0001006185603917395
-0.0001289872508964596
9.402603280948219e-05
1.517459963939132e-05
-8.3010749965557e-05
-0.0001005289332872518
7.879470023579142e-05
7.277473780536054e-05
8.414216805327692e-05
6.657369704578559e-05
-1.183879102082427e-06
7.801894306485873e-05
-6.752891684831094e-05
-6.332816250373366e-05
6.661879312274694e-05
5.835787820538908e-05
8.127569426341081e-06
-5.797741350558667e-05
-6.223209008035412e-05
-5.015482158941152e-05
1.048484558678484e-05
5.56236801872219e-05
5.239395086480388e-05
4.676508188333951e-05
-5.203045561618459e-05
4.453581814628401e-06
4.840491297732752e-05
4.405400176334207e-05
4.719131041668864e-05
1.090988237116635e-05
-4.13967825953844e-05
4.298508120223544e-05
4.323929218258297e-05
-1.603076450275186e-05
-3.726133963708801e-05
-3.814452847397018e-05
-3.863879403899123e-05
-1.52460835475995e-05
-3.397460476349267e-05
3.864986759373485e-05
-3.487144743512972e-05
-1.376725386345487e-05
3.350226590244731e-05
-3.353718693015968e-05
-3.349323140394468e-05
9.582229115573133e-06
-3.352494858504056e-05
-3.479239705026556e-05

