-0.5698978997127592
-0.3385261607559496
-0.1042419602705619
0.1040414496324938
0.1146689737816991
-0.0601919108988589
0.08134660412083247
-0.06393268727882877
-0.04909241679180493
-0.0326639223592497
0.04206178414230097
-0.006228828359849553
0.0436444114309816
-0.02127384177609138
0.0437215212647226
0.03179513931246142
-0.02465113872171189
-0.03164337337961612
0.02303579786054466
0.003724475888213292
-0.02036957063334509
-0.02463160835024831
0.01933495284681166
0.01782772868415198
0.02064483704751516
0.0163085250284258
-0.000290100292025972
0.01914249560244208
-0.01654376912556347
-0.01553954798621674
0.01632149280308268
0.01431986209943111
0.001995432576057076
-0.01420366054143407
-0.01526912348278266
-0.01228646434741499
0.002573427400429563
0.01364786086948652
0.01283617067067993
0.01147552039506823
-0.01274780019813981
0.001094370558805967
0.0118767058185733
0.01079258295432703
0.0115787826384488
0.002672012967828328
-0.01014213454218233
0.01054697371097495
0.01059390051040979
-0.00393255500747946
-0.009142930503297992
-0.009345240061463093
-0.009480384097126789
-0.00373375014401164
-0.008324696320520108
0.009482767730146481
-0.008543569310688113
-0.003377997666026007
0.0082198236824067
-0.008216746085602468
-0.008217583136579089
0.002351102033454705
-0.00821411917156643
-0.008535942084834802

-0.338875320675589
-0.2012959888797995
-0.06198483576155038
0.06186560720010043
0.06818499468298642
-0.03579159199955564
0.04837069336673107
-0.03801594972398198
-0.02919155956080775
-0.01942277234147578
0.02501097231030092
-0.003703814681431872
0.02595204145656822
-0.01264995003052507
0.02599789286196707
0.01890617255452511
-0.01465817393527151
-0.0188159287947252
0.01369765249345084
0.002214665050708587
-0.01211224814809954
-0.01464656069562275
0.01149703894245171
0.01060080635110523
0.0122759283343406
0.009697450458294912
-0.0001725007752053041
0.01138259912710871
-0.009837332389599123
-0.009240197778652022
0.009705161416354163
0.008514942524651837
0.001186533332439462
-0.008445846217656912
-0.009079396711721531
-0.007305834163972247
0.001530223283845161
0.008115354050279373
0.007632703076233966
0.006823626926429467
-0.007580155817782736
0.0006507396750186718
0.007062181655459072
0.006417535511903692
0.006885029198408612
0.001588844689159492
-0.006030762873575277
0.006271490209493767
0.006299394039666604
-0.002338394017431143
-0.005436611554070441
-0.00555690979773304
-0.005637269768256047
-0.002220179751515866
-0.004950069366044485
0.00563868713512392
-0.005080216634120757
-0.002008640570340578
0.004887709513715944
-0.004885879498891951
-0.004886377230005701
0.001398023147530521
-0.004884317471139142
-0.005075681297872846

-0.1024649478251445
-0.06086540311297142
-0.01874221158859956
0.01870616072390466
0.02061693931769719
-0.01082222098528062
0.01462573480478695
-0.01149479489159877
-0.008826584424521632
-0.005872818801378488
0.007562509915794488
-0.00111991388847673
0.007847058819440205
-0.00382493616614578
0.007860922802964521
0.005716615717274481
-0.00443215818872423
-0.005689328920106179
0.004141727539408538
0.0006696431549465588
-0.003662352490185939
-0.004428646720282992
0.003476333103964812
0.003205341325842489
0.003711844089955938
0.002932195691512927
-5.215866087843159e-05
0.003441730201385268
-0.002974491467919177
-0.002793937255140556
0.002934527236089594
0.002574643499507673
0.0003587693425375046
-0.002553751008793361
-0.002745316208024631
-0.002209048197837137
0.0004626900791336284
0.002453820855662807
0.002307882795688817
0.002063244309441302
-0.00229199420254529
0.0001967626521621895
0.002135375551736467
0.001940455386605493
0.002081810372565191
0.0004804152980281082
-0.001823507837496071
0.001896296005917843
0.0019047332225829
-0.0007070547967698263
-0.001643855675657297
-0.001680229977675921
-0.001704528236310267
-0.0006713106222897731
-0.001496741038299701
0.001704956802255269
-0.001536093367073476
-0.0006073480087866196
0.001477885433818176
-0.001477332096464434
-0.001477482594271477
0.0004227170293320355
-0.001476859789742061
-0.001534722027932942

0.101997655832659
0.06058782608692746
0.01865673762328048
-0.01862085116876904
-0.02052291564565294
0.01077286618332993
-0.01455903405585518
0.01144237281241839
0.008786330734748451
0.005846035776968034
-0.007528021045197019
0.001114806514653561
-0.007811272261911035
0.003807492522444763
-0.007825073018654769
-0.005690545057942538
0.004411945305442115
0.005663382702371197
-0.004122839166795665
-0.000666589243431253
0.003645650310286081
0.004408449851071012
-0.003460479266558172
-0.003190723348022738
-0.003694916203326728
-0.002918823395952986
5.192079100116189e-05
-0.003426034170718623
0.002960926282223045
0.002781195487983799
-0.002921144307505499
-0.002562901822806111
-0.0003571331728578282
0.002542104612416217
0.002732796177436496
0.002198973820641698
-0.0004605799783279169
-0.002442630191334173
-0.002297357682731155
-0.002053834871728602
0.002281541549612246
-0.000195865314938976
-0.002125637159072567
-0.001931605928491821
-0.002072316264214244
-0.0004782243612583293
0.001815191719362843
-0.00188764793691774
-0.001896046675606351
0.0007038302692430358
0.001636358862256746
0.00167256727905803
0.001696754725341871
0.000668249106279775
0.001489915142060799
-0.001697181336809527
0.001529088004310446
0.0006045781946483889
-0.00147114552867393
0.00147059471481786
0.001470744526278424
-0.0004207892258533373
0.001470124562052573
0.001527722919168424

0.1108760247842505
0.06586168331027607
0.02028071024010781
-0.02024170005514696
-0.02230932941741247
0.01171058852470499
-0.01582632274863362
0.01243837224672714
0.009551135429106459
0.006354902986794104
-0.008183296382351313
0.001211844661913258
-0.008491203154018058
0.004138915074451709
-0.008506205195331549
-0.006185877604045339
0.004795982349199094
0.006156350905763656
-0.004481711014899973
-0.0007246123930229424
0.003962985333909511
0.004792182633583063
-0.003761696107543489
-0.003468459330041427
-0.00401653956840082
-0.003172891891962858
5.644022760002241e-05
-0.003724252744078063
0.003218659616949611
0.003023284185682978
-0.003175414826872842
-0.002785989184803608
-0.0003882197703646228
0.002763381684702473
0.002970671965215316
0.002390383130347764
-0.0005006710857750775
-0.002655248529216427
-0.002497330799314239
-0.002232610585818761
0.002480137953525394
-0.0002129143786323035
-0.002310662891296662
-0.002099742244589505
-0.002252700688031856
-0.0005198513210766641
0.001973194780030348
-0.002051957936965746
-0.002061087742463096
0.0007650950577192866
0.00177879544668367
0.001818155619090037
0.001844448457605103
0.0007264167383563803
0.001619604557271745
-0.001844912203396583
0.00166218721478708
0.000657203602834558
-0.001599201146015624
0.001598602386659525
0.0015987652384342
-0.0004574167538832195
0.001598091309524908
0.001660703306035611

-0.05740908956506489
-0.0341016850434707
-0.01050089153974507
0.01048069295121441
0.01155126451504296
-0.006063476994076783
0.008194510778414875
-0.006440306890020583
-0.004945361184838652
-0.003290424557120113
0.004237125166291886
-0.0006274656659995981
0.004396552305445943
-0.002143036302695591
0.004404320022000992
0.00320290704956363
-0.00248325082697879
-0.003187618795229528
0.002320528261721105
0.000375187853748691
-0.002051943875351857
-0.002481283420459292
0.001947720881721479
0.001795889532642696
0.002079673042684227
0.001642851420406953
-2.922346907427631e-05
0.001928333557807666
-0.001666548909815471
-0.001565387945087772
0.001644157738852584
0.00144252197847883
0.0002010113873683001
-0.001430816327948748
-0.001538146531239827
-0.001237686140822134
0.0002592361266721476
0.001374827433863946
0.00129306121689025
0.001155995097538327
-0.001284159151490606
0.0001102422336692514
0.00119640881010275
0.001087198885581788
0.001166397296566995
0.000269167217261445
-0.00102167548012721
0.001062457255445016
0.001067184461552606
-0.0003961488588707558
-0.0009210199167516595
-0.0009413997208388397
-0.0009550135559679806
-0.000376122102817107
-0.000838594486673583
0.0009552536730148072
-0.0008606428204223223
-0.0003402851118716154
0.0008280300633323931
-0.0008277200393253974
-0.000827804360278382
0.0002368400151730931
-0.0008274554151829836
-0.0008598744861459766

0.08008493035361416
0.04757140537044432
0.01464860658795344
-0.01462042982068717
-0.0161138631738064
0.008458471236008715
-0.01143123554027407
0.008984144020582729
0.006898714281345001
0.004590099294158339
-0.005910734282896398
0.0008753064112601557
-0.006133133060380672
0.002989507660668154
-0.006143968923553683
-0.004468013513830929
0.003464102479865644
0.004446686598656957
-0.003237106625996475
-0.0005233821571572928
0.002862434913914068
0.00346135797345737
-0.002717045198637006
-0.002505242449133673
-0.002901116740285324
-0.002291756280781161
4.076635778821576e-05
-0.002690000134917209
0.002324813969088132
0.002183695744149485
-0.002293578577954573
-0.002012299324990374
-0.0002804082607763531
0.00199597009534277
0.002145694327521374
0.001726556005997489
-0.0003616310118655765
-0.001917866319139732
-0.001803803514079814
-0.001612598067255418
0.001791385249082412
-0.0001537864765374603
-0.001668974668601574
-0.00151662824984649
-0.001627108999079029
-0.0003754847535674508
0.001425223954775871
-0.00148211399885754
-0.001488708389654417
0.0005526224856144776
0.001284810758125373
0.001313240318726802
0.001332231440976928
0.0005246854224090569
0.001169828359394073
-0.001332566401122803
0.001200585497089274
0.0004746932879633493
-0.001155091126772112
0.001154658647330242
0.001154776273959209
-0.0003303887287498873
0.001154289500106644
0.001199513680803888

-0.06032447621471575
-0.03583345954224589
-0.01103415481279693
0.01101293048608274
0.01213786852860799
-0.006371396524120184
0.008610649886431399
-0.006767362846996233
-0.005196499812629421
-0.003457521090059786
0.004452297680545518
-0.0006593300456587061
0.004619820954939952
-0.002251865400561156
0.004627983136855031
0.003365559210103306
-0.002609356925569582
-0.003349494577449591
0.002438370874547899
0.0003942408934018821
-0.002156147056857721
-0.002607289608900572
0.002046631341699977
0.001887089591856402
0.002185284385247648
0.001726279796204432
-3.070751475835115e-05
0.002026259477780722
-0.001751180707314692
-0.00164488251905162
0.001727652452983677
0.001515777091036184
0.0002112192816165521
-0.001503476996359612
-0.001616257713568634
-0.001300539143347761
0.0002724008284386783
0.001444644836938418
0.001358726313436028
0.001214699611056518
-0.001349372177418251
0.0001158406282563141
0.001257165639708353
0.001142409744011325
0.001225630061489306
0.0002828362462893953
-0.001073558885309479
0.001116411667922781
0.001121378934161516
-0.0004162663542563629
-0.0009677917640274001
-0.0009892065089083242
-0.001003511690886875
-0.000395222586128997
-0.0008811805508223049
0.00100376400171808
-0.0009043485577508775
-0.0003575656972239634
0.0008700796378934585
-0.0008697538700405749
-0.0008698424730366476
0.0002488673826783224
-0.0008694758075786227
-0.0009035412054102328

-0.04858682587590895
-0.02886115501630161
-0.008887181327010401
0.008870086729076075
0.009776139665184806
-0.005131680421092917
0.00693523048954949
-0.005450601495745727
-0.004185389536773774
-0.002784773042489092
0.00358599072426854
-0.0005310407339329654
0.003720918114839099
-0.001813708116148521
0.003727492138127099
0.002710704668770322
-0.002101640636538501
-0.002697765816111026
0.001963924239985878
0.0003175313710590103
-0.001736614193573815
-0.002099975568536995
0.001648407526612611
0.001519908653419595
0.001760082118864202
0.00139038846475424
-2.473259224556347e-05
0.001631999523309602
-0.001410444274736734
-0.001324829083554835
0.001391494036490272
0.00122084437711026
0.0001701212360470681
-0.001210937576491508
-0.001301773956896285
-0.001047486407966928
0.00021939836779842
0.001163552699488497
0.001094351794600571
0.0009783491245555268
-0.001086817741983277
9.330090848053255e-05
0.001012552314855909
0.0009201250768203031
0.0009871527798087096
0.0002278033115603401
-0.000864670891503528
0.0008991855830150306
0.0009031863421587558
-0.0003352712222525308
-0.0007794834348094433
-0.0007967314002456341
-0.0008082531477936741
-0.0003183220506735363
-0.0007097246204948462
0.0008084563651805535
-0.00072838470656871
-0.0002879922605275906
0.0007007836705291934
-0.0007005212890393855
-0.0007005926520849049
0.0002004439482465718
-0.0007002973306518293
-0.0007277344450155338

-0.0343185992138718
-0.02038565792265164
-0.006277331531836192
0.006265257010715036
0.006905234350666082
-0.003624687978485113
0.004898599390595539
-0.003849953250389389
-0.002956289147870517
-0.001966984017248429
0.002532912497003767
-0.0003750929142937017
0.002628216500845055
-0.001281086401651427
0.0026328599667716
0.001914666896583919
-0.001484463358053907
-0.001905527725816212
0.001387189380319257
0.0002242836749417743
-0.001226632228468413
-0.001483287261440092
0.00116432872959113
0.001073565415687216
0.001243208456857306
0.0009820807104245391
-1.746950753612386e-05
0.001152739174621978
-0.0009962468406932536
-0.0009357737931167977
0.0009828616149731445
0.0008623257050698372
0.0001201626657517403
-0.0008553281802508806
-0.0009194891390494713
-0.0007398768198770437
0.0001549688525008653
0.0008218585601770755
0.0007729795054692622
0.0006910427032751858
-0.0007676579367604497
6.59017424313799e-05
0.0007152016302806213
0.0006499169922866617
0.0006972610373773548
0.0001609055625283618
-0.0006107477334121857
0.0006351266847763996
0.000637952562926239
-0.0002368139613362736
-0.0005505768098824653
-0.0005627596599122361
-0.0005708978790532512
-0.0002248421600106484
-0.0005013036839488312
0.0005710414187045258
-0.0005144839648936693
-0.0002034191529815565
0.000494988373719578
-0.0004948030443628293
-0.000494853450614079
0.0001415806733761312
-0.000494644854606574
-0.0005140246620845816

0.0423872213970676
0.02517851589185516
0.007753190617266818
-0.007738277263817634
-0.008528719234618589
0.004476885868269062
-0.006050305713549885
0.004755113102828788
0.003651340249748467
0.002429440272431975
-0.003128423806602708
0.0004632807505797497
-0.003246134669033234
0.001582281741663967
-0.003251869857030355
-0.002364822909623623
0.001833474513966835
0.002353535034723245
-0.001713330518440657
-0.0002770148550138202
0.001515024885393975
0.001832021906089509
-0.001438073253881452
-0.001325970639867825
-0.001535498339403046
-0.001212977028670161
2.157675139993323e-05
-0.001423758886639669
0.001230473748052469
0.001155782923983249
-0.001213941531148056
-0.001065066506631092
-0.000148414027190983
0.001056423798580208
0.001135669596133692
0.0009138287485235182
-0.0001914034724923196
-0.001015085159222772
-0.0009547141836860956
-0.0008535132764605539
0.0009481414646302668
-8.139585562581585e-05
-0.0008833521921258359
-0.0008027185279357492
-0.0008611935988029195
-0.0001987359583183549
0.0007543402116320529
-0.0007844508814313785
-0.0007879411498432496
0.000292491128397267
0.0006800225437859345
0.0006950696952804218
0.0007051212855088526
0.0002777046451218769
0.0006191648472098656
-0.0007052985726687215
0.000635443934914074
0.0002512448896909381
-0.000611364748749728
0.0006111358467357213
0.0006111981039660279
-0.0001748676078106156
0.0006109404650949213
0.0006348766457379726

-0.006074601973956244
-0.003608386143199669
-0.001111126077053227
0.001108988812959894
0.001222268716616231
-0.0006415919429539577
0.0008670820549022949
-0.0006814652739381662
-0.0005232812616077767
-0.0003481682023050853
0.0004483410047791825
-6.639374012286738e-05
0.0004652103963954953
-0.0002267601289838504
0.0004660323182668062
0.0003389077519445379
-0.0002627590942423062
-0.0003372900628181208
0.0002455410051973495
3.969958231794209e-05
-0.0002171214072561123
-0.0002625509179479273
0.0002060933068692673
0.0001900276451455543
0.0002200555010711068
0.0001738342927388184
-3.092209687862465e-06
0.0002040418847511008
-0.0001763417844449308
-0.0001656376851345108
0.0001739725176203549
0.0001526369242977268
2.126952682487807e-05
-0.0001513983196037803
-0.0001627552017578981
-0.0001309627226478926
2.743043477495506e-05
0.0001454739921304237
0.0001368221004735443
0.0001223187853106703
-0.0001358801502622241
1.166501150487236e-05
0.0001265950631611077
0.0001150392829162172
0.0001234194684818064
2.848126876229306e-05
-0.0001081060845127961
0.0001124213080205425
0.000112921505737825
-4.191751965250519e-05
-9.74554630066447e-05
-9.961190197948427e-05
-0.0001010524165456711
-3.979843759116725e-05
-8.873381833245835e-05
0.0001010778239419574
-9.106680867819565e-05
-3.600643431108469e-05
8.761596979365847e-05
-8.758316536390743e-05
-8.759208757871983e-05
2.506064517974638e-05
-8.755516480946187e-05
-9.098550927155628e-05

0.04385604790943057
0.0260510163876422
0.00802185866293491
-0.008006428523335999
-0.008824261346499175
0.004632021506780781
-0.006259964406594839
0.004919890032396404
0.003777868603996671
0.002513626641926447
-0.00323683175781076
0.0004793346231077457
-0.003358621605130176
0.001637111883758774
-0.00336455553217899
-0.00244677012088749
0.001897009133295614
0.002435091092017663
-0.001772701838545599
-0.0002866141339935008
0.001567524404004054
0.001895506188809463
-0.001487906200047567
-0.001371918941414017
-0.001588707315983464
-0.001255009810246452
2.232444146930912e-05
-0.001473095803073145
0.001273112836068727
0.001195833782363059
-0.001256007735221713
-0.00110197380724716
-0.0001535569559030471
0.001093031607078085
0.001175023475843262
0.0009454952708705842
-0.0001980360963277849
-0.001050260477279538
-0.0009877974917800341
-0.0008830897121834427
0.0009809970110620861
-8.421643189385149e-05
-0.0009139626232131368
-0.0008305347946534032
-0.0008910361774980182
-0.0002056226716937204
0.0007804800449514157
-0.0008116341270965399
-0.000815245342308133
0.0003026267001535683
0.0007035870782941985
0.0007191556523852763
0.0007295555561321255
0.0002873278271073692
0.0006406205056167145
-0.0007297389867493559
0.0006574637056838239
0.0002599511729270802
-0.0006325501136331594
0.000632313279574079
0.0006323776941780751
-0.0001809272212988564
0.0006321111274556422
0.0006568767584747561

-0.01775508353915497
-0.01054673173463622
-0.003247642628306341
0.0032413957494675
0.003572494669414038
-0.001875269950858878
0.002534341243443823
-0.001991813277591734
-0.001529466877689031
-0.001017639599121187
0.001310428572605382
-0.0001940582127702253
0.001359735088271911
-0.0006627833478990506
0.001362137433568982
0.0009905727936804891
-0.0007680025273993505
-0.000985844548816125
0.0007176768252897482
0.0001160354873530907
-0.0006346109161551005
-0.000767394061608459
0.0006023775542848219
0.0005554202116898066
0.0006431867999771223
0.0005080896497874931
-9.038031061773549e-06
0.000596381577719015
-0.000515418644330046
-0.0004841322854407698
0.0005084936588621478
0.0004461331546795477
6.216740244584244e-05
-0.0004425129125781719
-0.0004757072506205109
-0.0003827829528743131
8.017474445765552e-05
0.0004251970572099538
0.0003999089708799211
0.0003575181157396097
-0.0003971558020688211
3.409495052382362e-05
0.0003700169874017685
0.0003362413022644714
0.0003607352354352302
8.324616301496719e-05
-0.000315976679598704
0.0003285893831466337
0.0003300513805409614
-0.0001225181610869837
-0.0002848466277209381
-0.0002911495516453251
-0.0002953599437945496
-0.0001163244254007525
-0.0002593546645515381
0.0002954342055229862
-0.0002661736197129383
-0.0001052410103378827
0.0002560873732500007
-0.000255991491183523
-0.0002560175693808055
7.324823101480031e-05
-0.0002559096500711677
-0.0002659359946373553

0.04040796065772497
0.02400281136730845
0.007391157313653309
-0.007376940335525994
-0.008130472815499107
0.004267838798386183
-0.005767788196118509
0.004533074281566828
0.003480841826779099
0.00231599816437955
-0.002982342836623264
0.000441647971390988
-0.003094557219669429
0.001508397490075699
-0.003100024604492492
-0.002254398093223036
0.001747860878478174
0.002243637302828673
-0.001633326976880339
-0.0002640797153969408
0.001444281175947011
0.001746476099763208
-0.001370922781689519
-0.001264054771299382
-0.001463798627123848
-0.001156337368616271
2.05692303707009e-05
-0.001357276820258903
0.001173017083047536
0.001101813928393544
-0.001157256833890863
-0.00101533349154136
-0.000141483871179301
0.001007094352589189
0.001082639787375004
0.0008711577428569163
-0.0001824659350461623
-0.0009676860106938587
-0.0009101340428139524
-0.0008136586867299449
0.000903868235236586
-7.759509643296748e-05
-0.0008421042816647544
-0.0007652357863283415
-0.0008209803783347767
-0.000189456032273961
0.0007191164834475868
-0.0007478211430249771
-0.0007511484342231368
0.0002788333280517229
0.0006482690605799941
0.0006626135890852983
0.0006721958228131295
0.0002647372959278686
0.0005902530989785322
-0.0006723648315934275
0.0006057720387395736
0.0002395130721824403
-0.0005828172241719745
0.000582599010680383
0.0005826583608249978
-0.0001667022084446517
0.0005824127523366407
0.0006052312389897964

0.02960520582620736
0.01758584594149303
0.005415188740111411
-0.005404772560803352
-0.005956853977511542
0.003126865201872475
-0.004225814763444663
0.003321192036095482
0.002550265765776162
0.001696834020660934
-0.002185036613711435
0.0003235768121658371
-0.002267251351912442
0.001105139121958417
-0.002271257073814158
-0.001651702250687747
0.001280583831023454
0.001643818274131752
-0.001196669679562103
-0.0001934800519896184
0.001058163807052968
0.001279569262156302
-0.001004417210448989
-0.0009261195336457992
-0.001072463419057065
-0.0008471995429907013
1.507020618954938e-05
-0.0009944193909530244
0.0008594200651557746
0.0008072525215656106
-0.0008478731963569304
-0.000743891958664593
-0.0001036592557300497
0.0007378554895988916
0.000793204438412016
0.0006382604779990712
-0.0001336850827258513
-0.000708982662213313
-0.0006668167665075035
-0.0005961333484992622
0.000662226073980907
-5.685064931784164e-05
-0.0006169742342847951
-0.000560655934896767
-0.0006014976426488414
-0.0001388064316829784
0.0005268662698871072
-0.0005478969613925167
-0.0005503347270991963
0.000204289400747084
0.0004749593559495462
0.0004854689860317227
0.0004924894839031206
0.0001939618334665313
0.0004324535116441294
-0.0004926133094968786
0.0004438235832426424
0.0001754811102715362
-0.0004270055602860445
0.000426845684478724
0.0004268891678224796
-0.0001221356661498028
0.0004267092208584274
0.0004434273621111756

-0.01887516751316644
-0.01121207499636775
-0.003452520991917006
0.003445880027133469
0.003797866406906712
-0.001993571834050966
0.002694220807241761
-0.002117467326277087
-0.001625953685803632
-0.001081837652810687
0.001393097293371193
-0.0002063004246231839
0.001445514323156394
-0.0007045952044637342
0.001448068221019594
0.001053063331044204
-0.0008164521627415861
-0.001048036803647317
0.0007629516508770966
0.0001233556156710097
-0.0006746455076765623
-0.0008158053117306861
0.0006403786959504017
0.0005904590374203873
0.0006837624033174611
0.0005401426149473658
-9.608197556721242e-06
0.0006340044616735884
-0.0005479339609801284
-0.0005146738941597042
0.0005405721110371639
0.0004742775785418043
6.608924888681415e-05
-0.0004704289525442878
-0.000505717363868479
-0.0004069309130963387
8.523258866272387e-05
0.0004520207220229342
0.0004251373303161953
0.0003800722372665551
-0.0004222104771487037
3.624583917454824e-05
0.0003933596034356248
0.0003574531705858707
0.0003834923097787677
8.849776844316259e-05
-0.000335910149030233
0.0003493185281988822
0.0003508727560715604
-0.0001302472505309046
-0.0003028162498892013
-0.0003095167953767509
-0.0003139928011888323
-0.000123662781449072
-0.0002757161197207704
0.0003140717477375141
-0.0002829652504079996
-0.0001118801663198721
0.0002722427105139698
-0.0002721407797028522
-0.0002721685030499397
7.786911435246201e-05
-0.0002720537756229951
-0.0002827126346935211

-0.02665573722445815
-0.01583382635601569
-0.004875691421454866
0.004866312971592359
0.00536339234529141
-0.002815345978227915
0.003804810834785114
-0.002990312673581885
-0.002296191234208458
-0.001527784067227352
0.001967348652896446
-0.0002913399260811067
0.002041372609032521
-0.0009950377715435615
0.00204497925412851
0.001487148626016486
-0.001153003505330655
-0.001480050103932813
0.001077449442849219
0.0001742042752307153
-0.000952742451676082
-0.001152090014599238
0.0009043504504787312
0.0008338533118877862
0.0009656174406977548
0.0007627958585126012
-1.35688114605665e-05
0.0008953486806257336
-0.0007737988905295397
-0.0007268286265243412
0.0007634023980249251
0.0006697804666502085
9.333202740912131e-05
-0.0006643453910044211
-0.0007141801073668752
-0.0005746727005438294
0.0001203664807091615
0.0006383490677821482
0.0006003840206086418
0.0005367425574277882
-0.0005962506835739169
5.118680742003606e-05
0.000555507134789135
0.0005047996410385368
0.0005415724247182258
0.0001249776066319875
-0.0004743763284398427
0.0004933118018059071
0.0004955067009892071
-0.0001839367243728142
-0.0004276407284182173
-0.0004371033188638828
-0.0004434243877848168
-0.0001746380584147645
-0.0003893696005983138
0.0004435358770448634
-0.0003996069096220887
-0.0001579985084621181
0.0003844644105899709
-0.0003843204626798059
-0.0003843596139221051
0.0001099676942540169
-0.0003841975944779744
-0.000399250162689462

0.01845143068656785
0.01096037025916674
0.003375013849908692
-0.003368521971025724
-0.003712606455812413
0.001948817274815558
-0.002633737075151492
0.002069931383370046
0.00158945194591029
0.001057551009867191
-0.001361823047682106
0.0002016690968644659
-0.00141306334481895
0.0006887774409518422
-0.001415559909120841
-0.001029422655336827
0.0007981232738314691
0.001024508970635135
-0.0007458238181749788
-0.0001205863519232607
0.0006595000979046689
0.0007974909442595281
-0.000626002556705293
-0.0005772035662529522
-0.0006684123243990772
-0.0005280167189834703
9.392498960184348e-06
-0.0006197714203799717
0.0005356331537079298
0.0005031197565611189
-0.0005284365731289671
-0.0004636303153630367
-6.460558265840028e-05
0.0004598680888407839
0.000494364295305103
0.0003977955444359737
-8.331916529220539e-05
-0.0004418731126748062
-0.000415593237894705
-0.0003715398306755349
0.0004127320909242583
-3.543214060163192e-05
-0.0003845289029953167
-0.0003494285492385365
-0.0003748831244957371
-8.65110436347899e-05
0.0003283691563226738
-0.0003414765249686055
-0.0003429958613052847
0.0001273232734814477
0.0002960181964849287
0.0003025683185189459
0.0003069438405341881
0.0001208866220034507
0.0002695264488990529
-0.0003070210147775683
0.0002766128407056896
0.0001093685199145134
-0.0002661310157628389
0.0002660313732407083
0.0002660584742143563
-7.61209968121784e-05
0.0002659463223531589
0.0002763658960708763

0.003640769760862744
0.002162660732672877
0.0006659455614022338
-0.0006646646072734267
-0.0007325581169263519
0.0003845335965611706
-0.0005196795015060371
0.0004084313956812367
0.0003136249258567386
0.0002086721513743207
-0.0002687100125663116
3.979261890520892e-05
-0.0002788205632074393
0.0001359070806803103
-0.0002793131762722121
-0.0002031219658988121
0.0001574828060852394
0.0002021524153542486
-0.0001471632661048652
-2.379366408563459e-05
0.0001301301809342535
0.0001573580370943801
-0.0001235205669083833
-0.0001138917260984114
-0.0001318887093257192
-0.000104186354779875
1.853294022242201e-06
-0.0001222910615602421
0.0001056892022122487
9.927377594166594e-05
-0.0001042691988855558
-9.148186181707404e-05
-1.274774058022163e-05
9.073951284765223e-05
9.754617990175509e-05
7.849158224050767e-05
-1.644023721790516e-05
-8.718880904659422e-05
-8.200335892913784e-05
-7.331089948849413e-05
8.143880772736332e-05
-6.991342203031185e-06
-7.58738563955648e-05
-6.894798117616275e-05
-7.397058616802698e-05
-1.70700471414471e-05
6.479261771346619e-05
-6.737891642501758e-05
-6.767870639168611e-05
2.512296915181065e-05
5.840924298698348e-05
5.970168944459837e-05
6.056505166906258e-05
2.385291229496904e-05
5.318198689168956e-05
-6.058027941253925e-05
5.458024816706132e-05
2.158020192903772e-05
-5.251201227031231e-05
5.24923511671641e-05
5.249769863358892e-05
-1.501992057247487e-05
5.247556923272456e-05
5.453152194209735e-05

-0.01543965520863497
-0.009171339644880901
-0.002824119768928931
0.002818687541297573
0.003106608076999254
-0.001630717276015007
0.002203839530998722
-0.001732062267021562
-0.001330010145685511
-0.0008849299133090375
0.001139536476523078
-0.0001687512136438399
0.001182412963122821
-0.0005763502236995881
0.001184502020209111
0.000861392871498494
-0.000667847841789113
-0.0008572812338216925
0.0006240850801554644
0.0001009033786153731
-0.0005518517395575314
-0.00066731872560645
0.000523821908416577
0.0004829882408320729
0.0005593092482218656
0.0004418300252149757
-7.859387597421932e-06
0.0005186078630639333
-0.0004482032505795764
-0.0004209969244070834
0.0004421813477414365
0.0003879532343627809
5.406019390813919e-05
-0.0003848051055641443
-0.0004136705926293073
-0.0003328644891527945
6.971921073411106e-05
0.0003697473990800926
0.000347757114834771
0.0003108944221913806
-0.0003453629848902508
2.96486512881234e-05
0.0003217633245276393
0.0002923923034447215
0.0003136919995024197
7.239008769290107e-05
-0.0002747703763948786
0.000285738265878546
0.0002870096051899902
-0.0001065406512904948
-0.0002476999733433098
-0.0002531809372587151
-0.0002568422550405336
-0.000101154636449331
-0.0002255323996983261
0.0002569068323477761
-0.0002314620995696143
-9.151660198294401e-05
0.000222691193626136
-0.0002226078154744975
-0.0002226304928319292
6.369597918351187e-05
-0.0002225366472057095
-0.0002312554630176341

-0.0209842583756975
-0.01246490016512079
-0.003838301964280609
0.003830918945254556
0.004222235903517861
-0.002216331400877793
0.00299527013473591
-0.00235407084179215
-0.001807635997192866
-0.001202721025459281
0.00154876048258695
-0.0002293522115919426
0.001607034534753325
-0.0007833259127603578
0.001609873802409709
0.001170731492009178
-0.0009076816469267577
-0.001165143305862369
0.0008482030455624993
0.0001371392391367935
-0.0007500296691521501
-0.0009069625174811934
0.000711933920837593
0.0006564362934981613
0.0007601652768804628
0.0006004975682403662
-1.06818071900267e-05
0.0007048474364967374
-0.00060915951087639
-0.0005721830000577358
0.0006009750557596331
0.0005272728436971808
7.347399028542734e-05
-0.000522994176381247
-0.0005622256767304649
-0.0004524009344827635
9.475638620329857e-05
0.0005025290300331739
0.0004726417171284263
0.0004225410991808212
-0.0004693878205447564
4.029591015564148e-05
0.0004373131813162569
0.0003973946023819692
0.0004263433269072797
9.838641365115676e-05
-0.0003734443868302879
0.0003883510038273647
0.0003900788994463452
-0.0001448009378437675
-0.0003366526110883912
-0.0003441018683024504
-0.0003490780181770566
-0.0001374807272876111
-0.0003065243416003007
0.0003491657861280978
-0.0003145834823330059
-0.0001243815354505381
0.000302662817394438
-0.0003025494969443683
-0.0003025803180684246
8.657012521449926e-05
-0.0003024527711223787
-0.0003143026396106585

0.0130447261546972
0.007748723175650325
0.002386055162238688
-0.002381465557036668
-0.002624725169494992
0.001377767833147711
-0.001861989972075072
0.001463392650345259
0.001123705024431629
0.00074766361225214
-0.0009627767640315696
0.0001425752933281768
-0.000999002445150259
0.0004869493998256613
-0.001000767457207963
-0.0007277775292561222
0.0005642543237800103
0.0007243036701046785
-0.0005272798425775194
-8.525170571070897e-05
0.0004662510090572513
0.0005638072816916487
-0.0004425690377660777
-0.0004080693028734069
-0.0004725517429148435
-0.0003732953623620283
6.640275159425775e-06
-0.0004381637714006806
0.000378680002011036
0.000355693797345194
-0.0003735921893370015
-0.0003277756941270147
-4.567462264358884e-05
0.0003251158887412422
0.0003495038928125057
0.0002812320643788129
-5.890468403980455e-05
-0.0003123938651631271
-0.000293814613737603
-0.0002626698942241416
0.0002917918503350002
-2.504968742393796e-05
-0.0002718528618916709
-0.0002470377399389497
-0.0002650335240737756
-6.116126671923916e-05
0.0002321492460200513
-0.0002414158463991582
-0.0002424899813421584
9.001455030228347e-05
0.0002092778806991825
0.000213908662434548
0.0002170020532637796
8.546398957287055e-05
0.000190548840198889
-0.0002170566136330066
0.0001955587520107547
7.732096315261487e-05
-0.0001881483490830167
0.0001880779041708445
0.0001880970639197872
-5.381574875710195e-05
0.0001880177752000356
0.0001953841679803657

0.01328677544687472
0.007892503346863106
0.002430329220296079
-0.002425654453422319
-0.002673427830010836
0.001403332779843068
-0.001896539823826574
0.001490546394394147
0.001144555750046896
0.0007615367626722453
-0.0009806414115140873
0.0001452208259689388
-0.001017539272360383
0.0004959849101273819
-0.001019337034812024
-0.0007412816867010875
0.0005747242530110513
0.0007377433689218266
-0.0005370636978429843
-8.683357985505052e-05
0.0004749024537392613
0.0005742689159061416
-0.0004507810554857768
-0.0004156411663796526
-0.0004813200998380166
-0.0003802219836771683
6.76348770395521e-06
-0.0004462940479176161
0.0003857065371304451
0.0003622938156866234
-0.0003805243183767065
-0.0003338576826498768
-4.652213066715559e-05
0.0003311485236783337
0.0003559890553881751
0.0002864504201582241
-5.999768031344893e-05
-0.0003181904386631307
-0.0002992664429629655
-0.0002675438226776234
0.0002972061465033932
-2.55144928202589e-05
-0.0002768971834065112
-0.0002516216084988591
-0.0002699513104761042
-6.229613464537111e-05
0.0002364568535552709
-0.0002458953988288968
-0.0002469894647079173
9.168480063394873e-05
0.0002131611023391919
0.0002178778097910159
0.0002210285995301049
8.704980271586109e-05
0.0001940845381774071
-0.0002210841722853831
0.0001991874105921602
7.875567969473648e-05
-0.000191639505139485
0.0001915677530981963
0.0001915872683627506
-5.481431812070847e-05
0.0001915065084140638
0.0001990095870962128

0.01903677198880212
0.0113080699855192
0.003482080615381846
-0.003475382792315158
-0.003830382791669021
0.002010640298777351
-0.002717288053690472
0.002135596553299349
0.001639874695651197
0.001091100076918791
-0.001405024644874757
0.0002080667173951653
-0.001457890456193616
0.0007106277728361338
-0.001460466219893547
-0.0010620793965872
0.0008234424224864559
0.001057009833317293
-0.000769483852585481
-0.0001244117556800833
0.0006804216542159173
0.0008227900332982757
-0.0006458614585957941
-0.0005955144004027237
-0.0006896166064433238
-0.000544767181272473
9.690460547340157e-06
-0.0006394326497151884
0.0005526252348662833
0.0005190804036507264
-0.0005452003546002639
-0.0004783382248559744
-6.665508854919301e-05
0.0004744566478828932
0.0005100471897812507
0.000410414954061157
-8.596232882475509e-05
-0.0004558908106838299
-0.0004287772500833639
-0.0003833263209491799
0.0004258253379295193
-3.655616700767652e-05
-0.0003967274502327562
-0.0003605135954620265
-0.0003867756752690952
-8.925546425992696e-05
0.0003387861279300409
-0.0003523093062962858
-0.0003538768410802337
0.0001313623949983921
0.0003054088870801999
0.000312166800966423
0.000316681129223785
0.0001247215513348826
0.0002780767323576615
-0.0003167607516932621
0.0002853879282935606
0.0001128380563942852
-0.00027457358468762
0.000274470781170292
0.0002744987418778196
-7.853581028429869e-05
0.0002743830321831378
0.0002851331497459948

0.01245664722167425
0.007399397263907018
0.002278487647420434
-0.002274104949600331
-0.002506397995826904
0.001315655664010459
-0.001778048227105629
0.001397420365591765
0.001073046448393714
0.0007139576368150936
-0.0009193731137429038
0.0001361477512409022
-0.0009539656781790372
0.0004649968743306394
-0.0009556511204248973
-0.0006949680530119706
0.0005388167579201691
0.0006916508014703301
-0.0005035091506097181
-8.140841060905013e-05
0.0004452316030018553
0.0005383898692665461
-0.0004226172561471289
-0.0003896728292803375
-0.0004512482888233349
-0.0003564665584609638
6.340920011266592e-06
-0.0004184105868478582
0.0003616084491935857
0.0003396585025951118
-0.0003567500039599186
-0.0003129989960049388
-4.361553125047637e-05
0.0003104590992699322
0.0003337476497197276
0.0002685536340008101
-5.624915847879024e-05
-0.0002983106066316789
-0.0002805689401601203
-0.0002508282787466705
0.0002786373664482112
-2.392040396653322e-05
-0.0002595972622673796
-0.0002359008491528273
-0.0002530853520535723
-5.840401048802063e-05
0.0002216835544231262
-0.0002305324003473269
-0.000231558111419775
8.595653788635585e-05
0.0001998432700122873
0.0002042652880564984
0.0002072192234493651
8.16111243456538e-05
0.0001819585672177539
-0.000207271324142291
0.0001867426234955166
7.383519971290392e-05
-0.0001796662944146075
0.0001795990252815156
0.0001796173212756574
-5.138964124563545e-05
0.0001795416070292466
0.0001865759100167502

-0.001260760988040273
-0.0007489070886689702
-0.0002306100740013315
0.0002301664928084517
0.0002536773144025978
-0.0001331600153205723
0.0001799596472222609
-0.0001414355764818842
-0.0001086050745773284
-7.226101210007819e-05
9.305150371798308e-05
-1.377977318615548e-05
9.655268304369026e-05
-4.706321920222933e-05
9.672326986320325e-05
7.03390401591162e-05
-5.453467020458352e-05
-7.000329481328621e-05
5.096112002797247e-05
8.239500273868342e-06
-4.506273844947187e-05
-5.449146399086527e-05
4.277389733692312e-05
3.943952915370711e-05
4.567169867989502e-05
3.607865924527228e-05
-6.417765901401568e-07
4.234813232590217e-05
-3.659907979862569e-05
-3.437748390136287e-05
3.610734730390992e-05
3.167922446843348e-05
4.414410980336379e-06
-3.142215668288653e-05
-3.377923522502666e-05
-2.718082473717844e-05
5.693084451888394e-06
3.019258460706759e-05
2.839691675573388e-05
2.53868077753296e-05
-2.820141850191946e-05
2.421029640045271e-06
2.627433329732512e-05
2.38759741979468e-05
2.56152504631506e-05
5.911181127489605e-06
-2.243701472261901e-05
2.33326232705837e-05
2.343643744158281e-05
-8.699824897143642e-06
-2.022651794424406e-05
-2.067407881183442e-05
-2.097305223851273e-05
-8.260017317199831e-06
-1.84163731143593e-05
2.097832544889879e-05
-1.890057656112331e-05
-7.473001176466899e-06
1.818436781847035e-05
-1.817755938139902e-05
-1.817941115382859e-05
5.201243458132313e-06
-1.8171747970721e-05
-1.888370317235671e-05

0.01522916560295423
0.00904630630448006
0.002785618400308596
-0.002780260230513635
-0.0030642555308926
0.001608485624351887
-0.002173794474447709
0.001708448973934514
0.001311878049642815
0.0008728656187385748
-0.001124001117711223
0.0001664506197551587
-0.001166293066986173
0.0005684928117511316
-0.001168353643850957
-0.0008496494586175153
0.0006587430381537348
0.0008455938751069893
-0.0006155768964778654
-9.952775771651415e-05
0.0005443283166907476
0.0006582211354387956
-0.0005166806176649271
-0.0004764036375500719
-0.000551684156759862
-0.0004358065339823896
7.752240166092293e-06
-0.0005115376556580542
0.0004420928728410617
0.000415257451898626
-0.0004361530669107667
-0.0003826642481634798
-5.332318853176685e-05
0.0003795590379650977
0.0004080310003749129
0.000328326530622045
-6.876872518396288e-05
-0.000364706613960247
-0.0003430161243796712
-0.0003066559827023131
0.0003406546337307775
-2.924444971534903e-05
-0.0003173767087395781
-0.0002884061042826376
-0.0003094154204994394
-7.140318994115137e-05
0.0002710244178616449
-0.0002818427815495149
-0.0002830967886273388
0.0001050881771661661
0.0002443230669933801
0.0002497293086484646
0.0002533407114985776
9.977559013962403e-05
0.000222457705008706
-0.0002534044084202067
0.000228306564979752
9.026895148792896e-05
-0.0002196552332435456
0.0002195729917904702
0.0002195953599863777
-6.282760865577597e-05
0.0002195027937622734
0.0002281027455142082

-0.01056885992874212
-0.006278029059318915
-0.001933186062543057
0.001929467556387581
0.00212655691954503
-0.001116269906334758
0.001508587529566465
-0.001185643282874148
-0.0009104277746886402
-0.0006057583653349512
0.0007800434168588766
-0.0001155147518326653
0.0008093935270126673
-0.0003945272547779712
0.0008108235428666794
0.0005896466261366798
-0.0004571598392711286
-0.0005868320993810632
0.0004272030499807961
6.907108096082628e-05
-0.000377757382402907
-0.0004567976449899721
0.0003585702078739278
0.000330618462368842
0.0003828622479860803
0.0003024445549923171
-5.379962539345125e-06
0.0003550010533655828
-0.0003068071994466676
-0.0002881837362535117
0.0003026850447261456
0.0002655644402337909
3.700565909116596e-05
-0.0002634094612617062
-0.000283168664782998
-0.0002278547100676575
4.772467795649538e-05
0.0002531020555244864
0.000238049113548665
0.0002128156073673604
-0.0002364102671047315
2.029530053009632e-05
0.0002202556638206313
0.0002001504086452388
0.0002147306244024506
4.955296518719509e-05
-0.000188087724851615
0.0001955955406739527
0.0001964658066820384
-7.292994597291994e-05
-0.0001695573046964773
-0.0001733091721516231
-0.0001758154428077793
-6.924307371695905e-05
-0.0001543830033504938
0.0001758596477143143
-0.000158442042656246
-6.264557947973731e-05
0.0001524381212530533
-0.0001523810466620847
-0.0001523965699241732
4.360161369654032e-05
-0.00015233233006484
-0.0001583005943696807

-0.008512288972684971
-0.005056401342447361
-0.001557011684635853
0.001554016754325762
0.001712754936490201
-0.0008990574270353698
0.001215034836192101
-0.0009549315924700257
-0.000733269658142651
-0.0004878851917914847
0.000628256502622797
-9.303699309454606e-05
0.0006518954400951745
-0.0003177570734130554
0.0006530471923433795
0.0004749086001030184
-0.0003682021225391489
-0.0004726417458512799
0.0003440745582746461
5.563069288062269e-05
-0.0003042504132193931
-0.0003679104068378551
0.0002887968283236653
0.0002662841508320388
0.0003083619343582977
0.00024359254145357
-4.333087589946769e-06
0.0002859221876559383
-0.0002471062686229118
-0.0002321067037274654
0.0002437862348247935
0.0002138888462313004
2.980481016234567e-05
-0.0002121531998262821
-0.0002280675038645141
-0.0001835169686191321
3.843803897799282e-05
0.0002038514892552919
0.0001917276657917113
0.0001714042914772388
-0.0001904077188336803
1.634608312196715e-05
0.0001773966038865415
0.0001612035856162406
0.0001729466696050621
3.991056386125223e-05
-0.0001514881526433576
0.0001575350392767768
0.0001582359621571706
-5.873866992933726e-05
-0.0001365635257480019
-0.000139585325656479
-0.000141603906677799
-5.576921794873146e-05
-0.0001243419579642866
0.0001416395098498189
-0.0001276111578359011
-5.045551544709165e-05
0.0001227755261501835
-0.0001227295575769901
-0.0001227420602020301
3.511727262568407e-05
-0.0001226903206341058
-0.0001274972336569492

0.01068558837102079
0.00634736714853865
0.001954537258342282
-0.001950777682910291
-0.002150043812012357
0.001128598619952922
-0.001525249219999423
0.001198738195138915
0.0009204830518581291
0.0006124487019333242
-0.0007886586557375881
0.0001167905618190855
-0.0008183329250404145
0.0003988846360091267
-0.0008197787347950303
-0.0005961590156119174
0.0004622089700450167
0.0005933134036376615
-0.0004319213210996128
-6.983394088532123e-05
0.0003819295477172888
0.0004618427754860688
-0.0003625304592249567
-0.0003342699988980043
-0.0003870907943115753
-0.0003057849230186203
5.439381876055524e-06
-0.0003589218849638556
0.000310195750975716
0.0002913665997647896
-0.0003060280688564167
-0.0002684974834989098
-3.741437043473362e-05
0.0002663187037252091
0.0002862961390200078
0.0002303712658316616
-4.825177618221697e-05
-0.0002558974571930363
-0.0002406782620469456
-0.0002151660628099208
0.0002390213152598529
-2.051945326109257e-05
-0.0002226882914375052
-0.0002023609824990147
-0.0002171022303718215
-5.010025604692387e-05
0.0001901650716309365
-0.0001977558080002367
-0.00019863568571628
7.373542537620689e-05
0.0001714299910777967
0.0001752232962703801
0.0001777572475914415
7.000783322632632e-05
0.000156088096200357
-0.000177801940721894
0.0001601919658226367
6.333747254652346e-05
-0.0001541217337295012
0.0001540640287745763
0.0001540797234843562
-4.408317447811961e-05
0.0001540147741237922
0.0001600489553013849

0.005612348755802299
0.003333802209274426
0.001026573771059301
-0.001024599144322058
-0.001129258894716252
0.0005927693301070427
-0.0008011005351252768
0.0006296084580860521
0.000483461624335086
0.0003216739772241099
-0.0004142240250693262
6.134143872619531e-05
-0.0004298097226105375
0.0002095045787730193
-0.0004305690994734775
-0.0003131182105612902
0.0002427641649557916
0.0003116236211880751
-0.000226856304483131
-3.667860089980411e-05
0.0002005993256999823
0.0002425718300552021
-0.0001904104201963709
-0.00017556729187737
-0.0002033101465640393
-0.0001606061896320008
2.856904743512814e-06
-0.0001885151031991829
0.0001629228711227371
0.0001530333114932994
-0.0001607338961460441
-0.0001410218572087936
-1.96509998389729e-05
0.0001398775054400768
0.0001503701737170951
0.0001209969767007562
-2.534308702698038e-05
-0.0001344039958889331
-0.0001264104790158925
-0.0001130108088550819
0.0001255402074953141
-1.077735020112407e-05
-0.0001169616788505168
-0.0001062852478419329
-0.0001140277343840912
-2.631395669822269e-05
9.987963845385841e-05
-0.0001038664904959434
-0.0001043286251424907
3.872776196310892e-05
9.003948717894338e-05
9.203182966301631e-05
9.336272676009476e-05
3.676993367717664e-05
8.19815252177247e-05
-9.338620075384523e-05
8.413698421243489e-05
3.326648686991413e-05
-8.094874053771108e-05
8.091843239551707e-05
8.092667566500806e-05
-2.315362906033005e-05
8.089256257269166e-05
8.406187136961057e-05

0.00114919071911159
0.0006826330160417636
0.000210202377207123
-0.0002097980504594164
-0.0002312282963418871
0.0001213761015882362
-0.0001640342288227576
0.0001289193220501905
9.899413523750729e-05
6.586631823677139e-05
-8.481696807432674e-05
1.256034062531922e-05
-8.800831268673126e-05
4.289838853799265e-05
-8.816380353039889e-05
-6.411443002178147e-05
4.970865807503318e-05
6.380839625380965e-05
-4.645134702553527e-05
-7.510350760092452e-06
4.107493910035388e-05
4.966927536876761e-05
-3.898864757573419e-05
-3.59493522558393e-05
-4.163000976923896e-05
-3.288590046477441e-05
5.849829651507175e-07
-3.860056037768992e-05
3.336026672107464e-05
3.133526958766588e-05
-3.291204979143115e-05
-2.887579096517921e-05
-4.023760393154428e-06
2.864147223527416e-05
3.078996256040284e-05
2.477547435398739e-05
-5.189278441561932e-06
-2.75207103848084e-05
-2.588394905670027e-05
-2.314021782079394e-05
2.570575130059811e-05
-2.206782109706381e-06
-2.394920231706957e-05
-2.17630845325131e-05
-2.334844461330542e-05
-5.388074785877608e-06
2.045146489172346e-05
-2.126781711152566e-05
-2.1362444311289e-05
7.929939238717354e-06
1.843658466744492e-05
1.884453891115746e-05
1.911705486812915e-05
7.529052160283547e-06
1.678662749198578e-05
-1.912186142894751e-05
1.722798165223399e-05
6.811682529315717e-06
-1.657515336222371e-05
1.656894743361236e-05
1.657063533455032e-05
-4.740962614335648e-06
1.65636503001731e-05
1.72126014637504e-05

-0.006737962782109697
-0.004002430388130504
-0.001232463655316685
0.001230092996962792
0.001355743332254987
-0.0007116552905784494
0.0009617694525527729
-0.0007558828829908125
-0.0005804248048521013
-0.000386188988036275
0.0004973008959018051
-7.364409253985115e-05
0.0005160124647181821
-0.0002515228678537087
0.0005169241423888111
0.00037591727473848
-0.0002914530046998815
-0.0003741229301585193
0.0002723546598764113
4.403486998332122e-05
-0.0002408315750666509
-0.0002912220950650567
0.0002285991802064836
0.0002107791104753955
0.0002440860788200301
0.0001928174059387047
-3.429886251085729e-06
0.0002263237379730988
-0.0001955987216305875
-0.0001837257095256364
0.0001929707253021349
0.0001693052350595189
2.359220912802221e-05
-0.000167931371822788
-0.0001805284521917724
-0.0001452641596648571
3.042590270162068e-05
0.0001613600938698445
0.0001517633953159916
0.0001356762840610171
-0.0001507185819283829
1.293885816876175e-05
0.0001404195415000306
0.0001276018429015157
0.0001368971644205393
3.15914902293683e-05
-0.0001199115229425247
0.0001246979789961483
0.000125252799479403
-4.64950112859791e-05
-0.0001080978285436938
-0.0001104897557190757
-0.0001120875778604316
-4.414452048464412e-05
-9.842375977912329e-05
0.0001121157598040846
-0.0001010115181520843
-3.993842153685747e-05
9.718383955345115e-05
-9.714745280289445e-05
-9.715734934452732e-05
2.779732651468027e-05
-9.711639452213089e-05
-0.0001009213406592787

-0.01073559248698386
-0.006377070190798824
-0.001963683681012579
0.00195990651232897
0.002160105124162069
-0.001133879992799195
0.001532386752928938
-0.001204347792068695
-0.0009247905302739292
-0.0006153147075148755
0.0007923492507247593
-0.0001173370931465221
0.0008221623832845519
-0.0004007512504530428
0.000823614958828436
0.0005989487922263768
-0.0004643719160742803
-0.000596089863969823
0.0004339425335099565
7.016073472735912e-05
-0.0003837168193892569
-0.0004640040078768604
0.0003642269512190378
0.0003358342436740298
0.0003889022184742031
0.0003072158694690626
-5.464835924317158e-06
0.0003606014903289357
-0.0003116473382692346
-0.0002927300744501755
0.0003074601531283969
0.0002697539402174695
3.758945415057311e-05
-0.0002675649646593271
-0.0002876358860548235
-0.0002314493076849575
4.84775744562971e-05
0.0002570949510211914
0.0002418045363621539
0.0002161729506276539
-0.0002401398357522236
2.061547578084191e-05
0.0002237303801613343
0.0002033079478587198
0.000218118178649704
5.033470443911225e-05
-0.0001910549651926158
0.0001986812230557654
0.0001995652182341296
-7.408047654541893e-05
-0.0001722322122429708
-0.0001760432685285141
-0.0001785890776894499
-7.033544081230321e-05
-0.0001568185236688334
0.0001786339799651881
-0.0001609415976966467
-6.363386561465899e-05
0.0001548429594382325
-0.0001547849844480728
-0.0001548007526025748
4.428946542739557e-05
-0.0001547354993059664
-0.0001607979179455265

-0.006809870225856909
-0.004045144268764019
-0.001245616490057917
0.001243220532071579
0.0013702118059689
-0.0007192500657990238
0.0009720334425813161
-0.0007639496544537444
-0.0005866190901804155
-0.0003903103914679532
0.0005026080840466729
-7.443002125640093e-05
0.000521519342461278
-0.0002542071163507547
0.0005224407495432883
0.0003799290585907561
-0.000294563387054028
-0.0003781155647907342
0.0002752612249640912
4.450480949450625e-05
-0.0002434017262379604
-0.0002943300131548923
0.0002310387874324822
0.0002130285421685578
0.0002466909620094264
0.0001948751505744814
-3.466489948766291e-06
0.000228739061711633
-0.000197686148428207
-0.0001856864277056013
0.0001950301061600245
0.0001711120581393955
2.38439848509745e-05
-0.0001697235330535853
-0.0001824550492865887
-0.0001468144167273137
3.075060750598406e-05
0.0001630821265150362
0.0001533830121296466
0.0001371242194502982
-0.000152327048508296
1.307694148058749e-05
0.0001419180968657784
0.0001289636079686763
0.0001383581290277893
3.192863416738354e-05
-0.0001211912170235814
0.0001260287540686505
0.0001265894955883011
-4.699120539044686e-05
-0.0001092514470448
-0.0001116689008332596
-0.0001132837749099793
-4.461563018443449e-05
-9.947413675485312e-05
0.0001133122576109051
-0.0001020895116486661
-4.036464380801906e-05
9.822098411802458e-05
-9.818420904859611e-05
-9.819421120595735e-05
2.809397919105997e-05
-9.815281931430187e-05
-0.0001019983717829462

0.001045451055850673
0.0006210104167318063
0.0001912270030891338
-0.0001908591756970291
-0.0002103548719403444
0.0001104192467362655
-0.0001492265425280378
0.0001172815261344188
9.005774366782495e-05
5.992043861872172e-05
-7.716037673538335e-05
1.142649444537883e-05
-8.006363251283679e-05
3.902586824412017e-05
-8.020508689813145e-05
-5.832669673265854e-05
4.522136161147327e-05
5.804828922337228e-05
-4.225809431446698e-05
-6.83237690783369e-06
3.736702510504078e-05
4.518553405805719e-05
-3.546906714123267e-05
-3.270413487336832e-05
-3.787198847380065e-05
-2.991722678556859e-05
5.321754243237328e-07
-3.511601332325325e-05
3.034877108475515e-05
2.850657434922913e-05
-2.994101556202251e-05
-2.62691176068947e-05
-3.660527779736407e-06
2.605595128081508e-05
2.80104932393255e-05
2.253894448662591e-05
-4.720832265367431e-06
-2.503636276478415e-05
-2.354735503940758e-05
-2.105130571544707e-05
2.338524353857693e-05
-2.007571631288508e-06
-2.178726162054661e-05
-1.979848890589692e-05
-2.124073547370151e-05
-4.90168288015963e-06
1.860527170049832e-05
-1.934793023049818e-05
-1.943401525038144e-05
7.214088325006811e-06
1.677227860122808e-05
1.714340602829774e-05
1.739132144409559e-05
6.849390096551089e-06
1.527126624312705e-05
-1.739569410740958e-05
1.567277851187285e-05
6.196778806138026e-06
-1.507888229104379e-05
1.507323658356989e-05
1.507477211444013e-05
-4.312986772762626e-06
1.506841763257251e-05
1.56587867226386e-05

0.009197020691988222
0.005463140163912291
0.001682258288835754
-0.001679022445207819
-0.001850529586315163
0.0009713779438487565
-0.001312772694371881
0.001031746648117959
0.0007922541446125475
0.0005271308597042849
-0.0006787936914549956
0.0001005209237324021
-0.0007043341539285828
0.0003433175716408001
-0.0007055785535600148
-0.0005131104261106793
0.0003978204394486491
0.0005106612252524993
-0.0003717520448604562
-6.010564669206057e-05
0.0003287244306325319
0.0003975052580267718
-0.0003120277535685811
-0.0002877041478514662
-0.0003331666840748361
-0.0002631872168992718
4.681642781727928e-06
-0.0003089218757267494
0.0002669835896006772
0.0002507774540762095
-0.0002633964910378244
-0.0002310941452866556
-3.220232027645315e-05
0.0002292188828335567
0.0002464133394604785
0.0001982791424419203
-4.153000925775524e-05
-0.000220249379548846
-0.0002071503111761707
-0.0001851921170052921
0.0002057241871896161
-1.766096818237635e-05
-0.000191666453273519
-0.0001741708625368555
-0.0001868585646085313
-4.312098459520367e-05
0.0001636739164898363
-0.0001702072169532079
-0.0001709645223331416
6.346363058085427e-05
0.0001475487470063587
0.0001508136216333613
0.0001529945780695619
6.025531476862172e-05
0.000134344071723836
-0.0001530330451741641
0.0001378762472599513
5.451417604373103e-05
-0.0001326516355467635
0.0001326019692442673
0.000132615477585174
-3.794211921388679e-05
0.0001325595760669436
0.0001377531589771753

0.005869234382160951
0.003486395340234707
0.001073561593387615
-0.001071496585020914
-0.0011809467692793
0.0006199012720581236
-0.0008377681090228246
0.0006584265822180092
0.0005055903885284844
0.0003363974779754978
-0.0004331836804228418
6.414912844659984e-05
-0.0004494827587336926
0.0002190939177975962
-0.0004502768934155235
-0.0003274501010307481
0.0002538758451605925
0.0003258871020587345
-0.0002372398580373227
-3.83574355154207e-05
0.0002097810579251247
0.0002536747068029116
-0.0001991257909236414
-0.0001836032703428057
-0.0002126159571289367
-0.0001679573759919444
2.987669561670196e-06
-0.0001971437224226911
0.0001703800954717416
0.0001600378758543862
-0.0001680909278247811
-0.0001474766392787914
-2.055045559660721e-05
0.000146279908812029
0.0001572528422649482
0.0001265351899337295
-2.650307815869822e-05
-0.0001405558685132957
-0.0001321964763751778
-0.0001181834831989764
0.0001312863712209151
-1.12706456960015e-05
-0.0001223151904441444
-0.0001111500831635866
-0.000119246954935802
-2.751838599201355e-05
0.0001044512794193917
-0.0001086206156634532
-0.000109103902906428
4.050038975625802e-05
9.416072965113235e-05
9.624426464105767e-05
9.763607889588197e-05
3.845294873109767e-05
8.573394267640636e-05
-9.766062732957568e-05
8.798806026454461e-05
3.478914390500459e-05
-8.465388589144278e-05
8.462219050008682e-05
8.463081107639613e-05
-2.421340541465977e-05
8.459513657662177e-05
8.790950939412865e-05

0.004337677161746227
0.002576632054449472
0.000793419260869887
-0.0007918931095784274
-0.0008727826317360464
0.0004581400937941861
-0.0006191553031846312
0.0004866123522098274
0.0003736582556974503
0.0002486156732670159
-0.0003201458376107417
4.740962641641576e-05
-0.0003321917255652612
0.0001619220875547626
-0.0003327786334391562
-0.0002420030846220042
0.0001876277864825408
0.000240847945040952
-0.0001753329049513175
-2.834819010194113e-05
0.0001550393875382505
0.0001874791345113589
-0.0001471645770749016
-0.0001356926066896324
-0.0001571345292094249
-0.0001241294565099112
2.208047111542623e-06
-0.000145699722766879
0.0001259199753872519
0.0001182765236327612
-0.0001242281584355444
-0.0001089931000259306
-1.518788245631604e-05
0.000108108652400141
0.0001162182353094615
9.351625234135159e-05
-1.958718792937114e-05
-0.0001038782814079454
-9.770024488693526e-05
-8.734389574315904e-05
9.702762865019933e-05
-8.32960813121644e-06
-9.039744770402588e-05
-8.214583808924749e-05
-8.812985806204134e-05
-2.033755455540236e-05
7.719506493548866e-05
-8.027642673295355e-05
-8.063360177486663e-05
2.993194755035087e-05
6.958979995454992e-05
7.112964340826296e-05
7.215826835547164e-05
2.84187794611873e-05
6.3361955055695e-05
-7.217641095690281e-05
6.502786814507547e-05
2.571103233703919e-05
-6.256373550192474e-05
6.254031091769275e-05
6.254668198323441e-05
-1.789499768393897e-05
6.252031662572239e-05
6.496981486346496e-05

-0.00811367930199693
-0.004819622436041913
-0.001484100636049487
0.001481245951000148
0.00163255081238451
-0.0008569567669113533
0.001158137726908733
-0.0009102144818519044
-0.000698932433702605
-0.000465038721675659
0.0005988367873830244
-8.868029828570252e-05
0.0006213687712369127
-0.0003028772869306394
0.0006224665897447373
0.0004526697920338662
-0.0003509601177996328
-0.0004505090890220341
0.0003279623883511449
5.302564361124195e-05
-0.0002900031105951103
-0.0003506820624309803
0.0002752731792789595
0.0002538147154061191
0.0002939220992563529
0.0002321856985889177
-4.130179697273837e-06
0.0002725331510020166
-0.0002355348865098462
-0.0002212377145479647
0.0002323703217732273
0.0002038729547557336
2.840912380799582e-05
-0.0002022185844263453
-0.0002173876605342681
-0.000174923317879484
3.663807963593833e-05
0.0001943056226545368
0.0001827495281876057
0.0001633778477793395
-0.0001814913911170139
1.558063603351613e-05
0.0001690895548563306
0.0001536548160218285
0.0001648480001122567
3.804164978085512e-05
-0.0001443943330101902
0.0001501580587338388
0.000150826159110269
-5.598808169715609e-05
-0.0001301685898852237
-0.0001330488862955179
-0.0001349729421052844
-5.315768188924217e-05
-0.0001185193282256359
0.0001350068780679101
-0.0001216354394640913
-4.809280707792648e-05
0.0001170262485817285
-0.0001169824326043456
-0.0001169943497620576
3.347281664896311e-05
-0.0001169450330314907
-0.0001215268500756373

-0.0003250106694442929
-0.0001930602204132799
-5.944880531901523e-05
5.933445484212991e-05
6.539529265139698e-05
-3.432722469450943e-05
4.639166818433817e-05
-3.646057566171572e-05
-2.799722415915617e-05
-1.862811440082459e-05
2.398768030033538e-05
-3.55227783098644e-06
2.489024680352041e-05
-1.213239347043696e-05
2.493422225716035e-05
1.813265063483194e-05
-1.405845345725205e-05
-1.804609908324228e-05
1.313723052431253e-05
2.124054856784212e-06
-1.161669097427487e-05
-1.404731535850482e-05
1.102665226808386e-05
1.016708788928895e-05
1.17736743945651e-05
9.300691649863958e-06
-1.654431261541991e-07
1.091689461169764e-05
-9.43485049049454e-06
-8.862146880007567e-06
9.308087123942622e-06
8.166564519077642e-06
1.137987835538504e-06
-8.100295199265183e-06
-8.707924783508818e-06
-7.006925283754615e-06
1.467616151240658e-06
7.783324697124236e-06
7.320420771674896e-06
6.544446939874836e-06
-7.270023417211946e-06
6.241154917679485e-07
6.773241506639564e-06
6.154970237283809e-06
6.603337016263307e-06
1.523839136580377e-06
-5.784021907801437e-06
6.014900192002619e-06
6.041662372584206e-06
-2.242721610755047e-06
-5.214179531205048e-06
-5.329555925778076e-06
-5.406628070666449e-06
-2.129343930643015e-06
-4.747543595813859e-06
5.407987447767673e-06
-4.872366054526631e-06
-1.926459605072446e-06
4.687735117259968e-06
-4.685979975149928e-06
-4.686457342221339e-06
1.340824814776634e-06
-4.684481855772979e-06
-4.868016275781436e-06

0.004544812877770544
0.002699673144329853
0.0008313071581428281
-0.0008297081290349543
-0.0009144603427825308
0.0004800175117829527
-0.0006487216291865194
0.0005098493968866066
0.0003915014393777263
0.0002604877383324879
-0.0003354336598329765
4.967356320748721e-05
-0.0003480547712385524
0.0001696543014322404
-0.0003486697055372809
-0.0002535593808478589
0.0001965875164139805
0.0002523490802543776
-0.0001837055213207322
-2.970189219544402e-05
0.0001624429340338195
0.000196431765912582
-0.0001541920802544103
-0.0001421722925209812
-0.0001646381243379854
-0.0001300569709134093
2.313487282033179e-06
-0.0001526572752251293
0.0001319329918684771
0.0001239245447966421
-0.0001301603861206185
-0.0001141978128189488
-1.591314457016147e-05
0.0001132711304473791
0.0001217679676865643
9.798190415598914e-05
-2.052252867636472e-05
-0.0001088387478964918
-0.0001023656935650659
-9.151480097897992e-05
0.0001016609580994215
-8.727369255461799e-06
-9.471416823412645e-05
-8.606852213339977e-05
-9.233829510615281e-05
-2.130872732090741e-05
8.088133628598906e-05
-8.410984137198737e-05
-8.44840724799296e-05
3.136127830887532e-05
7.291289950856432e-05
7.452627461627384e-05
7.560401916300522e-05
2.977585238587124e-05
6.638765831572103e-05
-7.562302812231804e-05
6.81331232223075e-05
2.693880307568479e-05
-6.555132163780939e-05
6.552677846685282e-05
6.553345376787139e-05
-1.874953180907062e-05
6.550582939382298e-05
6.807229774078666e-05

0.003233856871395529
0.001920949615112312
0.0005915157428701195
-0.0005903779553732343
-0.0006506833048262183
0.0003415559607441076
-0.0004615971998382282
0.0003627828075305499
0.000278572441581711
0.0001853497790064965
-0.0002386774714209988
3.534517218319338e-05
-0.000247658010101324
0.0001207173415503761
-0.000248095565961292
-0.0001804199134517178
0.0001398816426294355
0.0001795587253244822
-0.0001307154724327694
-2.113435046786602e-05
0.0001155861005860926
0.0001397708185223075
-0.0001097152141696229
-0.0001011625467221616
-0.0001171480859614894
-9.254190224603382e-05
1.646159466868436e-06
-0.000108623125248989
9.387678300341027e-05
8.817838082735794e-05
-9.261548722907468e-05
-8.125733481551548e-05
-1.132298145109842e-05
8.059795493881294e-05
8.664387062998273e-05
6.971892188940252e-05
-1.46027839128573e-05
-7.744409774945984e-05
-7.283820267929187e-05
-6.511726135694602e-05
7.233674889242802e-05
-6.209950507317976e-06
-6.739376779635282e-05
-6.124196731471936e-05
-6.570321774576442e-05
-1.516220273983993e-05
5.755103062556727e-05
-5.984827005819267e-05
-6.011455381341074e-05
2.2315084929227e-05
5.18810977328428e-05
5.302909311100386e-05
5.379596112114609e-05
2.118697676436408e-05
4.7238069155763e-05
-5.38094869263336e-05
4.848005289276468e-05
1.9168277281457e-05
-4.664297466333382e-05
4.662551099560212e-05
4.663026079908172e-05
-1.33412098378735e-05
4.661060470450675e-05
4.843677258473253e-05

0.004918130716776528
0.002921428400568706
0.0008995919919025674
-0.0008978616161130029
-0.0009895755055426949
0.0005194468799449059
-0.0007020086100229523
0.0005517292014423907
0.0004236599627862528
0.0002818845971642545
-0.0003629866905928733
5.375382520534333e-05
-0.0003766445192766361
0.0001835899636679901
-0.0003773099652135266
-0.0002743871338629952
0.0002127355138733328
0.0002730774173389808
-0.0001987953721193037
-3.214165077452481e-05
0.0001757862435883379
0.0002125669697888814
-0.0001668576521361084
-0.000153850540765318
-0.000178161750161383
-0.0001407400482226664
2.503520644446229e-06
-0.0001651967758884728
0.0001427701683909704
0.0001341038953018444
-0.0001408519581121322
-0.000123578194772539
-1.722027445704046e-05
0.0001225753933022088
0.0001317701736693648
0.0001060302867198269
-2.220828038111496e-05
-0.0001177789281102552
-0.0001107741672553642
-9.903196585629929e-05
0.0001100115437472594
-9.444248633844917e-06
-0.0001024941340015966
-9.31383213866403e-05
-9.992310304298698e-05
-2.305905857753051e-05
8.752505220794025e-05
-9.101875160983804e-05
-9.142372262988004e-05
3.393734138596943e-05
7.890207591965568e-05
8.064797611138325e-05
8.181424823363527e-05
3.222168616742847e-05
7.184084149526503e-05
-8.183481861779852e-05
7.37296815428231e-05
2.915159731389861e-05
-7.093580685117981e-05
7.090924766684425e-05
7.091647128724423e-05
-2.028964685574489e-05
7.088657780509537e-05
7.366385976371526e-05

5.799390626365819e-05
3.444907314848508e-05
1.060786234828725e-05
-1.058745800025277e-05
-1.166893529495864e-05
6.125244609950838e-06
-8.277986875911044e-06
6.505913208680543e-06
4.995738743702782e-06
3.323943556222977e-06
-4.280288044700525e-06
6.33857552712166e-07
-4.44133924101914e-06
2.164867051465383e-06
-4.449186085977625e-06
-3.235534522638986e-06
2.508547283695424e-06
3.220090529311322e-06
-2.344167091186004e-06
-3.790098290356229e-07
2.072846681045766e-06
2.506559835598757e-06
-1.967561985426338e-06
-1.814183955943428e-06
-2.100858320628524e-06
-1.659586870302455e-06
2.952116361709071e-08
-1.947977166084756e-06
1.683525762065805e-06
1.58133428768355e-06
-1.660906496073112e-06
-1.457216706215262e-06
-2.030590564051222e-07
1.44539181213377e-06
1.553815370207415e-06
1.250294240473109e-06
-2.618769212968626e-07
-1.38883256867516e-06
-1.306233413131773e-06
-1.167771024315483e-06
1.297240663832949e-06
-1.113652526793061e-07
-1.208596424536711e-06
-1.098273996994441e-06
-1.17827918878292e-06
-2.719091782335684e-07
1.032083115664297e-06
-1.073280328005869e-06
-1.078055689390862e-06
4.001843603904365e-07
9.30402191067271e-07
9.50989600814098e-07
9.647421177677062e-07
3.799535951431461e-07
8.471371070402908e-07
-9.649846808190262e-07
8.694100434380141e-07
3.437515388179308e-07
-8.364650657297419e-07
8.361518835554154e-07
8.362370634505047e-07
-2.392526643982239e-07
8.358845637406362e-07
8.686338823216518e-07

-0.002818174717965038
-0.001674029449998412
-0.000515481908485293
0.000514490372964138
0.000567044031937229
-0.0002976521261202799
0.0004022631830042319
-0.0003161504596379609
-0.0002427645511870861
-0.0001615247928246155
0.0002079977075226482
-3.080187980176434e-05
0.0002158238816760359
-0.0001052002526724354
0.0002162051938093424
0.0001572286155285702
-0.0001219011615055324
-0.0001564781251067807
0.0001139132170367131
1.841772673861716e-05
-0.000100728584898472
-0.0001218045828042239
9.561234619994921e-05
8.815904442127989e-05
0.0001020897916153885
8.064650342724219e-05
-1.434561013600547e-06
9.466063512915293e-05
-8.180979770758503e-05
-7.684387200833839e-05
8.071062974669319e-05
7.08124619403877e-05
9.867517743206413e-06
-7.023783919981745e-05
-7.550660879147608e-05
-6.075720442993956e-05
1.272573217422012e-05
6.748938095054637e-05
6.347553075354311e-05
5.674704446030194e-05
-6.303853417623309e-05
5.411719261400959e-06
5.873092721948406e-05
5.336988334005746e-05
5.725768161786802e-05
1.321324292613058e-05
-5.015338215381777e-05
5.215533287322809e-05
5.238738833411447e-05
-1.944668879228183e-05
-4.521226627693023e-05
-4.621269755131698e-05
-4.688099182781993e-05
-1.846358841530741e-05
-4.116605573914533e-05
4.68927790168636e-05
-4.224839404505623e-05
-1.670437393175795e-05
4.064745509599521e-05
-4.063223621994124e-05
-4.06363754804694e-05
1.162632168564209e-05
-4.061924599359984e-05
-4.221067701713729e-05

0.003876464461933387
0.002302666200850815
0.0007090572796193633
-0.0007076933995924297
-0.0007799821722002237
0.0004094273792072326
-0.0005533223058594029
0.0004348722645183845
0.0003339282512526373
0.0002221810859044884
-0.0002861056542149108
4.236869760104415e-05
-0.0002968707376518868
0.0001447053790780522
-0.0002973952413046415
-0.0002162715947348165
0.0001676778651913447
0.000215239277813423
-0.000156690262946539
-2.533400882377718e-05
0.0001385544966998001
0.000167545018955378
-0.000131516992116679
-0.0001212648032496417
-0.0001404268680009929
-0.0001109311294725935
1.973271831675261e-06
-0.00013020789154162
0.0001125312676427842
0.0001057005220644113
-0.0001110193367070854
-9.740417811008265e-05
-1.357299872688398e-05
9.661377124902311e-05
0.0001038610856009909
8.357293899406475e-05
-1.750453873955958e-05
-9.283320340114864e-05
-8.731205968169753e-05
-7.805687126773745e-05
8.67109607892309e-05
-7.443944926855882e-06
-8.078574785710429e-05
-7.341150808940385e-05
-7.875926448048876e-05
-1.81751210468064e-05
6.89871363637286e-05
-7.17408658500062e-05
-7.206006350003024e-05
2.674936991130322e-05
6.219051726948584e-05
6.356663361064179e-05
6.448588783449344e-05
2.539709262007342e-05
5.66248611534038e-05
-6.450210138549116e-05
5.811364250963719e-05
2.297725243666962e-05
-5.591151398215345e-05
5.589058006637903e-05
5.589627371492562e-05
-1.599227420149162e-05
5.587271170978285e-05
5.806176186590436e-05

0.001843642171367095
0.001095145474995921
0.0003372268507704388
-0.0003365781909517745
-0.0003709586505182116
0.000194723204567143
-0.0002631594710743498
0.0002068247636210113
0.0001588159035805189
0.0001056690764679699
-0.0001360715298067917
2.015050528907359e-05
-0.0001411913914738597
6.882171677610211e-05
-0.0001414408448256484
-0.000102858529063621
7.974740553078898e-05
0.0001023675602879209
-7.452171416703508e-05
-1.20488263199472e-05
6.58963639823757e-05
7.968422400929167e-05
-6.254933465759103e-05
-5.767340507540773e-05
-6.678686168332507e-05
-5.275872136100479e-05
9.384858806702316e-07
-6.192672788526023e-05
5.351974528873443e-05
5.027105031584792e-05
-5.280067262333459e-05
-4.632531839113288e-05
-6.455303044950665e-06
4.594940177021092e-05
4.93962163869604e-05
3.974719650535682e-05
-8.32513908677845e-06
-4.415136792147828e-05
-4.152551813097312e-05
-3.712376085147268e-05
4.123963616859425e-05
-3.540331898626606e-06
-3.842161151153851e-05
-3.491443130882072e-05
-3.745781827948879e-05
-8.644067283633677e-06
3.28102050543607e-05
-3.411987572444311e-05
-3.427168577052523e-05
1.272197047341983e-05
2.957774059920062e-05
3.023221999513923e-05
3.066941627795718e-05
1.207882890305698e-05
2.693072076251811e-05
-3.067712742469158e-05
2.763878351382205e-05
1.0927955612736e-05
-2.659145364409256e-05
2.658149749711833e-05
2.658420539000103e-05
-7.605907760398802e-06
2.657299932667315e-05
2.761410913761533e-05

-0.002248730511256048
-0.001335772788307851
-0.0004113229347427353
0.0004105317502342081
0.0004524663455807493
-0.0002375081337152668
0.0003209813385271012
-0.0002522686688667629
-0.0001937112166348175
-0.0001288868740585667
0.0001659694085664899
-2.45780101825704e-05
0.0001722142153534488
-8.394334690059516e-05
0.0001725184790398796
0.0001254587881751828
-9.726964743800095e-05
-0.0001248599428663215
9.089575786512084e-05
1.469621588793683e-05
-8.03752303833131e-05
-9.719258356001972e-05
7.629278581696713e-05
7.034550830709596e-05
8.146138982445411e-05
6.435096153798235e-05
-1.14469166903691e-06
7.553337877625604e-05
-6.527919899786873e-05
-6.131669498228047e-05
6.440213040623214e-05
5.65039998150245e-05
7.873673721543037e-06
-5.604548612502405e-05
-6.024964098512179e-05
-4.848052127830602e-05
1.015435346710841e-05
5.38523850781852e-05
5.064957889719176e-05
4.528065967242815e-05
-5.030088244119814e-05
4.318219925791959e-06
4.686367638991333e-05
4.258589230963325e-05
4.568811679319411e-05
1.05433571351174e-05
-4.001932171667627e-05
4.161675555785087e-05
4.180192157748438e-05
-1.551726447310633e-05
-3.607661441710297e-05
-3.687489719091555e-05
-3.740815501931237e-05
-1.473281069201471e-05
-3.284798666975883e-05
3.741756047298664e-05
-3.37116262292754e-05
-1.332906547360872e-05
3.243417517608942e-05
-3.242203144677189e-05
-3.242533432272881e-05
9.277091353326365e-06
-3.241166604317377e-05
-3.36815303551e-05

-0.001634490751875311
-0.0009709070331747713
-0.0002989702543306135
0.0002983951815257786
0.0003288753604231299
-0.0001726328904726525
0.0002333054257598502
-0.0001833615918791201
-0.0001407990822103884
-9.368148056513281e-05
0.0001206349369290844
-1.786453740974492e-05
0.000125173977462827
-6.101425826857415e-05
0.0001253951316557882
9.118977484726435e-05
-7.070048562050455e-05
-9.075450387339358e-05
6.606762120742597e-05
1.068195092125052e-05
-5.842077122347232e-05
-7.064447170730937e-05
5.545344461176084e-05
5.113066336238525e-05
5.921024668639195e-05
4.67735244314479e-05
-8.320196383785373e-07
5.490146927335232e-05
-4.744821423360087e-05
-4.456806646344703e-05
4.681071654574551e-05
4.10699568842053e-05
5.722983175030198e-06
-4.073668600879747e-05
-4.379247780075312e-05
-3.523808801400048e-05
7.38069624178487e-06
3.91426295574147e-05
3.681466848938382e-05
3.291226721156247e-05
-3.656121831832204e-05
3.13870003449735e-06
3.406288360238813e-05
3.09535743798581e-05
3.320842759732354e-05
7.663443727370549e-06
-2.908806142609057e-05
3.02491569095256e-05
3.03837449116011e-05
-1.127873044313354e-05
-2.62223029075548e-05
-2.680253508960056e-05
-2.719013377447708e-05
-1.070854987054444e-05
-2.387557342269498e-05
2.719697013252429e-05
-2.450331021279356e-05
-9.688237046927627e-06
2.357479435825189e-05
-2.356596768331305e-05
-2.356836838011382e-05
6.743057892173601e-06
-2.35584335852105e-05
-2.448143501364141e-05

-0.005614303839327003
-0.003334963552246078
-0.00102693138202658
0.001024956067420731
0.001129652276447554
-0.0005929758236098285
0.0008013796016134261
-0.0006298277846419946
-0.0004836300400732845
-0.0003217860336058425
0.0004143683216204202
-6.136280725508681e-05
0.0004299594485000462
-0.0002095775605083276
0.0004307190898951024
0.0003132272865083058
-0.000242848732797218
-0.0003117321764893181
0.0002269353307594346
3.669137803315348e-05
-0.0002006692052556658
-0.0002426563308960147
0.0001904767504071069
0.0001756284514266542
0.0002033809704447777
0.0001606621374231182
-2.857899957397327e-06
0.0001885807731688257
-0.0001629796259389036
-0.0001530866212428322
0.0001607898884241076
0.0001410709827215265
1.965784534124443e-05
-0.0001399262323134536
-0.000150422555752176
-0.0001210391264684069
2.535191538997365e-05
0.0001344508160439199
0.0001264545145981307
0.0001130501766101001
-0.0001255839399151783
1.078110453300657e-05
0.0001170024229064949
0.0001063222727215876
0.0001140674563890854
2.6323123267444e-05
-9.991443191458172e-05
0.0001039026727920825
0.0001043649684250258
-3.874125292967324e-05
-9.007085278468641e-05
-9.206388930891523e-05
-9.339525002922696e-05
-3.6782742626646e-05
-8.201008380105061e-05
9.341873220028492e-05
-8.416629365833993e-05
-3.327807538007438e-05
8.097693934646008e-05
-8.094662064628158e-05
-8.09548667873731e-05
2.316169471710487e-05
-8.092074181158439e-05
-8.409115464953545e-05

-0.004011138327240845
-0.002382664085733946
-0.0007336909336896848
0.0007322796705392187
0.000807079857483003
-0.0004236514661973032
0.0005725455063875886
-0.0004499803428597342
-0.0003455293916145649
-0.0002298999714845369
0.0002960453698289662
-4.384064615878757e-05
0.0003071844475099975
-0.0001497326488808219
0.0003077271731624895
0.0002237851762225389
-0.0001735032316956773
-0.0002227169951492326
0.0001621339045881385
2.621414816866283e-05
-0.0001433680761378895
-0.0001733657701934119
0.0001360860786789874
0.0001254777142513289
0.0001453054962696618
0.0001147850340125754
-2.041826089680756e-06
0.0001347314980959314
-0.0001164407632489641
-0.0001093727078954328
0.0001148763056913776
0.0001007881372026813
1.404454392490319e-05
-9.997027048787721e-05
-0.0001074693668042547
-8.647638125179012e-05
1.811267120552422e-05
9.60583603588793e-05
9.034540428756078e-05
8.07686775207269e-05
-8.972342236821281e-05
7.702558115824313e-06
8.359235914748535e-05
7.596192784677397e-05
8.149547286843047e-05
1.88065504918145e-05
-7.138384718148466e-05
7.423324512997512e-05
7.45635321584243e-05
-2.767868090484121e-05
-6.435110391445211e-05
-6.577502848620321e-05
-6.672621890364305e-05
-2.627942358538698e-05
-5.85920890227354e-05
6.674299573633746e-05
-6.013259275170071e-05
-2.377551472700266e-05
5.785395916052506e-05
-5.783229797086127e-05
-5.783818942481271e-05
1.654786845571646e-05
-5.781380884226066e-05
-6.007890970097441e-05

-0.0002315694363965425
-0.0001375550116796157
-4.235715204592056e-05
4.227567756519557e-05
4.659401209180031e-05
-2.445807729667204e-05
3.305396857696103e-05
-2.597808549219439e-05
-1.994796487827641e-05
-1.327249336237732e-05
1.709117309001414e-05
-2.530990679911647e-06
1.773424987511738e-05
-8.644305501929303e-06
1.776558229574535e-05
1.291947644379344e-05
-1.001661929824999e-05
-1.28578086404005e-05
9.360249845107062e-06
1.513384735641478e-06
-8.276868529583025e-06
-1.000868342575011e-05
7.85646715977502e-06
7.244029300114698e-06
8.388718894991667e-06
6.626723753799135e-06
-1.178778885765015e-07
7.778265054369336e-06
-6.722311653011938e-06
-6.31426150338559e-06
6.631993013985777e-06
5.818660495659867e-06
8.108140023467688e-07
-5.771443740980476e-06
-6.204378575493555e-06
-4.992419915313926e-06
1.045673502246824e-06
5.545602907346474e-06
5.21578480848372e-06
4.662905042390683e-06
-5.179876796584675e-06
4.446810097675223e-07
4.825920702657058e-06
4.385403689414455e-06
4.704864101218273e-06
1.085732264165888e-06
-4.121103764304452e-06
4.285604068976921e-06
4.304672067853197e-06
-1.597934554841566e-06
-3.715092237951869e-06
-3.797297682847201e-06
-3.852211428232985e-06
-1.517153189940726e-06
-3.382615089597395e-06
3.853179981604704e-06
-3.471550835795177e-06
-1.372598523446429e-06
3.340001671122473e-06
-3.338751135972085e-06
-3.339091259015179e-06
9.553349346759936e-07
-3.337683728989322e-06
-3.468451627400796e-06

-0.00396039334388533
-0.002352520959392677
-0.0007244089964487431
0.0007230155872137887
0.0007968694756434864
-0.0004182918438541089
0.0005653022228549943
-0.0004442876334226271
-0.0003411580930466674
-0.0002269915027970162
0.0002923000945133981
-4.328601735319393e-05
0.0003032982515218514
-0.0001478383784381067
0.0003038341111423307
0.0002209540659202001
-0.0001713082391807932
-0.0002198993984250023
0.0001600827456356135
2.588251250717961e-05
-0.0001415543240197099
-0.0001711725167064229
0.0001343644512420085
0.0001238902934242341
0.0001434672338145162
0.0001133328864761244
-2.015994910977804e-06
0.0001330270074823867
-0.000114967669052035
-0.0001079890317943042
0.0001134230034752001
9.951306466032405e-05
1.386686614629946e-05
-9.870554479211987e-05
-0.0001061097699055938
-8.538236699220287e-05
1.788352747528547e-05
9.484312430872664e-05
8.920244294770054e-05
7.974687152403158e-05
-8.858832973288856e-05
7.605112914118803e-06
8.253483070358072e-05
7.500093212692523e-05
8.046447217068122e-05
1.856862848220196e-05
-7.048076884274429e-05
7.329411900638956e-05
7.36202275676739e-05
-2.732851741327105e-05
-6.353699693768503e-05
-6.49429074139487e-05
-6.588206430427008e-05
-2.59469621234279e-05
-5.785083944728611e-05
6.589862889297283e-05
-5.937185423579402e-05
-2.347473026119076e-05
5.712204767926094e-05
-5.710066052570421e-05
-5.710647744677583e-05
1.633852107329603e-05
-5.708240530339383e-05
-5.931885033025467e-05

0.002952770602371902
0.001753981013296091
0.0005401012988040621
-0.0005390624075958156
-0.0005941260267089835
0.0003118679768642591
-0.0004214752526232763
0.0003312497898707494
0.0002543589740813766
0.0001692392088988078
-0.0002179316676920983
3.227297604961959e-05
-0.0002261316195339931
0.0001102246115094489
-0.0002265311431158448
-0.0001647378463886854
0.0001277231549179796
0.0001639515125817493
-0.000119353706618473
-1.929735645191042e-05
0.0001055393771048906
0.0001276219636226346
-0.0001001787871004655
-9.236951599950218e-05
-0.0001069655949869746
-8.44981764211162e-05
1.503075576282804e-06
-9.918162235627461e-05
8.571702957843317e-05
8.051393151468847e-05
-8.456536541032879e-05
-7.419446160180114e-05
-1.033878990000919e-05
7.359239490775498e-05
7.911280067304047e-05
6.365896549259973e-05
-1.333351251012912e-05
-7.071267042913984e-05
-6.650711894624649e-05
-5.945728048221833e-05
6.604925143417183e-05
-5.670182704250888e-06
-6.153591338333567e-05
-5.591882631476072e-05
-5.999230564504616e-05
-1.384430675131201e-05
5.254870519180897e-05
-5.46462689780493e-05
-5.488940739620612e-05
2.037546168208125e-05
4.73716018663242e-05
4.841981368859702e-05
4.912002566652857e-05
1.934540847999452e-05
4.313214451443696e-05
-4.91323758111553e-05
4.426617524404135e-05
1.750217400018416e-05
-4.25887755303451e-05
4.257282980152659e-05
4.257716675294115e-05
-1.218159423127756e-05
4.255921916261018e-05
4.422665685268514e-05

-0.0004516242170555323
-0.0002682701802917483
-8.260811930574266e-05
8.244922161539819e-05
9.087116399333504e-05
-4.769999090429414e-05
6.446434776270147e-05
-5.066442577025395e-05
-3.890402878834574e-05
-2.588501970060756e-05
3.333249752412971e-05
-4.936129318227958e-06
3.458667447482939e-05
-1.685877793317718e-05
3.464778132970236e-05
2.519653942461879e-05
-1.953516801925501e-05
-2.507627021377173e-05
1.825506670275976e-05
2.951517294234252e-06
-1.61421745784001e-05
-1.951969088079244e-05
1.532227605271812e-05
1.4127853450395e-05
1.636031361490431e-05
1.292393751754759e-05
-2.298943676039416e-07
1.516976039622231e-05
-1.31103602631673e-05
-1.231455002062212e-05
1.293421402693648e-05
1.134799147748568e-05
1.581310749337455e-06
-1.125590579388809e-05
-1.210024802956103e-05
-9.736594649793514e-06
2.03935149690175e-06
1.081545393085478e-05
1.017221774646793e-05
9.093949839646635e-06
-1.010218722780584e-05
8.672505145850558e-07
9.411875301158758e-06
8.552745727271582e-06
9.175781567465707e-06
2.117477122060275e-06
-8.037288037346678e-06
8.358108964607984e-06
8.395296817162357e-06
-3.116412741960689e-06
-7.245453671982511e-06
-7.405776943718523e-06
-7.51287388041127e-06
-2.958866818628805e-06
-6.597031608395756e-06
7.514762826446185e-06
-6.770480822472777e-06
-2.676945382488176e-06
6.513923698904159e-06
-6.511484810735867e-06
-6.512148144437616e-06
1.863166394557218e-06
-6.50940307296023e-06
-6.764436511959864e-06

-0.001543506390222142
-0.0009168612354030724
-0.0002823279957479242
0.0002817849345234405
0.0003105684261718278
-0.0001630232347915252
0.0002203184172928744
-0.0001731547201851569
-0.000132961463918085
-8.846667607766726e-05
0.0001139197611369837
-1.687010319196452e-05
0.0001182061347746528
-5.76178833832096e-05
0.0001184149783608292
8.611367182004498e-05
-6.676492431784355e-05
-8.570263032077408e-05
6.238994953223669e-05
1.008733728723232e-05
-5.516876348285349e-05
-6.671202843385886e-05
5.236661389470633e-05
4.828446141143951e-05
5.591429258471608e-05
4.416986377589443e-05
-7.85705044312667e-07
5.184536441009542e-05
-4.480699679105481e-05
-4.208717321115111e-05
4.420498558110403e-05
3.878378683043297e-05
5.404411797197869e-06
-3.846906756686639e-05
-4.135475789719732e-05
-3.3276550489192e-05
6.969847825971531e-06
3.696374469100569e-05
3.476537019375882e-05
3.108019711924835e-05
-3.452602839390198e-05
2.963983463775675e-06
3.216676414319836e-05
2.923053544397687e-05
3.135987165851348e-05
7.236856097694479e-06
-2.746886676410196e-05
2.85653295592285e-05
2.869242568438916e-05
-1.065089691855385e-05
-2.476263145435276e-05
-2.531056485782589e-05
-2.567658775904452e-05
-1.011245559894431e-05
-2.254653328931864e-05
2.568304356947173e-05
-2.313932694435735e-05
-9.148938759552544e-06
2.226249717130774e-05
-2.225416183557324e-05
-2.225642889698446e-05
6.367703784365989e-06
-2.224704712501445e-05
-2.311866943384387e-05

0.001864865918264973
0.001107752634205125
0.00034110895839362
-0.0003404528312955123
-0.000375229073831351
0.0001969648304495754
-0.0002661889255392553
0.0002092057009326367
0.0001606441697124566
0.0001068855238724161
-0.000137637965937264
2.038247504482286e-05
-0.0001428167667249775
6.961398260770515e-05
-0.0001430690917483729
-0.0001040426218453749
8.066544633995087e-05
0.0001035460011069798
-7.537959755920412e-05
-1.218753069773979e-05
6.665495356794168e-05
8.06015374817073e-05
-6.326939371678863e-05
-5.833733312563256e-05
-6.755570255203884e-05
-5.336607227014693e-05
9.492895968739226e-07
-6.263961958368818e-05
5.413585699727418e-05
5.084976350911277e-05
-5.340850646937839e-05
-4.685860887878714e-05
-6.529615577028243e-06
4.647836475911093e-05
4.996485861622857e-05
4.020476058785112e-05
-8.42097690587172e-06
-4.465963219998893e-05
-4.200355399950214e-05
-3.755112431523716e-05
4.171438100461858e-05
-3.581087696756408e-06
-3.886391564782225e-05
-3.531636128456852e-05
-3.788902736492854e-05
-8.743576558843712e-06
3.318791147625326e-05
-3.451265888913579e-05
-3.466621655089992e-05
1.28684239911212e-05
2.991823534926433e-05
3.058024901903414e-05
3.102247824339859e-05
1.221787866632305e-05
2.724074339607459e-05
-3.103027815978427e-05
2.795695726524651e-05
1.105375668610177e-05
-2.689757068273722e-05
2.688749992200023e-05
2.689023898777541e-05
-7.693465890579224e-06
2.687890392181652e-05
2.793199884106399e-05

0.001220914340551263
0.0007252377040290791
0.0002233215883856504
-0.0002228920266807901
-0.0002456597832297027
0.0001289514617244105
-0.000174271980255275
0.0001369654718293096
0.0001051725856573088
6.997718582078485e-05
-9.011058906239442e-05
1.334426021435291e-05
-9.350111279209089e-05
4.557577509259873e-05
-9.366630817515738e-05
-6.811595825494658e-05
5.281108912917653e-05
6.779082421972277e-05
-4.935048184622734e-05
-7.979088930226362e-06
4.363852000449089e-05
5.276924845806199e-05
-4.142201825354486e-05
-3.819303356077794e-05
-4.422823390359151e-05
-3.493838473607471e-05
6.214930900980288e-07
-4.100970964577579e-05
3.544235727550926e-05
3.329097543897672e-05
-3.496616610190864e-05
-3.067799512987911e-05
-4.274892483268773e-06
3.042905203214991e-05
3.271163455274853e-05
2.632176837990419e-05
-5.513153179083986e-06
-2.923834087089624e-05
-2.749942552429348e-05
-2.458445174599892e-05
2.731010603872796e-05
-2.344512428975972e-06
-2.544392681517091e-05
-2.31213684190978e-05
-2.480567444894391e-05
-5.724356857969208e-06
2.172788759634945e-05
-2.259519022554885e-05
-2.26957233252788e-05
8.424864885551834e-06
1.958725408845502e-05
2.002066968957288e-05
2.031019399080453e-05
7.998957527581808e-06
1.783431931155406e-05
-2.031530054014293e-05
1.830321939452531e-05
7.236815217045138e-06
-1.760964659760437e-05
1.760305334277842e-05
1.760484658951013e-05
-5.036856935587229e-06
1.759742560310471e-05
1.828687929318605e-05

0.0002994023364468268
0.0001778485646814713
5.476469816178588e-05
-5.465935762003567e-05
-6.024264817561242e-05
3.162250425464154e-05
-4.27363626854273e-05
3.358776362614915e-05
2.579125891978855e-05
1.716036271908573e-05
-2.209763617961225e-05
3.272385747013344e-06
-2.292908740656808e-05
1.117645447753981e-05
-2.296959793385593e-05
-1.670393767483011e-05
1.295075579868667e-05
1.662420571779373e-05
-1.21021181247371e-05
-1.956695723104777e-06
1.070138535890473e-05
1.294049529613101e-05
-1.015783715003208e-05
-9.365999812033351e-06
-1.084599969701202e-05
-8.567868911221499e-06
1.524074843591827e-07
-1.005672755010571e-05
8.691457070368792e-06
8.163878085454333e-06
-8.574681678949497e-06
-7.523102247506037e-06
-1.048323174725839e-06
7.462054438817377e-06
8.021807500168277e-06
6.454833636250718e-06
-1.351979322536295e-06
-7.170058766487201e-06
-6.743628098603808e-06
-6.028795017438591e-06
6.697201666866726e-06
-5.749400066423439e-07
-6.239562337700824e-06
-5.670006073816598e-06
-6.083045010206272e-06
-1.403772370439145e-06
5.328285610505136e-06
-5.540972467365835e-06
-5.565625994601064e-06
2.066012452475463e-06
4.803342416331713e-06
4.90962804120501e-06
4.980627495775308e-06
1.961568058755305e-06
4.373473792128693e-06
-4.981879764481221e-06
4.488461204221679e-06
1.774669452604863e-06
-4.318377760194811e-06
4.316760909738054e-06
4.317200663986654e-06
-1.235178165066492e-06
4.315380830597311e-06
4.484454154434566e-06

0.0002938328916886691
0.0001745402479592284
5.374597210653715e-05
-5.364259109608866e-05
-5.912202198051473e-05
3.103426639157875e-05
-4.194138621978933e-05
3.296296825437659e-05
2.531149315216926e-05
1.684114780135471e-05
-2.168657871928062e-05
3.211513237282779e-06
-2.250256339483793e-05
1.096855147136843e-05
-2.25423203503286e-05
-1.639321311859993e-05
1.270984746159504e-05
1.631496432550073e-05
-1.18769960393153e-05
-1.920297514364445e-06
1.050231952889522e-05
1.269977782356071e-05
-9.96888233568636e-06
-9.191774656750529e-06
-1.064424376927923e-05
-8.408490486990312e-06
1.495724194260942e-07
-9.869653563944253e-06
8.529779674632103e-06
8.012014647916679e-06
-8.415176524415202e-06
-7.383158441853071e-06
-1.028822398353834e-06
7.323246236896742e-06
7.87258684182649e-06
6.334761629509141e-06
-1.326829972535425e-06
-7.036682231463785e-06
-6.618183973404558e-06
-5.91664812771547e-06
6.572621160359322e-06
-5.64245044659248e-07
-6.123494780688641e-06
-5.564533331063808e-06
-5.969888968916312e-06
-1.3776595726417e-06
5.229169509008142e-06
-5.437899991636899e-06
-5.462094917021455e-06
2.027580747619769e-06
4.713991242374122e-06
4.818299755364615e-06
4.887978486970635e-06
1.925079215442759e-06
4.292118980485198e-06
-4.889207461139778e-06
4.40496741113776e-06
1.741657273752549e-06
-4.238047838015202e-06
4.236461064025285e-06
4.236892638032902e-06
-1.212201535565534e-06
4.235106656949789e-06
4.401034899976695e-06

-0.002992506321779658
-0.001777584505330184
-0.0005473694941877532
0.0005463166225201654
0.0006021212380783788
-0.0003160648143738528
0.0004271470858371993
-0.0003357074503113136
-0.0002577819073817332
-0.0001715166772914694
0.000220864395209355
-3.270727660779682e-05
0.0002291746945958134
-0.0001117079147607538
0.0002295795946051299
0.0001669547395109493
-0.0001294419377592986
-0.0001661578239339976
0.0001209598609850481
1.95570428429485e-05
-0.0001069596307039332
-0.000129339384722929
0.0001015269027216736
9.361254150464711e-05
0.0001084050413379121
8.563527654873929e-05
-1.523302609598904e-06
0.000100516319035113
-8.687053193082297e-05
-8.15974152734903e-05
8.570336970666046e-05
7.519290364316875e-05
1.047791999503301e-05
-7.458273487941246e-05
-8.0177429278669e-05
-6.451563034444793e-05
1.35129428767864e-05
7.166425767014142e-05
6.740211167442575e-05
6.025740285276008e-05
-6.693808259499603e-05
5.746486900977501e-06
6.236400811774798e-05
5.667133136554625e-05
6.079962790091456e-05
1.403061092544556e-05
-5.325585819689402e-05
5.538164910174167e-05
5.562805945709688e-05
-2.064965623941273e-05
-4.800908609154182e-05
-4.907140380160585e-05
-4.978103859982267e-05
-1.960574151181637e-05
-4.371257795228422e-05
4.979355494154045e-05
-4.486186944303949e-05
-1.77377024474504e-05
4.316189679925363e-05
-4.314573648721294e-05
-4.315013180140607e-05
1.234552312230865e-05
-4.313194268860368e-05
-4.482181924885278e-05

-0.002510761774343441
-0.001491422488956587
-0.0004592519629602343
0.0004583685864015856
0.000505189572059761
-0.0002651835514494704
0.0003583833949947297
-0.0002816640444397909
-0.0002162832387221563
-0.0001439052990035205
0.0001853088418791181
-2.744194030669154e-05
0.0001922813190567798
-9.372476850973624e-05
0.0001926210367905262
0.0001400777585525971
-0.0001086039040110322
-0.0001394091333424809
0.0001014873027939209
1.640867898319022e-05
-8.974088048360586e-05
-0.0001085178603353307
8.518273280355251e-05
7.854245422919172e-05
9.095360365866503e-05
7.184939838855997e-05
-1.278075817284178e-06
8.43348365529882e-05
-7.288579786825157e-05
-6.846156670174486e-05
7.190652966238743e-05
6.30880766383032e-05
8.791146339996652e-06
-6.257613506050414e-05
-6.727017521497165e-05
-5.412966961424489e-05
1.133758020391527e-05
6.012748492299099e-05
5.655147468544639e-05
5.055694706565796e-05
-5.616214669424721e-05
4.821396547343155e-06
5.232442335617327e-05
4.754817440423121e-05
5.101188275420662e-05
1.177191216803437e-05
-4.468253652378257e-05
4.646610988009292e-05
4.667285220058937e-05
-1.732539950272126e-05
-4.028040886746383e-05
-4.117171081035197e-05
-4.176710601874741e-05
-1.644953796329518e-05
-3.667556822913643e-05
4.177760743426299e-05
-3.763984259725519e-05
-1.488222261907611e-05
3.621353773021892e-05
-3.619997896397142e-05
-3.620366670450008e-05
1.03580959258657e-05
-3.618840574122231e-05
-3.760623982898107e-05

