-0.1141187207968234
-0.06785762209471159
-0.02084417534877857
0.02087923854861624
0.02293464405066846
-0.01209371190724671
0.01625645474413209
-0.01284422552430823
-0.009800676367397124
-0.006576695838739334
0.008393893195842023
-0.001254552131249911
0.008772560196307174
-0.00423327853729369
0.00878722295071867
0.006341826409480592
-0.004964104593806257
-0.006314053177605284
0.004639088959873472
0.0007406651440495697
-0.004057279630248749
-0.004956810680783267
0.003851290528321648
0.003592510946293359
0.004115378202385713
0.003286545000654126
-5.83429690866663e-05
0.00381585590539648
-0.003332230114826178
-0.003095523911421571
0.003286499972472699
0.002852658242297026
0.0003960075984005359
-0.002861030865010843
-0.003043684301163325
-0.002475914456368744
0.000511749207318073
0.002720286511155816
0.002585049693627287
0.002285627078034824
-0.002566307411447025
0.0002158712799185261
0.002367199060122431
0.002173984865388018
0.002308029001335471
0.0005392654064116706
-0.002042227952385665
0.00210204694283888
0.002132705292042979
-0.000784889645394821
-0.001821728385581369
-0.001881898885308409
-0.001889706855340817
-0.0007539181619261925
-0.001674909332756087
0.001890642373134277
-0.001720157572124733
-0.0006732262260960092
0.001638809935682604
-0.001654253735748346
-0.001638396746345484
0.0004686214604866637
-0.001653211097632871
-0.001702411079041562

-0.06792740308647377
-0.04039119976403517
-0.01240717290761224
0.01242804373485602
0.01365149206193034
-0.007198594917642824
0.009676403191791258
-0.007645326537404125
-0.005833700986835824
-0.003914676453568661
0.004996335067530678
-0.0007467527476421695
0.005221730741410957
-0.002519793558604668
0.005230458519130909
0.003774874059340011
-0.002954806462537233
-0.003758342472734878
0.002761345934578814
0.0004408694685731087
-0.002415032931972196
-0.00295046487364782
0.002292421105789564
0.002138386563025114
0.00244961520822314
0.001956265067313512
-3.472774975691887e-05
0.002271329194682603
-0.001983458424756209
-0.001842562719128778
0.001956238264982817
0.001698000686822467
0.0002357173965324745
-0.001702984360968561
-0.001811705993103321
-0.001473749776645539
0.000304610798665824
0.001619208461711822
0.001538710838250977
0.001360484158522402
-0.001527554784736771
0.0001284940397457752
0.001409038618906121
0.001294030858600142
0.001373818556800893
0.0003209893904890977
-0.001215604594475268
0.001251210923115913
0.001269459831181675
-0.0004671934188262038
-0.001084355638560681
-0.001120171197659911
-0.001124818771030371
-0.0004487581224342702
-0.0009969638687236959
0.00112537562352183
-0.001023897183198532
-0.000400727495971726
0.0009754762610901614
-0.0009846689441559305
-0.0009752303165293617
0.000278939674570373
-0.0009840483299488594
-0.001013333857734892

-0.02048826408884484
-0.01218279413064474
-0.003742251633018289
0.003748546692168759
0.004117563190450204
-0.002171240280651605
0.002918596840384379
-0.002305983476867414
-0.001759560957772478
-0.001180744756295014
0.001506994639699072
-0.0002252355722076035
0.001574978485410024
-0.0007600201617066598
0.001577610957823438
0.001138577556562944
-0.0008912287587209162
-0.001133591299224014
0.0008328771920861328
0.0001329750541080509
-0.0007284222603140502
-0.000889919248631071
0.0006914400799122811
0.0006449801793770125
0.0007388529668697094
0.0005900486917762395
-1.047458427529531e-05
0.0006850783374445487
-0.0005982507525558672
-0.000555753788227553
0.0005900406076564042
0.0005121509864050478
7.109708381380461e-05
-0.0005136541622578465
-0.0005464467821739091
-0.0004445124243357973
9.187671254615809e-05
0.0004883856745741521
0.0004641059804727534
0.0004103492473135189
-0.0004607410914865439
3.875637372448976e-05
0.0004249942442046961
0.0003903056022378928
0.000414371168674023
9.681682359754822e-05
-0.0003666506715633024
0.0003773902528119551
0.0003828944886697961
-0.00014091488428168
-0.0003270633599932115
-0.0003378660493348662
-0.000339267850467694
-0.0001353544299749234
-0.0003007042533842258
0.0003394358083218992
-0.0003088278800015713
-0.0001208674318769149
0.0002942231609263238
-0.0002969958580970754
-0.0002941489791250468
8.413378780550143e-05
-0.0002968086684327256
-0.0003056417696553145

0.0204697064467297
0.01217175932883886
0.003738862016104653
-0.003745151373383602
-0.004113833627821997
0.002169273637703945
-0.002915953264755176
0.002303894787659137
0.001757967201346497
0.001179675273858268
-0.001505629650109808
0.00022503156072482
-0.001573551918135179
0.000759331758721847
-0.001576182006136285
-0.00113754626788426
0.0008904215110075847
0.00113256452694452
-0.0008321227974340637
-0.0001328546093766765
0.000727762477740229
0.0008891131870319721
-0.0006908137946642283
-0.0006443959760846621
-0.0007381837364807331
-0.0005895142437429065
1.04650967176673e-05
-0.0006844578144684873
0.0005977088753472385
0.0005552504034677904
-0.0005895061669455239
-0.000511687095727615
-7.103268625280722e-05
0.0005131889100491242
0.0005459518274151607
0.0004441097985959662
-9.179349343390458e-05
-0.0004879433097881663
-0.0004636856074905112
-0.0004099775655333486
0.0004603237663171665
-3.872126938818396e-05
-0.0004246092974348517
-0.0003899520753775122
-0.0004139958439602595
-9.672912988390578e-05
0.0003663185706148172
-0.0003770484242793639
-0.0003825476745689848
0.0001407872478953069
0.0003267671160187944
0.0003375600206151603
0.0003389605520391043
0.0001352318300778792
0.0003004318846814728
-0.0003391283577629465
0.0003085481531664553
0.0001207579538590046
-0.0002939566625984032
0.0002967268483449449
0.0002938825479888319
-8.405758199733268e-05
0.0002965398282312526
0.0003053649287014679

0.02217488285145948
0.01318569652747204
0.004050318328728396
-0.004057131604788764
-0.004456525989012809
0.002349979415386574
-0.003158859274046241
0.00249581483502895
0.001904410151068338
0.001277945097485716
-0.001631052267199731
0.0002437772378386556
-0.001704632625588733
0.0008225859437143662
-0.0017074818063268
-0.00123230664270125
0.0009645957916586985
0.001226909910606761
-0.0009014406532472052
-0.00014392172192945
0.0007883868647343158
0.0009631784811091977
-0.0007483602663632092
-0.0006980757304363547
-0.0007996762397108589
-0.00063862221611632
1.133686476390402e-05
-0.0007414748175358993
0.0006474994804927318
0.0006015041144905084
-0.0006386134665022679
-0.000554311877109136
-7.69498820307736e-05
0.0005559387962215269
0.0005914309444044459
0.0004811052265296572
-9.94401150168007e-05
-0.0005285901759686101
-0.0005023117479857233
-0.0004441296953176039
0.0004986698572537263
-4.194684544096928e-05
-0.00045998028612484
-0.0004224360330560069
-0.0004484827061247027
-0.0001047869020047112
0.0003968337997828218
-0.0004084574763921534
-0.0004144148276250936
0.0001525151685580737
0.0003539876126842298
0.0003656795925213541
0.000367196791624266
0.0001464969709051712
0.0003254585924321387
-0.0003673785759736765
0.0003342509658504516
0.0001308173855435215
-0.0003184439685780762
0.0003214449175445254
0.0003183636800409646
-9.105978331528031e-05
0.0003212423181998325
0.0003308025710344759

-0.01153614516721066
-0.006859657852119231
-0.002107116440101661
0.002110660943231766
0.002318439790420637
-0.001222541009911213
0.001643348440318899
-0.00129840966647932
-0.0009907403844172165
-0.0006648314788887188
0.0008485301074996337
-0.0001268213962169954
0.000886809168612121
-0.000427937812468612
0.0008882914115087796
0.0006410887676814166
-0.0005018162736102289
-0.0006382811999804225
0.0004689607744561831
7.487308447199467e-05
-0.0004101462623469006
-0.0005010789393767804
0.0003893230339918504
0.0003631632698117043
0.0004160193877854816
0.0003322334842298565
-5.897831277556804e-06
0.0003857409840777602
-0.0003368517458558575
-0.0003129233570216494
0.0003322289323760249
0.0002883723140760798
4.003200448242634e-05
-0.0002892186939730349
-0.0003076829436589604
-0.0002502876687615519
5.173220575560252e-05
0.0002749909906981885
0.0002613200386569474
0.0002310517116403154
-0.0002594254004556676
2.182220765516993e-05
0.0002392977401657171
0.0002197659141579293
0.0002333162992336995
5.451379027558287e-05
-0.0002064467421189718
0.0002124937828921168
0.000215593004164091
-7.934369423613873e-05
-0.0001841566656598097
-0.000190239240147279
-0.0001910285398797087
-7.621281854069919e-05
-0.0001693148772584088
0.0001911231104194852
-0.0001738889756561682
-6.805575299471814e-05
0.000165665626003506
-0.0001672268240106363
-0.000165623857114584
4.73724657874027e-05
-0.0001671214247863484
-0.0001720950007584584

0.01600378632134888
0.00951622027215928
0.002923146404002422
-0.002928063598602797
-0.003216309648238114
0.001695998516670518
-0.002279773434641538
0.001801249079195294
0.001374427695066627
0.0009223029680731564
-0.001177143173114875
0.0001759359384449436
-0.001230246693029288
0.0005936667067120277
-0.001232302969043554
-0.0008893653384450932
0.0006961563242334694
0.0008854704746997187
-0.0006505767670828913
-0.0001038694319238709
0.0005689849640370726
0.0006951334401291008
-0.000540097455057179
-0.0005038067123447663
-0.0005771325942202268
-0.0004608986462410197
8.181903933875349e-06
-0.0005351281728068177
0.0004673054373456859
0.0004341102221013404
-0.0004608923315762246
-0.0004000512154253244
-5.553533147042044e-05
0.0004012253756683148
0.0004268403364962665
0.000347217403358542
-7.176670844935177e-05
-0.0003814876626151112
-0.0003625223156900179
-0.0003205318734011259
0.0003598939346757783
-3.027336630316187e-05
-0.0003319713687095942
-0.0003048753877417371
-0.0003236734753332859
-7.562552642071954e-05
0.0002863980558253719
-0.000294786954110418
-0.0002990864210709335
0.0001100713895409632
0.0002554756276167066
0.0002639138208752754
0.0002650087953295546
0.0001057280092434466
0.0002348860106554299
-0.0002651399905158409
0.0002412315352918826
9.441192990195381e-05
-0.0002298235017782857
0.000231989310109377
0.0002297655569133899
-6.571855754134723e-05
0.000231843092578312
0.0002387428017930065

-0.01212130855579631
-0.007207609492382484
-0.0022139985379217
0.002217722833646047
0.002436041126423013
-0.00128455359987668
0.001726706210875722
-0.001364270644231427
-0.001040995039862414
-0.0006985546191044699
0.0008915712400285642
-0.0001332543282648469
0.0009317919813804312
-0.0004496446770076065
0.0009333494100752408
0.0006736075744613799
-0.0005272705745794112
-0.0006706575947323296
0.0004927485018046988
7.867097251760554e-05
-0.0004309506621882761
-0.0005264958395511585
0.0004090711892482178
0.000381584488207514
0.0004371216980583934
0.0003490858095615089
-6.196994896394444e-06
0.0004053074422043522
-0.0003539383294760491
-0.0003287961888304345
0.0003490810268181851
0.0003029998103525387
4.206260162343048e-05
-0.0003038891223138781
-0.0003232899589410739
-0.0002629833464120523
5.435628792343238e-05
0.0002889397281328612
0.0002745753260263288
0.0002427716579969071
-0.0002725845835461037
2.292912480927875e-05
0.0002514359609045809
0.0002309133958478331
0.0002451511153088163
5.727896649167799e-05
-0.0002169186175529757
0.0002232723904986207
0.0002265288177344985
-8.336835102651193e-05
-0.0001934978916018496
-0.0001998890006861376
-0.0002007183371291573
-8.007866371724401e-05
-0.0001779032632294402
0.0002008177046975798
-0.0001827093797648645
-7.150783637764952e-05
0.0001740689061008334
-0.0001757092948517404
-0.0001740250185124406
4.977540300809482e-05
-0.0001755985493210301
-0.0001808244066685137

-0.00969946387579982
-0.005767524816353712
-0.001771640309360621
0.001774620488578089
0.001949318656227434
-0.001027899024365142
0.001381709279936185
-0.001091688555705721
-0.0008330036099282914
-0.0005589829895089062
0.0007134347744348617
-0.0001066300339892639
0.000745619387672436
-0.000359805402321495
0.0007468656411849817
0.000539020379266829
-0.0004219215992534713
-0.000536659807247198
0.0003942970572120146
6.295246528015147e-05
-0.0003448464628142745
-0.000421301656746036
0.0003273385216192054
0.0003053436798426313
0.0003497845220365345
0.0002793382565760682
-4.958831619491983e-06
0.0003243267734798798
-0.0002832212401170454
-0.0002631025141701246
0.0002793344294277234
0.0002424602675000782
3.365846872808325e-05
-0.0002431718944009819
-0.0002586964322972534
-0.0002104391169253048
4.349586917197906e-05
0.000231209398094964
0.0002197150120978537
0.0001942657359121191
-0.0002181220211527173
1.834787199481105e-05
0.0002011989059304094
0.0001847767616140526
0.0001961697762337216
4.583459481885143e-05
-0.0001735781483705626
0.0001786624336915564
0.0001812682248232173
-6.671130476090667e-05
-0.0001548368974353454
-0.0001599510591121645
-0.0001606146936391413
-6.407889893838383e-05
-0.0001423580851141592
0.0001606942075081581
-0.0001462039366988409
-5.722052801386533e-05
0.000139289834827108
-0.0001406024729270765
-0.00013925471600505
3.983024779528844e-05
-0.0001405138544194452
-0.0001446955823516322

-0.006908085312424864
-0.004107706774630557
-0.001261785450897916
0.001263907973600209
0.001388330298535431
-0.0007320831588012787
0.0009840714605457157
-0.000777514899171717
-0.0005932760899601749
-0.0003981150122488267
0.0005081175980194432
-7.594330790823991e-05
0.0005310399014415157
-0.0002562581238443974
0.0005319274995288758
0.0003838973795655536
-0.0003004980935152615
-0.000382216149231035
0.000280823532572272
4.483557095024192e-05
-0.0002456041710463395
-0.0003000565623352683
0.0002331347858339908
0.0002174697712134507
0.0002491211215521752
0.000198948367885188
-3.531744879515178e-06
0.0002309897793312708
-0.0002017138796610323
-0.0001873850593263614
0.0001989456421398966
0.000172683380670435
2.397200262163941e-05
-0.0001731902106772904
-0.0001842469900617639
-0.0001498774974995021
3.097832816592707e-05
0.0001646703640043098
0.0001564839116292891
0.0001383586035419965
-0.0001553493625973907
1.306759493767624e-05
0.0001432964981087193
0.0001316004316659382
0.0001397146860171556
3.264399922753771e-05
-0.0001236246325231006
0.0001272457271732723
0.0001291016057738231
-4.751266569911727e-05
-0.0001102768679476549
-0.0001139192409300872
-0.0001143918901390941
-4.563783176687735e-05
-0.0001013892942408628
0.000114448520958837
-0.0001041283601507446
-4.07532100952504e-05
9.920404616795854e-05
-0.0001001389242287551
-9.917903408256439e-05
2.836762457267317e-05
-0.0001000758089660151
-0.0001030540904131539

0.008459154539869361
0.005030008293116518
0.001545093559586925
-0.001547692651338368
-0.001700051463835796
0.0008964574547443052
-0.001205024574328332
0.0009520899629473786
0.0007264840983873212
0.0004875035933904835
-0.0006222050093013796
9.299482400847713e-05
-0.0006502740469996071
0.0003137956428819977
-0.0006513609370787012
-0.0004700936821603921
0.0003679687926564521
0.000468034965949684
-0.0003438767115668764
-5.490248113600454e-05
0.0003007495629476865
0.0003674281246831592
-0.000285480432391453
-0.0002662981592214602
-0.0003050561727378509
-0.0002436181536971112
4.324725937804782e-06
-0.0002828538085623582
0.0002470046045638522
0.0002294585407700471
-0.0002436148159415702
-0.0002114559009470913
-2.935442537773166e-05
0.0002120765292628898
0.0002256158822524986
0.0001835294232855796
-3.793387798366997e-05
-0.0002016437253232955
-0.0001916191725505719
-0.0001694241973498913
0.0001902298837446616
-1.600165603679073e-05
-0.0001754707951193435
-0.000161148616241511
-0.0001710847604012925
-3.997354140493144e-05
0.000151382014574477
-0.0001558161519459541
-0.0001580887301176298
5.818066274123777e-05
0.0001350372825396137
0.0001394974758575353
0.0001400762487766898
5.588487320591435e-05
0.0001241541859839178
-0.0001401455948884532
0.0001275082531064902
4.990350967024181e-05
-0.0001214782851632733
0.0001226230709663437
0.0001214476571257936
-3.473699430977942e-05
0.0001225457844626101
0.0001261927780774161

-0.001223639450309258
-0.0007276042249651138
-0.0002235019380504586
0.0002238779036611196
0.0002459170155718049
-0.0001296749813446508
0.0001743100449094197
-0.0001377223732484296
-0.0001050878783003105
-7.051870564943292e-05
9.000362766430745e-05
-1.345195134986797e-05
9.406388944317494e-05
-4.539138351897917e-05
9.422111101568343e-05
6.800031517587733e-05
-5.322767530194849e-05
-6.770251634024383e-05
4.974269099029581e-05
7.941791525529548e-06
-4.350423297642258e-05
-5.314946622578402e-05
4.12955121837731e-05
3.852074478984726e-05
4.412719566277821e-05
3.524002100568167e-05
-6.255832358105617e-07
4.091556398406125e-05
-3.572988022949681e-05
-3.319179492150113e-05
3.523953819036614e-05
3.058766466318146e-05
4.246196563032231e-06
-3.067744021789149e-05
-3.263594403427675e-05
-2.654802457696047e-05
5.487237452072077e-06
2.916830707489788e-05
2.771822856094538e-05
2.450766571732895e-05
-2.751726419947324e-05
2.31468257313522e-06
2.538232234358402e-05
2.331058065749675e-05
2.474787062785861e-05
5.782280250480239e-06
-2.189781546460134e-05
2.253922535849528e-05
2.286795990184774e-05
-8.415989309543798e-06
-1.953350602584044e-05
-2.01786849824501e-05
-2.026240604148704e-05
-8.083897180029393e-06
-1.795923684511714e-05
2.027243714301279e-05
-1.844441167326637e-05
-7.218676861097277e-06
1.757216059608491e-05
-1.773775694075755e-05
-1.756773016810764e-05
5.024799632431709e-06
-1.772657724017267e-05
-1.825412467308095e-05

0.008814878415821951
0.005241529910042252
0.001610067744315964
-0.001612776132923368
-0.001771541929364095
0.0009341552316230726
-0.001255698197818413
0.0009921271948338251
0.0007570341655455989
0.0005080040662172751
-0.0006483699382552049
9.690543695258168e-05
-0.0006776193334982166
0.0003269913590515651
-0.0006787519294160068
-0.0004898620344101412
0.0003834425949775532
0.0004877167451846644
-0.0003583373950915892
-5.721123708756451e-05
0.000313396666120674
0.0003828791908660052
-0.0002974854389722098
-0.0002774965139637562
-0.0003178843772159714
-0.0002538627701628408
4.506589062041819e-06
-0.0002947483605102053
0.0002573916278649496
0.000239107718014481
-0.0002538592920482695
-0.0002203480322261202
-3.058883597072145e-05
0.0002209947591677645
0.000235103468243903
0.0001912471919461159
-3.952907121990619e-05
-0.0002101232355622289
-0.0001996771308779135
-0.0001765488138677409
0.0001982294197796696
-1.667455674811433e-05
-0.0001828496828157576
-0.0001679252285026535
-0.0001782792068201779
-4.165450644901591e-05
0.0001577479222689184
-0.0001623685237278776
-0.0001647366682249804
6.06272725954787e-05
0.0001407158625107907
0.0001453636156193318
0.0001459667270636674
5.82349406518018e-05
0.0001293751106101067
-0.0001460389893141335
0.0001328702227687047
5.200204916374235e-05
-0.000126586682963375
0.0001277796092326373
0.000126554766957451
-3.619775237922734e-05
0.0001276990726813147
0.0001314994294600649

-0.003528443721860065
-0.002098093976073883
-0.0006444823350036565
0.0006455664562270902
0.0007091176649090675
-0.0003739262196007865
0.0005026343204796665
-0.0003971313961194597
-0.000303027713219969
-0.0002033452616777313
0.000259531298126088
-3.878957422895227e-05
0.0002712393263195801
-0.0001308889985230277
0.0002716926849212973
0.0001960833194011463
-0.0001534854541515632
-0.0001952245971431261
0.0001434362758482848
2.290067097911338e-05
-0.0001254472775304931
-0.0001532599332076305
0.0001190782878642608
0.0001110770661087576
0.0001272436308427422
0.0001016168862849543
-1.803909836627112e-06
0.0001179826825864247
-0.0001030294271297638
-9.571069352045847e-05
0.0001016154940555325
8.820151501318836e-05
1.22441832035019e-05
-8.846038864832307e-05
-9.41078614338442e-05
-7.655295080812658e-05
1.582280510262325e-05
8.41087053459814e-05
7.992730989685886e-05
7.066944369591573e-05
-7.934781612589291e-05
6.674537333045075e-06
7.319157280918062e-05
6.72175712814052e-05
7.136209013557823e-05
1.667358014872815e-05
-6.31437712138595e-05
6.499331824564634e-05
6.594124562358242e-05
-2.426805104642033e-05
-5.632613159488688e-05
-5.818654696347613e-05
-5.842796206753677e-05
-2.331044185102467e-05
-5.178662430305672e-05
5.845688739935481e-05
-5.318565738917869e-05
-2.081552294202778e-05
5.067046483273085e-05
-5.114797263337998e-05
-5.065768940628572e-05
1.448933565536047e-05
-5.111573524163397e-05
-5.263695248179662e-05

0.00812335527786287
0.004830334310952163
0.001483758673861081
-0.001486254590633892
-0.001632565283716825
0.0008608711854184675
-0.001157189254515684
0.0009142952749068855
0.0006976451851188909
0.0004681513819946685
-0.0005975056162407103
8.930325020812282e-05
-0.0006244604099444008
0.0003013390380517335
-0.0006255041542359034
-0.0004514325841985387
0.000353361700608077
0.0004494555919213745
-0.0003302259920508838
-5.272304197799887e-05
0.0002888108424985687
0.0003528424952887118
-0.0002741478437665638
-0.0002557270406872138
-0.0002929464947323996
-0.0002339473531652585
4.15304923282752e-06
-0.0002716254878450083
0.0002371993736114728
0.0002203498280389549
-0.0002339441479072029
-0.0002030618309309626
-2.818915592532998e-05
0.0002036578224429045
0.0002166597098123431
0.0001762439381220942
-3.642803385091521e-05
-0.0001936391648400125
-0.0001840125522405696
-0.0001626986410111699
0.000182678413408915
-1.536644547730724e-05
-0.0001685052097021318
-0.0001547515719326236
-0.0001642932854361591
-3.838672966855655e-05
0.0001453726706695105
-0.0001496307880794102
-0.0001518131527351374
5.587109107902188e-05
0.0001296767681281269
0.0001339599071532283
0.0001345157047834634
5.366643647072311e-05
0.000119225692972955
-0.0001345822980937918
0.0001224466151979507
4.792251243939585e-05
-0.0001166560161864489
0.0001177553579411961
0.0001166266039764313
-3.335805543372895e-05
0.0001176811394451091
0.0001211833599908822

0.00590318534091548
0.003510170086226448
0.001078237028098752
-0.001080050793322435
-0.001186373748442325
0.0006255890562892623
-0.0008409213201024942
0.0006644119676516014
0.0005069738659810792
0.0003402023278546878
-0.0004342031431912687
6.489604596777757e-05
-0.0004537910028400036
0.0002189809667589476
-0.000454549484500545
-0.0003280528946843461
0.000256785470993157
0.0003266162282540417
-0.0002399729137511792
-3.831346505072397e-05
0.0002098768148651172
0.0002564081681268442
-0.0001992213164647522
-0.0001858350479849836
-0.0002128821643551626
-0.0001700079017244114
3.017991767286278e-06
-0.0001973883380966127
0.0001723711221881247
0.0001601266755250157
-0.0001700055724857809
-0.0001475636092043879
-2.048486202304281e-05
0.0001479967120586976
0.0001574450924750653
0.0001280752344764294
-2.647199686231708e-05
-0.0001407162238029709
-0.0001337206319032772
-0.0001182319620097332
0.0001327511225658521
-1.116668821943596e-05
-0.0001224515547771702
-0.0001124568826142255
-0.000119390778935997
-2.789536738381153e-05
0.0001056413008064192
-0.0001087356448815411
-0.0001103215539798968
4.06011302666353e-05
9.42351984477708e-05
9.734772555529332e-05
9.77516197974381e-05
3.89990232159987e-05
8.664047538784622e-05
-9.780001268922933e-05
8.898109699219381e-05
3.482495388365103e-05
-8.477310927889451e-05
8.557199322637937e-05
8.475173563203845e-05
-2.424106506513121e-05
8.551805916551238e-05
8.806309828777217e-05

-0.003806963044864802
-0.002263707986066107
-0.0006953548436173703
0.0006965245404469723
0.0007650921929241657
-0.0004034422571927584
0.0005423099910282553
-0.0004284791449600067
-0.000326947344703214
-0.0002193964131437714
0.000280017520140679
-4.185144705602314e-05
0.0002926497269077452
-0.000141220781635006
0.0002931388715787265
0.0002115612461238738
-0.0001656008988492557
-0.0002106347402305415
0.0001547584840488896
2.470834594297945e-05
-0.0001353495159007922
-0.00016535757630626
0.0001284777871150767
0.0001198449852516718
0.0001372876651854253
0.0001096380617959253
-1.946302286687693e-06
0.0001272956997323106
-0.0001111621021999638
-0.0001032656609975777
0.0001096365596703468
9.516374204184272e-05
1.321068341872448e-05
-9.544304998593277e-05
-0.0001015363086253583
-8.259569308026793e-05
1.707178547828206e-05
9.074786456693777e-05
8.623640875091404e-05
7.624776863656639e-05
-8.56111723733178e-05
7.20139499775933e-06
7.89689831677673e-05
7.252342109026751e-05
7.699508944042713e-05
1.798971684271396e-05
-6.812805374652138e-05
7.01235956212589e-05
7.11463480813919e-05
-2.618366078285525e-05
-6.077226061830505e-05
-6.277952872699922e-05
-6.30400000429335e-05
-2.515046226654996e-05
-5.58744252369841e-05
6.307120860914139e-05
-5.738389164118362e-05
-2.245860578953572e-05
5.467016120707865e-05
-5.51853613049307e-05
-5.465637734650062e-05
1.563305800878549e-05
-5.515057923985946e-05
-5.679187446041711e-05

-0.005314954060645997
-0.003160394206841797
-0.0009707945693508514
0.0009724275993651271
0.00106815585274319
-0.0005632513470268301
0.000757126521843037
-0.0005982056942945584
-0.0004564557356789295
-0.0003063023841281532
0.0003909363548276847
-5.842938737593608e-05
0.0004085723544052736
-0.0001971602975791283
0.0004092552560844729
0.0002953635984668157
-0.0002311977183420578
-0.0002940700907016069
0.0002160604722244464
3.449566545664015e-05
-0.0001889633418200453
-0.0002308580123552803
0.0001793696256786067
0.0001673172509174482
0.0001916692189953861
0.0001530672231056617
-2.717259694923253e-06
0.0001777192970410946
-0.0001551949571127039
-0.0001441706257129864
0.0001530651259673511
0.0001328594239636214
1.844361887751103e-05
-0.0001332493696693503
-0.0001417562528113825
-0.0001153129959905874
2.383415716962174e-05
0.0001266943559973513
0.0001203958497797043
0.0001064505703770399
-0.0001195229485759524
1.005396772561115e-05
0.000110249695835289
0.00010125095696307
0.0001074939153462278
2.511569391564488e-05
-9.511452347621912e-05
9.790052724490187e-05
9.932840618064371e-05
-3.655537302577748e-05
-8.484499837304999e-05
-8.764737330005403e-05
-8.801102092727354e-05
-3.511291020568555e-05
-7.800706226980044e-05
8.805459164073291e-05
-8.011444931287967e-05
-3.135477193521604e-05
7.632577250666391e-05
-7.704505052954788e-05
-7.630652866718621e-05
2.182552973719082e-05
-7.699649080469701e-05
-7.92879258920801e-05

0.003720660042422344
0.00221239023132282
0.0006795913045286662
-0.0006807344845923269
-0.0007477477236931936
0.0003942963112778553
-0.000530015944585178
0.0004187656183882371
0.0003195355213793512
0.0002144227454311378
-0.000273669585464122
4.090268409327795e-05
-0.0002860154229234886
0.0001380193380384085
-0.0002864934787940379
-0.0002067651998986173
0.0001618467634375152
0.0002058596976870627
-0.000151250143760401
-2.414821325580733e-05
0.0001322811725878177
0.0001616089569622685
-0.0001255652243597559
-0.0001171281261875905
-0.0001341753844607866
-0.0001071525914082276
1.902180048299074e-06
-0.0001244099346341226
0.0001086420821565151
0.0001009246515135655
-0.0001071511233355441
-9.300640125206284e-05
-1.291120017449044e-05
9.327937734736738e-05
9.923450317361925e-05
8.072326715502706e-05
-1.668477191222514e-05
-8.869063073379914e-05
-8.428144861411202e-05
-7.451924874148658e-05
8.367038620557962e-05
-7.038140980644877e-06
-7.717877394668429e-05
-7.087933132271125e-05
-7.524962794951576e-05
-1.75818939775222e-05
6.658360597551544e-05
-6.853390936139219e-05
-6.953347625154113e-05
2.559008303758315e-05
5.939456703557083e-05
6.135633082429075e-05
6.161089731362374e-05
2.45803069010118e-05
5.460776448906595e-05
-6.164139838862366e-05
5.608301162681033e-05
2.194947420946282e-05
-5.343080085589342e-05
5.393432148252401e-05
5.341732947236173e-05
-1.527866007331166e-05
5.39003279191144e-05
5.550441534340156e-05

0.0007239087959620371
0.0004304528579045777
0.0001322244218494238
-0.000132446844240747
-0.0001454852494367796
7.671611076914929e-05
-0.0001031223492364787
8.147697213427261e-05
6.217030631952898e-05
4.171907933059979e-05
-5.324641806712341e-05
7.958215062903452e-06
-5.564848120332818e-05
2.68536796373535e-05
-5.574149396073179e-05
-4.022919191724938e-05
3.148965353308445e-05
4.00530132262674e-05
-2.94279262845975e-05
-4.698387862183202e-06
2.573723567445067e-05
3.144338480733913e-05
-2.443054977998318e-05
-2.27889890059368e-05
-2.610578228194892e-05
-2.084810290270614e-05
3.70096932470586e-07
-2.42057712770561e-05
2.113790509960704e-05
1.963636616272511e-05
-2.084781726774955e-05
-1.809575483367016e-05
-2.512062716337601e-06
1.81488663230537e-05
1.930752309838677e-05
1.570589155310859e-05
-3.246266256028765e-06
-1.725605859592189e-05
-1.639818776577104e-05
-1.449880908693282e-05
1.627929664226935e-05
-1.369373203953041e-06
-1.50162585897394e-05
-1.379060994860075e-05
-1.464091503773209e-05
-3.420814467018059e-06
1.295481379189004e-05
-1.333427382308968e-05
-1.35287541721802e-05
4.978924703969149e-06
1.155608118428893e-05
1.193777100437956e-05
1.198730063585213e-05
4.782457996751618e-06
1.062473878041104e-05
-1.199323506584456e-05
1.09117696746573e-05
4.270591041857547e-06
-1.039574330194683e-05
1.049371059979332e-05
1.039312224736843e-05
-2.972686644698026e-06
1.048709665514867e-05
1.079919531042682e-05

-0.003069741715601735
-0.001825339188973667
-0.0005606988419489468
0.0005616420260855636
0.0006169314997865899
-0.000325315352985002
0.000437291243079611
-0.000345503828129723
-0.0002636337392857749
-0.0001769101285575469
0.0002257919114383268
-3.374688206114397e-05
0.0002359778816239912
-0.0001138732683732333
0.0002363723030522674
0.0001705922476729036
-0.0001335321570889633
-0.0001698451603602533
0.0001247893842754621
1.992355569802267e-05
-0.0001091389777758956
-0.0001333359541440347
0.0001035979645684572
9.663691144282662e-05
0.0001107018029570206
8.840656658504976e-05
-1.569399348038467e-06
0.0001026447893189083
-8.963547538962848e-05
-8.326818611519628e-05
8.840535534726183e-05
7.673521001278169e-05
1.06524243876679e-05
-7.696042975810952e-05
-8.187372416339465e-05
-6.660097342409786e-05
1.376582105601829e-05
7.317447061607041e-05
6.953666169770365e-05
6.148232944392532e-05
-6.903250282673735e-05
5.806839303304507e-06
6.367657868277517e-05
5.847920467188561e-05
6.208493099783941e-05
1.450599430389385e-05
-5.493500360360358e-05
5.654410725549823e-05
5.736880291305796e-05
-2.111317468151134e-05
-4.90036654868694e-05
-5.062222457846001e-05
-5.083225542321261e-05
-2.028005585461103e-05
-4.505429970396624e-05
5.085742042651818e-05
-4.627145677500848e-05
-1.810947946011489e-05
4.408324233207431e-05
-4.449867353369248e-05
-4.407212772672738e-05
1.260570427042115e-05
-4.447062704235312e-05
-4.579408417781769e-05

-0.004226094752762796
-0.002512933361567231
-0.0007719106861001144
0.0007732091619657795
0.000849325844193957
-0.0004478596682107759
0.0006020161951784584
-0.0004756530191765672
-0.000362942965717109
-0.0002435510981943139
0.0003108463514358995
-4.645912731869608e-05
0.0003248693146495645
-0.0001567686361057648
0.0003254123122315163
0.0002348533099994372
-0.0001838329086549602
-0.0002338247994390822
0.0001717967864873891
2.742863797427326e-05
-0.0001502509670296409
-0.0001835627972538402
0.0001426226878418517
0.0001330394483339867
0.000152402498952939
0.0001217087826170555
-2.160582538922858e-06
0.0001413104572720794
-0.0001234006138953356
-0.0001146348054707453
0.0001217071151134243
0.0001056408969976086
1.466512787708412e-05
-0.0001059509556513634
-0.0001127150581814529
-9.168915511226401e-05
1.895132213782754e-05
0.0001007388487229917
9.573069930665664e-05
8.464234907127368e-05
-9.503662685470796e-05
7.994240357457397e-06
8.766315865513734e-05
8.05079654595965e-05
8.547194696605532e-05
1.997031414717345e-05
-7.562868540118733e-05
7.784392861376065e-05
7.897928211053321e-05
-2.90663791947694e-05
-6.746304828435644e-05
-6.969130874327366e-05
-6.998045693001412e-05
-2.791942957197199e-05
-6.202598042714575e-05
7.001510143707621e-05
-6.370163316528393e-05
-2.493121024895174e-05
6.068913164824904e-05
-6.12610532572829e-05
-6.067383023865964e-05
1.735419641376819e-05
-6.122244182319559e-05
-6.304443721367369e-05

0.002591244444348439
0.001540813680981978
0.000473299675920104
-0.0004740958408357337
-0.0005207670447453451
0.0002746066865493262
-0.0003691282880358177
0.0002916482747040206
0.0002225397201318484
0.0001493341884249787
-0.0001905965029955628
2.848657273365071e-05
-0.0001991947308268618
9.612322513396658e-05
-0.0001995276716503747
-0.0001440011098603535
0.0001127177763653507
0.0001433704750944099
-0.000105337786913464
-1.68179631373472e-05
9.212689405962612e-05
0.0001125521566363708
-8.744958859874412e-05
-8.15735925346741e-05
-9.344611321329208e-05
-7.462615611702304e-05
1.324768569583222e-06
-8.664498993908534e-05
7.566350824873223e-05
7.02887228477059e-05
-7.462513368142228e-05
-6.477407712216973e-05
-8.991973289834973e-06
6.496419064568362e-05
6.911162323469872e-05
5.6219518891853e-05
-1.162006795295169e-05
-6.176836946519754e-05
-5.869760553042821e-05
-5.189874567865413e-05
5.827203263391758e-05
-4.901695803082234e-06
-5.375096540149994e-05
-4.936373423397875e-05
-5.240741646381584e-05
-1.224486638686064e-05
4.637198698659505e-05
-4.773027093510057e-05
-4.842641681280121e-05
1.782214976523071e-05
4.136519867458954e-05
4.273146419218206e-05
4.290875639134169e-05
1.711889368322136e-05
3.803144193159587e-05
-4.292999878925589e-05
3.905887413613971e-05
1.528665679023232e-05
-3.721174853287579e-05
3.756242422253993e-05
3.720236642127581e-05
-1.064078485555014e-05
3.753874948974025e-05
3.865591219179532e-05

0.002682787679307423
0.001595247398778533
0.0004900203614321402
-0.0004908446531854991
-0.0005391646529061232
0.0002843079652082284
-0.0003821688167575486
0.0003019515969532294
0.0002304015819998341
0.0001546098522969054
-0.0001973298779552923
2.949294364034784e-05
-0.000206231863153936
9.951905720323916e-05
-0.0002065765660788888
-0.0001490883672447523
0.000116699859147377
0.0001484354534743402
-0.0001090591501366337
-1.74121065244632e-05
9.538154412836404e-05
0.0001165283884205164
-9.053899926921726e-05
-8.445541658030338e-05
-9.67473685296407e-05
-7.72625417958747e-05
1.371569866425957e-06
-8.970597582534037e-05
7.83365414041076e-05
7.277187610043354e-05
-7.726148323977913e-05
-6.706240950014075e-05
-9.309640858948975e-06
6.725923933595705e-05
7.15531920253118e-05
5.820563665794207e-05
-1.203058059801341e-05
-6.39505164916224e-05
-6.077126890338097e-05
-5.373221958347623e-05
6.033066140843126e-05
-5.074862441829209e-06
-5.564987434687215e-05
-5.110765149786743e-05
-5.425886064130203e-05
-1.267745185101205e-05
4.801021209094096e-05
-4.941648136437112e-05
-5.013722061680725e-05
1.845176896113047e-05
4.282654444212199e-05
4.424107725675389e-05
4.442463281769621e-05
1.772366831577172e-05
3.937501306096742e-05
-4.444662566500923e-05
4.043874229179257e-05
1.582670233372962e-05
-3.852636161255073e-05
3.888942593931069e-05
3.851664805061195e-05
-1.101670148136372e-05
3.886491482782515e-05
4.002154454656623e-05

0.00379328539873853
0.002255574942375288
0.0006928565746898109
-0.000694022069036228
-0.0007623433718437078
0.000401992770984884
-0.0005403615812167007
0.0004269397062923781
0.0003257726892018801
0.0002186081663273719
-0.0002790114739812757
4.17010832946682e-05
-0.0002915982957913521
0.0001407134040076387
-0.0002920856830648522
-0.0002108011494734775
0.0001650059284053123
0.0002098779723278538
-0.0001542024682022978
-2.461957386711975e-05
0.0001348632325404633
0.0001647634800709111
-0.0001280161924825868
-0.0001194144065254487
-0.0001367944184477921
-0.0001092441544756362
1.939309617302668e-06
-0.0001268383521000828
0.0001107627193116105
0.0001028946484210074
-0.0001092426577469653
-9.482183801693149e-05
-1.31632201124706e-05
9.510014246414213e-05
0.000101171509261158
8.229894350632811e-05
-1.701045001539909e-05
-9.042182589418625e-05
-8.592657882400026e-05
-7.597382586774804e-05
8.530358879379996e-05
-7.175521846055353e-06
-7.868526362699528e-05
-7.226285914682307e-05
-7.67184616994519e-05
-1.792508343859808e-05
6.788328346650022e-05
-6.987165576397669e-05
-7.089073368193413e-05
2.608958819998867e-05
6.055391821116718e-05
6.255397461261485e-05
6.281351010791413e-05
2.506010175640921e-05
5.567367975905478e-05
-6.284460654811554e-05
5.717772295656282e-05
2.237791657378184e-05
-5.447374240554538e-05
5.49870914939291e-05
5.446000806758134e-05
-1.557689160190821e-05
5.495243439376956e-05
5.658783277350175e-05

0.00251486542568523
0.001495396955765868
0.00045934878647035
-0.0004601214837833098
-0.0005054170163384658
0.00026651243311722
-0.0003582479342110101
0.0002830517067247145
0.0002159801825033692
0.0001449324428506871
-0.0001849785174399346
2.764690804079526e-05
-0.0001933233055753283
9.328991559324645e-05
-0.0001936464326996888
-0.0001397565610754784
0.0001093953290510939
0.0001391445147776015
-0.0001022328707369378
-1.632224011779459e-05
8.941137959857683e-05
0.0001092345910971231
-8.487194148627076e-05
-7.916914514251965e-05
-9.069171370433535e-05
-7.242649001324313e-05
1.285719948168454e-06
-8.409105902064645e-05
7.343326535472078e-05
6.821690608571518e-05
-7.242549771475596e-05
-6.286480898800457e-05
-8.726927629158734e-06
6.304931876218662e-05
6.707450243259344e-05
5.456240325691331e-05
-1.127755708370776e-05
-5.994769698696692e-05
-5.696744629435492e-05
-5.036898831691567e-05
5.655441750200272e-05
-4.757214368286383e-06
-5.216661237045919e-05
-4.790869837791805e-05
-5.086266562067381e-05
-1.188393908016382e-05
4.500513529214145e-05
-4.632338272641908e-05
-4.699900914325411e-05
1.729682753539943e-05
4.014592610133919e-05
4.1471919841531e-05
4.164398621021479e-05
1.661430049326667e-05
3.691043452551094e-05
-4.166460247131591e-05
3.790758233766763e-05
1.483607025956792e-05
-3.611490225043109e-05
3.645524149147577e-05
3.610579668413495e-05
-1.032713914495425e-05
3.64322645905147e-05
3.751649802143503e-05

-0.0002527906992063227
-0.0001503151771770113
-4.617308732525128e-05
4.625075776131812e-05
5.080380033296881e-05
-2.678945108817158e-05
3.601057331077586e-05
-2.845195537054402e-05
-2.171002105796799e-05
-1.456840322021909e-05
1.859377773623987e-05
-2.779027912643616e-06
1.943258398244779e-05
-9.377369759367683e-06
1.946506426189055e-05
1.404813093859648e-05
-1.099626303589687e-05
-1.398660891436546e-05
1.02763029033063e-05
1.640688384296088e-06
-8.987504832195926e-06
-1.098010588517099e-05
8.531206963267166e-06
7.957969977919977e-06
9.116202197280162e-06
7.280207864997456e-06
-1.29238742304607e-07
8.45271376738803e-06
-7.381407491790034e-06
-6.857066470030424e-06
7.280108120583113e-06
6.319081274591085e-06
8.772183651530691e-07
-6.337627934892807e-06
-6.742233678075153e-06
-5.484535247418777e-06
1.133604013724128e-06
6.025857321176581e-06
5.726286756223964e-06
5.063019136101844e-06
-5.684769688865736e-06
4.78188428753739e-07
5.243713751703116e-06
4.815714287264758e-06
5.112642877189627e-06
1.194556670392201e-06
-4.523852251564726e-06
4.656360610549037e-06
4.724273617964333e-06
-1.738652526717439e-06
-4.035411448181698e-06
-4.168698454826007e-06
-4.185994321705346e-06
-1.670045878248468e-06
-3.710184432304312e-06
4.188066638995427e-06
-3.810416313519607e-06
-1.491300701853208e-06
3.630218658383252e-06
-3.664429075305704e-06
-3.629303379797702e-06
1.038069352971842e-06
-3.662119469864889e-06
-3.771105073759926e-06

0.003031956087216527
0.001802870983285967
0.0005537971674626322
-0.0005547287418913188
-0.0006093376542612647
0.0003213110274829301
-0.0004319085998677612
0.0003412510015192157
0.0002603886563355021
0.0001747325315495562
-0.0002230126257365693
3.333148973732541e-05
-0.0002330732162258475
0.0001124715957243408
-0.0002334627826980271
-0.0001684924178262212
0.0001318885020414522
0.0001677545264544897
-0.000123253344524323
-1.967831549820171e-05
0.0001077955797838838
0.0001316947141699746
-0.0001023227712285968
-9.544740210863835e-05
-0.0001093391680594297
-8.731836504192061e-05
1.550081520661238e-06
-0.0001013813286683566
8.853214713693373e-05
8.2243233194595e-05
-8.731716871337699e-05
-7.579067187301743e-05
-1.052130307955413e-05
7.601311937541612e-05
8.086593575565525e-05
6.578117818883193e-05
-1.359637676817932e-05
-7.227376182353326e-05
-6.868073090565493e-05
-6.072553989357973e-05
6.818277775535164e-05
-5.73536258235093e-06
-6.28927799915765e-05
-5.775938075810139e-05
-6.132072399005849e-05
-1.432743918071531e-05
5.4258805465825e-05
-5.584810256775741e-05
-5.666264699874168e-05
2.08532913927939e-05
4.840047653314396e-05
4.999911268722228e-05
5.02065582501331e-05
2.003042747373644e-05
4.449972372216988e-05
-5.02314134959784e-05
4.570189873638179e-05
1.788656882966588e-05
-4.354061915164362e-05
4.39509367865661e-05
4.3529641356615e-05
-1.245053992721664e-05
4.39232355211032e-05
4.52304021461359e-05

-0.002135256055127941
-0.001269672473129703
-0.0003900118343148043
0.0003906678959074577
0.0004291262401077354
-0.0002262833950350547
0.0003041717711605039
-0.0002403261281997156
-0.0001833787954487412
-0.0001230554418621074
0.0001570567138098596
-2.347371242880057e-05
0.0001641418879161289
-7.920815766853885e-05
0.0001644162402301335
0.000118660839754069
-9.28825202228863e-05
-0.0001181411795168755
8.680120774836183e-05
1.385846005468701e-05
-7.591507192999491e-05
-9.274604505170086e-05
7.206084473470541e-05
6.721886380810219e-05
7.700214447232393e-05
6.149398682447378e-05
-1.091645412309514e-06
7.139783350714253e-05
-6.23487932574913e-05
-5.791982357939287e-05
6.149314430968467e-05
5.337560518154874e-05
7.409631096959063e-06
-5.353226390709548e-05
-5.694986141251922e-05
-4.632641601683292e-05
9.575252736824969e-06
5.089882014164198e-05
4.836842695552339e-05
4.276598111211478e-05
-4.801774328837541e-05
4.039130953759652e-06
4.429226065214795e-05
4.067706258153754e-05
4.318513970459293e-05
1.009010367732475e-05
-3.8211781299674e-05
3.933104429778004e-05
3.990468747677498e-05
-1.468593720850819e-05
-3.408605125391174e-05
-3.521189128251543e-05
-3.535798488730448e-05
-1.410643502735086e-05
-3.133894482506073e-05
3.537548920222461e-05
-3.218557696768065e-05
-1.259662188381815e-05
3.066349512104323e-05
-3.095246144815588e-05
-3.065576400534321e-05
8.768296770950238e-06
-3.093295282299779e-05
-3.18535253414764e-05

-0.001687821261299508
-0.001003617430279074
-0.0003082863362143962
0.0003088049225928927
0.0003392044668816602
-0.0001788665693287982
0.0002404337321601173
-0.0001899667011116602
-0.0001449524655774434
-9.726964154705914e-05
0.0001241460761399281
-1.855488517352126e-05
0.0001297465789310836
-6.261038916634143e-05
0.0001299634417600437
9.379591161425821e-05
-7.341934100072197e-05
-9.338514420541307e-05
6.861234445038583e-05
1.095447240297047e-05
-6.000735703281431e-05
-7.331146368313765e-05
5.696076850286115e-05
5.313340628317698e-05
6.086663765403585e-05
4.860815552082753e-05
-8.628952636717311e-07
5.643668875903876e-05
-4.928384051348437e-05
-4.578294460435544e-05
4.860748955180318e-05
4.219094990683106e-05
5.856971052160923e-06
-4.231478139164006e-05
-4.501623432434593e-05
-3.661889154944392e-05
7.568794905285881e-06
4.023316576193371e-05
3.823300685418213e-05
3.380453225177767e-05
-3.795580761713398e-05
3.192746408355651e-06
3.501098571302212e-05
3.215333866280802e-05
3.413585775372536e-05
7.975760787288264e-06
-3.020464770716043e-05
3.108937339645363e-05
3.154281182674883e-05
-1.16085548630608e-05
-2.694344871751768e-05
-2.7833373245555e-05
-2.794885349052095e-05
-1.115048516224818e-05
-2.477198800368916e-05
2.796268984274836e-05
-2.54412115974528e-05
-9.957047626677853e-06
2.423807621889839e-05
-2.446649075004188e-05
-2.423196512912305e-05
6.930933496175074e-06
-2.445107008316556e-05
-2.517874012794853e-05

0.002157440177925499
0.001282863663941731
0.0003940638403513636
-0.0003947267180591618
-0.000433584623065175
0.000228634353652054
-0.000307331946684532
0.000242822983003904
0.0001852839991393003
0.0001243339194604599
-0.0001586884457124195
2.371759124500911e-05
-0.0001658472308368988
8.003108637164678e-05
-0.0001661244335188985
-0.0001198936598807572
9.384751794734637e-05
0.0001193686006626891
-8.770302401858744e-05
-1.400244174666973e-05
7.670378730386063e-05
9.370962487505485e-05
-7.280951683172407e-05
-6.791723041636323e-05
-7.780215392528526e-05
-6.213287514501609e-05
1.102987000977386e-06
-7.213961728627379e-05
6.299656254143801e-05
5.852157833176101e-05
-6.213202387699711e-05
-5.393014803223109e-05
-7.48661304286913e-06
5.408843435477212e-05
5.754153879746833e-05
4.680772171279782e-05
-9.674734287070552e-06
-5.142763057332334e-05
-4.88709480094052e-05
-4.321029586972333e-05
4.851662093397686e-05
-4.081095277832315e-06
-4.475243260525807e-05
-4.109967463744714e-05
-4.363380928682001e-05
-1.019493424247967e-05
3.860878045423327e-05
-3.973967197235475e-05
-4.031927498491882e-05
1.483851592788238e-05
3.444018636800539e-05
3.557772324831339e-05
3.572533468438838e-05
1.425299304137792e-05
3.166453903128062e-05
-3.574302085942026e-05
3.251996721095941e-05
1.272749377903346e-05
-3.098207178051381e-05
3.127404030704384e-05
3.09742603428254e-05
-8.859394497530836e-06
3.125432899811655e-05
3.21844657530623e-05

0.001108354158802526
0.0006590529330341665
0.0002024446845646144
-0.0002027852285442856
-0.0002227479237127449
0.0001174576423061012
-0.0001578874096839952
0.0001247468485193725
9.51870151983827e-05
6.387477999353544e-05
-8.152392847736072e-05
1.218457464645679e-05
-8.520165235860562e-05
4.111483058541191e-05
-8.534406128771107e-05
-6.159365988570718e-05
4.821282549317545e-05
6.132391819189075e-05
-4.50561792652351e-05
-7.193554983407479e-06
3.940547808650567e-05
4.814198489154934e-05
-3.740485210510512e-05
-3.489150964953626e-05
-3.996974829209627e-05
-3.191987952667457e-05
5.666438597683239e-07
-3.706070075630067e-05
3.236358662340278e-05
3.006462723155867e-05
-3.191944219982847e-05
-2.770584531982204e-05
-3.84614080441852e-06
2.778716266326728e-05
2.956114588141073e-05
2.404680025674936e-05
-4.970256923970679e-06
-2.642021262352335e-05
-2.510675337608306e-05
-2.219867397498128e-05
2.492472288848041e-05
-2.096604564027172e-06
-2.299092475522573e-05
-2.111437238258012e-05
-2.241624796011471e-05
-5.237502240847921e-06
1.983471097858944e-05
-2.041569038655655e-05
-2.071345317785474e-05
7.623076184177886e-06
1.769315514816687e-05
1.827754851628514e-05
1.835338178886409e-05
7.322272141973897e-06
1.62672058678518e-05
-1.836246780933439e-05
1.670666990964987e-05
6.538568626589991e-06
-1.591659803948075e-05
1.606659271091183e-05
1.591258502464338e-05
-4.551387721562822e-06
1.605646630673873e-05
1.653431081483986e-05

0.000226491996918876
0.0001346773625494472
4.136953924745415e-05
-4.143912935574193e-05
-4.551850295376308e-05
2.400245061385401e-05
-3.226426717819881e-05
2.549199874974554e-05
1.945145148942196e-05
1.305280118144138e-05
-1.66594018805879e-05
2.489915900406958e-06
-1.741094417360987e-05
8.401809122394187e-06
-1.744004541572048e-05
-1.258665464847753e-05
9.852283258314221e-06
1.253153297605329e-05
-9.207223101280656e-06
-1.470001822249087e-06
8.052503209815224e-06
9.83780699257404e-06
-7.643675607164996e-06
-7.130074474190699e-06
-8.167811737002703e-06
-6.522822328938658e-06
1.157935830541889e-07
-7.573348333509781e-06
6.613493803927969e-06
6.143701816081292e-06
-6.522732961258901e-06
-5.661685105766251e-06
-7.859582646080303e-07
5.678302292043423e-06
6.040815481866101e-06
4.913959826293508e-06
-1.015671215710687e-06
-5.39896626777492e-06
-5.130561078453463e-06
-4.536295513135089e-06
5.09336317712833e-06
-4.284408108040474e-07
-4.698191834685322e-06
-4.314718654355587e-06
-4.580756722565765e-06
-1.070282753917126e-06
4.053220049002347e-06
-4.171943099061448e-06
-4.232790878332516e-06
1.557774411642143e-06
3.615593454018808e-06
3.735014146297957e-06
3.750510663552842e-06
1.496305153229362e-06
3.324200944289942e-06
-3.75236739039212e-06
3.414005351676542e-06
1.336155463906307e-06
-3.252554290060277e-06
3.283205677422011e-06
3.251734231113562e-06
-9.300753604989803e-07
3.281136348335774e-06
3.378783797926996e-06

-0.001365419635052056
-0.0008119099911851207
-0.0002493985745630749
0.0002498181024123241
0.000274410833657219
-0.0001447001121599193
0.0001945069340858368
-0.0001536799361705933
-0.0001172641601257233
-7.868953988680547e-05
0.0001004321333442814
-1.501059687004773e-05
0.0001049628479717865
-5.065077486945993e-05
0.0001051382864329278
7.587934951541892e-05
-5.939503909186485e-05
-7.554704543896025e-05
5.550625795966996e-05
8.861987968521148e-06
-4.854496469436802e-05
-5.930776811656262e-05
4.608032469123734e-05
4.298405161716385e-05
4.924010858142002e-05
3.93231981926181e-05
-6.98068073335904e-07
4.56563527998072e-05
-3.986981623639033e-05
-3.703764903705174e-05
3.932265943463481e-05
3.413178441651228e-05
4.738193231666154e-06
-3.423196205064343e-05
-3.641739303321381e-05
-2.962408086798911e-05
6.123030568652889e-06
3.254796924962882e-05
3.092987359667775e-05
2.73473104935183e-05
-3.07056239739435e-05
2.582879322395875e-06
2.832331149702139e-05
2.601152204284487e-05
2.761534737415884e-05
6.45225927244005e-06
-2.443506311647786e-05
2.515079164502188e-05
2.551761587588551e-05
-9.391129918813992e-06
-2.179680678189419e-05
-2.251674108545899e-05
-2.261016270393744e-05
-9.020559066288767e-06
-2.00401307858078e-05
2.262135608527721e-05
-2.058152166416614e-05
-8.055087732540047e-06
1.960820493497823e-05
-1.979298853315996e-05
-1.960326116387803e-05
5.607011181759285e-06
-1.978051346733364e-05
-2.036918656309713e-05

-0.002135534109825037
-0.001269837810862135
-0.0003900626219579165
0.0003907187689835268
0.0004291821212589696
-0.0002263128618339023
0.0003042113806440939
-0.0002403574236542505
-0.000183402675177413
-0.0001230714662370759
0.000157077165856742
-2.347676919380814e-05
0.000164163262599834
-7.921847221615843e-05
0.0001644376506402641
0.0001186762918605238
-9.2894615456582e-05
-0.0001181565639527438
8.681251106883121e-05
1.386026471408592e-05
-7.592495764942741e-05
-9.275812251351106e-05
7.207022855370087e-05
6.722761710058412e-05
7.701217175119177e-05
6.150199461904139e-05
-1.091787567220459e-06
7.140713098830017e-05
-6.235691236561956e-05
-5.792736594367411e-05
6.15011519945698e-05
5.338255579419392e-05
7.410595984858987e-06
-5.353923491992781e-05
-5.695727746758438e-05
-4.63324486785985e-05
9.576499633652068e-06
5.090544822541013e-05
4.837472552955365e-05
4.277155013130419e-05
-4.802399619607317e-05
4.039656932521502e-06
4.429802842462577e-05
4.068235958012816e-05
4.319076330691447e-05
1.009141761843581e-05
-3.821675726741935e-05
3.933616601681587e-05
3.9909883896063e-05
-1.468784962262333e-05
-3.409048996590236e-05
-3.521647660226172e-05
-3.536258923146123e-05
-1.410827197824327e-05
-3.134302580672639e-05
3.538009582581616e-05
-3.218976819842721e-05
-1.259826222567595e-05
3.066748814511889e-05
-3.09564921016519e-05
-3.065975602266788e-05
8.769438585345581e-06
-3.0936980936062e-05
-3.185767333222021e-05

-0.001378774748426583
-0.0008198512494648449
-0.0002518379317784295
0.0002522615630122679
0.0002770948347515257
-0.0001461154180143166
0.0001964093984199687
-0.0001551830733148336
-0.000118411116060045
-7.945919904474637e-05
0.0001014144559158909
-1.51574149015677e-05
0.0001059894852771165
-5.114618801829303e-05
0.0001061666396946304
7.662152231675748e-05
-5.997597952994235e-05
-7.628596798778503e-05
5.604916238921022e-05
8.948666708890767e-06
-4.901978100037054e-05
-5.988785496080855e-05
4.653103445458097e-05
4.340447686073601e-05
4.972172406123173e-05
3.970781677918388e-05
-7.048958484924782e-07
4.610291571149154e-05
-4.025978127159719e-05
-3.739991276118843e-05
3.970727275162804e-05
3.446562599813789e-05
4.784537305073197e-06
-3.456678346560676e-05
-3.677359005885351e-05
-2.991383278633918e-05
6.182919679178608e-06
3.286631960015296e-05
3.123239742007148e-05
2.761479341433402e-05
-3.100595442099556e-05
2.608142358972294e-06
2.86003406435736e-05
2.626593967168259e-05
2.788545195269814e-05
6.515368555399456e-06
-2.467406146530477e-05
2.539679050519487e-05
2.576720262879633e-05
-9.482984174869036e-06
-2.201000045385541e-05
-2.273697640528704e-05
-2.283131177678262e-05
-9.108788784053726e-06
-2.023614248200021e-05
2.284261464011563e-05
-2.078282868230861e-05
-8.133874214840878e-06
1.979999198216462e-05
-1.99865829411284e-05
-1.979499985624111e-05
5.661853127854699e-06
-1.997398585719827e-05
-2.056841674033142e-05

0.0002056646344087235
0.00012229293268032
3.75653501259523e-05
-3.762854098646256e-05
-4.133279054519596e-05
2.179527443599952e-05
-2.929736504571719e-05
2.314784925972661e-05
1.766276828191346e-05
1.185251408222891e-05
-1.512746518131707e-05
2.26095248543711e-06
-1.580989843740935e-05
7.629209972248077e-06
-1.583632363742545e-05
-1.142923265246872e-05
8.946303895836852e-06
1.137917976423418e-05
-8.360561074132277e-06
-1.334825916437009e-06
7.312024933548973e-06
8.933158813715162e-06
-6.940791598246221e-06
-6.474419317186472e-06
-7.416730117004922e-06
-5.92300782298174e-06
1.051456353852224e-07
-6.876931359376298e-06
6.005341486018807e-06
5.57874982387653e-06
-5.922926673227102e-06
-5.141057579319778e-06
-7.136844628067866e-07
5.156146710875923e-06
5.485324534685794e-06
4.462090338385964e-06
-9.222738644200616e-07
-4.902497389538603e-06
-4.658773744181571e-06
-4.119154632264872e-06
4.624996423645869e-06
-3.890429857058438e-07
-4.266163569603484e-06
-3.917953158152566e-06
-4.159527354061485e-06
-9.718635284794272e-07
3.680500992954529e-06
-3.788306712439085e-06
-3.843559156008252e-06
1.414527264625849e-06
3.283116913651815e-06
3.391556122773452e-06
3.405627637871767e-06
1.358710490830555e-06
3.018519776457146e-06
-3.407313627014117e-06
3.100066104201946e-06
1.213287571904682e-06
-2.953461482344558e-06
2.981294282010335e-06
2.952716832970727e-06
-8.445490860235113e-07
2.979415240737787e-06
3.068083393673872e-06

0.001828698464335326
0.001087386262759678
0.0003340180400244257
-0.0003345799111987392
-0.0003675168111132276
0.0001937960068120388
-0.0002605019896697973
0.0002058226321489926
0.0001570511980627746
0.0001053884366799849
-0.0001345081638653419
2.010360385945129e-05
-0.0001405761232449692
6.783628405755255e-05
-0.0001408110869413259
-0.0001016247652893414
7.954742555921957e-05
0.0001011797123995457
-7.433920392386714e-05
-1.186880822053808e-05
6.501598490954757e-05
7.943054405672352e-05
-6.171510708918466e-05
-5.75682868220866e-05
-6.594698701772499e-05
-5.266532742135291e-05
9.349184535947634e-07
-6.114728403546323e-05
5.339740974356696e-05
4.96043049168938e-05
-5.266460586599217e-05
-4.57124975686466e-05
-6.345834250538936e-06
4.584666488318716e-05
4.877359970908023e-05
3.967535679136786e-05
-8.200538728553951e-06
-4.359130325655815e-05
-4.142419729169226e-05
-3.662609165665075e-05
4.112386109450068e-05
-3.459235043334632e-06
-3.793324404442915e-05
-3.483707806278597e-05
-3.69850718700498e-05
-8.641472789826517e-06
3.272573592024288e-05
-3.368430691733516e-05
-3.417559244629103e-05
1.257748491382258e-05
2.919233477108743e-05
3.015653853786307e-05
3.028165756050123e-05
1.20811815565676e-05
2.68396289699522e-05
-3.029664879012715e-05
2.756471058034103e-05
1.07881314933779e-05
-2.626115322531321e-05
2.650863280855635e-05
2.625453206183657e-05
-7.509437007033728e-06
2.649192502646607e-05
2.728033143179258e-05

0.001189358304560864
0.0007072198654409123
0.0002172403693249615
-0.0002176058019866033
-0.0002390274722094754
0.0001260420427905346
-0.0001694266227106551
0.000133863981179628
0.000102143765251747
6.854307301863676e-05
-8.748211082611041e-05
1.307508518663194e-05
-9.142862142950809e-05
4.411971102285878e-05
-9.158143832575688e-05
-6.609523707882114e-05
5.173646341399462e-05
6.580578129333302e-05
-4.83491134627729e-05
-7.719296481977181e-06
4.228543037002182e-05
5.166044542176308e-05
-4.013858849063531e-05
-3.744155821561756e-05
-4.289094030536657e-05
-3.425274628521081e-05
6.08057068213511e-07
-3.97692848150221e-05
3.47288817479582e-05
3.226190273874973e-05
-3.425227699631082e-05
-2.973072907635127e-05
-4.127236289876089e-06
2.981798950385302e-05
3.1721624416852e-05
2.580426243393265e-05
-5.333508519254246e-06
-2.835113581925445e-05
-2.694168230547656e-05
-2.382106570602567e-05
2.674634810619426e-05
-2.249835063821247e-06
-2.467121819319757e-05
-2.265751785145927e-05
-2.405454110196044e-05
-5.620285479901647e-06
2.128433229901875e-05
-2.190777263002208e-05
-2.222729743696893e-05
8.180209271507422e-06
1.898626070216535e-05
1.961336450286007e-05
1.969474005577149e-05
7.857420943608535e-06
1.745609581312327e-05
-1.970449012872616e-05
1.792767811694877e-05
7.016440398777639e-06
-1.707986378565466e-05
1.724082082875186e-05
1.707555747932594e-05
-4.884026230175444e-06
1.722995433558009e-05
1.774272214493735e-05

0.0008557623448455071
0.0005088560176108357
0.0001563079243115497
-0.000156570858963096
-0.0001719840937050659
9.068926804812371e-05
-0.0001219051680003886
9.631727796857733e-05
7.349407468550847e-05
4.931783858943531e-05
-6.294477955509642e-05
9.407733157838557e-06
-6.578435712813511e-05
3.174483855206223e-05
-6.589431133195126e-05
-4.755658143453737e-05
3.722521386145776e-05
4.734831336194691e-05
-3.478796133129586e-05
-5.554157424758823e-06
3.042504425075001e-05
3.717051769879471e-05
-2.888035714201792e-05
-2.693980067268705e-05
-3.086071834501472e-05
-2.46453994275996e-05
4.375067971518273e-07
-2.86146372339069e-05
2.49879865172123e-05
2.321295561734452e-05
-2.464506176671055e-05
-2.139173563658614e-05
-2.969612598332902e-06
2.14545209114531e-05
2.282421671347458e-05
1.856658001444227e-05
-3.83754478292084e-06
-2.039909619723768e-05
-1.938497182505378e-05
-1.713963821258246e-05
1.924442574087816e-05
-1.618792354118873e-06
-1.775133654025712e-05
-1.630244689980359e-05
-1.730762749851615e-05
-4.043885398151904e-06
1.531441790655844e-05
-1.576299320761772e-05
-1.599289642263644e-05
5.885791557235975e-06
1.366091859452919e-05
1.41121298206925e-05
1.41706808340497e-05
5.653540186633299e-06
1.255994045495049e-05
-1.417769616765851e-05
1.289925147381358e-05
5.04844121834552e-06
-1.228923548673692e-05
1.240504665658772e-05
1.228613703038003e-05
-3.514135078550457e-06
1.239722804074903e-05
1.276617269032144e-05

-0.001637941473761161
-0.0009739577587600991
-0.0002991756221216546
0.0002996788828381097
0.0003291800364941732
-0.0001735805673802363
0.0002333282502276964
-0.0001843526595610833
-0.0001406687192162936
-9.439505454811835e-05
0.0001204772161464912
-1.800653698554318e-05
0.0001259122085866443
-6.076007895816361e-05
0.0001261226625191157
9.102398294469531e-05
-7.124959636345735e-05
-9.062535484912298e-05
6.658465985945769e-05
1.06307374384992e-05
-5.823397362532913e-05
-7.11449071190671e-05
5.52774202146617e-05
5.156316713676081e-05
5.906786012704615e-05
4.717165005330087e-05
-8.373943214766488e-07
5.476882847710914e-05
-4.782736668518883e-05
-4.442993193522942e-05
4.71710037655428e-05
4.094409061807989e-05
5.683881354572801e-06
-4.106426253990607e-05
-4.368588006506852e-05
-3.553670199994979e-05
7.345116077168099e-06
3.904416441076019e-05
3.710311573209136e-05
3.2805514805312e-05
-3.68341084993184e-05
3.098391919427598e-06
3.397631422917766e-05
3.120311855482989e-05
3.312704872205566e-05
7.740054991504064e-06
-2.931201680786994e-05
3.017059640548917e-05
3.061063447574898e-05
-1.12654899524088e-05
-2.614719527030411e-05
-2.701082006660387e-05
-2.71228875508461e-05
-1.082095747848221e-05
-2.403990722780213e-05
2.713631500060223e-05
-2.468935341298569e-05
-9.662789323670617e-06
2.352177401328456e-05
-2.374343826313583e-05
-2.351584352311694e-05
6.72610523730497e-06
-2.372847331962418e-05
-2.443463870153539e-05

-6.845959177435539e-05
-4.07076514261191e-05
-1.25043789948517e-05
1.252541333806826e-05
1.37584469773101e-05
-7.254993522778112e-06
9.752214603447501e-06
-7.705225136669671e-06
-5.879406100425168e-06
-3.945346646008985e-06
5.03547969669523e-06
-7.526033079019199e-07
5.262641270969828e-06
-2.539535305923782e-06
5.271437427935351e-06
3.804448946368379e-06
-2.977956391770188e-06
-3.787787840272302e-06
2.78298016470184e-06
4.443235347274633e-07
-2.43395391451234e-06
-2.973580787964271e-06
2.310381465298239e-06
2.155140112957754e-06
2.468807131426647e-06
1.9715917556905e-06
-3.499983016536672e-08
2.28912430606227e-06
-1.998998164079843e-06
-1.8569985872948e-06
1.971564743370076e-06
1.711303959379508e-06
2.375641642028995e-07
-1.716326678967548e-06
-1.825900109045938e-06
-1.485296117653849e-06
3.069973233059321e-07
1.631894423304198e-06
1.550766127644366e-06
1.371143100954655e-06
-1.539522670150299e-06
1.295007479560973e-07
1.420077969445019e-06
1.304169161455886e-06
1.384581969825513e-06
3.235042359687793e-07
-1.225128453550149e-06
1.2610137459718e-06
1.279405628184461e-06
-4.70853724406451e-07
-1.092851205564498e-06
-1.128947367700439e-06
-1.133631353269518e-06
-4.522739935782506e-07
-1.004774750180207e-06
1.134192568514593e-06
-1.031919078249373e-06
-4.038670630768125e-07
9.831187942643477e-07
-9.923834989522176e-07
-9.828709228095442e-07
2.811250744633664e-07
-9.917580224420249e-07
-1.021272992627374e-06

0.0008984582519436166
0.0005342439882137953
0.0001641064780283864
-0.0001643825310807596
-0.0001805647667521893
9.521395949625179e-05
-0.0001279872908690144
0.0001011227634831651
7.716085928278273e-05
5.177841642085897e-05
-6.60852361039965e-05
9.877106113226127e-06
-6.906648658539161e-05
3.332865990832707e-05
-6.918192665162886e-05
-4.992928618727387e-05
3.908246346154546e-05
4.971062715236926e-05
-3.652361092380929e-05
-5.831266824164667e-06
3.194301810249126e-05
3.90250383843704e-05
-3.032126308151677e-05
-2.828388788765284e-05
-3.240042895669242e-05
-2.58750138067412e-05
4.593349947565024e-07
-3.00422858098614e-05
2.623469333637718e-05
2.437110215472974e-05
-2.587465929920226e-05
-2.245901741511482e-05
-3.117773246413896e-06
2.252493518847936e-05
2.396296819308569e-05
1.949290842816624e-05
-4.029008518761041e-06
-2.141685296272853e-05
-2.035213164592178e-05
-1.799477329211586e-05
2.020457340165181e-05
-1.699557543635449e-06
-1.863699062442318e-05
-1.711581262277145e-05
-1.817114394114788e-05
-4.245643931129841e-06
1.607848864201164e-05
-1.654944437321146e-05
-1.679081797643963e-05
6.179446929009814e-06
1.434249253231318e-05
1.48162157008502e-05
1.48776879558856e-05
5.93560801543798e-06
1.318658411840609e-05
-1.488505330025906e-05
1.354282412675313e-05
5.300319299388748e-06
-1.290237307079498e-05
1.302396232024534e-05
1.289912002548525e-05
-3.689463177229855e-06
1.301575361608799e-05
1.340310574360086e-05

0.0006597471132573406
0.0003923008422892715
0.0001205050706717317
-0.0001207077792605996
-0.0001325905609560247
6.99165874247215e-05
-9.398238093069183e-05
7.425548282105884e-05
5.666001069962734e-05
3.802142246320584e-05
-4.8527066955243e-05
7.252860365456611e-06
-5.071622977359202e-05
2.44735769477255e-05
-5.080099859873456e-05
-3.666358715922655e-05
2.869865393519072e-05
3.650302358628778e-05
-2.681966226098854e-05
-4.281959062154117e-06
2.345608595197403e-05
2.865648611179965e-05
-2.226521459965453e-05
-2.076914908980124e-05
-2.379196743559296e-05
-1.900028813533492e-05
3.372943997711148e-07
-2.206035872656065e-05
1.926440450452616e-05
1.78959503780005e-05
-1.900002781680808e-05
-1.64918869342777e-05
-2.289412885533046e-06
1.654029103162463e-05
1.759625342220055e-05
1.431384267065862e-05
-2.958542295974491e-06
-1.572661488350106e-05
-1.494477909572811e-05
-1.321374666826652e-05
1.483642556290876e-05
-1.248002543026078e-06
-1.368533344500983e-05
-1.256831682997358e-05
-1.334325744554863e-05
-3.11761990211805e-06
1.180659918717677e-05
-1.215242681295742e-05
-1.232966992648248e-05
4.537631285730935e-06
1.053183943120444e-05
1.087969921461764e-05
1.092483892223877e-05
4.35857786952474e-06
9.683044022384874e-06
-1.093024737018874e-05
9.944634715805571e-06
3.892078846790907e-06
-9.474344933906647e-06
9.563629167375357e-06
9.471956189357502e-06
-2.709210667698473e-06
9.557601431684467e-06
9.842038073439314e-06

0.0009737538978807064
0.0005790165150321505
0.0001778594857378363
-0.0001781586735245486
-0.0001956970677985803
0.0001031934026890128
-0.0001387133159423517
0.0001095973963099394
8.362735533659868e-05
5.611772690254994e-05
-7.162353521648093e-05
1.070486086217975e-05
-7.485463056289488e-05
3.612178131444503e-05
-7.497974512915348e-05
-5.41136295850064e-05
4.235778462952653e-05
5.387664574395276e-05
-3.958448645196823e-05
-6.31995842581263e-06
3.462001525398828e-05
4.229554702127066e-05
-3.286234841787223e-05
-3.065423019737578e-05
-3.5115759604102e-05
-2.804347948000508e-05
4.978297440192738e-07
-3.255999134663125e-05
2.843330209359233e-05
2.641353192257923e-05
-2.804309526283875e-05
-2.43412041719577e-05
-3.379059455279328e-06
2.441264621013157e-05
2.597119413432205e-05
2.112651925884442e-05
-4.366661156766539e-06
-2.321170071917964e-05
-2.20577500151338e-05
-1.950283232055929e-05
2.189782559434982e-05
-1.841989629688482e-06
-2.019887092809692e-05
-1.855021000782807e-05
-1.969398378094618e-05
-4.601451784770939e-06
1.742595268429502e-05
-1.793637704512786e-05
-1.819797905777439e-05
6.697317900807208e-06
1.554447074024102e-05
1.605789446457715e-05
1.612451842602812e-05
6.433043971515362e-06
1.42916909686708e-05
-1.613250102598725e-05
1.467778581053002e-05
5.744514635629006e-06
-1.398366150282045e-05
1.411544058697587e-05
1.398013583477336e-05
-3.998660084808886e-06
1.410654394914726e-05
1.452635827352817e-05

1.560014360763024e-05
9.276205009865133e-06
2.849419679387392e-06
-2.854212853888402e-06
-3.135188847980788e-06
1.653222549204494e-06
-2.222273670692004e-06
1.755818513435547e-06
1.339762290712725e-06
8.990409183447329e-07
-1.147453619966162e-06
1.714985348098528e-07
-1.199217778789119e-06
5.78693422535856e-07
-1.201222191996966e-06
-8.669340317761206e-07
6.785980775710521e-07
8.631374031433727e-07
-6.341681143938906e-07
-1.012496681669707e-07
5.546341954139224e-07
6.776009923289862e-07
-5.264752785259722e-07
-4.910998500848383e-07
-5.625763284894089e-07
-4.492739983933773e-07
7.975542399169025e-09
-5.216313300263674e-07
4.555191993339656e-07
4.231612238722348e-07
-4.492678429795903e-07
-3.899612432739523e-07
-5.413463594366067e-08
3.911057892189124e-07
4.160746971396149e-07
3.384599898240731e-07
-6.99566299847753e-08
-3.718658948491276e-07
-3.533788862246693e-07
-3.124475143197922e-07
3.50816797464401e-07
-2.950982050896266e-08
-3.235984861045869e-07
-2.971859118646747e-07
-3.155098797177432e-07
-7.371812200684351e-08
2.791746096969797e-07
-2.873519256972241e-07
-2.915429527905583e-07
1.072952018643436e-07
2.49032097717934e-07
2.572574653957107e-07
2.583248227388175e-07
1.030613690066726e-07
2.289617859223821e-07
-2.58452708949652e-07
2.351472656408841e-07
9.203070043408841e-08
-2.240269621332477e-07
2.261381450899435e-07
2.2397047873681e-07
-6.40610237324167e-08
2.259956154189538e-07
2.327213022222152e-07

-0.0005750234903294988
-0.0003419222230144968
-0.0001050300106626218
0.0001052066877529184
0.0001155635024596475
-6.093801598370028e-05
8.19133204621551e-05
-6.471971767643865e-05
-4.938382671161994e-05
-3.313877486198915e-05
4.229530202607155e-05
-6.321460144970771e-06
4.420333620979248e-05
-2.133072105134989e-05
4.427721916391749e-05
3.195531050102881e-05
-2.501322070526428e-05
-3.181536623408342e-05
2.337552600514473e-05
3.732077027530588e-06
-2.044389455071066e-05
-2.497646800335918e-05
1.940595290946413e-05
1.810200963490676e-05
2.073664269491094e-05
1.656030285134493e-05
-2.939796160188496e-07
1.922740428561423e-05
-1.679050183731148e-05
-1.559778230526972e-05
1.65600759624927e-05
1.43740263451009e-05
1.995410304631003e-06
-1.441621446906612e-05
-1.533657193223389e-05
-1.247568288987276e-05
2.578611233202828e-06
1.370702925357033e-05
1.302559551249866e-05
1.151685937964948e-05
-1.2931156559476e-05
1.087736139818645e-06
1.192788576977373e-05
1.095431456373433e-05
1.162973859911247e-05
2.717260358723212e-06
-1.029041542904333e-05
1.059183244843286e-05
1.07463142971993e-05
-3.954916250965149e-06
-9.179358192900084e-06
-9.482546403626668e-06
-9.521889345350963e-06
-3.798856575563079e-06
-8.4395636735321e-06
9.526603249443389e-06
-8.667561326792868e-06
-3.392264578573012e-06
8.257665373602814e-06
-8.33548387485684e-06
-8.255583387639815e-06
2.361298356404541e-06
-8.330230210921953e-06
-8.578139973970665e-06

0.0007657956700758794
0.0004553597588457385
0.0001398752029197519
-0.0001401104951348702
-0.0001539033296738341
8.115506508537613e-05
-0.0001090892236341539
8.619139982743128e-05
6.576761002553194e-05
4.413303235038007e-05
-5.632736696991734e-05
8.418693999442327e-06
-5.886841849358108e-05
2.840748959899954e-05
-5.896681316324338e-05
-4.255693694113489e-05
3.331171062205915e-05
4.237056418334403e-05
-3.113068753108054e-05
-4.970246391908028e-06
2.72264458577902e-05
3.326276469124083e-05
-2.584415238973937e-05
-2.410760748250041e-05
-2.761631734134868e-05
-2.205441765767875e-05
3.91511513571075e-07
-2.560636773339823e-05
2.236098841465227e-05
2.077256730036779e-05
-2.205411549524948e-05
-1.914281298374325e-05
-2.657415909106071e-06
1.91989976148016e-05
2.042469668984432e-05
1.661466722486292e-05
-3.434101998275859e-06
-1.825453016879756e-05
-1.734702114155481e-05
-1.533774044736365e-05
1.722125072949886e-05
-1.448607996137776e-06
-1.588513065860659e-05
-1.458856342851207e-05
-1.548806894515852e-05
-3.618749933129319e-06
1.370440636142874e-05
-1.410582274217672e-05
-1.431155613025606e-05
5.267015680987297e-06
1.222474016525911e-05
1.262851535513311e-05
1.268091087448802e-05
5.059180999959385e-06
1.12395083456825e-05
-1.268718868297707e-05
1.154314744666841e-05
4.517696354517444e-06
-1.099726271080771e-05
1.110089860101884e-05
1.099448999654206e-05
-3.144692499528413e-06
1.109390195972912e-05
1.142405929470718e-05

0.000379776486697692
0.0002258238537454545
6.936747649113763e-05
-6.948416355828458e-05
-7.632436186124267e-05
4.024674818653622e-05
-5.409996910047815e-05
4.274438768605892e-05
3.261573922396038e-05
2.188663194149484e-05
-2.793409569769547e-05
4.175032785673672e-06
-2.919426424903623e-05
1.408795716323429e-05
-2.924306053165001e-05
-2.110500833011691e-05
1.652007829280376e-05
2.101258159812377e-05
-1.54384564982923e-05
-2.464864697596042e-06
1.350224917323277e-05
1.649580482877846e-05
-1.281673660454736e-05
-1.195554222903012e-05
-1.369559581656167e-05
-1.093731602501012e-05
1.941599736533574e-07
-1.269881347582375e-05
1.108935183502668e-05
1.030161561013534e-05
-1.093716617538624e-05
-9.493381256332157e-06
-1.317876448106773e-06
9.521244565868397e-06
1.012909820966712e-05
8.239612984083298e-06
-1.703053755498419e-06
-9.052860449236724e-06
-8.60280490115028e-06
-7.606354290829541e-06
8.54043232961651e-06
-7.183995377262836e-07
-7.877818258836894e-06
-7.234819392880018e-06
-7.680905807613475e-06
-1.794625106337724e-06
6.796344643353824e-06
-6.995416678810105e-06
-7.097444812914438e-06
2.612039724003116e-06
6.062542597422089e-06
6.26278442304276e-06
6.28876862096675e-06
2.508969508201712e-06
5.573942447743826e-06
-6.291881937147312e-06
5.724524379068145e-06
2.240434252280298e-06
-5.45380701250408e-06
5.505202542431751e-06
5.452431956828683e-06
-1.559528626086301e-06
5.501732739778655e-06
5.665465700975225e-06

-0.000447582352408235
-0.0002661427845836302
-8.175245018058183e-05
8.188997073248688e-05
8.995142833858336e-05
-4.743246320147411e-05
6.375905903424902e-05
-5.037603501766977e-05
-3.843900240980611e-05
-2.57943041599337e-05
3.292149119992241e-05
-4.920449424974597e-06
3.440665214165391e-05
-1.660324224537051e-05
3.446416058606485e-05
2.487312829218461e-05
-1.946959794311061e-05
-2.476419955227917e-05
1.819486176495574e-05
2.904945351698753e-06
-1.591296106900752e-05
-1.944099065828861e-05
1.510505605424242e-05
1.409010273833446e-05
1.614082811314925e-05
1.289008089485701e-05
-2.288255876683219e-07
1.496607875257561e-05
-1.306926140729279e-05
-1.214088157084085e-05
1.288990429088036e-05
1.118834383866981e-05
1.553172093290582e-06
-1.122118190541698e-05
-1.193756265396626e-05
-9.710725891469231e-06
2.007119537050258e-06
1.066917178343827e-05
1.013876264022899e-05
8.964404237723674e-06
-1.006525397584345e-05
8.466636727844756e-07
9.284335791271844e-06
8.526534939720046e-06
9.052266294535502e-06
2.115040174730897e-06
-8.009774248257899e-06
8.244388904636174e-06
8.364633295406877e-06
-3.078397228901449e-06
-7.144958080270697e-06
-7.38095138290765e-06
-7.411574838643127e-06
-2.956924701591888e-06
-6.569122524254351e-06
7.415244010987561e-06
-6.746589580295841e-06
-2.640444756784873e-06
6.427537927530646e-06
-6.48810969275362e-06
-6.425917367343457e-06
1.837969214946154e-06
-6.48402038630817e-06
-6.676986476914023e-06

-0.0003176160933619881
-0.0001888618509226246
-5.801366767350519e-05
5.811125583837731e-05
6.383187609512766e-05
-3.365931114033097e-05
4.524508872604067e-05
-3.574814635852295e-05
-2.727731715176971e-05
-1.830430997598735e-05
2.336194750826757e-05
-3.4916790519992e-06
2.441585638961122e-05
-1.178209308466232e-05
2.445666587938284e-05
1.765061959067356e-05
-1.38161337343993e-05
-1.757332092010568e-05
1.29115477452793e-05
2.061424873150563e-06
-1.129225158538933e-05
-1.379583326007033e-05
1.071894114715759e-05
9.998703842434466e-06
1.145395197409267e-05
9.147137090918601e-06
-1.623805961640291e-07
1.062031923460037e-05
-9.2742882488224e-06
-8.61548573967787e-06
9.147011768108851e-06
7.939540158609901e-06
1.102171365639558e-06
-7.962842905979409e-06
-8.471205341350493e-06
-6.890983982647317e-06
1.42430429358628e-06
7.571122147769022e-06
7.194730006630494e-06
6.361374701173678e-06
-7.142566344072424e-06
6.008145913130382e-07
6.588406463350731e-06
6.05065124417556e-06
6.423723904843527e-06
1.50088758859543e-06
-5.683944399860775e-06
5.850433069946506e-06
5.935761621088548e-06
-2.184510842306654e-06
-5.070248325210566e-06
-5.237715318588546e-06
-5.259446520294817e-06
-2.098310773499406e-06
-4.661620418554934e-06
5.262050260532046e-06
-4.787555663191069e-06
-1.873728362783548e-06
4.561148301530191e-06
-4.604131603560887e-06
-4.559998309818032e-06
1.304270819952534e-06
-4.601229725215067e-06
-4.738163488388358e-06

-0.001134471333887255
-0.0006745828074022628
-0.0002072150760768677
0.0002075636446096377
0.0002279967392443347
-0.0001202254054661491
0.000161607856879987
-0.000127686373993366
-9.74299949552284e-05
-6.537992056556643e-05
8.344495227346438e-05
-1.247169105851474e-05
8.720933776710813e-05
-4.20836573998438e-05
8.735510240967604e-05
6.304504831290946e-05
-4.934890893248027e-05
-6.276895044583215e-05
4.611787972724573e-05
7.363063378793784e-06
-4.033402584561487e-05
-4.927639904819505e-05
3.828625726214715e-05
3.571369059162189e-05
4.091159247242151e-05
3.267203719724097e-05
-5.799962135971433e-07
3.793399635652328e-05
-3.312619977505512e-05
-3.077306787484277e-05
3.267158956528789e-05
2.835870380131894e-05
3.936770980694225e-06
-2.844193730058496e-05
-3.025772252756256e-05
-2.461343727212828e-05
5.087375689002132e-06
2.70427765516375e-05
2.569836704806131e-05
2.272176187991479e-05
-2.551204720752935e-05
2.14600879826716e-06
2.35326811986973e-05
2.161190988530854e-05
2.294446276224764e-05
5.360918354676768e-06
-2.03020946350346e-05
2.089676419861061e-05
2.120154345020343e-05
-7.802705785241004e-06
-1.811007534206536e-05
-1.870823931210579e-05
-1.878585951427509e-05
-7.494813618927242e-06
-1.665052509881498e-05
1.879515963706698e-05
-1.710034463864368e-05
-6.692642972110635e-06
1.629165557360787e-05
-1.64451847083365e-05
-1.628754799638434e-05
4.658636283815955e-06
-1.643481968632718e-05
-1.69239240869371e-05

-0.0007940966558094513
-0.0004721881773683836
-0.0001450444749292359
0.000145288462677439
0.0001595910295494795
-8.415425720535613e-05
0.0001131207593066398
-8.937671631872724e-05
-6.81981385148118e-05
-4.576402657993893e-05
5.840901886652152e-05
-8.729817903747455e-06
6.104397828982265e-05
-2.945732572276362e-05
6.114600926383379e-05
4.412968449284462e-05
-3.454278868101421e-05
-4.393642408479415e-05
3.228116301446294e-05
5.153928381407058e-06
-2.823263495746382e-05
-3.449203388896749e-05
2.679925701707186e-05
2.499853580985099e-05
2.863691465423458e-05
2.286946765584601e-05
-4.059803362518959e-07
2.65526847161438e-05
-2.318736813817768e-05
-2.1540244833405e-05
2.286915432659588e-05
1.985026080346667e-05
2.755624207572478e-06
-1.990852181144484e-05
-2.117951820713989e-05
-1.722868409446917e-05
3.561013752229515e-06
1.892915032932443e-05
1.798810311292334e-05
1.590456680920447e-05
-1.78576846899636e-05
1.502143209033011e-06
1.647218654532646e-05
1.512770296872634e-05
1.6060450894271e-05
3.752485594265056e-06
-1.421087071488154e-05
1.462712196570087e-05
1.484045850160549e-05
-5.461665169709707e-06
-1.267652150919985e-05
-1.309521874204424e-05
-1.314955060670289e-05
-5.246149684816214e-06
-1.165487915250802e-05
1.315606041984294e-05
-1.196973963565245e-05
-4.684653762444229e-06
1.140368101173209e-05
-1.151114690250787e-05
-1.140080582816456e-05
3.260908744988213e-06
-1.150389169114629e-05
-1.184625042446559e-05

-5.232642131411933e-05
-3.111449636257622e-05
-9.55760013458222e-06
9.573677529650789e-06
1.051613476663242e-05
-5.545283544176775e-06
7.454010122790112e-06
-5.889413687292542e-06
-4.49386671344895e-06
-3.015587231507504e-06
3.848819797203947e-06
-5.752449985627056e-07
4.022448531097446e-06
-1.941069044037008e-06
4.029171787862069e-06
2.907893448910174e-06
-2.276171925259347e-06
-2.895158694967941e-06
2.127143747631288e-06
3.396143604632546e-07
-1.860368937207468e-06
-2.272827475159606e-06
1.765917540800368e-06
1.647260327145534e-06
1.887008653644096e-06
1.506966930339321e-06
-2.675177884782863e-08
1.749669838447294e-06
-1.527914751304786e-06
-1.419378759650253e-06
1.506946283720406e-06
1.30801849170009e-06
1.815798520417643e-07
-1.311857558445296e-06
-1.395608941084577e-06
-1.135271602041869e-06
2.346504100490084e-07
1.247322587253187e-06
1.185312965668145e-06
1.048019857012015e-06
-1.176719138601591e-06
9.898263373187355e-08
1.085422746504247e-06
9.968289795288714e-07
1.058291725381108e-06
2.472673077595188e-07
-9.36414985294736e-07
9.638435585858076e-07
9.779012143906583e-07
-3.598924522060911e-07
-8.353101608413926e-07
-8.628999103423649e-07
-8.66480069036367e-07
-3.456912161484664e-07
-7.679897811422962e-07
8.669090284281845e-07
-7.88737283579077e-07
-3.086918509120805e-07
7.514372624408779e-07
-7.585186491141095e-07
-7.51247804312058e-07
2.148752089682603e-07
-7.580405722442682e-07
-7.806000518527416e-07

-0.0008006083345946962
-0.0004760601716836235
-0.0001462338553697653
0.0001464798438440501
0.0001608996933170298
-8.484433125023359e-05
0.0001140483618134049
-9.010961509534266e-05
-6.875737065422202e-05
-4.613929656607898e-05
5.888797916213179e-05
-8.801403358270032e-06
6.154454553874283e-05
-2.969887899159065e-05
6.164741317784036e-05
4.449155269643839e-05
-3.48260432981764e-05
-4.429670753204144e-05
3.254587205562274e-05
5.196191153647688e-06
-2.846414562905045e-05
-3.477487231133977e-05
2.701901383394918e-05
2.520352651733997e-05
2.887174046322889e-05
2.305699977334053e-05
-4.093094190825933e-07
2.677041961338798e-05
-2.337750707413512e-05
-2.171687717946008e-05
2.305668387477241e-05
2.001303509701267e-05
2.778220625227173e-06
-2.007177385156221e-05
-2.135319255570454e-05
-1.736996117439854e-05
3.590214451584047e-06
1.908437141698229e-05
1.813560751125779e-05
1.603498598365169e-05
-1.800411964305613e-05
1.51446094642096e-06
1.660726026322622e-05
1.525175177534146e-05
1.61921483351301e-05
3.783256383507351e-06
-1.432740139747992e-05
1.47470659537436e-05
1.496215187239962e-05
-5.506451417021951e-06
-1.278047036174718e-05
-1.32026009573483e-05
-1.325737834918859e-05
-5.289168681756587e-06
-1.175045042681892e-05
1.326394154351402e-05
-1.206789280010085e-05
-4.723068431864615e-06
1.149719243401562e-05
-1.160553955676553e-05
-1.14942936736305e-05
3.287648550702862e-06
-1.159822485187828e-05
-1.194339096398696e-05

0.0005825352860097987
0.0003463889098906468
0.000106402065880648
-0.0001065810509848782
-0.0001170731615138408
6.173407724539006e-05
-8.298339174993389e-05
6.556518104245564e-05
5.002895029768291e-05
3.357168188240523e-05
-4.284782496191136e-05
6.404040279188578e-06
-4.47807846715822e-05
2.160937404717504e-05
-4.485563279265985e-05
-3.237275738350169e-05
2.533997988363151e-05
3.22309849603752e-05
-2.368089122624618e-05
-3.780830862052752e-06
2.071096252506609e-05
2.530274706433133e-05
-1.965946177594368e-05
-1.833848449213411e-05
-2.100753497259477e-05
-1.677663768550888e-05
2.978200066234826e-07
-1.947858068950399e-05
1.70098438664446e-05
1.580154329193388e-05
-1.677640783271325e-05
-1.456180084618657e-05
-2.021477264953206e-06
1.46045400929587e-05
1.553692060794996e-05
1.263865845942053e-05
-2.61229681483326e-06
-1.388609046561989e-05
-1.319575484294881e-05
-1.166730939777243e-05
1.31000821905443e-05
-1.101945736076743e-06
-1.208370521420765e-05
-1.109741580082151e-05
-1.178166321025757e-05
-2.752757177491601e-06
1.042484384712742e-05
-1.073019841533292e-05
-1.088669833136881e-05
4.006581136502774e-06
9.299272360548486e-06
9.60642125797607e-06
9.646278154592826e-06
3.848482781960055e-06
8.549813565951812e-06
-9.651053638584303e-06
8.780789657157597e-06
3.436579287165666e-06
-8.36553904506898e-06
8.444374125110638e-06
8.363429861168849e-06
-2.392145080219916e-06
8.439051830150609e-06
8.690200152182939e-06

-9.911053865568653e-05
-5.893341101945339e-05
-1.810287945945334e-05
1.813333136595982e-05
1.991842276074162e-05
-1.050322237325506e-05
1.411850724470773e-05
-1.115503312201153e-05
-8.511752560723056e-06
-5.711769835831154e-06
7.289980734554424e-06
-1.089561262446407e-06
7.618847813736283e-06
-3.6765441566683e-06
7.631582214152759e-06
5.507788968505199e-06
-4.311256530052788e-06
-5.483668298815963e-06
4.028984924439939e-06
6.432574855186434e-07
-3.523691527779741e-06
-4.304921866953608e-06
3.344792827309113e-06
3.120046321314161e-06
3.574149338194592e-06
2.854319107838603e-06
-5.06700658102693e-08
3.314018344903336e-06
-2.893996000835453e-06
-2.688419920419394e-06
2.854280001465309e-06
2.477494428789313e-06
3.43927149859397e-07
-2.484765936418895e-06
-2.643397932254241e-06
-2.150297634981734e-06
4.444471445159026e-07
2.362531401829846e-06
2.24508008675065e-06
1.985035665385469e-06
-2.228802672600186e-06
1.874812360636985e-07
2.055879809345362e-06
1.888075939983392e-06
2.004491427517792e-06
4.683445847884502e-07
-1.773646874114129e-06
1.825598844173458e-06
1.852225198579257e-06
-6.816658563763609e-07
-1.582146034575056e-06
-1.634403285603203e-06
-1.641184400140487e-06
-6.547675491735515e-07
-1.454635707532372e-06
1.64199688446224e-06
-1.493933180782675e-06
-5.846877132836128e-07
1.423283877931791e-06
-1.436696605769287e-06
-1.422925028677986e-06
4.069912898626016e-07
-1.435791088915405e-06
-1.47852059573525e-06

-0.0003057379553200921
-0.0001817988362228993
-5.584408506308086e-05
5.59380236470245e-05
6.144470538297487e-05
-3.240052749393101e-05
4.355302267254352e-05
-3.441124490404142e-05
-2.625720593779642e-05
-1.761976934599459e-05
2.248826244241563e-05
-3.361097993146768e-06
2.350275746707537e-05
-1.134146891286356e-05
2.354204077241602e-05
1.699052553246198e-05
-1.329944094981037e-05
-1.691611766083014e-05
1.242868447205892e-05
1.984332151092315e-06
-1.086994640012711e-05
-1.327989966826283e-05
1.031807650183883e-05
9.624774476223094e-06
1.102559955264527e-05
8.80505443411246e-06
-1.56307921709161e-07
1.022314283026216e-05
-8.927450420480738e-06
-8.293285665265211e-06
8.804933798135466e-06
7.64261895101588e-06
1.060952599020339e-06
-7.665050227232811e-06
-8.154401034121108e-06
-6.633276452383715e-06
1.371038469322026e-06
7.287978957340244e-06
6.925663048205085e-06
6.123473384416483e-06
-6.875450190993736e-06
5.783454570279287e-07
6.342014661783453e-06
5.824370296124479e-06
6.183490866009028e-06
1.444757718801935e-06
-5.471377475139807e-06
5.631639837904729e-06
5.713777290317945e-06
-2.102814977764823e-06
-4.880632273720084e-06
-5.041836372645033e-06
-5.06275487554918e-06
-2.019838600507565e-06
-4.487286145234312e-06
5.065261241693301e-06
-4.608511690783006e-06
-1.803655074270367e-06
4.390571462729616e-06
-4.431947284521638e-06
-4.389464478159893e-06
1.255493981599978e-06
-4.429153929988094e-06
-4.560966673886244e-06

0.00036576522287047
0.0002174924332804191
6.680827114747564e-05
-6.692065322649394e-05
-7.350849303322022e-05
3.876190690014282e-05
-5.21040347372915e-05
4.116739986825544e-05
3.141243216516194e-05
2.107915863769146e-05
-2.690351060800546e-05
4.021001433292936e-06
-2.811718719719898e-05
1.356820385696036e-05
-2.816418321674687e-05
-2.032637181588691e-05
1.591059565362166e-05
2.023735502465311e-05
-1.486887861586386e-05
-2.373927341579965e-06
1.300410465386818e-05
1.588721772136849e-05
-1.234388300705829e-05
-1.151446106091635e-05
-1.319031807298568e-05
-1.053380073177664e-05
1.869967428824269e-07
-1.223031046908042e-05
1.068022741664006e-05
9.921553496715538e-06
-1.053365641063444e-05
-9.143137694511938e-06
-1.269255442717903e-06
9.169973030493164e-06
9.755400857883874e-06
7.935625256039651e-06
-1.640222231387716e-06
-8.718869218628828e-06
-8.285417771234822e-06
-7.325729659066173e-06
8.225346338869911e-06
-6.91895302185284e-07
-7.587178385450248e-06
-6.967901964320194e-06
-7.39753071337601e-06
-1.72841519941271e-06
6.545604059889334e-06
-6.737331641678011e-06
-6.835595606181726e-06
2.515672573896032e-06
5.838874501125451e-06
6.031728715485763e-06
6.056754266769564e-06
2.416404973677767e-06
5.36830049535989e-06
-6.059752721986818e-06
5.513326940121028e-06
2.157776909090079e-06
-5.252597270476888e-06
5.302096642124543e-06
5.251272945344929e-06
-1.501992238784927e-06
5.298754852453789e-06
5.456447140266162e-06

0.0002363736365069526
0.000140553213243481
4.317445457481417e-05
-4.324708083627236e-05
-4.750443378958869e-05
2.504965567804744e-05
-3.36719277761545e-05
2.660419144287355e-05
2.030010060585267e-05
1.362228301147917e-05
-1.738623641500202e-05
2.598548663884958e-06
-1.817056781391524e-05
8.768372403922249e-06
-1.82009387167566e-05
-1.313579892972122e-05
1.028212940562971e-05
1.307827234889077e-05
-9.60892586130488e-06
-1.534136663208229e-06
8.403826592434657e-06
1.026702155362162e-05
-7.977162213761529e-06
-7.441153131021425e-06
-8.524165925683812e-06
-6.807407127623455e-06
1.208455516441535e-07
-7.90376662519631e-06
6.902034516503312e-06
6.411745932019186e-06
-6.807313860940809e-06
-5.908699271553393e-06
-8.202489080201468e-07
5.926041450505182e-06
6.304370760742311e-06
5.128351418990329e-06
-1.059984026009056e-06
-5.634518249875801e-06
-5.354402786564938e-06
-4.734209955748787e-06
5.315581974652757e-06
-4.471332932533013e-07
-4.9031696663757e-06
-4.502965900375703e-06
-4.780610967237528e-06
-1.116978215894684e-06
4.230058348976962e-06
-4.353961177599722e-06
-4.417463690071784e-06
1.625738690751868e-06
3.773338504154275e-06
3.89796941248961e-06
3.914142028668581e-06
1.561587584567225e-06
3.469232804561084e-06
-3.916079762819574e-06
3.56295529645528e-06
1.394450710128574e-06
-3.394460272039258e-06
3.426448951526092e-06
3.393604434665343e-06
-9.70653701573938e-07
3.424289339489914e-06
3.526197058403232e-06

6.775785891938299e-05
4.02903848937124e-05
1.237620508459051e-05
-1.239702381909382e-05
-1.361741846645431e-05
7.180627503510927e-06
-9.652251264197703e-06
7.626244098486756e-06
5.819140295099112e-06
3.904905572771781e-06
-4.983864408709707e-06
7.448888817053134e-07
-5.208697503712227e-06
2.513504251471654e-06
-5.217403497244176e-06
-3.765452119897024e-06
2.947431380046807e-06
3.748961795481561e-06
-2.754453722067805e-06
-4.397690754548069e-07
2.40900510330482e-06
2.943100627600506e-06
-2.286699311495272e-06
-2.133049232978386e-06
-2.443501063537108e-06
-1.95138230546928e-06
3.464107063860034e-08
-2.265660044980517e-06
1.978507789344719e-06
1.837963753946056e-06
-1.951355570044357e-06
-1.693762542874654e-06
-2.351290550405472e-07
1.698733777953854e-06
1.807184045118045e-06
1.470071354283157e-06
-3.038505019103958e-07
-1.615166980104152e-06
-1.534870275600691e-06
-1.35708844275919e-06
1.523742067153533e-06
-1.281733235995831e-07
-1.405521713084752e-06
-1.290801007696078e-06
-1.370389558886409e-06
-3.201882134011212e-07
1.212570492487511e-06
-1.248087949110328e-06
-1.266291308606002e-06
4.660273221475253e-07
1.081649128886296e-06
1.117375293734189e-06
1.122011266936833e-06
4.476380395413034e-07
9.944754855217489e-07
-1.122566729549439e-06
1.021341575482291e-06
3.997272956625604e-07
-9.730415101215482e-07
9.82211248607984e-07
9.72796179429494e-07
-2.782434519458685e-07
9.815921834289512e-07
1.01080461567564e-06

5.650262512598083e-05
3.359776342017281e-05
1.032039806937845e-05
-1.033775861138619e-05
-1.13554339387898e-05
5.987856028375721e-06
-8.048919247191099e-06
6.359451409640155e-06
4.852524974855874e-06
3.256263099969118e-06
-4.155996468235747e-06
6.211556550743274e-07
-4.343482617961474e-06
2.095986956183667e-06
-4.35074246203049e-06
-3.139974210438076e-06
2.457834604098001e-06
3.126223087914491e-06
-2.296912396090573e-06
-3.667191910847628e-07
2.008846124247646e-06
2.454223231407318e-06
-1.906856503948495e-06
-1.778729185199407e-06
-2.037611972839488e-06
-1.627238886264348e-06
2.88868547423365e-08
-1.889312062496021e-06
1.649858565674478e-06
1.532660249908962e-06
-1.627216591859285e-06
-1.412412250613721e-06
-1.960718515184291e-07
1.416557715590452e-06
1.506993347547747e-06
1.2258783256188e-06
-2.533780033452856e-07
-1.346872168756503e-06
-1.279913521216056e-06
-1.131662965259796e-06
1.270633815506463e-06
-1.068824985033565e-07
-1.172051002311704e-06
-1.076386512406529e-06
-1.142754637727576e-06
-2.670018634005094e-07
1.011150840187278e-06
-1.040768504752258e-06
-1.055948110690549e-06
3.886156897775045e-07
9.01976777637366e-07
9.317684819710282e-07
9.356343753128267e-07
3.732810443498945e-07
8.29283517094804e-07
-9.360975702377707e-07
8.51686890424904e-07
3.333287370598455e-07
-8.114099317081694e-07
8.190564882077137e-07
8.112053528097291e-07
-2.32024531321236e-07
8.185402557188977e-07
8.429002212640912e-07

-0.0006071678121499684
-0.0003610359777719995
-0.0001109012811764711
0.0001110878346724677
0.0001220236044836316
-6.434450498769256e-05
8.64923475429151e-05
-6.833760715069874e-05
-5.214442631355967e-05
-3.499126169395186e-05
4.465964682706018e-05
-6.674835359533483e-06
4.667434180963377e-05
-2.252312722894156e-05
4.675235488628827e-05
3.374164062821931e-05
-2.641148187134215e-05
-3.359387335292953e-05
2.468223858864234e-05
3.94070343505685e-06
-2.158672634235397e-05
-2.637267466089627e-05
2.049076284511457e-05
1.911392798794789e-05
2.189583936680969e-05
1.748603843126964e-05
-3.104133366317698e-07
2.030223319523953e-05
-1.772910574420759e-05
-1.646971213515662e-05
1.748579885914682e-05
1.517754713418569e-05
2.106955505956569e-06
-1.522209361158865e-05
-1.619389987118745e-05
-1.317308460038315e-05
2.722757882380432e-06
1.447326431515503e-05
1.375373782512094e-05
1.21606620076941e-05
-1.365401965105829e-05
1.148541552331572e-06
1.259466513664539e-05
1.156667043889219e-05
1.227985127536987e-05
2.869157616675246e-06
-1.086565875523326e-05
1.118392525265849e-05
1.134704277343683e-05
-4.175999568222563e-06
-9.692492436662378e-06
-1.00126291365903e-05
-1.005417138355519e-05
-4.011216018903545e-06
-8.91134274918513e-06
1.005914879906624e-05
-9.15208567295928e-06
-3.581895169579108e-06
8.719276173362681e-06
-8.801444797681681e-06
-8.717077802543408e-06
2.493297023517191e-06
-8.795897449283257e-06
-9.057665587414856e-06

-0.0004954285697829155
-0.000294593248404409
-9.04917257155063e-05
9.064394711104056e-05
9.956716848187329e-05
-5.250295789986061e-05
7.057485456719265e-05
-5.576119533276122e-05
-4.254810290291939e-05
-2.855169590520017e-05
3.644077388786361e-05
-5.446441773652551e-06
3.808469741905179e-05
-1.837811637373075e-05
3.814835347295256e-05
2.753204702893102e-05
-2.155088334316411e-05
-2.741147388854693e-05
2.013987882479751e-05
3.215481828419422e-06
-1.761404465797708e-05
-2.151921796106395e-05
1.671977520378631e-05
1.559632414056115e-05
1.786627051801243e-05
1.42680208631302e-05
-2.532868711608242e-07
1.656594133293177e-05
-1.446635563779678e-05
-1.343873269395579e-05
1.426782538030375e-05
1.238436939348976e-05
1.719205023757912e-06
-1.242071782493453e-05
-1.321367913753404e-05
-1.074879519730975e-05
2.221679108377677e-06
1.180969823541518e-05
1.122258875307853e-05
9.92269231919754e-06
-1.114122206768742e-05
9.371713836293643e-07
1.02768243155868e-05
9.438015122046556e-06
1.001994676391895e-05
2.341136381190679e-06
-8.86601310071722e-06
9.125707887686636e-06
9.258806313541161e-06
-3.407475581047593e-06
-7.908748733771788e-06
-8.169969543255306e-06
-8.203866623421131e-06
-3.273017731784643e-06
-7.271356789222768e-06
8.207928027523158e-06
-7.467794940300343e-06
-2.922706318527091e-06
7.114636905432711e-06
-7.181683746870211e-06
-7.112843108579026e-06
2.034446743860101e-06
-7.177157296640502e-06
-7.390751317422358e-06

