-0.7966824561801206
-0.4725825126486488
-0.1460031725455418
0.1450148457111261
0.1605558109530175
-0.08376207161218872
0.1140257483161987
-0.08897779282290577
-0.06890878070204129
-0.04532374123915493
0.0590704567979134
-0.008639087059390984
0.06070119463636065
-0.02999092281371155
0.06081626415887521
0.0446829149407575
-0.03419828937936439
-0.04444614705242939
0.03195472500135501
0.005255037306232045
-0.02867912677898203
-0.0342027728795379
0.02722165124894453
0.02470886930441817
0.02903594953187214
0.02260161142107772
-0.0004031648701448404
0.0269234283688815
-0.02294383087572575
-0.02187603486627033
0.02264457751463355
0.02015810351574752
0.002823156545678939
-0.01969701115991309
-0.02147626101565833
-0.01702826149590838
0.003631162106191298
0.01919805783187667
0.01780556288652043
0.01615808357789998
-0.01769188000659152
0.001560754484288808
0.01670726390304655
0.01496614592376382
0.01628620723650696
0.003695534287138544
-0.01407108184195666
0.0148378532000124
0.01470247178425375
-0.005521883788007092
-0.01286723457569141
-0.01296416973905673
-0.01333516250384145
-0.005160403946785671
-0.01156236853839292
0.01333417898014353
-0.01185489504692595
-0.004752489515940084
0.01155860814519931
-0.01140234705959339
-0.01155515454584904
0.003307251797519567
-0.01140354275972564
-0.01199770462872677

-0.473071891208958
-0.2806205926547146
-0.08669702266286981
0.08611015189525537
0.09533841311905537
-0.04973811249610369
0.06770875395078509
-0.05283521985417371
-0.04091819388601471
-0.02691334272309215
0.03507617432161413
-0.005129909943162179
0.03604451023429787
-0.01780867956174714
0.0361128387838146
0.02653281858007613
-0.02030702359176156
-0.02639222525850956
0.01897478985782143
0.00312045334692915
-0.01702973203224781
-0.02030968590458714
0.01616427968040308
0.01467218393074729
0.01724161421094835
0.0134208893096458
-0.0002394002354499733
0.01598719424217785
-0.01362410001594732
-0.01299004026769097
0.01344640267569841
0.01196992864520824
0.001676396908052602
-0.01169613093434235
-0.01275265362750553
-0.01011142119092258
0.002156192484891338
0.0113998512903208
0.01057298456043126
0.009594707523929415
-0.01050547940252839
0.0009267796345557443
0.009920812075411406
0.008886932178981278
0.009670787649744307
0.002194416835315184
-0.008355441050178308
0.008810751661921152
0.008730361863069346
-0.003278907407035794
-0.007640593749901191
-0.007698154074851875
-0.007918450439476319
-0.003064259838490917
-0.006865761268966177
0.007917866420819663
-0.007039464188558056
-0.002822039302879628
0.006863528338755761
-0.006770740143535492
-0.006861477583458305
0.001963853791956609
-0.006771450153028775
-0.007124264849618656

-0.1435197198444076
-0.08513418275068008
-0.02630199053280862
0.02612394670963953
0.02892360039882739
-0.015089461250365
0.02054136290615165
-0.01602905624346369
-0.01241368982640899
-0.008164922667085909
0.01064134818703443
-0.001556303072642127
0.0109351202362484
-0.005402765941066675
0.01095584963164265
0.00804947992061613
-0.006160709166876008
-0.008006826965542292
0.005756538435504157
0.0009466776582184208
-0.005166450207061939
-0.006161516854668956
0.004903890791925861
0.004451221402870938
0.005230730650467356
0.004071605837458346
-7.26288231470434e-05
0.004850166922558539
-0.004133255544784842
-0.003940895611493278
0.004079346037659745
0.003631415938341768
0.0005085823509329919
-0.003548351669489768
-0.003868877669340644
-0.00306758520959947
0.0006541418907202874
0.003458466871225317
0.003207613494336492
0.002910825524433237
-0.003187133898041362
0.0002811647785053787
0.003009758550764094
0.00269610188283162
0.002933906579438438
0.0006657383270464831
-0.002534859037244092
0.002672990371306114
0.002648601855258367
-0.0009947491727964352
-0.002317989918249959
-0.002335452468585742
-0.002402285592936621
-0.0009296297702797592
-0.002082922600458642
0.002402108414383405
-0.002135620287254823
-0.0008561453294214767
0.002082245178010451
-0.002054095258242887
-0.00208162302346825
0.0005957905157216843
-0.00205431065967247
-0.002161346962934225

0.1421603285523022
0.08432780808090651
0.026052863117205
-0.02587650569100242
-0.02864964159679762
0.01494653676410136
-0.0203467990518618
0.0158772320934453
0.01229610973448451
0.008087586083752872
-0.01054055537558589
0.001541562068081953
-0.01083154487222294
0.005351591977091188
-0.01085207792275722
-0.00797323678886027
0.006102356109865332
0.007930987834406957
-0.005702013606233663
-0.0009377109087972484
0.005117514580447961
0.006103156147393639
-0.004857442077788965
-0.004409060286469334
-0.005181186171804131
-0.004033040366968245
7.194089684781215e-05
-0.004804227070624582
0.004094106140077625
0.003903568203223928
-0.004040707253477886
-0.003597019862250335
-0.0005037651563354709
0.003514742362241488
0.003832232401224977
0.003038529630156583
-0.0006479459840463925
-0.003425708935566439
-0.003177231593805661
-0.002883254742699108
0.003156945976323019
-0.0002785016395865233
-0.002981250694354315
-0.00267056492229507
-0.002906117178371611
-0.0006594325811494455
0.002510849338050835
-0.002647672318577587
-0.002623514805884472
0.0009853270991983345
0.002296034361806442
0.002313331510209189
0.002379531604010706
0.0009208244951867521
0.002063193556615936
-0.002379356103659168
0.002115392101018457
0.0008480360848740682
-0.002062522550583706
0.002034639261461416
0.002061906288970293
-0.0005901473020935138
0.002034852622652758
0.002140875098553822

0.1552558091810999
0.09209589069886051
0.02845279260351222
-0.02826018953914333
-0.03128878030993901
0.01632337715730752
-0.0222210991154249
0.01733980598755834
0.0134287989205442
0.00883259580603009
-0.01151152695495159
0.001683567199937571
-0.01182932173091849
0.005844568251013626
-0.0118517462385678
-0.008707712918595078
0.006664491039072339
0.008661572088188838
-0.006227269910057058
-0.001024090668654405
0.005588928186046893
0.006665364774206504
-0.005304898406027967
-0.004815212721263709
-0.005658465057115947
-0.004404554716568001
7.856792585572014e-05
-0.005246781355497213
0.004471245727440985
0.004263155876585661
-0.004412927858926935
-0.003928369011534039
-0.0005501708372555938
0.003838512298542574
0.004185248785516928
0.003318431951127299
-0.0007076332693039783
-0.00374127731854832
-0.003469910818828974
-0.003148853500210041
0.003447756537187404
-0.0003041565664105722
-0.003255876612252767
-0.00291657118553282
-0.00317382197057265
-0.000720177985161972
0.002742142971114241
-0.002891569768114902
-0.00286518692123322
0.001076093152371774
0.002507539736155811
0.002526430257858572
0.002598728551171573
0.001005648717683501
0.002253250174585488
-0.00259853688413311
0.002310257128155645
0.0009261552073824304
-0.002252517357030359
0.002222065523810969
0.002251844326821633
-0.000644510306466387
0.002222298539343527
0.002338087560478871

-0.07987489673107556
-0.04738083423563211
-0.01463818895346716
0.01453909990837909
0.01609722759668193
-0.008397934168258226
0.01143215192047678
-0.008920859192949679
-0.006908752288611408
-0.004544130629281578
0.005922367939683231
-0.0008661495949432963
0.006085864719909815
-0.003006871613691919
0.006097401519998216
0.004479881775796713
-0.003428699617223786
-0.004456143571835196
0.0032037612222411
0.0005268668324452041
-0.002875351744017319
-0.003429149130219199
0.002729226137078341
0.002477296153217697
0.002911126575408521
0.002266023764185368
-4.042106377339364e-05
0.00269932649316768
-0.002300334477802922
-0.002193277901722065
0.002270331518495612
0.002021039153205667
0.000283047951905811
-0.001974810315080341
-0.002153196819496299
-0.001707243102872055
0.0003640580961654958
0.001924785558991983
0.001785174865802953
0.001619999596002241
-0.001773777089657551
0.0001564802918504188
0.001675060080164253
0.001500496654404699
0.001632845195805942
0.0003705120117320716
-0.001410758075944193
0.001487634104237881
0.001474060846132927
-0.000553620697814944
-0.001290061083902992
-0.001299779744211302
-0.001336975252337601
-0.0005173789495948504
-0.001159236011544798
0.001336876644852721
-0.001188564540721491
-0.0004764816977657881
0.001158858996817009
-0.00114319235576733
-0.001158512741056229
0.0003315830463454021
-0.001143312235927152
-0.001202882542214717

0.1122622465321711
0.06659262310872463
0.02057362255642767
-0.02043435528643129
-0.02262426628267519
0.0118030945208212
-0.01606761460501703
0.01253805306779165
0.009710085200680693
0.00638666632266941
-0.008323745718726887
0.001217352426616346
-0.008553536511576044
0.004226085744102566
-0.008569751206661265
-0.006296366104140475
0.004818954858991214
0.006263002629333487
-0.004502809354139779
-0.0007404986629626735
0.004041237730053662
0.004819586638694
-0.003835861703512518
-0.00348178016958339
-0.004091518395261499
-0.003184841907454982
5.681083309189676e-05
-0.003793838473020968
0.003233064790344896
0.003082599347146698
-0.003190896352546466
-0.00284052192808948
-0.0003978170896958892
0.002775548407809027
0.003026266349944575
0.002399489125480962
-0.0005116748993289201
-0.002705239816116898
-0.002509020344183792
-0.002276870474598609
0.002493001043903924
-0.000219929287173649
-0.002354256660996993
-0.002108911963976913
-0.002294924656210714
-0.000520745722454708
0.001982786549974654
-0.002090833959033585
-0.002071757071176877
0.0007781005773653538
0.001813149830169784
0.001826809173518275
0.001879086565717895
0.0007271636717802606
0.001629278337037456
-0.001878947975268447
0.001670498879505623
0.0006696835678266671
-0.001628748451905045
0.001606729364656039
0.001628261797758968
-0.0004660319977635247
0.001606897853341242
0.001690622486287441

-0.08393743966284693
-0.04979068615536213
-0.01538270661171476
0.0152785777666836
0.0169159538908145
-0.00882506421152412
0.01201360629325798
-0.009374585894868868
-0.007260140571117827
-0.004775251125515583
0.006223587409095967
-0.0009102031093616901
0.006395399851889257
-0.003159805082414551
0.006407523428893543
0.00470773449033164
-0.00360308781633521
-0.00468278892991129
0.003366708756964211
0.0005536639766513028
-0.003021595938152858
-0.003603560192155984
0.002868038189502594
0.002603294713329579
0.003059190324801812
0.002381276731052036
-4.247693255880733e-05
0.002836617810142412
-0.002417332532961655
-0.002304830917772342
0.00238580358344641
0.002123831878615026
0.0002974441452461502
-0.002075251780615692
-0.002262711258672347
-0.00179407574597125
0.0003825745726288704
0.002022682699243534
0.001875971221477443
0.001702394918908856
-0.00186399373935677
0.0001644390865360411
0.001760255852145946
0.001576813899584787
0.00171589386291377
0.0003893567428804724
-0.001482511098288676
0.001563297143097283
0.001549033531126435
-0.0005817785790122723
-0.00135567529753589
-0.001365888261765492
-0.001404975582650378
-0.0005436935275258319
-0.001218196288899891
0.001404871959857667
-0.001249016505875587
-0.0005007161873563955
0.001217800098704452
-0.001201336631560931
-0.001217436231917322
0.0003484477988066164
-0.001201462608985709
-0.001264062739869555

-0.0682017212824136
-0.04045644605395909
-0.01249891673030816
0.01241430887837675
0.01374472675270622
-0.007170632938904782
0.009761420306606206
-0.007617136011155401
-0.005899084910040819
-0.003880036699048174
0.005056853956432903
-0.0007395676949930894
0.005196456789009443
-0.002567437682197194
0.005206307563860871
0.00382517738056833
-0.002927618378554363
-0.003804908354424725
0.002735553207291586
0.0004498688114787619
-0.002455138551160621
-0.002928002198268026
0.002330368212485781
0.002115256090341053
0.002485685133118615
0.001934859730769058
-3.451379893101011e-05
0.002304838199129254
-0.001964156165856187
-0.001872745183655449
0.001938537935948076
0.001725677962275831
0.0002416824098120288
-0.001686205155897982
-0.001838521680270261
-0.001457741080473413
0.0003108534698816043
0.001643491179271639
0.001524283643806052
0.001383247621542944
-0.001514551575487657
0.0001336117564809027
0.001430261388672318
0.001281209225891168
0.001394215923891575
0.0003163641893775787
-0.001204585333192034
0.001270226450358112
0.001258636832042295
-0.0004727127805334008
-0.001101527389486422
-0.001109825733379843
-0.001141585369787328
-0.0004417675184793495
-0.0009898215158400778
0.001141501173118446
-0.001014863879015256
-0.0004068471231531594
0.0009894995992629973
-0.0009761225317469069
-0.0009892039464370883
0.0002831244287547441
-0.0009762248922343714
-0.001027089401515607

-0.04763640631198895
-0.02825734696908587
-0.008730035908614564
0.008670940420466953
0.00960018861588163
-0.005008424681503472
0.006817994841832653
-0.005320290736629991
-0.004120294918657509
-0.002710063635137892
0.003532027421002616
-0.0005165609687184664
0.003629534890461474
-0.001793261259542848
0.003636415296183175
0.002671746408887427
-0.002044834294281033
-0.002657589235918546
0.001910683801234118
0.0003142169008014923
-0.001714824426366586
-0.002045102378304843
0.001627676911068988
0.001477428966288955
0.001736160095939791
0.00135142871116081
-2.410662543897095e-05
0.001609845131070537
-0.001371891198896413
-0.001308043973231244
0.001353997802865514
0.001205322901370955
0.0001688063183125503
-0.001177752590717451
-0.001284140108606965
-0.001018178795217707
0.000217119772292149
0.001147918441262945
0.001064656340422826
0.0009661478404195435
-0.001057858846870475
9.332292206275645e-05
0.0009989852361795726
0.0008948777553941432
0.0009738087981993565
0.0002209688081822468
-0.0008413587705769205
0.000887206688625305
0.00087911176438083
-0.0003301725771570384
-0.000769376568548434
-0.0007751726580605814
-0.0007973556017716904
-0.0003085584441274801
-0.0006913541039479731
0.0007972967934798613
-0.0007088452781411803
-0.0002841678259868859
0.0006911292569999185
-0.0006817858649060481
-0.0006909227543213496
0.0001977520518750986
-0.0006818573599597952
-0.0007173843581855416

0.05952450922606665
0.0353092275548489
0.01090869658770603
-0.01083485327747544
-0.01199600389869016
0.006258323081922996
-0.008519488103447987
0.006648018176766116
0.005148552375959336
0.003386384917377544
-0.004413477318822644
0.0006454735050106749
-0.004535318673254781
0.002240786084687041
-0.004543916147446328
-0.003338505275228667
0.002555141481885615
0.003320815049659416
-0.002387512500623839
-0.0003926326156564356
0.002142774619055425
0.002555476468739905
-0.002033878640538446
-0.001846134940548553
-0.002169434801018439
-0.001688690163968264
3.012265532696486e-05
-0.002011596775990302
0.001714259253543245
0.001634478366036855
-0.001691900396114915
-0.001506122306815995
-0.0002109334861662156
0.001471671571802229
0.001604609072349134
0.001272274669352544
-0.0002713040065265239
-0.001434392036213101
-0.00133035111303373
-0.001207258911685206
0.001321857242505081
-0.0001166125147842925
-0.001248291181291326
-0.001118202722058705
-0.001216831731873538
-0.0002761136046907797
0.001051327582808
-0.001108617270090149
-0.001098502183118648
0.0004125701776590724
0.00096138156083709
0.0009686241177453917
0.0009963430188934801
0.0003855620391252754
0.000863887873266575
-0.0009962695344519037
0.0008857441307017549
0.0003550845181084336
-0.0008636069136968423
0.0008519317922512612
0.0008633488763773224
-0.0002471028935142567
0.0008520211295533502
0.0008964142166348073

-0.008423767915548009
-0.004996878463453779
-0.001543772968660158
0.001533322837855864
0.001697646130483819
-0.000885663096900478
0.001205657828612053
-0.0009408118260450849
-0.0007286109684904594
-0.0004792331929753881
0.0006245848830621684
-9.134588546028997e-05
0.0006418275836841171
-0.00031711075271703
0.0006430442779197423
0.0004724573791369064
-0.0003615975858456826
-0.0004699539002085119
0.0003378751284507364
5.556444015024484e-05
-0.0003032404016586768
-0.000361644992393793
0.0002878297000520922
0.0002612606551849543
0.0003070132876238365
0.0002389794423757805
-4.262887015342254e-06
0.0002846764232233712
-0.0002425979195239736
-0.000231307516811022
0.000239433746844825
0.0002131428705587923
2.985080861956883e-05
-0.0002082674839315069
-0.0002270804849363057
-0.0001800493053836703
3.83943020320932e-05
0.0002029917721300524
0.0001882681464844333
0.0001708484289620875
-0.0001870661139945032
1.650272758840436e-05
0.000176655218815637
0.0001582454074065834
0.0001722031518587753
3.90749450013423e-05
-0.0001487813956962451
0.0001568888968901925
0.0001554574336794694
-5.838595682121203e-05
-0.0001360524471696338
-0.0001370773967123726
-0.0001410001101152944
-5.456382886419529e-05
-0.0001222553708392094
0.0001409897107707623
-0.0001253484167547328
-5.025072209482126e-05
0.0001222156101046754
-0.0001205633745008472
-0.0001221790932728358
3.496941769513705e-05
-0.0001205760173047603
-0.0001268584221072735

0.06099762083926628
0.03618305976011803
0.01117866483838607
-0.01110299405508005
-0.01229288081351455
0.006413203962605356
-0.008730328260332999
0.006812543225495925
0.005275968668758256
0.003470191117772289
-0.004522701985728806
0.0006614476731073315
-0.004647558668073151
0.002296241023282288
-0.004656368912420154
-0.00342112655099573
0.002618376082881334
0.003402998528004522
-0.002446598622241406
-0.0004023494814210492
0.002195803971449352
0.002618719359984012
-0.002084213036977387
-0.001891823058868657
-0.002223123939173473
-0.001730481841446852
3.086813032473952e-05
-0.002061379741197734
0.001756683714446377
0.001674928410796983
-0.001733771520368133
-0.0015433957978525
-0.000216153664746909
0.00150809247659309
0.001644319912301602
0.001303760902754499
-0.0002780182337905732
-0.001469890347646802
-0.001363274621345312
-0.001237136136144292
0.001354570544643165
-0.0001194984394564408
-0.001279183871709589
-0.001145875985344745
-0.001246945864334853
-0.0002829468598141691
0.001077345821205261
-0.001136053312762272
-0.001125687897778757
0.000422780457892885
0.0009851738165047173
0.0009925956120967758
0.001021000500172415
0.0003951039223736377
0.0008852673566956378
-0.00102092519713908
0.0009076645124441892
0.0003638721441484726
-0.0008849794439430123
0.0008730153867759684
0.0008847150207197801
-0.0002532181920161302
0.0008731069349967083
0.0009185986614952616

-0.02507402241729513
-0.01487361046329795
-0.004595164350615567
0.004564058696155759
0.005053180187189016
-0.002636247409531299
0.003588737453983583
-0.002800402035431149
-0.002168769123337672
-0.001426476126151493
0.001859127117035197
-0.0002718983716930503
0.001910451401639652
-0.0009439056491235197
0.001914072989846792
0.001406307371530578
-0.001076324284385214
-0.00139885556523547
0.0010057124828164
0.0001653920231300008
-0.0009026194341109372
-0.001076465393788261
0.0008567482418584964
0.0007776633438313086
0.0009138497325029296
0.0007113415226388992
-1.268882590981367e-05
0.0008473622598743695
-0.0007221122107723844
-0.0006885054194224912
0.0007126937964138486
0.0006344368895313796
8.885333166869676e-05
-0.0006199249092859463
-0.0006759233192208135
-0.0005359312322779982
0.0001142837266529026
0.0006042213289754159
0.000560395273556921
0.0005085440839179986
-0.0005568173272148319
4.912169537986391e-05
0.000525828460746126
0.0004710301770566013
0.0005125765255314525
0.0001163097151702398
-0.000442859785355126
0.0004669924144500421
0.0004627315491223216
-0.0001737904943329053
-0.0004049710467402777
-0.0004080218914538847
-0.0004196981632581335
-0.0001624136231943696
-0.0003639029398468815
0.0004196672087731458
-0.0003731096396754809
-0.0001495753141494394
0.0003637845888236308
-0.0003588665767208219
-0.0003636758935383092
0.0001040892830853619
-0.0003589042090420163
-0.0003776042920017355

0.05618737014500021
0.03332967653078785
0.01029711930333142
-0.01022741589109538
-0.01132346860277484
0.005907460978057026
-0.008041857677422271
0.006275308488644708
0.004859907655187297
0.003196533079904202
-0.004166043314989304
0.0006092861447558278
-0.004281053843751369
0.002115160272517572
-0.004289169315361021
-0.003151337727420549
0.002411891875837819
0.003134639273878082
-0.002253660724676133
-0.000370620344354537
0.002022643650885979
0.002412208082230364
-0.001919852737835108
-0.001742634565003792
-0.002047809175667703
-0.001594016658629937
2.84338805411873e-05
-0.001898820067643232
0.001618152261239745
0.001542844151771445
-0.001597046914641006
-0.001421684153922822
-0.0001991078635892737
0.001389164840027345
0.001514649428585728
0.001200946781460314
-0.0002560938147114702
-0.001353975317388539
-0.001255767269360604
-0.001139576020259436
0.001247749593052786
-0.0001100748350035163
-0.001178307886346162
-0.00105551261250815
-0.001148612156772239
-0.0002606337710389979
0.0009923867127497939
-0.001046464552393445
-0.001036916550350638
0.0003894401412851353
0.0009074833595719551
0.0009143198750020675
0.0009404847637022699
0.0003639461675177746
0.0008154554876659389
-0.0009404153990393909
0.0008360864116744256
0.0003351773162202708
-0.000815190279610711
0.0008041697037383362
0.0008149467087087797
-0.0002332494954147511
0.0008042540324991449
0.0008461582976186887

0.0416226479240641
0.02469005735779289
0.007627930801681789
-0.007576295699718445
-0.008388232902090878
0.004376146592735749
-0.005957271356514287
0.004648641770625299
0.003600136912498457
0.00236793732504448
-0.0030861340135457
0.0004513488106442481
-0.003171331856653799
0.001566874746028528
-0.003177343659959373
-0.002334457376804593
0.001786688469665263
0.0023220874464995
-0.001669473524768523
-0.0002745492459737183
0.001498340006648985
0.001786922709981814
-0.001422194246976497
-0.001290914039441028
-0.001516982199282809
-0.001180820422739365
2.106333497770632e-05
-0.001406613602713344
0.00119869966654932
0.001142912700223568
-0.001183065184840516
-0.001053159435033623
-0.0001474957180536538
0.001029069680529989
0.001122026528946128
0.0008896409447752829
-0.0001897099411799224
-0.001003001880815776
-0.0009302510295866352
-0.000844178528938659
0.0009243116713773228
-8.154156513870341e-05
-0.0008728704364159641
-0.0007819057865930799
-0.0008508723451417341
-0.0001930730635920232
0.00073514319397211
-0.000775203137589068
-0.0007681301401093728
0.0002884906313709072
0.0006722482343437996
0.0006773126086694186
0.0006966951130919461
0.0002696051293164895
0.0006040755524464957
-0.0006966437289297638
0.0006193585899715429
0.0002482936537012416
-0.0006038790908308034
0.0005957152357110288
0.0006036986576505885
-0.0001727872580805216
0.0005957777050218877
0.0006268196717323625

-0.02612888948831359
-0.01549934500416712
-0.004788483455096413
0.004756069182093987
0.005265768071766124
-0.002747154647990604
0.003739716060598082
-0.002918215278302856
-0.002260009495337477
-0.001486488144488447
0.001937340813424342
-0.0002833371681570799
0.001990824316715535
-0.0009836158707562876
0.001994598265563881
0.001465470887988736
-0.001121605373571934
-0.001457705583327418
0.00104802292520953
0.0001723500849881956
-0.0009405927398244555
-0.001121752419463316
0.0008927917411205113
0.0008103797321353744
0.0009522954981894452
0.0007412677441280042
-1.322264630765207e-05
0.0008830108897709807
-0.0007524915563777695
-0.0007174709233641297
0.0007426769082198671
0.000661127724064323
9.259140177849193e-05
-0.0006460052231035897
-0.0007043594927280418
-0.0005584779222292016
0.0001190916564694943
0.0006296409913232802
0.0005839711686005066
0.0005299385933178089
-0.0005802426976351519
5.118825087968112e-05
0.000547950125910806
0.0004908464719840666
0.0005341406802236641
0.0001212028785619184
-0.0004614909485917727
0.0004866388402297904
0.0004821987197971579
-0.0001811018808619637
-0.0004220082262888779
-0.0004251874203980481
-0.0004373549143301487
-0.0001692463834170977
-0.0003792123793099836
0.0004373226575863237
-0.0003888064060827637
-0.0001558679652011761
0.0003790890492455883
-0.0003739641357946753
-0.0003789757811365467
0.0001084683314624968
-0.0003740033513127955
-0.0003934901489610014

-0.03747706911312739
-0.02223094954682743
-0.006868195660362052
0.006821703368748097
0.007552772346014239
-0.003940286274057367
0.005363932413937395
-0.004185641173954031
-0.00324156646959653
-0.002132092868002188
0.002778757803421146
-0.0004063948694832194
0.002855470016931715
-0.00141081541125547
0.00286088304996057
0.002101947492907465
-0.001608735883008765
-0.002090809596688238
0.001503195442645816
0.0002472043846198645
-0.001349106671123042
-0.00160894679319738
0.001280544961566803
0.00116234014624689
0.001365892117907266
0.001063211756107757
-1.896544549863081e-05
0.001266516135651367
-0.001079310243094472
-0.001029079609127558
0.001065232941894962
0.0009482656895331315
0.0001328052753749528
-0.0009265752532086239
-0.00101027368198182
-0.0008010334958517827
0.0001708149993248798
0.0009031037832218483
0.0008375988522398419
0.0007600990963040565
-0.0008322510488395059
7.342009758415889e-05
0.0007859333152482094
0.0007040286638555338
0.00076612621435103
0.0001738431577280657
-0.0006619235839777921
0.0006979935927464972
0.0006916250595416895
-0.0002597572203985001
-0.0006052929065361514
-0.0006098528736712353
-0.0006273048978471629
-0.0002427526975958982
-0.0005439101632816611
0.0006272586315019486
-0.0005576710238263036
-0.0002235638260470392
0.0005437332690687142
-0.0005363825266766091
-0.0005435708068730724
0.0001555778004505403
-0.0005364387740998379
-0.0005643889884623353

0.02555016529256533
0.01515605272700271
0.00468242417394489
-0.004650727838995243
-0.005149137497257227
0.00268630840096641
-0.003656885744733871
0.002853580239346947
0.002209952940957089
0.001453564178994315
-0.001894430991150876
0.0002770615828575088
-0.001946729897696957
0.0009618299351547897
-0.001950420258013397
-0.001433012430026689
0.001096763132647116
0.001425419117738388
-0.001024810449042566
-0.0001685327331498377
0.000919759716012786
0.001096906921644528
-0.0008730174532546945
-0.0007924307734189079
-0.0009312032720328548
-0.0007248495347261679
1.292978023106301e-05
-0.0008634532362684126
0.0007358247527246779
0.0007015797855763641
-0.0007262274874894833
-0.0006464845219272142
-9.054061104164009e-05
0.0006316969665909198
0.0006887587577204252
0.000546108292569682
-0.0001164539162340632
-0.0006156951833133986
-0.0005710368934931745
-0.0005182010762545592
0.0005673910037780649
-5.005449127862883e-05
-0.0005358136745674543
-0.0004799747994676169
-0.0005223100918737091
-0.0001185183772382233
0.0004512694664201821
-0.0004758603618118951
-0.0004715185848290197
0.0001770906870300465
0.0004126612400165718
0.000415770018712252
0.0004276680169530718
0.000165497774921138
0.0003708132707549748
-0.0004276364746581571
0.0003801948011095231
0.0001524156729464873
-0.000370692672306635
0.0003656812696656853
0.0003705819129529978
-0.0001060658853915397
0.0003657196166063909
0.0003847748045873592

0.005137971144225184
0.003047783083985509
0.0009416048786876855
-0.0009352309530204238
-0.001035457875738394
0.0005401990511845794
-0.000735375807516032
0.0005738363239384725
0.0004444070835051257
0.0002923022501984772
-0.0003809576828878354
5.571527235133174e-05
-0.0003914746509630369
0.0001934177096660988
-0.0003922167582878788
-0.0002881694278875363
0.0002205518932292059
0.0002866424624463619
-0.0002060826791213316
-3.389083044541736e-05
0.0001849576637328135
0.0002205808082558932
-0.0001755581003827145
-0.00015935264609848
-0.0001872588880081586
-0.0001457625009734001
2.600094244702771e-06
-0.0001736347988961591
0.0001479695455359816
0.000141083106601689
-0.0001460395982625021
-0.0001300038094007727
-1.820712475191044e-05
0.000127030128731987
0.0001385048817484799
0.0001098188061298366
-2.341812095508168e-05
-0.0001238122747654038
-0.0001148317847442464
-0.0001042068474399119
0.000114098620166433
-1.006563084361807e-05
-0.0001077486257754286
-9.651979317488028e-05
-0.0001050331436081429
-2.383327056158543e-05
9.074733842974577e-05
-9.569240667036239e-05
-9.481930371417092e-05
3.56117790023563e-05
8.298347659477219e-05
8.360863165916969e-05
8.600124129356391e-05
3.328052019402527e-05
7.456812365868768e-05
-8.599489834429524e-05
7.645468805850389e-05
3.064979504282287e-05
-7.454387209953839e-05
7.353611180232203e-05
7.452159911781525e-05
-2.132915588955714e-05
7.354382312163201e-05
7.737569680511153e-05

-0.02179071098756415
-0.01292598935876429
-0.003993451734157489
0.003966419201634843
0.00439149280457283
-0.002291044669130397
0.003118811149187703
-0.002433704109676611
-0.001884780207137116
-0.001239686575943974
0.00161568419387357
-0.0002362947091994634
0.001660287833203041
-0.000820306166169721
0.001663435193471396
0.001222158813719477
-0.0009353852772249394
-0.001215682782287978
0.0008740197198888407
0.0001437348071122311
-0.0007844261639853975
-0.0009355079090925415
0.0007445615632282775
0.0006758324168747149
0.0007941859138362042
0.0006181950895356826
-1.102729085787161e-05
0.0007364046262462747
-0.0006275554126762063
-0.0005983492539932689
0.0006193702901684657
0.0005513607138717144
7.721845495926638e-05
-0.0005387490011544919
-0.0005874147136734234
-0.00046575385462425
9.931887339941587e-05
0.0005251017221371907
0.0004870144582965885
0.0004419529093768374
-0.0004839050252199594
4.268946758631847e-05
0.0004569739879170923
0.0004093512514205475
0.0004454573239578729
0.0001010795693703278
-0.0003848696244300255
0.0004058422126019696
0.0004021392851913788
-0.0001510335426590678
-0.0003519422169682568
-0.0003545935696036172
-0.0003647408949937229
-0.0001411464129917331
-0.0003162517627910357
0.0003647139938358159
-0.0003242528936735512
-0.0001299892130294276
0.0003161489092124203
-0.0003118748849413491
-0.0003160544470030553
9.045933862821954e-05
-0.0003119075895086827
-0.0003281589949047842

-0.02910734581397303
-0.01726612970398596
-0.005334327121491677
0.005298217915470771
0.005866017853905111
-0.003060305352023155
0.004166009759833556
-0.003250865342103259
-0.002517630071996999
-0.001655934305564643
0.002158180088024026
-0.0003156350345157722
0.002217760225416125
-0.001095739155352228
0.002221964370190548
0.001632521272519635
-0.001249458209464912
-0.001623870793585099
0.001167488029626974
0.0001919964308879167
-0.001047811777857499
-0.001249622017253065
0.0009945618990149299
0.0009027556687569945
0.001060848544492542
0.000825765541192509
-1.472990801330659e-05
0.0009836661193568818
-0.0008382687662015956
-0.0007992560987777807
0.0008273353372051857
0.0007364902859784991
0.0001031459814690901
-0.0007196439571194957
-0.0007846500840136561
-0.0006221393381097432
0.0001326670247493043
0.000701414351394349
0.0006505385832584151
0.0005903467846491736
-0.0006463851004327554
5.702324703212021e-05
0.0006104114685328394
0.000546798516178891
0.000595027871335204
0.0001350189070044311
-0.0005140967294722835
0.0005421112525817617
0.0005371649987068567
-0.0002017458520833771
-0.0004701133350665311
-0.0004736549284579933
-0.0004872094062990488
-0.000188538935498664
-0.0004224391498327748
0.0004871734725790074
-0.0004331268086078325
-0.0001736354989928267
0.0004223017612602106
-0.0004165926541753194
-0.0004221755816143055
0.0001208327370804165
-0.0004166363399073169
-0.0004383444556772087

0.01843267431721517
0.01093404213446163
0.003378044675057305
-0.003355177965097652
-0.003714746007107241
0.001937985422154165
-0.002638189740696527
0.002058660466092273
0.001594327956417731
0.001048645862121756
-0.001366700726843715
0.0001998807390929271
-0.001404430765004919
0.0006938936691895737
-0.001407093104330246
-0.001033819198926593
0.0007912386239276736
0.00102834115012363
-0.0007393297470986776
-0.0001215846921681385
0.0006635429204167609
0.0007913423577285601
-0.000629821615822255
-0.0005716839088168437
-0.0006717986533535908
-0.0005229287266677975
9.327940749632336e-06
-0.0006229216958104194
0.0005308465861654855
0.0005061412146259091
-0.0005239228241313272
-0.0004663937985275117
-6.531877882988756e-05
0.0004557256017334015
0.0004968917311813218
0.0003939793024273269
-8.401343342898737e-05
-0.0004441814235931747
-0.0004119635611100379
-0.0003738461790777994
0.000409333304243013
-3.61108480234058e-05
-0.0003865524486797095
-0.0003462685684320188
-0.0003768105492023387
-8.550279903170698e-05
0.0003255596591481557
-0.0003433002866836223
-0.0003401679953591867
0.0001277586630559705
0.0002977064983128372
0.0002999492667868015
0.0003085328483052427
0.0001193951800473421
0.0002675160874327976
-0.0003085100927245071
0.0002742842116950834
0.000109957349711526
-0.0002674290840065264
0.0002638137041569583
0.0002673491788055739
-7.651918878812418e-05
0.0002638413688182427
0.0002775883669329277

0.01836488442676107
0.01089382998153408
0.00336562123207072
-0.003342838619065083
-0.003701084276826166
0.001930858088528659
-0.002628487263972867
0.002051089325568697
0.001588464492676555
0.001044789254724832
-0.001361674408309372
0.0001991456372203748
-0.001399265686619039
0.0006913417347815866
-0.001401918234652649
-0.001030017119584417
0.0007883286837466814
0.001024559217414446
-0.0007366107123181812
-0.0001211375398547462
0.000661102607030257
0.0007884320360455803
-0.0006275053193583202
-0.0005695814255370855
-0.0006693279778382489
-0.0005210055504380976
9.293635359611766e-06
-0.0006206307751988368
0.00052889429040496
0.0005042797778695094
-0.0005219959919070452
-0.0004646785409383664
-6.507855580064279e-05
0.0004540495785971731
0.0004950643112723283
0.0003925303638038075
-8.370445702379008e-05
-0.0004425478565085986
-0.0004104484817353037
-0.0003724712840902294
0.000407827898170263
-3.597804307120514e-05
-0.0003851308238140253
-0.0003449950956891209
-0.0003754247521436947
-8.518834518306172e-05
0.0003243623476105256
-0.0003420377303976197
-0.0003389169587084655
0.0001272888047150647
0.000296611622411437
0.0002988461426504478
0.0003073981563105704
0.0001189560801079091
0.0002665322428777658
-0.0003073754844180742
0.0002732754759932586
0.0001095529593033156
-0.0002664455594242174
0.0002628434758657653
0.0002663659480908233
-7.623777398437226e-05
0.0002628710387846358
0.0002765674795314465

0.02678879270479664
0.01589079170633843
0.004909419924114769
-0.004876187006176472
-0.005398758694634492
0.002816535942943032
-0.003834165182067473
0.002991916828053915
0.002317087601773573
0.001524030433006301
-0.001986269698624988
0.0002904930447473293
-0.002041103964865404
0.001008457771411351
-0.002044973227407784
-0.00150248237112378
0.001149932294774669
0.001494520948311275
-0.001074491470671784
-0.0001767029058571368
0.0009643480614846593
0.001150083054411274
-0.0009153398154224681
-0.0008308464340228725
-0.000976346381123888
-0.0007599889748501124
1.355659340604526e-05
-0.0009053119418924447
0.0007714962522587722
0.0007355911488818609
-0.0007614337283581258
-0.000677824963027207
-9.492986181453507e-05
0.0006623205328216251
0.0007221485799763726
0.0005725826692903181
-0.0001220993988076104
-0.0006455430110241303
-0.000598719765270227
-0.0005433225598439642
0.0005948971291862116
-5.248104563915194e-05
-0.0005617889861776995
-0.0005032431398872213
-0.0005476307733672654
-0.0001242639412774487
0.0004731462224026163
-0.0004989292414761406
-0.0004943769827245306
0.0001856757344024056
0.0004326663365785845
0.0004359258234385463
0.0004484006158647253
0.0001735208181514112
0.0003887896508182414
-0.0004483675444543827
0.0003986259813876538
0.000159804518709491
-0.0003886632059677925
0.0003834088592744472
0.0003885470771939365
-0.0001112077743634959
0.0003834490652082961
0.0004034280154392401

0.01722034381687658
0.01021490216901315
0.003155868200791464
-0.003134505451107175
-0.003470424439442354
0.001810522700464638
-0.002464674067751143
0.001923260858311585
0.001489467838138071
0.0009796756551497265
-0.001276811818295817
0.0001867344363772939
-0.001312060324192615
0.0006482557739674894
-0.00131454755950914
-0.0009658241524605105
0.0007391982796819854
0.0009607063989421493
-0.0006907034877293189
-0.0001135879778469339
0.00061990121618746
0.0007392951908348803
-0.0005883977865127421
-0.0005340838391099241
-0.0006276139635179611
-0.0004885353210265988
8.71443524947938e-06
-0.0005819516792974594
0.000495932417101629
0.0004728519359564321
-0.000489464035971271
-0.0004357187365481605
-6.102271486987854e-05
0.0004257521948766592
0.0004642107978175183
0.0003680669949337831
-7.848780833349592e-05
-0.0004149672857942787
-0.0003848684157410544
-0.0003492580418637783
0.0003824111527961362
-3.373581108094195e-05
-0.0003611286108008472
-0.0003234942308836145
-0.000352027443192566
-7.98792172688577e-05
0.0003041473617423089
-0.0003207211752015196
-0.0003177948969732579
0.000119355882144178
0.0002781261237104686
0.0002802213836580437
0.0002882404167285466
0.0001115424715431666
0.0002499213582825046
-0.0002882191577990042
0.000256244338051304
0.0001027253742261552
-0.0002498400771353405
0.0002464624834685102
0.0002497654273580817
-7.148646565566065e-05
0.0002464883286046471
0.0002593311765772758

-0.001759349439314608
-0.00104362506317095
-0.000322425324875316
0.0003202427585983911
0.0003545625660362153
-0.0001849755226609065
0.0002518081511793586
-0.0001964936326893022
-0.0001521743371548553
-0.000100090441452845
0.0001304479272027708
-1.907808168265327e-05
0.000134049158382669
-6.623029392394725e-05
0.0001343032715469714
9.867527612556076e-05
-7.552160936695593e-05
-9.815241102633766e-05
7.056704597739117e-05
1.160493351722956e-05
-6.333339616966794e-05
-7.553151048054035e-05
6.011478788133387e-05
5.456569931922681e-05
6.412138378671369e-05
4.991214764782495e-05
-8.903269837794563e-07
5.945620897988493e-05
-5.066788614938706e-05
-4.830982454531163e-05
5.000703159064932e-05
4.451604003954024e-05
6.234502651863545e-06
-4.349778920267589e-05
-4.742698610140275e-05
-3.760427016179211e-05
8.01885740803628e-06
4.239592829043081e-05
3.932081952864343e-05
3.568261741261207e-05
-3.906976854901859e-05
3.446683814285136e-06
3.689539684510879e-05
3.305040827175096e-05
3.596555860850931e-05
8.161013369398296e-06
-3.107379829589071e-05
3.276709372167684e-05
3.246812489662251e-05
-1.219422251744369e-05
-2.841528862683072e-05
-2.862935487616518e-05
-2.944863476323534e-05
-1.139595044424562e-05
-2.553369469527172e-05
2.944646280394613e-05
-2.617969404516737e-05
-1.049513479349151e-05
2.552539045109834e-05
-2.518031211874839e-05
-2.551776371342845e-05
7.303551811023093e-06
-2.518295263679762e-05
-2.649506682101956e-05

0.02145545138792073
0.01272711737061179
0.003932010736186722
-0.00390539411097488
-0.004323927771000256
0.00225579594691209
-0.003070826878375238
0.002396260509699114
0.001855782040991688
0.001220613456881424
-0.001590826187345142
0.0002326592119617885
-0.001634743580214628
0.0008076853977601478
-0.001637842516971424
-0.001203355366928622
0.0009209939664628134
0.001196978972067827
-0.0008605725450108907
-0.0001415233843682509
0.0007723574250703742
0.0009211147115851928
-0.0007331061585955518
-0.0006654344401572589
-0.0007819670169095337
-0.0006086838882565391
1.085763117488793e-05
-0.0007250747196494338
0.0006179001987401496
0.0005891433895561533
-0.0006098410079147391
-0.0005428777886338368
-7.603041532584944e-05
0.0005304601126213749
0.0005783770819117551
0.0004585880282811452
-9.77908091820129e-05
-0.0005170228029485
-0.0004795215282860988
-0.0004351532709649154
0.0004764599351946291
-4.203267149461786e-05
-0.0004499432436553197
-0.0004030532037459921
-0.0004386037685978589
-9.952441607690004e-05
0.0003789482372723518
-0.0003995981530211764
-0.000395952196765244
0.0001487098256829637
0.0003465274323463559
0.0003491379927640837
0.0003591291971241781
0.0001389748138210561
0.0003113860913845739
-0.00035910270985226
0.0003192641213761656
0.0001279892722499482
-0.0003112848202532956
0.0003070765537107787
0.0003111918113861639
-8.906758222022043e-05
0.0003071087551044121
0.0003231101255351497

-0.0145962938811266
-0.008658347104531006
-0.002674974448751536
0.002656866972163191
0.002941598353031546
-0.001534633785216914
0.002089105037429033
-0.00163019281127702
-0.001262501522800382
-0.0008303918854825198
0.001082250199469254
-0.000158279691745685
0.001112127509493239
-0.000549474034176611
0.001114235737878022
0.0008186510859897909
-0.0006265586472256688
-0.0008143131798969896
0.0005854535309415755
9.627934979977183e-05
-0.0005254401668725192
-0.0006266407909785518
0.0004987372553228412
0.0004526997112084246
0.0005319776395189561
0.000414091913195549
-7.386522549265169e-06
0.000493273411145074
-0.0004203618337805189
-0.000400798375042645
0.0004148791098049023
0.0003693235626305193
5.172402416218843e-05
-0.0003608757306497615
-0.0003934739805308977
-0.0003119806481872895
6.652777254067704e-05
0.0003517342347468598
0.0003262218548862674
0.0002960378186175244
-0.0003241390316587429
2.85951208693652e-05
0.0003060995406471591
0.000274199918017878
0.0002983852163291031
6.770715745571487e-05
-0.0002578011404632899
0.0002718494228061632
0.0002693690532240992
-0.0001011683361693848
-0.0002357450397546028
-0.0002375210222945782
-0.0002443181086121007
-9.454553940300685e-05
-0.000211838139322584
0.0002443000891354653
-0.0002171976183138894
-8.707199851516491e-05
0.0002117692438624857
-0.0002089063306536396
-0.0002117059692786794
6.05933001297387e-05
-0.0002089282374871105
-0.0002198140818855978

-0.01205739188092578
-0.007152300777898672
-0.002209685243578529
0.002194727409557269
0.002429932172347514
-0.001267697204013987
0.00172572286649214
-0.001346634544845382
-0.001042900049467809
-0.0006859522327753533
0.0008940019209318708
-0.0001307482766319028
0.0009186823253030465
-0.0004538976682997286
0.0009204238451721366
0.0006762536461593756
-0.0005175740641774994
-0.0006726702821815859
0.0004836188355842012
7.953237034215748e-05
-0.0004340442891570791
-0.0005176419197185612
0.0004119861234652769
0.0003739564211898824
0.0004394446236701447
0.000342064123453826
-6.101699358694427e-06
0.0004074726688195842
-0.0003472434443259732
-0.0003310828839487895
0.0003427143938637783
0.0003050828492330229
4.272706716246989e-05
-0.000298104446251669
-0.0003250325059804034
-0.0002577142502812932
5.495582858367239e-05
0.0002905530363268899
0.0002694783193953627
0.0002445445412182155
-0.0002677577856710091
2.362124118713108e-05
0.0002528561117097416
0.0002265051589249294
0.0002464836289304268
5.593006945707121e-05
-0.0002129588101767952
0.0002245635124965404
0.0002225145822472543
-8.357095883858241e-05
-0.0001947391818399141
-0.000196206247221933
-0.0002018210378013746
-7.810014161537997e-05
-0.0001749906847546813
0.0002018061526604754
-0.000179417927656311
-7.192656002291821e-05
0.0001749337730777763
-0.0001725688394335853
-0.0001748815045732305
5.005360750975273e-05
-0.0001725869357584542
-0.0001815792794955913

0.0147706610581572
0.008761779630257965
0.002706929666086736
-0.002688605877767973
-0.002976738656794147
0.001552966504678621
-0.00211406146478449
0.00164966707788474
0.001277583353046248
0.0008403117384316637
-0.001095178749254471
0.0001601704993202918
-0.001125412973317398
0.0005560380453544981
-0.001127546386576811
-0.0008284306834683529
0.0006340435104006581
0.0008240409567941808
-0.0005924473528189601
-9.742950192524595e-05
0.0005317170697181186
0.000634126635441806
-0.0005046951654607329
-0.0004581076573164508
-0.0005383326389456065
-0.0004190386509444274
7.474761871896202e-06
-0.0004991660502565659
0.0004253834719364288
0.0004055863083209944
-0.0004198352513964475
-0.0003737354981226776
-5.234191882447288e-05
0.0003651867484276401
0.0003981744166675758
0.0003157075658115493
-6.732251262927378e-05
-0.0003559360483084379
-0.0003301188978196262
-0.0002995742833631962
0.0003280111932071567
-2.893671789004567e-05
-0.0003097562026209163
-0.000277475507426885
-0.0003019497230636863
-6.851598646441443e-05
0.0002608808302437681
-0.0002750969332234121
-0.0002725869331718679
0.0001023768920758842
0.0002385612475821861
0.0002403584459913196
0.0002472367302323662
9.567497944726208e-05
0.0002143687555627305
-0.0002472184954952233
0.0002197922588350942
8.811215971659184e-05
-0.0002142990370782288
0.0002114019235373616
0.0002142350066168416
-6.131714707177035e-05
0.0002114240920698335
0.0002224399786538463

0.007991888358022696
0.004740692670890014
0.001464625015712494
-0.001454710654401135
-0.001610609228823828
0.0008402558883637052
-0.001143844756983411
0.0008925771881468521
0.0006912556916315998
0.0004546633067428996
-0.0005925629368692638
8.666265807441388e-05
-0.0006089216186070084
0.0003008527488234598
-0.0006100759339435377
-0.0004482348832305308
0.0003430587791094138
0.0004458597555794273
-0.0003205525523260597
-5.271569763182779e-05
0.0002876935190990827
0.0003431037551635056
-0.0002730729113148826
-0.0002478660392255193
-0.0002912729723466294
-0.0002267271656196444
4.044332352342722e-06
-0.000270081300360103
0.0002301601264613873
0.0002194485732819865
-0.0002271581782772932
-0.0002022152132978902
-2.832038255041573e-05
0.0001975897836780523
0.0002154382578070359
0.0001708183276167432
-3.642585817899953e-05
-0.0001925845532218339
-0.0001786157955869677
-0.0001620891724578785
0.0001774753903005339
-1.56566465044665e-05
-0.0001675982530371878
-0.0001501322973094811
-0.000163374439841196
-3.707160515073361e-05
0.0001411534975886677
-0.0001488453339562186
-0.0001474872606707629
5.539255749557125e-05
0.0001290771516399952
0.0001300495528742816
0.0001337711520316509
5.176638685213613e-05
0.000115987439909424
-0.0001337612858528515
0.0001189219079397471
4.767440947067736e-05
-0.000115949717674561
0.0001143821908126451
0.0001159150730302675
-3.317656480644539e-05
0.0001143941854304711
0.0001203544965768477

0.00164073248706783
0.0009732629045700741
0.0003006871138580738
-0.0002986516982014529
-0.000330657632754074
0.0001725043033295726
-0.00023483101475754
0.0001832458518186324
0.0001419146038232848
9.33422521225771e-05
-0.0001216530083502822
1.779181992395073e-05
-0.0001250114412226357
6.176498678471324e-05
-0.0001252484218445717
-9.202249853944416e-05
7.04298732217831e-05
9.15348854841999e-05
-6.580935103844056e-05
-1.082251825952379e-05
5.906340053293005e-05
7.043910679343108e-05
-5.606179376651433e-05
-5.088682984289119e-05
-5.97982613025598e-05
-4.654702489172303e-05
8.303003222417608e-07
-5.544761685832284e-05
4.725181081056532e-05
4.505273188197373e-05
-4.663551167204504e-05
-4.151472780568841e-05
-5.81416676697156e-06
4.056512837389967e-05
4.4229415215312e-05
3.506895579009445e-05
-7.478218689522563e-06
-3.95375559345894e-05
-3.666977382492261e-05
-3.327686263110237e-05
3.643564893253055e-05
-3.214305231459056e-06
-3.440787536250283e-05
-3.082211944393023e-05
-3.354072767230919e-05
-7.610790365637589e-06
2.897877432488071e-05
-3.055790622066439e-05
-3.027909414773155e-05
1.137207685507202e-05
2.649950381515793e-05
2.669913752175291e-05
2.746318080760674e-05
1.062762501693492e-05
2.381218958845355e-05
-2.746115528379007e-05
2.441463506994231e-05
9.787543183300364e-06
-2.380444522396525e-05
2.348263238939802e-05
2.37973326880333e-05
-6.81113965168728e-06
2.348509488107797e-05
2.470874512403509e-05

-0.009266529809917054
-0.005496794748184979
-0.001698220840988605
0.001686725219363254
0.001867488353492955
-0.0009742698957580248
0.001326278729590076
-0.001034936019008493
-0.0008015053746775386
-0.0005271784210022309
0.0006870719250274084
-0.0001004846499947665
0.0007060396839827316
-0.0003488363250932413
0.0007073781032645508
0.0005197247160154308
-0.000397773875304438
-0.0005169707747444683
0.0003716780876689701
6.112342436133973e-05
-0.0003335783048289757
-0.0003978260246747681
0.0003166258285427383
0.0002873986645526526
0.0003377286518728198
0.0002628883118497268
-4.689370599950307e-06
0.0003131570798752766
-0.0002668688021358008
-0.0002544488429971339
0.0002633880675347259
0.0002344669017006802
3.28372541476048e-05
-0.0002291037535264809
-0.0002497989146910136
-0.000198062467095359
4.223548747758876e-05
0.0002233002293592311
0.0002071035680405825
0.0001879410824023489
-0.0002057812773492605
1.81537547895476e-05
0.0001943288167057526
0.0001740771825288308
0.000189431339521564
4.298422586019205e-05
-0.0001636663369886293
0.000172584958946273
0.0001710102839733615
-6.422722168847269e-05
-0.0001496639116899764
-0.0001507914030438167
-0.000155106567118633
-6.002270620252424e-05
-0.0001344864969763496
0.0001550951273642222
-0.0001378889888858128
-5.527809157728662e-05
0.0001344427583506245
-0.0001326252236525458
-0.0001344025881662196
3.846795813418654e-05
-0.0001326391313147596
-0.0001395500638053136

-0.01514183376424404
-0.008981954843994481
-0.002774952241744977
0.002756167994001166
0.003051541276542271
-0.001591991080338143
0.002167185824732019
-0.001691121647252487
-0.00130968781123785
-0.0008614279755914687
0.001122699552718166
-0.0001641954320862609
0.00115369353416205
-0.0005700107541702396
0.001155880558073583
0.0008492483609830476
-0.0006499764225842649
-0.0008447483246402047
0.0006073349930061318
9.987781292094888e-05
-0.0005450786154785468
-0.0006500616364787216
0.0005173776763907258
0.0004696194683434471
0.0005518604276874471
0.0004295686948885488
-7.662595549781234e-06
0.0005117096197644527
-0.000436072955215659
-0.0004157783076511808
0.0004303853131545991
0.0003831271167952033
5.365722161122728e-05
-0.0003743635451266474
-0.0004081801621888404
-0.0003236409975702147
6.901426353297637e-05
0.0003648803836854899
0.000338414472686023
0.0003071023010323389
-0.0003362538034553055
2.966387017133147e-05
0.0003175400822659458
0.000284448203811913
0.0003095374332799448
7.023772823386934e-05
-0.0002674365181271479
0.000282009858294195
0.0002794367843215109
-0.0001049495262946935
-0.0002445560655178325
-0.0002463984258187734
-0.0002534495548204784
-9.807920095682659e-05
-0.0002197556391144886
0.0002534308618616924
-0.0002253154298812341
-9.032633473776968e-05
0.0002196841686706163
-0.000216714253413598
-0.0002196185291844316
6.28579888335992e-05
-0.000216736979020315
-0.000228029684388358

-0.009376871195351256
-0.005562247939444731
-0.001718442438955398
0.001706809932990579
0.001889725507684232
-0.0009858710336479413
0.001342071419571442
-0.001047259539950121
-0.0008110493156442799
-0.0005334558083884686
0.0006952532474484557
-0.0001016811729351296
0.0007144468653656141
-0.0003529901004751431
0.0007158012219013239
0.0005259133482634889
-0.0004025103755251206
-0.0005231266143827105
0.0003761038517866093
6.185125273556379e-05
-0.0003375503950353151
-0.0004025631458651479
0.0003203960568053531
0.000290820869786872
0.0003417501624180055
0.0002660186595784726
-4.745209372330791e-06
0.0003168860039450662
-0.0002700465476306759
-0.0002574786975850256
0.0002665243661140523
0.0002372588209306605
3.322826439531626e-05
-0.0002318318109644054
-0.0002527734001663972
-0.0002004208998063608
4.273840737298742e-05
0.0002259591812193519
0.0002095696578384208
0.0001901789945266235
-0.0002082316219447994
1.836992098070974e-05
0.0001966427909015835
0.0001761500099935275
0.0001916869969117775
4.349606137256028e-05
-0.0001656151971058864
0.0001746400177294492
0.0001730465922833363
-6.499200859024441e-05
-0.0001514460376533874
-0.0001525869546326537
-0.0001569535016082871
-6.073742775369444e-05
-0.0001360878975764467
0.0001569419256347764
-0.0001395309047250457
-5.593631653677294e-05
0.00013604363813215
-0.0001342044611040727
-0.0001360029896205333
3.89260161000404e-05
-0.0001342185343719793
-0.0001412117589267067

0.001496238387144258
0.0008875507312004785
0.0002742065545846799
-0.0002723503915213658
-0.0003015376650544683
0.0001573123971296975
-0.0002141501930033594
0.0001671079715537454
0.0001294166353202274
8.512189639028547e-05
-0.0001109394142189207
1.622495084189798e-05
-0.0001140020805728975
5.632554053580546e-05
-0.0001142181910639956
-8.391836931420447e-05
6.422733794007631e-05
8.347369879238089e-05
-6.001373047277287e-05
-9.86941344376791e-06
5.38618744062401e-05
6.423575834031169e-05
-5.112460961598378e-05
-4.640538833181462e-05
-5.453201832140598e-05
-4.24477762214535e-05
7.571784095144913e-07
-5.056452131777624e-05
4.309049388253891e-05
4.108508085186753e-05
-4.252847025206771e-05
-3.785865755954775e-05
-5.302131562936388e-06
3.699268633422947e-05
4.033427106959929e-05
3.198054421657591e-05
-6.819635716929336e-06
-3.605560893656351e-05
-3.344038329051904e-05
-3.034627501123964e-05
3.322687703393918e-05
-2.931231576878986e-06
-3.137768304291592e-05
-2.810771326141004e-05
-3.058690229616111e-05
-6.940532226513339e-06
2.642670569338101e-05
-2.786676845768428e-05
-2.761251047868675e-05
1.0370574158952e-05
2.416577666442292e-05
2.434782926440819e-05
2.504458568433951e-05
9.691683830158036e-06
2.171512566798338e-05
-2.504273854198412e-05
2.226451568899348e-05
8.925585335888654e-06
-2.170806332510061e-05
2.14145915248727e-05
2.170157716760908e-05
-6.211304211615884e-06
2.141683715279698e-05
2.253272440459631e-05

0.01297919160417482
0.007699101358221465
0.002378617900501096
-0.002362516525039958
-0.00261570292825536
0.001364613928904625
-0.001857656113453796
0.001449586108750635
0.001122630806042039
0.0007383939701411356
-0.0009623492659826143
0.0001407441137420401
-0.0009889165120638538
0.0004885986010680738
-0.0009907911728765303
-0.0007279539168339902
0.0005571431213858758
0.0007240966010802409
-0.000520591981452142
-8.561269996029276e-05
0.0004672274111435763
0.0005572161645509983
-0.0004434828765228755
-0.000402545765300483
-0.0004730406066556539
-0.0003682152693605259
6.568180404988973e-06
-0.0004386243637349656
0.0003737905545171141
0.0003563945030625922
-0.0003689152535967894
-0.0003284067395708925
-4.599359437456696e-05
0.000320894830670432
0.0003498815676197847
0.0002774167636385792
-5.915725689253655e-05
-0.0003127661078700931
-0.0002900802076555666
-0.0002632402170861228
0.0002882281373993676
-2.542710880793145e-05
-0.0002721872154921698
-0.0002438217058924568
-0.0002653275500020391
-6.020597945950833e-05
0.000229239725172658
-0.0002417316186438253
-0.0002395260456185757
8.996004260480197e-05
0.0002096271879443345
0.0002112064119486644
0.0002172504589091195
8.407097590841423e-05
0.0001883688984157539
-0.0002172344357842178
0.0001931346084852189
7.742541780063481e-05
-0.0001883076357840324
0.0001857619005865016
0.0001882513712997355
-5.388025609229036e-05
0.0001857813803937892
0.0001954611978441386

0.008071888871561204
0.004788148019515142
0.001479286225697811
-0.001469272619507364
-0.001626731772038348
0.0008486670297062286
-0.001155294887899567
0.0009015120769021348
0.0006981753091035925
0.0004592145837874947
-0.0005984946187358451
8.753016983634029e-05
-0.0006150170543800871
0.0003038643492521836
-0.0006161829246603417
-0.0004527218103793405
0.0003464928709376952
0.0004503229071919207
-0.0003237613520055354
-5.324339305163044e-05
0.000290573392820862
0.0003465382972116371
-0.0002758064296224414
-0.0002503472313466455
-0.0002941886771617357
-0.000228996753090104
4.084816985087208e-06
-0.0002727848720014591
0.0002324640786048488
0.0002216453004847592
-0.0002294320802767337
-0.0002042394308775314
-2.860387564318274e-05
0.0001995676997169056
0.0002175948408933399
0.0001725282556486318
-3.679048881820491e-05
-0.0001945123658322384
-0.0001804037779426723
-0.000163711719777705
0.0001792519569551856
-1.58133728880858e-05
-0.0001692759474331111
-0.0001516351537490867
-0.0001650098529627255
-3.744269985537133e-05
0.0001425664743207129
-0.0001503353076171402
-0.0001489636397273384
5.594704885572923e-05
0.0001303692415635191
0.0001313513767423288
0.0001351102299040899
5.228457946777953e-05
0.0001171484990159974
-0.0001351002649627163
0.000120112341699576
4.815164051663657e-05
-0.0001171103991734932
0.0001155271810320505
0.000117075407728898
-3.350866932330324e-05
0.000115539295718592
0.0001215592708556722

0.006185022156696115
0.003668881232319385
0.001133491581415482
-0.001125818733443778
-0.001246470586147966
0.0006502845202544293
-0.0008852357351387761
0.0006907766272418678
0.0005349714081517274
0.0003518696082907843
-0.0004585918533376377
6.706931282520376e-05
-0.0004712520413269248
0.0002328336976213928
-0.0004721453803743189
-0.0003468945710936208
0.000265497471284178
0.0003450564301575393
-0.0002480796214490688
-4.079733640562671e-05
0.0002226496054814375
0.0002655322788138523
-0.0002113345346197866
-0.0001918266216723743
-0.0002254197890292172
-0.0001754669835289498
3.129959289680216e-06
-0.0002090192895599005
0.0001781237947752708
0.0001698339900659093
-0.0001758005496046927
-0.0001564968776638098
-2.191749755670189e-05
0.0001529171999454383
0.0001667303568622746
0.0001321984359326589
-2.819042631990697e-05
-0.0001490435896190563
-0.0001382329937244738
-0.0001254428337960766
0.0001373504198385222
-1.211687415934287e-05
-0.0001297063800219242
-0.0001161892588705349
-0.0001264375182670181
-2.869017796167639e-05
0.0001092404536913372
-0.000115193261867309
-0.0001141422319999272
4.286899166730582e-05
9.989441882218559e-05
0.000100646972275125
0.0001035271643167764
4.006265294372705e-05
8.976412752538938e-05
-0.0001035195287578586
9.203514896268843e-05
3.689582057130079e-05
-8.973493381697078e-05
8.852180521234403e-05
8.97081218943023e-05
-2.567575762052427e-05
8.853108799676768e-05
9.314384719081025e-05

-0.01121752470454723
-0.006654101605286103
-0.002055767868698845
0.00204185193444646
0.002260673323292745
-0.001179394751729597
0.001605516274104307
-0.001252833649596935
-0.0009702560209382872
-0.0006381716869857173
0.0008317295094164684
-0.0001216409019197448
0.0008546907806833391
-0.0004222810668983292
0.0008563109936072426
0.0006291486630978268
-0.0004815220330135335
-0.0006258149011748742
0.0004499319827476799
7.399248012631453e-05
-0.0004038105905963304
-0.0004815851620229356
0.0003832889038974231
0.0003479081906392846
0.0004088347605336869
0.0003182373761486668
-5.676680659617569e-06
0.0003790898375081251
-0.0003230559273255025
-0.0003080210435743433
0.0003188423514585537
0.0002838320618590076
3.975087947555188e-05
-0.000277339745061558
-0.0003023921094730081
-0.000239762960165417
5.112783683937992e-05
0.0002703143345730163
0.00025070759373253
0.0002275105976125696
-0.0002491069051467782
2.197588493311454e-05
0.0002352432190817881
0.000210727762773282
0.000229314616635093
5.203421619350129e-05
-0.0001981249956708375
0.0002089213632638872
0.0002070151528732144
-7.774975754398295e-05
-0.0001811744699688336
-0.0001825393457502128
-0.0001877630336471419
-7.266001442529575e-05
-0.0001628015700813904
0.0001877491853424849
-0.0001669204298740138
-6.691645854578444e-05
0.0001627486226324719
-0.0001605484203132103
-0.0001626999949319322
4.656708385506797e-05
-0.0001605652561244296
-0.0001689312310399864

-0.0004224367248648528
-0.0002505844170692744
-7.741742215029666e-05
7.689336699180665e-05
8.513388290469417e-05
-4.441440240738877e-05
6.046155942709557e-05
-4.718001142606522e-05
-3.653852222829114e-05
-2.403267783683448e-05
3.13218021965357e-05
-4.580830938190332e-06
3.218649244581966e-05
-1.590253068936155e-05
3.224750746118077e-05
2.369288302833846e-05
-1.813346490724273e-05
-2.356733808801913e-05
1.694382657575208e-05
2.786456173911262e-06
-1.520695767113565e-05
-1.813584225993386e-05
1.443413885896147e-05
1.31017493144241e-05
1.539616107826416e-05
1.198438679210739e-05
-2.137760735199953e-07
1.427600772935864e-05
-1.216584687634199e-05
-1.159965360133869e-05
1.200716933952176e-05
1.068872944618638e-05
1.496964060997576e-06
-1.044423762498587e-05
-1.138767559826274e-05
-9.02914700910759e-06
1.925404802988682e-06
1.017967022035268e-05
9.441307024877452e-06
8.567739698233303e-06
-9.381027269642972e-06
8.275819400156282e-07
8.858939706657983e-06
7.935720962383189e-06
8.635676601247673e-06
1.959537816814123e-06
-7.461117892697492e-06
7.867694413532672e-06
7.795909122563783e-06
-2.927950131680058e-06
-6.822784146993825e-06
-6.874183512711309e-06
-7.070900494850766e-06
-2.736277327728626e-06
-6.130885723824617e-06
7.070378986511026e-06
-6.285996382114707e-06
-2.519982824385302e-06
6.128891794893546e-06
-6.046035167810751e-06
-6.127060541856189e-06
1.753653048091117e-06
-6.046669181528196e-06
-6.361720419370571e-06

0.006463109368394428
0.003833839243156205
0.001184454941832593
-0.00117643711192785
-0.001302513639994149
0.0006795222181101678
-0.0009250371668951156
0.0007218349066318637
0.0005590244678599532
0.0003676901560224205
-0.0004792107818670938
7.008484255519146e-05
-0.000492440189543589
0.0002433022249961757
-0.0004933736943588901
-0.0003624914342228019
0.0002774346074224298
0.0003605706479097615
-0.0002592336267962145
-4.263164147978465e-05
0.0002326602418875185
0.0002774709799470686
-0.0002208364296783812
-0.0002004514137909951
-0.0002355549767463324
-0.0001833562235281645
3.27068661927539e-06
-0.0002184170879755724
0.0001861324887090251
0.0001774699628324517
-0.0001837047871993399
-0.000163533195278607
-2.29029387772159e-05
0.0001597925702636418
0.0001742267859567276
0.0001381422617603201
-2.9457907155598e-05
-0.0001557447970211625
-0.000144448141676348
-0.0001310829183413202
0.0001435258860391
-1.26616656999575e-05
-0.0001355381595444501
-0.0001214132897971897
-0.0001321223252116549
-2.998012832731744e-05
0.0001141520566577103
-0.0001203725113813252
-0.0001192742257470726
4.479644124777411e-05
0.0001043858110421034
0.0001051722003465362
0.0001081818898344368
4.186392562604585e-05
9.38000477374241e-05
-0.000108173910970133
9.61731774620209e-05
3.855470805886177e-05
-9.376954143921684e-05
9.25018688826499e-05
9.374152401516275e-05
-2.683017544863464e-05
9.251156903404323e-05
9.733172430687108e-05

0.004405599329809023
0.002613348875518267
0.0008073875282761903
-0.0008019221486824301
-0.0008878626203487521
0.0004631985098900069
-0.0006305545659571533
0.0004920410903830781
0.0003810608301004369
0.0002506371798179582
-0.0003266555738257208
4.777355879211407e-05
-0.0003356734422031853
0.0001658477457655015
-0.0003363097687690483
-0.0002470934543492463
0.0001891141942457483
0.0002457841441687832
-0.0001767074371450779
-2.905999580486831e-05
0.0001585936036832668
0.0001891389876944318
-0.000150533863985992
-0.0001366383522109935
-0.0001605668090287526
-0.0001249853606751636
2.229474074561806e-06
-0.0001488847119173808
0.0001268778107828432
0.0001209729721021516
-0.0001252229602249397
-0.0001114729295846364
-1.561186202742341e-05
0.0001089231204881996
0.0001187622501329353
9.416511792382398e-05
-2.008007734742409e-05
-0.0001061639428125728
-9.84635412907483e-05
-8.935309373193852e-05
9.783488276342316e-05
-8.630865229479528e-06
-9.239002325609472e-05
-8.276176027225063e-05
-9.006160877482271e-05
-2.043605109210759e-05
7.781211730172415e-05
-8.205231031092978e-05
-8.130366036883776e-05
3.053563854327866e-05
7.115492450390651e-05
7.169096930759842e-05
7.374253384642248e-05
2.853667981902959e-05
6.393910483224431e-05
-7.373709502785458e-05
6.555675635696123e-05
2.628094099965131e-05
-6.391831011573441e-05
6.305419703223192e-05
6.389921194835209e-05
-1.828887556091443e-05
6.306080917165146e-05
6.634648354742474e-05

0.006979901986564526
0.004140394448581899
0.001279164397545959
-0.001270505458992755
-0.00140666311292605
0.0007338570662745669
-0.0009990034812708221
0.0007795530930378308
0.0006037242712983327
0.0003970907970414828
-0.0005175286534209162
7.568885251600335e-05
-0.0005318158894334494
0.0002627567609935731
-0.0005328240376393492
-0.0003914763835216432
0.0002996183813567931
0.0003894020104240776
-0.0002799620435805085
-4.604048331761069e-05
0.0002512638409752428
0.0002996576622418212
-0.0002384945923637969
-0.0002164795830581843
-0.0002543900399050824
-0.0001980174550521724
3.532211932378607e-06
-0.0002358817992027124
0.0002010157114248693
0.0001916605267717074
-0.000198393890003586
-0.0001766093701240123
-2.473426624205541e-05
0.0001725696433477847
0.0001881580242721844
0.0001491881681602132
-3.181337231905387e-05
-0.0001681982086581206
-0.0001559982685691146
-0.0001415643570276146
0.0001550022690296514
-1.367409717751658e-05
-0.0001463758409668803
-0.0001311215414047046
-0.0001426868752560614
-3.237735048902161e-05
0.000123279697374801
-0.0001299975419613078
-0.0001288114370011649
4.837838127659416e-05
0.0001127325391436568
0.0001135818084279871
0.0001168321538017939
4.521138061994828e-05
0.0001013003342855538
-0.0001168235369445348
0.000103863220341605
4.1637556790778e-05
-0.0001012673886924943
9.989835256878792e-05
0.0001012371309847834
-2.897552621183656e-05
9.9908828348015e-05
0.0001051144050211802

4.339660378842964e-05
2.574234677704625e-05
7.953032957283763e-06
-7.899197169565627e-06
-8.745739107251962e-06
4.562657814355506e-06
-6.211170062436164e-06
4.846766727060206e-06
3.753574627075309e-06
2.468858734614482e-06
-3.217664942013052e-06
4.70585281855713e-07
-3.306493914520921e-06
1.633654895331862e-06
-3.312761940837516e-06
-2.433951872279777e-06
1.86283707246583e-06
2.421054735664348e-06
-1.740626430479341e-06
-2.862505256289695e-07
1.562199207587651e-06
1.863081296215615e-06
-1.482808118262321e-06
-1.345932752666055e-06
-1.581635929946124e-06
-1.231146949654792e-06
2.196105361049045e-08
-1.46656342742491e-06
1.249788206223693e-06
1.191623601365657e-06
-1.233487383417926e-06
-1.098045054869288e-06
-1.537819806090078e-07
1.072928595888503e-06
1.169847262146857e-06
9.275574120325806e-07
-1.977953725218542e-07
-1.045749787466124e-06
-9.698982973586887e-07
-8.801573895408856e-07
9.637058039094285e-07
-8.501686392317264e-08
-9.100721452509378e-07
-8.152305850500653e-07
-8.871364960709227e-07
-2.013018310986231e-07
7.664749722997714e-07
-8.082422694284903e-07
-8.008678209412264e-07
3.007860924170685e-07
7.008994315992136e-07
7.061796494089961e-07
7.263882354802119e-07
2.810956908866055e-07
6.298212322750344e-07
-7.263346613207125e-07
6.457556323908953e-07
2.588759209165126e-07
-6.296163974363278e-07
6.21104599211013e-07
6.29428274264343e-07
-1.801514452339415e-07
6.211697308419467e-07
6.53534705155958e-07

-0.003838510276350402
-0.002276958425722591
-0.0007034605492415766
0.0006986986736908338
0.0007735768818416147
-0.0004035755653431948
0.000549389538183707
-0.0004287055268605731
-0.0003320106534333044
-0.00021837514452515
0.0002846084455463803
-4.162414296748195e-05
0.0002924655332763997
-0.0001444998123463229
0.0002930199518422215
0.0002152875676462359
-0.0001647714019530463
-0.000214146791963685
0.0001539616434929787
2.531939111506138e-05
-0.0001381794239395951
-0.0001647930039872828
0.0001311571344991328
0.0001190502539703835
0.0001398986381551862
0.0001088972363190167
-1.942496015958726e-06
0.0001297202613999843
-0.0001105460901166195
-0.0001054013226833755
0.000109104252038136
9.712412630227579e-05
1.36023020567881e-05
-9.490252881080532e-05
-0.0001034751650004273
-8.204417736736469e-05
1.749536838870058e-05
9.249851267833725e-05
8.578930737824267e-05
7.78515572655572e-05
-8.52415698204738e-05
7.519899654285297e-06
8.049757300923862e-05
7.210866070920055e-05
7.846887220264206e-05
1.780552116810174e-05
-6.77961361275811e-05
7.149053119646727e-05
7.083824752721676e-05
-2.660508901711592e-05
-6.199585765169625e-05
-6.246290273079963e-05
-6.425038973889729e-05
-2.486343639947921e-05
-5.570885879217284e-05
6.4245651005437e-05
-5.71182860996465e-05
-2.289805643849281e-05
5.569074077303889e-05
-5.493785638597801e-05
-5.567410092308353e-05
1.593473022126043e-05
-5.494361741037397e-05
-5.780635955099112e-05

0.005517789628521681
0.003273086870037826
0.001011211913797536
-0.001004366803159277
-0.001112002883460315
0.0005801326317907334
-0.0007897376006746368
0.0006162565004389378
0.0004772593553705563
0.0003139103508494322
-0.0004091195323094908
5.983395844404132e-05
-0.0004204139549019007
0.0002077158867596374
-0.0004212109216394442
-0.0003094720145017657
0.0002368559329840771
0.0003078321699330136
-0.0002213170992116977
-3.639617029452178e-05
0.0001986304418636079
0.0002368869855203973
-0.0001885360268291216
-0.0001711326033638402
-0.0002011017814418441
-0.0001565378227167823
2.792303158946678e-06
-0.0001864705475382439
0.0001589080204571949
0.0001515125096102676
-0.0001568354040975364
-0.0001396141883719802
-1.955306507200954e-05
0.0001364206818512721
0.0001487436925118501
0.0001179370324335949
-2.514927805122334e-05
-0.0001329649518082407
-0.0001233205896064209
-0.0001119102162865749
0.00012253322669795
-1.080972078558185e-05
-0.0001157138164272042
-0.0001036549055604787
-0.0001127975954289345
-2.559511710497396e-05
9.745572887577044e-05
-0.0001027663554800809
-0.0001018287094128541
3.824433795295452e-05
8.911793267028903e-05
8.97893015889363e-05
9.235878208123517e-05
3.574074357435615e-05
8.008048464901118e-05
-9.235197023694138e-05
8.210651110702724e-05
3.291554515513411e-05
-8.005444032173929e-05
7.897218252799466e-05
8.003052083603362e-05
-2.290588869591666e-05
7.898046389729697e-05
8.309560434381943e-05

0.002477117675268665
0.001469396603405601
0.000453966365836341
-0.0004508933700007815
-0.0004992147550037962
0.0002604406642798962
-0.0003545392450886643
0.00027665785985113
0.0002142574589585161
0.0001409247055232221
-0.0001836672459462384
2.686143655726851e-05
-0.0001887376846037337
9.325050956394883e-05
-0.0001890954692467544
-0.0001389321900133115
0.000106332437005951
0.0001381960097237633
-9.935654223973201e-05
-1.633944075767663e-05
8.917175382023275e-05
0.0001063463775133412
-8.464003811766183e-05
-7.682706756630937e-05
-9.028121963236283e-05
-7.027498937171902e-05
1.253556944972821e-06
-8.371277636902248e-05
7.133904927825678e-05
6.801896064321736e-05
-7.04085834642001e-05
-6.267741197427904e-05
-8.77801553816342e-06
6.124374161334629e-05
6.677594736508399e-05
5.294582201894513e-05
-1.12903400410248e-05
-5.969235046815521e-05
-5.536267831951938e-05
-5.024018555788177e-05
5.500920515202358e-05
-4.852840036574441e-06
-5.194774705852723e-05
-4.653410441107837e-05
-5.0638559310133e-05
-1.14904918907242e-05
4.375108962224348e-05
-4.613520498619733e-05
-4.571426475416872e-05
1.716914415012099e-05
4.000797802432792e-05
4.030937766570281e-05
4.146290216953691e-05
1.604519809481692e-05
3.595076966013355e-05
-4.145984410806606e-05
3.686031973138121e-05
1.47768733830235e-05
-3.593907750295312e-05
3.545321629945192e-05
3.592833925727205e-05
-1.028320859915417e-05
3.545693407906851e-05
3.730435629386918e-05

-0.003169235398153791
-0.00187995256581356
-0.0005808065924943866
0.0005768749879207311
0.0006386975833397871
-0.000333208947073963
0.000453599090906665
-0.00035395729939381
-0.0002741219482748933
-0.0001802996965699376
0.0002349846933578419
-3.436664169514243e-05
0.0002414718351829103
-0.0001193051177005175
0.0002419295864502496
0.0001777504633425937
-0.0001360421939966208
-0.0001768085909980784
0.0001271172031302624
2.090475335603393e-05
-0.0001140867394166844
-0.0001360600295437413
0.0001082888421417136
9.829289278362159e-05
0.0001155061949231768
8.991013472851971e-05
-1.603806344476575e-06
0.0001071024993262899
-9.127149771722499e-05
-8.702376151453116e-05
9.008105560615557e-05
8.018976033195331e-05
1.123063221699414e-05
-7.835551607993148e-05
-8.543344478444953e-05
-6.7739120754074e-05
1.444491138734329e-05
7.637065933182829e-05
7.083125748065828e-05
6.427751740251063e-05
-7.037902233421916e-05
6.208745179543018e-06
6.646217919960715e-05
5.953594065939164e-05
6.478719855721864e-05
1.470098655622977e-05
-5.597533913029431e-05
5.90255869566298e-05
5.848703414709514e-05
-2.196627957561371e-05
-5.118638546296525e-05
-5.157199750788784e-05
-5.304782190125833e-05
-2.052829798128286e-05
-4.599557499241429e-05
5.304390940376291e-05
-4.715925740884321e-05
-1.890559769005901e-05
4.59806159944648e-05
-4.535900300424814e-05
-4.59668774349889e-05
1.315638293023421e-05
-4.53637595482565e-05
-4.772735976672199e-05

-0.002376457368278429
-0.001409686112190042
-0.0004355189605294809
0.0004325708391427204
0.0004789286333573141
-0.0002498573813455514
0.0003401321664071934
-0.0002654155739548146
-0.0002055508796105922
-0.0001351980804774152
0.0001762037323854818
-2.576989356072167e-05
0.0001810681283842635
-8.946117609245299e-05
0.0001814113740684222
0.0001332865329510189
-0.0001020115055221706
-0.0001325802681291483
9.531908364693507e-05
1.56754702329171e-05
-8.554816491927264e-05
-0.0001020248795422604
8.120060029619548e-05
7.370511809915822e-05
8.661254641007733e-05
6.741929055912589e-05
-1.202617327460575e-06
8.031101881325942e-05
-6.844011126152215e-05
-6.525493795351046e-05
6.754745591381088e-05
6.013044878648684e-05
8.421311556081238e-06
-5.875503714297254e-05
-6.406243583978475e-05
-5.079431232219169e-05
1.083154508513419e-05
5.726668842427069e-05
5.311295710073587e-05
4.819862227161468e-05
-5.277384769074199e-05
4.655639728840032e-06
4.983679519758964e-05
4.464314166742123e-05
4.858080768346891e-05
1.102356355189579e-05
-4.197321763960182e-05
4.426045194425273e-05
4.38566170654902e-05
-1.647145774701941e-05
-3.838221135599058e-05
-3.867136330290901e-05
-3.977801311367362e-05
-1.539318443309931e-05
-3.448987196170393e-05
3.977507931978787e-05
-3.536246150002522e-05
-1.417639944270599e-05
3.447865492772959e-05
-3.401253721016566e-05
-3.446835304208132e-05
9.865339498798119e-06
-3.401610391382447e-05
-3.578845416530404e-05

-0.007751649737505834
-0.004598185992052461
-0.001420597937556717
0.001410981604993698
0.001562193820351662
-0.0008149975380891386
0.001109460432003993
-0.0008657460435186985
-0.0006704763330692646
-0.0004409959879919589
0.0005747503128501892
-8.405755193512714e-05
0.0005906172475863849
-0.0002918090227204118
0.0005917368638491498
0.0004347608048661341
-0.0003327463267630944
-0.0004324570742823612
0.0003109166440745533
5.113104755775611e-05
-0.0002790453634863767
-0.0003327899508229659
0.0002648642556660307
0.0002404151098995893
0.0002825172172689264
0.0002199116773317122
-3.922758478721332e-06
0.0002619625734561239
-0.0002232414423154523
-0.0002128518817169514
0.0002203297336164819
0.0001961365618310614
2.746906314610789e-05
-0.0001916501740472839
-0.000208962117557909
-0.0001656834761840494
3.533088568590917e-05
0.0001867954023571357
0.0001732465498702809
0.0001572167221123367
-0.0001721404255173275
1.518600289814262e-05
0.0001625601980360358
0.000145619274306077
0.0001584633539630413
3.595722130517022e-05
-0.0001369103800647317
0.0001443709974667915
0.0001430537482818126
-5.372744019120545e-05
-0.000125197052787174
-0.0001261402233413882
-0.0001297499500842687
-5.0210273351893e-05
-0.0001125008218145731
0.0001297403804858008
-0.0001153470788339606
-4.624130206826646e-05
0.0001124642335217555
-0.000110943826998964
-0.0001124306303060844
3.21792670708503e-05
-0.0001109554610550456
-0.0001167366034163273

-0.005693496953635711
-0.00337731435559192
-0.001043412731961319
0.001036349647069356
0.001147413267929578
-0.0005986062525349667
0.00081488583768554
-0.0006358804420103846
-0.0004924571012727586
-0.0003239064456239393
0.0004221474481077869
-6.173929835310309e-05
0.0004338015279029769
-0.0002143303474953355
0.0004346238730807204
0.0003193267758331275
-0.0002443983231843502
-0.0003176347124007735
0.0002283646740780639
3.75551622382555e-05
-0.0002049555876149178
-0.0002444303645511205
0.0001945397281646029
0.0001765821137658403
0.0002075056240077167
0.0001615225800127535
-2.8812206697606e-06
0.0001924084761882655
-0.000163968253828388
-0.0001563372418993169
0.0001618296375119988
0.0001440600330376575
2.017570873781691e-05
-0.0001407648331712402
-0.0001534802551751946
-0.0001216925943334548
2.595012633873538e-05
0.0001371990595921206
0.0001272475843615258
0.000115473861528588
-0.0001264351488352796
1.115394324644642e-05
0.0001193985827071726
0.0001069556704349828
0.000116389498184631
2.641016259694884e-05
-0.0001005590884799419
0.0001060388255539332
0.0001050713212837075
-3.946218255645326e-05
-9.195578525675633e-05
-9.264853310518917e-05
-9.529983559042632e-05
-3.687886424833297e-05
-8.263055065344228e-05
9.529280683119384e-05
-8.472109346921538e-05
-3.396370080861026e-05
8.260367697610752e-05
-8.14869559943222e-05
-8.257899580340348e-05
2.363529896760037e-05
-8.149550107369636e-05
-8.57416831816566e-05

-0.0002673983207870654
-0.0001586174884794171
-4.900447206434945e-05
4.867275026787006e-05
5.388891635255784e-05
-2.811388291658542e-05
3.827157657287024e-05
-2.986448641265992e-05
-2.312852768881968e-05
-1.521245033703334e-05
1.982639486195675e-05
-2.899621241654232e-06
2.037373534426662e-05
-1.006614660208342e-05
2.041235725309471e-05
1.499736354226526e-05
-1.147830617181646e-05
-1.491789482109487e-05
1.072527672749888e-05
1.763799542002158e-06
-9.625855675329945e-06
-1.147981101295784e-05
9.136668915624587e-06
8.293279347716347e-06
9.745619584130165e-06
7.585999784673245e-06
-1.353181665296128e-07
9.036573455043359e-06
-7.700862245605632e-06
-7.342467432748766e-06
7.600420914640004e-06
6.765861339708903e-06
9.475636293466371e-07
-6.61110040493919e-06
-7.208287427234302e-06
-5.715361866613892e-06
1.218762434337977e-06
6.443631821900096e-06
5.976255130969457e-06
5.423295545509793e-06
-5.938098634674794e-06
5.238512848163984e-07
5.607622306680834e-06
5.023233858848315e-06
5.466298941619178e-06
1.24036829870505e-06
-4.722814751302432e-06
4.980173717885061e-06
4.934734329791004e-06
-1.853363835268294e-06
-4.318755725055587e-06
-4.35129102156401e-06
-4.47581094981886e-06
-1.73203682247635e-06
-3.880790781166254e-06
4.475480840148321e-06
-3.978974312860368e-06
-1.595124514483958e-06
3.879528643596394e-06
-3.827081208030298e-06
-3.878369478341749e-06
1.110045251034259e-06
-3.827482532421764e-06
-4.026906888801324e-06

-0.005464868204776507
-0.003241694513883521
-0.001001513324726664
0.0009947338659210408
0.00110133760265688
-0.0005745685478182975
0.0007821631839194931
-0.0006103459504557445
-0.0004726819346490855
-0.0003108996194127518
0.0004051956443779477
-5.926008765838206e-05
0.0004163817415421879
-0.0002057236722675898
0.0004171710645279512
0.0003065038513931033
-0.0002345842347062988
-0.0003048797346637388
0.0002191944347431303
3.60470926238313e-05
-0.0001967253663731549
-0.0002346149894160222
0.0001867277674283826
0.0001694912611545473
0.0001991730031975969
0.0001550364598512066
-2.765522025802961e-06
0.0001846820982629267
-0.0001573839248947957
-0.0001500593447990492
0.0001553311871126061
0.0001382751410140301
1.936553054969378e-05
-0.000135112263589974
-0.0001473170835776768
-0.000116805891870265
2.490806994249742e-05
0.0001316896776438161
0.0001221378150502065
0.0001108368792483036
-0.0001213580037827115
1.070604415911087e-05
0.0001146039988508635
0.0001026607456613557
0.0001117157474885443
2.5349632929364e-05
-9.65210256211112e-05
0.0001017807177136543
0.0001008520646614065
-3.787753440462793e-05
-8.826319767753021e-05
-8.892812745995662e-05
-9.147296392356208e-05
-3.539795213738124e-05
-7.931242831718348e-05
9.146621741203455e-05
-8.131902304403707e-05
-3.25998503515583e-05
7.92866337824922e-05
-7.821475598275285e-05
-7.926294370989769e-05
2.268619705785696e-05
-7.822295792498556e-05
-8.229862983319842e-05

0.004210472603489422
0.002497602033230983
0.0007716278339715959
-0.0007664045194288448
-0.0008485386343127376
0.0004426831606480422
-0.0006026269132113736
0.0004702482853656285
0.000364183409631939
0.000239536303698731
-0.0003121877958951775
4.565763824788103e-05
-0.0003208062572898826
0.0001585022462600101
-0.0003214144005574217
-0.0002361495320283801
0.000180738209309099
0.0002348982120079433
-0.0001688809551741438
-2.777291057000535e-05
0.0001515693946290739
0.0001807619046404303
-0.0001438666258009332
-0.0001305865548593407
-0.0001534552054860694
-0.0001194496815449371
2.130729285257579e-06
-0.0001422905157001741
0.0001212583138638351
0.0001156150041499178
-0.0001196767576633452
-0.0001065357244067587
-1.492040297701506e-05
0.0001040988479363252
0.0001135021964276358
8.999448645735476e-05
-1.919071826965794e-05
-0.0001014618759510063
-9.410252998773793e-05
-8.53955898009495e-05
9.350171513645713e-05
-8.248598856288543e-06
-8.829801183313147e-05
-7.909619058756621e-05
-8.607272427315146e-05
-1.953092571643905e-05
7.436577037360461e-05
-7.841816260494789e-05
-7.77026708331452e-05
2.918319617645e-05
6.800342877305323e-05
6.851573181994151e-05
7.047643129317123e-05
2.727277257369765e-05
6.110720222929834e-05
-7.047123336325001e-05
6.265320696483978e-05
2.5116941825444e-05
-6.108732852373773e-05
6.02614875444106e-05
6.106907622597827e-05
-1.747884992102701e-05
6.026780682821407e-05
6.340795664834794e-05

-0.0005492730539712436
-0.0003258222118009471
-0.0001006619486237721
9.998054627302026e-05
0.0001106952712843918
-5.774979544799258e-05
7.861510006016104e-05
-6.134577662671159e-05
-4.750918779231278e-05
-3.124847243040466e-05
4.072615124528441e-05
-5.956222200962079e-06
4.185046413298428e-05
-2.067725432824884e-05
4.192979886367027e-05
3.080665447002177e-05
-2.357802497374319e-05
-3.064341474981577e-05
2.203119857113009e-05
3.623087677550572e-06
-1.977283600117672e-05
-2.358111612492874e-05
1.876797888500805e-05
1.703554031813148e-05
2.001884759809349e-05
1.558269048554163e-05
-2.779621890256777e-07
1.856236899507759e-05
-1.581863383221645e-05
-1.508244142517961e-05
1.561231347674032e-05
1.389801293403711e-05
1.946426465953587e-06
-1.358011261572877e-05
-1.4806817175957e-05
-1.174014203911007e-05
2.503506238965747e-06
1.323610903415264e-05
1.227605280933841e-05
1.114019750811296e-05
-1.219767410002052e-05
1.076062834615348e-06
1.151883011398808e-05
1.031841559196287e-05
1.122853241841075e-05
2.547887666157094e-06
-9.701313284886755e-06
1.022996411973195e-05
1.013662534570825e-05
-3.807065096470707e-06
-8.871320281629706e-06
-8.938152270747804e-06
-9.193933388173743e-06
-3.557842668138728e-06
-7.971679844259307e-06
9.193255297348472e-06
-8.173362368424287e-06
-3.276605892510318e-06
7.969087239551525e-06
-7.861352968583213e-06
-7.966706154072877e-06
2.280186140634343e-06
-7.862177344427934e-06
-8.271822494536992e-06

-0.002189320083439232
-0.001298678511116154
-0.0004012234428164783
0.0003985074751543865
0.0004412147634305014
-0.0002301820307307232
0.0003133480082076893
-0.0002445150728455686
-0.0001893645031922309
-0.0001245517284607354
0.0001623283359668511
-2.374060914106935e-05
0.0001668096786558588
-8.241643722366446e-05
0.0001671258950035342
0.0001227907082772326
-9.397847433035818e-05
-0.0001221400592151652
8.781305608480952e-05
1.444108455574637e-05
-7.881156130114314e-05
-9.399079519528482e-05
7.480635141567071e-05
6.790111089758166e-05
7.979212666069898e-05
6.211026917745321e-05
-1.107915632255215e-06
7.398682120562765e-05
-6.305070400086807e-05
-6.011635138593659e-05
6.222834198149147e-05
5.539539690975466e-05
7.758164217390258e-06
-5.412829387874601e-05
-5.901775443155276e-05
-4.679444688395806e-05
9.978600713052038e-06
5.275714715231816e-05
4.893050690652636e-05
4.440315788633832e-05
-4.861810111642016e-05
4.289025208555931e-06
4.591233071410362e-05
4.112765831409168e-05
4.475524760128125e-05
1.015549843117192e-05
-3.866798099212996e-05
4.077510400023299e-05
4.040306963434242e-05
-1.517439097815751e-05
-3.535975325724365e-05
-3.562613555084077e-05
-3.664564075579304e-05
-1.418102772533227e-05
-3.177392128681596e-05
3.664293798737673e-05
-3.257779760551652e-05
-1.306006008149623e-05
3.176358755314334e-05
-3.133417489270088e-05
-3.175409690301459e-05
9.088480266059152e-06
-3.133746073179754e-05
-3.297024491390028e-05

0.002679485429741058
0.001589438737064314
0.0004910530795513325
-0.0004877290357845048
-0.0005399980290406288
0.0002817173250254944
-0.0003835032751862848
0.0002992593819405882
0.0002317611897186025
0.0001524375280634739
-0.0001986719138727976
2.905587756116338e-05
-0.0002041565812506287
0.0001008685958633308
-0.0002045435950560264
-0.0001502822342997674
0.0001150192493925796
0.0001494859118726916
-0.0001074734599567
-1.767428890338093e-05
9.645662678504962e-05
0.0001150343287674936
-9.155469325227903e-05
-8.310344325142255e-05
-9.76567302390635e-05
-7.601609401795328e-05
1.355966090324441e-06
-9.055167899515442e-05
7.716708213795437e-05
7.357575936308939e-05
-7.616060205968539e-05
-6.779783368218873e-05
-9.495134192219451e-06
6.624703983755282e-05
7.223119830289855e-05
5.727122295480547e-05
-1.22127026660177e-05
-6.456890802701839e-05
-5.988552396586206e-05
-5.434454993156464e-05
5.950317386135658e-05
-5.249292070656126e-06
-5.619161041112432e-05
-5.033570104501024e-05
-5.477546876731863e-05
-1.242920589085163e-05
4.732532828321119e-05
-4.990421359182478e-05
-4.94488847111584e-05
1.857177478919201e-05
4.327642374845555e-05
4.360244618796401e-05
4.485020770204439e-05
1.735600813061153e-05
3.888776235949585e-05
-4.484689981267775e-05
3.987161798648743e-05
1.598406782296998e-05
-3.887511501334588e-05
3.834956145206638e-05
3.886349950826703e-05
-1.112329377305989e-05
3.83535829552419e-05
4.035193004892903e-05

0.001783479572436688
0.001057938769783931
0.0003268475083463933
-0.0003246350073602279
-0.0003594255237447041
0.0001875125308790558
-0.0002552617938002225
0.0001991886160779303
0.0001542614648913912
0.0001014632191525948
-0.0001322370691312222
1.933974468171047e-05
-0.0001358876925386764
6.713866708351761e-05
-0.0001361452909597472
-0.0001000286443055775
7.655741637989816e-05
9.949860791659581e-05
-7.153489930730272e-05
-1.176409950458075e-05
6.420203729711735e-05
7.656745329094654e-05
-6.093928459685062e-05
-5.531408821743292e-05
-6.500083245796601e-05
-5.059671135084496e-05
9.025381501118447e-07
-6.02716730403237e-05
5.13628150875915e-05
4.897241178996445e-05
-5.069289666230167e-05
-4.512659411602419e-05
-6.320011178797878e-06
4.409437758949936e-05
4.807746488780972e-05
3.812002673898857e-05
-8.12883902534026e-06
-4.297740424432376e-05
-3.986011922001869e-05
-3.617201780629361e-05
3.960562498268958e-05
-3.493956367087596e-06
-3.740143096065288e-05
-3.3503706936283e-05
-3.645883964616099e-05
-8.272944708675604e-06
3.149998701809341e-05
-3.321650662161998e-05
-3.291343732768814e-05
1.236147082301546e-05
2.880501489831405e-05
2.902201714603348e-05
2.985253376201885e-05
1.155225015088672e-05
2.588389883225812e-05
-2.985033201349517e-05
2.653875830395977e-05
1.063907947783699e-05
-2.58754806922881e-05
2.552566948204292e-05
2.586774935108493e-05
-7.403722745521969e-06
2.552834621575515e-05
2.685845653494675e-05

0.000344689788353697
0.0002044658634078557
6.3169211588981e-05
-6.274160562799898e-05
-6.946550418838104e-05
3.624019898029003e-05
-4.933397334052486e-05
3.849681430586672e-05
2.981382714237516e-05
1.960960813680217e-05
-2.555721303217756e-05
3.737756576636337e-06
-2.626276224563606e-05
1.297576563534172e-05
-2.631254781462712e-05
-1.933235051741929e-05
1.479610983875162e-05
1.922991136781558e-05
-1.382541728162117e-05
-2.273625687160445e-06
1.2408208644417e-05
1.479804965388138e-05
-1.177762248288992e-05
-1.069045121420911e-05
-1.256259030324317e-05
-9.778732538596351e-06
1.744318739341862e-07
-1.164859443590822e-05
9.926795986593098e-06
9.464807175767946e-06
-9.797322095329766e-06
-8.721533128484881e-06
-1.221456836001795e-06
8.522038555308479e-06
9.291842448265312e-06
7.367386849731298e-06
-1.571045638268693e-06
-8.306163189056423e-06
-7.703691295395294e-06
-6.990898777144193e-06
7.654505666291803e-06
-6.752704652754467e-07
-7.228505176735451e-06
-6.475199285388466e-06
-7.046332302031459e-06
-1.598896676346205e-06
6.087944054004212e-06
-6.419692613372492e-06
-6.361118973192465e-06
2.389078533663046e-06
5.567091791964704e-06
5.609031413800387e-06
5.769543819455239e-06
2.232681955582718e-06
5.002533108964733e-06
-5.769118291601346e-06
5.129096584201613e-06
2.056195153663895e-06
-5.000906150677347e-06
4.933298786987924e-06
4.999411928701108e-06
-1.430903760059796e-06
4.933816114384854e-06
5.190884068223084e-06

0.000432846506681334
0.0002567593752472091
7.932515986867374e-05
-7.878819082304879e-05
-8.723177140401727e-05
4.550887220935326e-05
-6.195146692102978e-05
4.834263199513257e-05
3.743891280076878e-05
2.462489654820852e-05
-3.209364116758917e-05
4.693712815666839e-06
-3.297963931036932e-05
1.629440446616054e-05
-3.304215787135319e-05
-2.4276728438501e-05
1.858031387233147e-05
2.414808979166123e-05
-1.736136020270178e-05
-2.855120660519025e-06
1.558169097954233e-05
1.858274980811794e-05
-1.478982819041865e-05
-1.34246055997672e-05
-1.577555677994271e-05
-1.227970877624397e-05
2.190439921268144e-07
-1.462780035758032e-05
1.246564044113251e-05
1.188549490255296e-05
-1.230305273640455e-05
-1.095212354747857e-05
-1.533852589758464e-06
1.070160690314049e-05
1.16682932893489e-05
9.251645302670016e-06
-1.972851065910996e-06
-1.043051996833341e-05
-9.673961859180534e-06
-8.778867887935312e-06
9.612196676471928e-06
-8.479754023320243e-07
-9.077243713030273e-06
-8.131274802609842e-06
-8.848478907401158e-06
-2.007825193227981e-06
7.644976456177103e-06
-8.061571927988472e-06
-7.988017687704824e-06
3.000101344542748e-06
6.990912745170439e-06
7.043578705747765e-06
7.245143232515798e-06
2.803705295791165e-06
6.281964403778119e-06
-7.24460887308495e-06
6.440897334097685e-06
2.582080814086721e-06
-6.279921340048065e-06
6.195022940936637e-06
6.278044960751957e-06
-1.796866965223377e-06
6.195672578322765e-06
6.518487380369609e-06

-0.004108243970181853
-0.002436961229585153
-0.0007528930109913642
0.0007477965164893604
0.0008279364470849572
-0.0004319349860930129
0.0005879953667002164
-0.0004588308403289075
-0.0003553411784274336
-0.0002337204556311107
0.0003046079979210749
-4.454908859141954e-05
0.0003130172064331047
-0.0001546538735148678
0.0003136105842192531
0.000230415913456549
-0.0001763499560501065
-0.0002291949749983223
0.0001647805914228118
2.709859512897628e-05
-0.0001478893488187028
-0.0001763730760680054
0.0001403736002146551
0.0001274159642181493
0.00014972937292327
0.000116549489845936
-2.078996008902749e-06
0.0001388357574526897
-0.0001183142092772517
-0.0001128079169231062
0.0001167710526447289
0.0001039490785524288
1.455814140963851e-05
-0.0001015713684926404
-0.0001107464073486296
-8.780945541162472e-05
1.872477511181467e-05
9.899842115908698e-05
9.181775724665612e-05
8.332221817309942e-05
-9.123152994573879e-05
8.048326091876752e-06
8.615417052990402e-05
7.717576591673915e-05
8.398291208432617e-05
1.905672245441543e-05
-7.256019846135943e-05
7.651420018920871e-05
7.58160802786655e-05
-2.84746395507136e-05
-6.635233203442677e-05
-6.685219656304379e-05
-6.876529101748397e-05
-2.661060028823597e-05
-5.96235431825662e-05
6.876021929126452e-05
-6.113201152587567e-05
-2.45071122700721e-05
5.960415200283241e-05
-5.879836212051341e-05
-5.958634286374516e-05
1.70544702592905e-05
-5.88045279745795e-05
-6.186843618130849e-05

-0.003579344057256466
-0.002123224121593353
-0.0006559647246368005
0.0006515243585241228
0.000721346985029872
-0.0003763271940066956
0.0005122961870735151
-0.0003997604459562317
-0.0003095941586074004
-0.0002036310233750006
0.0002653924243703996
-3.881378921582898e-05
0.0002727190219952
-0.0001347435612672572
0.0002732360076630388
0.0002007519116474455
-0.0001536464659272045
-0.0001996881581686444
0.000143566554211771
2.360989175395885e-05
-0.0001288499090286828
-0.0001536666094482414
0.0001223017462864576
0.000111012290806967
0.0001304530463768849
0.0001015447784708552
-1.811343742858559e-06
0.0001209618871176362
-0.0001030823059534
-9.828489982116162e-05
0.0001017378170276775
9.05665581874734e-05
1.268391003977881e-05
-8.849495717397365e-05
-9.648879128963515e-05
-7.650476813929201e-05
1.631412666978042e-05
8.625325395117843e-05
7.999703672342459e-05
7.259522282995743e-05
-7.94862809793715e-05
7.012175610044862e-06
7.506258648032632e-05
6.724007169564286e-05
7.31708582698421e-05
1.660333874109203e-05
-6.321871754477023e-05
6.666367667809893e-05
6.605543350379943e-05
-2.480878268137683e-05
-5.78100587687109e-05
-5.824557018017679e-05
-5.991237071978161e-05
-2.31847219135507e-05
-5.194754170201188e-05
5.990795193326536e-05
-5.326180814756241e-05
-2.135203929003926e-05
5.193064696437758e-05
-5.122859537070555e-05
-5.191513059375103e-05
1.48588587277901e-05
-5.123396742578063e-05
-5.390342467110937e-05

