-0.5204741068856495
-0.3092284349670529
-0.09517591438308694
0.09505813722358374
0.1047008407221364
-0.05500713749970353
0.07426346910295013
-0.05842475583252214
-0.04480903987722814
-0.02986240601353224
0.03838905073814609
-0.005694953821173463
0.03988809279273495
-0.01940570005584845
0.03995784089654121
0.02901604182218514
-0.02253750734220292
-0.02887971057088813
0.02106090694557234
0.003397007252170786
-0.01858425799206623
-0.02251673324342662
0.01764039672909937
0.01630129536891281
0.01883823812021686
0.01491231937831243
-0.0002651608178861853
0.01746732567890643
-0.01512592790610629
-0.01417782752544356
0.01492186820119445
0.01306510715346085
0.001819279493335515
-0.01298649912061015
-0.01393286283390473
-0.01123451947196844
0.002347149084620147
0.01245328919441988
0.01173573634515668
0.01046963669351718
-0.01165412032107539
0.0009966179102297401
0.01083710471541561
0.009867770845279707
0.01056544172598783
0.002443948107347439
-0.009272420561641884
0.009623664199015676
0.009685020287847432
-0.003589261990601007
-0.008342109151620434
-0.008543979870747271
-0.008650649505626405
-0.003415388510617302
-0.007609652613957975
0.008653224606888391
-0.007810780357113811
-0.003082261140180603
0.007500734029586433
-0.007511901184413619
-0.007498718223001378
0.002145314149012201
-0.007509053078931256
-0.007789698021384978

-0.3095471917778182
-0.1839107698072192
-0.05660500038798764
0.05653495350470909
0.06226986279152422
-0.03271498949804431
0.04416751574837237
-0.03474758659272655
-0.02664976466025103
-0.01776039153328587
0.02283153512114392
-0.003387021447031856
0.02372307660653615
-0.01154136176479458
0.0237645586502638
0.01725702420877799
-0.01340397536622594
-0.01717594244999181
0.01252578085067312
0.002020338843851593
-0.01105281664662524
-0.01339162016190406
0.01049146383478741
0.009695045607518731
0.01120386899370198
0.008868964902165391
-0.000157701959540831
0.01038853141826997
-0.008996006610936705
-0.008432132622835308
0.008874643976805985
0.007770352407791311
0.001081999759009807
-0.007723601002674153
-0.008286442123834847
-0.006681627207799793
0.00139594534716689
0.007406479299407943
0.006979721336814569
0.006226720204794508
-0.006931180956557613
0.0005927293429318625
0.00644526843368887
0.005868766022844201
0.006283699367375674
0.001453515676326288
-0.005514686913078329
0.005723585838391249
0.005760076808348482
-0.002134680582658481
-0.00496139275178009
-0.005081453506733526
-0.005144894291751109
-0.002031270928380263
-0.00452577095746629
0.005146425809565418
-0.004645389834293297
-0.001833146486339714
0.004460992630402926
-0.004467634193108363
-0.004459793747960679
0.001275905874130571
-0.004465940308545451
-0.00463285130886378

-0.09355294411963674
-0.05558245859695718
-0.01710745430373836
0.01708628437445808
0.01881951815042165
-0.009887292360193645
0.01334853373721726
-0.01050159430661219
-0.008054228919801523
-0.005367636860518598
0.006900263953571348
-0.001023643039195878
0.00716971020596371
-0.003488089703043029
0.007182247122540467
0.005215506599186588
-0.004051018364000812
-0.005191001653083682
0.003785605901469615
0.0006105971948123677
-0.003340439085131157
-0.004047284310617322
0.003170784151622102
0.002930086539466925
0.003386090902237742
0.002680424180642181
-4.766149718157188e-05
0.003139675387383876
-0.002718819379166616
-0.002548402482812619
0.002682140539783411
0.002348395863070948
0.0003270075312610953
-0.002334266412998381
-0.002504371151000258
-0.002019355734450327
0.0004218897813529453
0.002238424261069244
0.002109447275045009
0.001881871400681042
-0.002094777151706051
0.0001791377100819774
0.001947922170284309
0.001773688647060902
0.001899091936206561
0.0004392889822819494
-0.001666677037686041
0.001729811545141217
0.001740840033732774
-0.0006451541431063053
-0.001499457630990929
-0.001535743009755342
-0.001554916410040604
-0.0006139011456164445
-0.001367801772165178
0.001555379273231437
-0.001403953604249365
-0.0005540229579034447
0.001348224133042209
-0.001350231380277253
-0.001347861800624557
0.0003856108345190731
-0.001349719445772882
-0.001400164146615497

0.09319135123477557
0.05536762600409351
0.01704133202600647
-0.01702024392094042
-0.01874677854907714
0.009849076838479288
-0.01329694011964515
0.01046100443724208
0.008023098399030369
0.005346890326931152
-0.006873593640067495
0.001019686541161481
-0.007141998451711507
0.003474607835314093
-0.007154486911669023
-0.005195348066548078
0.004035360712277464
0.005170937834882723
-0.003770974099428964
-0.0006082371664537514
0.003327527904014136
0.004031641091440078
-0.003158528706331578
-0.002918761418118945
-0.003373003271599299
-0.002670064033015058
4.747728001530115e-05
-0.003127540181041932
0.002708310829684777
0.002538552614223997
-0.002671773758231045
-0.002339319043062725
-0.0003257436095567333
0.002325244204941834
0.002494691468573422
0.002011550692370486
-0.0004202591288433074
-0.002229772493947467
-0.002101294018803038
-0.001874597751357922
0.002086680597179816
-0.0001784453222368941
-0.001940393227141254
-0.001766833136518911
-0.001891751727534117
-0.0004375910798604831
0.001660235139317368
-0.001723125624641455
-0.001734111486856476
0.0006426605481700791
0.001493662054852952
0.001529807186457336
0.001548906479347085
0.0006115283471077157
0.00136251506105832
-0.001549367553517905
0.001398527162155101
0.0005518815954757509
-0.001343013091761928
0.001345012580755786
0.001342652159801348
-0.000384120404309756
0.001344502624937402
0.001394752351210919

0.1012366178350151
0.06014754716973141
0.01851252068842368
-0.01848961203429902
-0.0203651994575071
0.01069935369230263
-0.01444487312858164
0.01136410937658095
0.00871573741247016
0.005808490653488782
-0.007466995201513
0.001107716706661006
-0.007758571565430556
0.003774572864212351
-0.007772138161805248
-0.005643865656672801
0.004383735881520441
0.005617348074713811
-0.004096524609969262
-0.0006607466546780468
0.003614795432091089
0.004379695143528048
-0.003431206429857804
-0.003170739884360585
-0.003664196716095705
-0.002900572301224374
5.157602276467474e-05
-0.003397542646140706
0.002942120967347755
0.002757707420861188
-0.00290242962807011
-0.002541273893110983
-0.0003538652554764069
0.00252598396556913
0.002710059715562402
0.002185209099352663
-0.0004565403576045435
-0.002422270123115552
-0.002282700022286254
-0.002036432926810773
0.002266825014997871
-0.0001938506165258794
-0.002107908566437793
-0.001919364926573927
-0.002055067816289206
-0.0004753685866000931
0.001803564258790144
-0.001871884118344916
-0.001883818396793648
0.0006981418280850037
0.00162261081761564
0.001661876380635487
0.001682624527214002
0.0006643219649798194
0.001480141823282261
-0.0016831254062004
0.001519262871189593
0.0005995258726379075
-0.001458956236996309
0.001461128343102617
0.001458564145557894
-0.0004172817547817495
0.001460574362486232
0.001515162178498065

-0.05246537245479715
-0.03117116644146208
-0.009594021548393988
0.009582149252604335
0.0105541630835157
-0.005544886706972552
0.00748598348068135
-0.005889393026061844
-0.004516887459718708
-0.003010221321619255
0.003869733034779867
-0.0005740686604529169
0.004020841031659794
-0.001956153567886827
0.004027871852593079
0.002924905237794317
-0.002271849264484559
-0.002911162633153313
0.002123003454961179
0.0003424286594843536
-0.00187334971029641
-0.002269755172167676
0.00177820562521191
0.00164322013662535
0.001898951679431108
0.001503207133646925
-2.672901665378531e-05
0.001760759537140828
-0.001524739522713494
-0.001429168121683791
0.0015041696840232
0.001317002525005633
0.0001833889043749032
-0.001309078596287539
-0.001404474935970566
-0.001132473720882165
0.0002365997641427074
0.001255329414525173
0.001182997905629592
0.001055371211220505
-0.001174770762249554
0.0001004621155282055
0.001092413105099161
0.0009947013037655929
0.001065028649783577
0.0002463573999471884
-0.0009346881850375039
0.0009700946116285726
0.0009762794919333413
-0.000361808521659952
-0.0008409099663342815
-0.00086125914860155
-0.000872011772120916
-0.0003442815462223466
-0.0007670761203322923
0.0008722713501591434
-0.0007873504083633395
-0.0003107012944218524
0.0007560967958651478
-0.000757222479025746
-0.0007558935964319447
0.0002162541889625917
-0.000756935381332658
-0.0007852252448203678

0.07311119003956848
0.0434374324783046
0.01336939584813343
-0.01335285164702582
-0.01470736576915113
0.007726872922339291
-0.01043181693527438
0.008206947031908968
0.006294342382481203
0.004194783202875765
-0.005392524136790859
0.0007999722667808955
-0.005603095127893085
0.002725925854648578
-0.005612892669800613
-0.004075894112298553
0.003165851980944239
0.004056743611072276
-0.002958433377824599
-0.0004771788634513433
0.002610537584537362
0.003162933835617814
-0.002477953044293979
-0.002289848981614006
-0.002646214266950326
-0.00209473901117422
3.72472380298054e-05
-0.002453641689949863
0.002124744679970456
0.00199156466930504
-0.002096080337848873
-0.001835260427651067
-0.0002555548624085574
0.001824218328239835
0.001957154388602159
0.001578117099875315
-0.0003297048988731996
-0.001749318132959246
-0.001648523219184406
-0.001470673733465912
0.001637058586133455
-0.0001399952859666408
-0.0015222921022317
-0.001386129415452439
-0.001484131501763145
-0.0003433022933499933
0.001302500341209012
-0.001351839664689449
-0.001360458377150356
0.000504184957570133
0.001171819153819229
0.001200176008298682
0.00121515993130922
0.0004797608856140253
0.001068930713428683
-0.001215521656735793
0.001097183201799712
0.0004329663608429331
-0.001053630879651341
0.001055199534015314
0.001053347718555377
-0.0003013530709176011
0.001054799459585518
0.001094221758311518

-0.05512912065294449
-0.03275377482784465
-0.01008112487800959
0.01006864980738344
0.01109001428557861
-0.00582640919091852
0.00786605845346967
-0.006188406629267815
-0.004746216830103026
-0.003163054919214764
0.004066205372940675
-0.0006032150152457045
0.004224985356801577
-0.00205547051348248
0.004232373143399559
0.003073407205708211
-0.002387194569427042
-0.003058966867750798
0.002230791627677361
0.0003598142927507629
-0.001968462575826604
-0.00238499415680015
0.001868487878219712
0.001726648967361764
0.001995364396576088
0.001579527287422923
-2.808609021713975e-05
0.001850156025242668
-0.001602152909224164
-0.00150172920017898
0.001580538707972971
0.001383868782477628
0.0001926998430136822
-0.00137554254362967
-0.001475782303191866
-0.001189971165240436
0.0002486123005248392
0.001319064432682082
0.001243060541079922
0.00110895404177531
-0.001234415692892121
0.0001055627326914277
0.00114787660996289
0.001045203829176835
0.001119101803448387
0.0002588653466080976
-0.000982143751485063
0.001019347817177796
0.001025846713432673
-0.0003801781005374717
-0.0008836042674094651
-0.0009049866091698786
-0.0009162851600350342
-0.0003617612534177142
-0.0008060217627199974
0.0009165579172517098
-0.000827325407747687
-0.0003264760802368371
0.0007944850009491696
-0.0007956678367865789
-0.0007942714847661119
0.0002272337489892026
-0.0007953661626993967
-0.0008250923463613308

-0.04434732094123246
-0.02634800169353526
-0.008109523154345169
0.008099487877993142
0.008921100444565819
-0.004686917463299678
0.00632766520936621
-0.004978117765212764
-0.003817982193953748
-0.002544444932111206
0.003270963014664967
-0.0004852420927604608
0.003398689828006131
-0.00165347477824798
0.003404632758701457
0.002472329943237898
-0.001920322371655416
-0.002460713753929302
0.001794507713779944
0.0002894441219244367
-0.00158348329480064
-0.001918552301612541
0.001503061007119448
0.001388962040415862
0.001605123830048594
0.001270613474714031
-2.259319289137945e-05
0.001488314380331049
-0.001288814122568647
-0.00120803063822498
0.001271427088122502
0.00111322060483118
0.0001550128440693129
-0.001106522758356602
-0.001187158268876597
-0.0009572442395361115
0.0001999903018718804
0.001061090273987722
0.0009999507358678772
0.0008920719252766252
-0.0009929965916236124
8.491745071666557e-05
0.000923382267303227
0.0008407895702403257
0.0009002350528293234
0.0002082381229851757
-0.000790062377953292
0.0008199903111769945
0.0008252181949988222
-0.0003058253068374047
-0.0007107946139487437
-0.0007279951344956717
-0.0007370839872736457
-0.0002910103085158169
-0.0006483851977611865
0.0007373034003838688
-0.0006655224125774361
-0.0002626259831177854
0.0006391047218382246
-0.0006400562262316178
-0.0006389329637803986
0.0001827928302818901
-0.0006398135516268127
-0.000663726079009997

-0.03137362621579285
-0.01863996153819128
-0.005737103004935697
0.005730003522879373
0.006311255445447022
-0.003315771809365296
0.004476523020644215
-0.003521782211624168
-0.002701041319054469
-0.001800074108930536
0.002314051194293714
-0.0003432857660692745
0.002404411856774524
-0.001169754982916559
0.002408616198374381
0.001749056174646013
-0.001358536998931222
-0.001740838271654831
0.001269529095750909
0.0002047679882095432
-0.001120239328005234
-0.001357284758329026
0.001063344373820917
0.0009826247664812223
0.001135548980303708
0.0008988987694039923
-1.598361239757028e-05
0.001052911834786624
-0.0009117748645218191
-0.0008546243808307308
0.0008994743623013072
0.0007875507789518115
0.0001096642350712183
-0.0007828123702431328
-0.0008398581694728218
-0.0006772048983122425
0.0001414836532296425
0.0007506710423706999
0.0007074177189395427
0.0006310985770330006
-0.0007024979917147918
6.007506883028398e-05
0.0006532491589979066
0.0005948187431166367
0.000636873602607296
0.000147318595481191
-0.0005589316605148179
0.0005801042538180805
0.0005838027336686613
-0.0002163568995917512
-0.0005028534770744157
-0.0005150220295574297
-0.0005214519618223089
-0.0002058759909401358
-0.0004587017751393423
0.0005216071861913567
-0.0004708255418204031
-0.0001857954269619083
0.0004521362785877577
-0.0004528094228171812
-0.0004520147679080735
0.0001293172577390011
-0.0004526377420440369
-0.0004695547210196904

0.03868634667654083
0.02298465625693437
0.007074335438350957
-0.007065581173793781
-0.00778231417839266
0.004088628354119116
-0.005519933216868929
0.004342656683069545
0.003330613431100604
0.002219644313429363
-0.00285342172798136
0.0004233005156604139
-0.002964844102003956
0.001442407278153062
-0.002970028412403437
-0.002156734865892765
0.001675191543115832
0.002146601493298783
-0.00156543723624304
-0.0002524963268715854
0.001381350268719642
0.001673647424060175
-0.00131119395632666
-0.001211659822411702
-0.001400228370735899
-0.001108418554523723
1.970915207897258e-05
-0.001298329749331966
0.001124295873777529
0.00105382447179129
-0.001109128309469644
-0.0009711170219964876
-0.0001352253190881458
0.0009652741614763148
0.00103561647862674
0.0008350511760088472
-0.000174461365105121
-0.0009256411734317139
-0.0008723061507708834
-0.0007781981646061014
0.0008662397091154506
-7.407766393976737e-05
-0.0008055117141169568
-0.0007334620469960128
-0.0007853192617944047
-0.0001816563446471308
0.0006892102251248952
-0.0007153178315244381
-0.0007198783714088763
0.0002667864392180917
0.0006200610604523849
0.0006350659195232427
0.0006429945723031502
0.0002538625883761872
0.0005656182607686614
-0.0006431859771381147
0.000580567895140689
0.0002291015469147797
-0.0005575224457056619
0.0005583524897318031
0.0005573726127139807
-0.0001594591657891395
0.0005581407927524049
0.0005790008651225037

-0.005554076686073339
-0.003299834552004409
-0.001015640010056281
0.001014383187924895
0.00111728228316061
-0.0005869914678038154
0.0007924793893004148
-0.0006234615131979728
-0.0004781656578394266
-0.0003186673281835188
0.0004096567511898652
-6.077191896379981e-05
0.0004256533097442539
-0.0002070818602333916
0.0004263976048249361
0.000309635617362727
-0.0002405019624137322
-0.0003081808010434693
0.0002247448829951521
3.625010069113356e-05
-0.0001983160981041953
-0.0002402802781146614
0.0001882439777692832
0.0001739541763241516
0.0002010263676254249
0.0001591321533553775
-2.829580755695232e-06
0.0001863971041745578
-0.000161411609966826
-0.0001512942532136022
0.0001592340506327651
0.000139420205697304
1.941387224784418e-05
-0.0001385813646542895
-0.0001486801891051137
-0.0001198856616554519
2.504686753320288e-05
0.0001328913816549267
0.0001252342407936126
0.0001117234542543342
-0.0001243633009127145
1.063509639942699e-05
0.0001156447743474636
0.0001053008310502943
0.0001127458077012397
2.607982803643151e-05
-9.894773665693437e-05
0.0001026959233039192
0.0001033506656206307
-3.830168701662481e-05
-8.902020934142826e-05
-9.117440959817899e-05
-9.231270125245742e-05
-3.644625054300154e-05
-8.120402842944492e-05
9.234018064048605e-05
-8.335030025047252e-05
-3.289138597401584e-05
8.004173781377624e-05
-8.016090461472923e-05
-8.002022676407049e-05
2.289304912906559e-05
-8.013051194756933e-05
-8.312532669680747e-05

0.04008132239051811
0.02381345091000285
0.007329426109265501
-0.007320356178137226
-0.008062933575415413
0.004236058591074835
-0.005718974311255318
0.004499246827330234
0.003450710706965239
0.002299681592130942
-0.002956312136464618
0.0004385641419728606
-0.003071752245918502
0.00149441847320083
-0.003077123495321385
-0.002234503717641852
0.001735596614146196
0.002224004949763019
-0.001621884720017396
-0.0002616009923184695
0.001431159833149762
0.001733996816310496
-0.001358473781963659
-0.001255350585977216
-0.00145071865319953
-0.00114838658193662
2.041983661900327e-05
-0.001345145709603127
0.001164836415182539
0.001091823912711105
-0.001149121929656526
-0.001006134147610404
-0.0001401013555259949
0.001000080601687694
0.00107295936470374
0.0008651619569569862
-0.0001807521986486413
-0.0009590185033613828
-0.0009037602941577567
-0.0008062589052430023
0.0008974751050758545
-7.674880120190597e-05
-0.0008345573432612112
-0.0007599096656156188
-0.0008136367792658937
-0.0001882066191197151
0.0007140621847558533
-0.0007411111950356407
-0.0007458361816287388
0.0002764063861890679
0.0006424195976319395
0.0006579655109970156
0.0006661800599400134
0.0002630165193077712
0.0005860136665109105
-0.000666378366566272
0.0006015023638514188
0.0002373626292199806
-0.0005776259276461275
0.0005784859019023144
0.0005774706918857086
-0.0001652090409455073
0.0005782665714251032
0.0005998788289161304

-0.0161919076593838
-0.009620071773830828
-0.00296091505168733
0.002957251013709743
0.003257234745024527
-0.001711267629299813
0.002310330558756336
-0.00181758946112552
-0.001394005631401502
-0.0009290170524563809
0.001194280284955509
-0.0001771695559429253
0.001240915362866681
-0.0006037097700220414
0.001243085220775766
0.0009026867304455263
-0.0007011400431449133
-0.000898445476167929
0.0006552031234106155
0.0001056806227588917
-0.0005781547733986039
-0.0007004937626017442
0.0005487913253188569
0.0005071319895653711
0.0005860560747849184
0.0004639210580638468
-8.249131746030533e-06
0.0005434070988504841
-0.0004705664022045583
-0.0004410710755171396
0.0004642181211756294
0.0004064544341211097
5.659763890845994e-05
-0.0004040089445323329
-0.0004334502436393096
-0.0003495049983873822
7.30196194934418e-05
0.0003874208265578262
0.0003650978150531797
0.0003257095565877284
-0.0003625587470986284
3.100470313635257e-05
0.0003371414572328469
0.0003069855583910785
0.0003286900434520716
7.603102931534357e-05
-0.0002884642588877838
0.0002993914202342391
0.0003013002032294752
-0.0001116616522285967
-0.0002595223456476667
-0.0002658025275047136
-0.0002691210112772702
-0.0001062524622323962
-0.0002367356815934475
0.0002692011224712473
-0.0002429927495279989
-9.588889649571751e-05
0.0002333472331824167
-0.0002336946424723347
-0.0002332845216012271
6.674055085865764e-05
-0.0002336060381391764
-0.0002423368797562646

0.03693134408620017
0.02194195942110749
0.006753408856083293
-0.006745051727941
-0.007429270205124253
0.003903148101553447
-0.00526952194968225
0.004145652458517212
0.00317952045641633
0.002118950351492823
-0.002723976511409042
0.0004040975263555873
-0.002830344219591345
0.00137697260346899
-0.002835293344221747
-0.00205889478530899
0.001599196631472497
0.002049221112239057
-0.00149442131872583
-0.0002410418540205153
0.001318685439702549
0.001597722561236791
-0.00125171176202642
-0.001156692985022509
-0.00133670713834163
-0.001058135247840841
1.88150481915952e-05
-0.00123943113860891
0.00107329229395442
0.001006017820694814
-0.001058812804818643
-0.0009270623868204328
-0.0001290908348148157
0.0009214845871353245
0.0009886358314804091
0.0007971691555324177
-0.0001665469411810104
-0.0008836495459802712
-0.0008327340617604229
-0.0007428952758088821
0.0008269428236778974
-7.071713746803473e-05
-0.0007689697486362463
-0.0007001886080964359
-0.0007496933250726338
-0.0001734155211319718
0.0006579442660904179
-0.0006828675033055186
-0.0006872211547137963
0.0002546836967232195
0.0005919320469694574
0.0006062562119765027
0.0006138251821459664
0.0002423461351965869
0.0005399590399305099
-0.0006140079039178804
0.0005542304855020232
0.0002187083761239077
-0.0005322304907798001
0.0005330228799342923
0.0005320874549481849
-0.0001522253152693618
0.0005328207865691279
0.0005527345436579581

0.02701592389013407
0.0160509269399401
0.004940236651801959
-0.004934123266452318
-0.005434641045081172
0.002855221077179361
-0.00385474743615383
0.00303261725413682
0.002325874803180104
0.001550049228896132
-0.001992636442880854
0.0002956044055891926
-0.002070446281101708
0.001007279533809999
-0.00207406665229741
-0.001506117532247895
0.001169840295559917
0.001499041071267139
-0.001093195322441093
-0.0001763263304838946
0.000964641454448251
0.001168761987410635
-0.0009156490382898889
-0.0008461411416461789
-0.0009778246420861073
-0.000774044433758442
1.376353670602595e-05
-0.0009066655475514177
0.000785132077989219
0.000735919624603313
-0.0007745400785336283
-0.0006781623443027881
-9.44322026333762e-05
0.0006740820863131985
0.0007232043955940192
0.0005831431746203756
-0.0001218319993060219
-0.0006464050922173754
-0.0006091595253271058
-0.0005434408827026695
0.0006049231334181329
-5.173082244463766e-05
-0.0005625148154502404
-0.0005122002086064167
-0.0005484137745929825
-0.0001268564856273364
0.000481297733847997
-0.0004995295176176499
-0.0005027142897401302
0.0001863055769286781
0.0004330086414331174
0.0004434870185729403
0.0004490238525842798
0.0001772804349675621
0.0003949894781112149
-0.0004491575167551993
0.0004054292900623756
0.000159989000933892
-0.0003893359092850088
0.0003899155558053405
0.0003892312760733558
-0.000111355479558778
0.0003897677209753435
0.0004043349824489048

-0.01726198439048613
-0.01025583472240179
-0.003156593434136686
0.003152687250400915
0.003472496046021117
-0.001824360398189029
0.002463013678256493
-0.001937708734897548
-0.001486131464908736
-0.0009904131245893379
0.001273206843223416
-0.0001888781836886062
0.001322923899662191
-0.0006436072169953015
0.001325237157255609
0.0009623427071247662
-0.0007474763773926986
-0.0009578211605179205
0.0006985036184019265
0.0001126647519745472
-0.0006163633639487625
-0.0007467873860219365
0.0005850593698145297
0.0005406468880593239
0.0006247868396790479
0.0004945802700444461
-8.794293200687359e-06
0.0005793193152628252
-0.0005016647859178088
-0.0004702201976959167
0.00049489696520554
0.0004333158417671502
6.033801451491322e-05
-0.0004307087367865003
-0.0004620957268995854
-0.0003726027811838842
7.784527669070591e-05
0.0004130243576775567
0.0003892260823755144
0.0003472347668921393
-0.0003865192147034431
3.305371503036209e-05
0.0003594221690588573
0.0003272733533645069
0.0003504122255841206
8.105570194956183e-05
-0.0003075280343047343
0.0003191773404001286
0.0003212122693882036
-0.0001190410505256294
-0.0002766734330375603
-0.0002833686540991052
-0.0002869064469453446
-0.0001132743826786588
-0.0002523808637191696
0.0002869918524581951
-0.0002590514433252065
-0.0001022259186101029
0.000248768482472253
-0.0002491388510455397
-0.0002487016264626556
7.115124242118318e-05
-0.0002490443911062667
-0.0002583522290018253

-0.02432431407828785
-0.0144517651782845
-0.00444803843940977
0.004442534133656181
0.004893185079322389
-0.002570753994077617
0.003470697049295906
-0.002730476102495521
-0.002094146750242791
-0.001395617060286559
0.001794109092015232
-0.000266153192973134
0.001864166697705771
-0.0009069237774234356
0.001867426369534892
0.001356062300226956
-0.001053288530362904
-0.001349690870541167
0.0009842797336899857
0.000158758851276141
-0.0008685337509224062
-0.001052317654585868
0.000824422473331901
0.0007618396826871994
0.0008804034910786013
0.0006969260053387898
-1.23922687607109e-05
0.0008163340122029237
-0.0007069089821105479
-0.0006625995897094758
0.0006973722687809045
0.0006105966957107256
8.502387574454439e-05
-0.0006069229558356258
-0.0006511511852330524
-0.0005250443327335769
0.0001096938171708482
0.000582003434302093
0.0005484686615973258
0.0004892975997265849
-0.0005446543435022898
4.657685510917625e-05
0.0005064711871540205
0.0004611694493875763
0.0004937750399470988
0.0001142177114436682
-0.0004333458034193826
0.0004497611455865679
0.0004526286172928626
-0.0001677438604794658
-0.0003898677770807319
-0.0003993021883419801
-0.0004042873848520512
-0.0001596178978599228
-0.0003556364817382674
0.0004044077319956593
-0.0003650361700795075
-0.0001440492179210434
0.0003505461807605192
-0.0003510680768123257
-0.0003504519722073378
0.000100261078249304
-0.0003509349708393572
-0.0003640508888729443

0.01687373508752042
0.01002516479522035
0.003085596660368653
-0.003081778332877631
-0.003394394123384533
0.001783327650335219
-0.002407616609058733
0.00189412660385969
0.001452706020167746
0.0009681371685593609
-0.00124457040964601
0.0001846300149089972
-0.001293169250932451
0.0006291314737823239
-0.001295430479707261
-0.0009406980991348759
0.0007306644526486021
0.0009362782492554531
-0.0006827931683847496
-0.0001101307436917399
0.0006025003780361181
0.0007299909577822468
-0.0005719004601906941
-0.0005284868853218762
-0.0006107343964881981
-0.0004834563783317467
8.59649565157622e-06
-0.0005662895085350154
0.000490381552249687
0.0004596442024993745
-0.0004837659505183355
-0.0004235698838445215
-5.898091723409747e-05
0.0004210214167742615
0.000451702463887986
0.0003642223559207108
-7.609441342199327e-05
-0.0004037347872927545
-0.0003804717728037052
-0.000339424908351981
0.0003778257868625346
-3.231028475428545e-05
-0.0003513381965878053
-0.0003199124585538389
-0.0003425309009775738
-7.92326311443035e-05
0.0003006112429174156
-0.0003119985377126276
-0.0003139876979325988
0.0001163636292138813
0.0002704506103830433
0.0002769952453444188
0.0002804534676399131
0.0001107266628381164
0.0002467044193310382
-0.0002805369522477861
0.0002532249670621968
9.992669618311186e-05
-0.0002431732862459255
0.0002435353246448105
0.0002431079339336372
-6.955093855979349e-05
0.0002434429892588985
0.0002525414791737443

0.003320565055505493
0.001972841918042991
0.0006072114083010181
-0.0006064600035432894
-0.0006679793449557281
0.0003509392228517505
-0.0004737924080017786
0.000372743235498818
0.0002858765306836252
0.0001905187223917913
-0.000244917736941556
3.633315164218154e-05
-0.000254481453171375
0.0001238061387311966
-0.000254926438066964
-0.0001851190160070338
0.0001437867097107732
0.0001842492382735799
-0.0001343661686826153
-2.167251631854241e-05
0.0001185654326594571
0.0001436541733452442
-0.0001125437061497845
-0.0001040003931902829
-0.0001201857967221079
-9.513888581405203e-05
1.691695579690792e-06
-0.0001114395327167719
9.650168370075883e-05
9.0452912106732e-05
-9.519980620790836e-05
-8.335388386526007e-05
-1.160679432818539e-05
8.285237363928263e-05
8.889006549481374e-05
7.167494459472929e-05
-1.497454172520934e-05
-7.945055551853712e-05
-7.487265070982635e-05
-6.679508027087044e-05
7.435194984510816e-05
-6.358307863194425e-06
-6.913948406806706e-05
-6.295524524869029e-05
-6.740630538033922e-05
-1.559210837843005e-05
5.915697878069642e-05
-6.13978728670676e-05
-6.178931767063063e-05
2.28990794803711e-05
5.322169877736568e-05
5.450961079218461e-05
5.519015081786799e-05
2.178978663740126e-05
4.854871014744423e-05
-5.520657966830138e-05
4.983188206086738e-05
1.966447225447806e-05
-4.785382208217598e-05
4.79250672480565e-05
4.784096146756746e-05
-1.36868580051298e-05
4.790689666203365e-05
4.969737917900075e-05

-0.01408157908182152
-0.008366265686879044
-0.002575012180896649
0.002571825685420145
0.002832711846866742
-0.001488234182102647
0.002009219861715201
-0.001580698844973622
-0.001212321670307641
-0.0008079361226432469
0.001038626987766896
-0.0001540786401074677
0.00107918400868169
-0.000525026886754974
0.00108107106401677
0.0007850374920775637
-0.0006097588482266221
-0.0007813490102278075
0.0005698089929270946
9.190702405789084e-05
-0.000502802531635002
-0.0006091967989132232
0.0004772660893000189
0.0004410363106192663
0.0005096740382334355
0.0004034571592347028
-7.174003427001966e-06
0.0004725836014540664
-0.0004092364003852059
-0.000383585267483765
0.0004037155054279981
0.0003534802926025836
4.922113841674655e-05
-0.0003513535292984121
-0.0003769576761576714
-0.0003039532078501003
6.350280449046175e-05
0.0003369273789032357
0.0003175137768459548
0.0002832590807255974
-0.0003153056314597835
2.696378884483981e-05
0.000293201035458667
0.0002669754242922297
0.0002858511138799893
6.612173034199501e-05
-0.000250868048364519
0.0002603710476326559
0.0002620310545486539
-9.710853219656432e-05
-0.0002256982012626776
-0.0002311598725697184
-0.0002340458507176202
-9.240433437729006e-05
-0.0002058813755594971
0.0002341155208352239
-0.0002113229454346268
-8.339147600629437e-05
0.0002029345514255192
-0.0002032366820633262
-0.0002028800131890701
5.804210131691859e-05
-0.0002031596257369079
-0.0002107525566793619

-0.01918538693192377
-0.01139858274738283
-0.003508314284772325
0.003503972857699192
0.003859416087712459
-0.002027638268624093
0.00273745296989335
-0.00215361635136542
-0.001651722452124414
-0.001100769099766331
0.001415072878010399
-0.0002099237813622365
0.001470329616941488
-0.0007153206265808501
0.001472900627376206
0.001069570958914363
-0.0008307633235178078
-0.001064545602662413
0.0007763338147713326
0.0001252183301365603
-0.0006850411494133271
-0.000829997561844771
0.0006502491332474828
0.0006008880269102379
0.0006944032040614445
0.0005496884735294847
-9.774190152841833e-06
0.0006438694977952993
-0.0005575623758101875
-0.0005226140999740515
0.0005500404561909942
0.0004815977062646467
6.706112860411356e-05
-0.0004787001067367551
-0.0005135843666411401
-0.000414119742389739
8.651912319866098e-05
0.0004590452600988646
0.0004325952813679406
0.0003859251177814512
-0.0004295868031720274
3.673669828738781e-05
0.0003994704913012841
0.0003637395200212744
0.0003894566222184702
9.008726747536742e-05
-0.0003417940948784201
0.0003547414154105824
0.0003570030847026557
-0.0001323051025568659
-0.0003075015448126963
-0.0003149427754241486
-0.0003188747639550288
-0.0001258958884450663
-0.0002805021957575559
0.000318969685707343
-0.0002879160392594105
-0.0001136163582726868
0.0002764873078744515
-0.0002768989444640778
-0.0002764130024885308
7.907921161657094e-05
-0.0002767939594032027
-0.0002871389155500516

0.01189527924310891
0.007067322918061863
0.002175216910560239
-0.002172525148984479
-0.002392906238565222
0.001257171590798715
-0.001697269260572873
0.001335280230360966
0.001024097135483643
0.000682496311925857
-0.0008773702137471846
0.0001301564575128428
-0.0009116303692487415
0.0004435114408548718
-0.0009132244411938718
-0.0006631529127743849
0.0005150879548711536
0.0006600371030110416
-0.0004813406967157333
-7.763757950860948e-05
0.0004247376294368876
0.0005146131690894578
-0.0004031659640230911
-0.0003725612050099503
-0.0004305422689118553
-0.0003408165763116406
6.060170777677718e-06
-0.0003992104772018738
0.0003456985349967235
0.0003240299858239655
-0.0003410348117874319
-0.0002985990962385432
-4.157908589149233e-05
0.0002968025332792354
0.0003184313914422707
0.0002567615651062441
-5.364338670722787e-05
-0.0002846161807148846
-0.000268216726062498
-0.0002392803991512129
0.0002663514163678322
-2.277740272578252e-05
-0.0002476787703199817
-0.000225524936127582
-0.0002414699943662841
-5.585569927103895e-05
0.0002119183843750774
-0.0002199459521133873
-0.0002213482270781741
8.203150375781716e-05
0.0001906563967781686
0.0001952700913754733
0.0001977079938123637
7.805767764429989e-05
0.0001739163228076453
-0.0001977668469778395
0.0001785130369126047
7.04441517407982e-05
-0.0001714270213060067
0.0001716822432725057
0.0001713809506523982
-4.903050993143438e-05
0.000171617150677757
0.0001780312064672047

0.01215378308926261
0.007220907387916682
0.002222487926743178
-0.002219737668791823
-0.002444907999391041
0.001284491982767181
-0.001734153693703815
0.001364298050639622
0.001046352438864791
0.0006973280714846479
-0.0008964369014742163
0.0001329849699152097
-0.0009314415861109338
0.0004531496688385449
-0.0009330702998429365
-0.0006775643086766046
0.0005262816574081695
0.0006743807872782164
-0.0004918010162146505
-7.932477091444952e-05
0.0004339678718356754
0.0005257965537559691
-0.0004119274189001272
-0.0003806575684877962
-0.0004398986556070463
-0.000348223077160351
6.191868186570724e-06
-0.0004078859728899641
0.0003532111287812296
0.0003310716866442937
-0.0003484460552494686
-0.0003050881422926957
-4.248266733778431e-05
0.0003032525370860496
0.0003253514256627394
0.0002623414132769325
-5.480914511450345e-05
-0.0002908013551768488
-0.0002740455135901365
-0.0002444803530342278
0.0002721396676692577
-2.327239288865793e-05
-0.0002530612345252955
-0.0002304259613327244
-0.0002467175317295321
-5.706953484362936e-05
0.0002165237169874431
-0.0002247257368839029
-0.0002261584855739602
8.381418231406896e-05
0.0001947996716735002
0.00019951362938982
0.0002020045114284096
7.975399846876181e-05
0.0001776958085545367
-0.0002020646435692974
0.0001823924167646756
7.197501821243288e-05
-0.0001751524104655643
0.000175413178822238
0.0001751053386214164
-5.009602299229973e-05
0.0001753466716591032
0.0001819001153567488

0.01736955499620895
0.01031974547148885
0.003176264212421819
-0.003172333686726601
-0.003494135418099452
0.001835729169510774
-0.002478362311837349
0.001949783853122466
0.001495392512668609
0.0009965850302817887
-0.001281141019749054
0.0001900552059920153
-0.001331167895369494
0.0006476179504435002
-0.001333495568368583
-0.0009683396878640603
0.0007521343868579538
0.0009637899645717787
-0.0007028564468850288
-0.000113366839019603
0.00062020432330198
0.0007514411019353725
-0.0005887052537045839
-0.0005440160090080511
-0.0006286802911657045
-0.0004976623200580031
8.849096137888445e-06
-0.0005829294291546331
0.0005047909841389602
0.0004731504443201293
-0.000497980988751998
-0.0004360161134458149
-6.071401976567186e-05
0.0004333927619056227
0.0004649753446839122
0.0003749247104568198
-7.833038103194206e-05
-0.0004155981799756488
-0.0003916516022055168
-0.0003493986116364613
0.0003889278662879517
-3.325969413836169e-05
-0.000361661961400129
-0.0003293128056120022
-0.0003525958711317482
-8.15608125300703e-05
0.0003094444406795394
-0.0003211663411465522
-0.0003232139510952693
0.0001197828724171556
0.0002783975644064713
0.0002851345077271093
0.000288694346852262
0.0001139802687275762
0.000253953612353858
-0.0002887802845819962
0.0002606657606621058
0.0001028629545230904
-0.0002503187200195462
0.0002506913965992377
0.0002502514473868835
-7.159463189898848e-05
0.0002505963480190353
0.0002599621890814889

0.01139417564216018
0.006769603050296343
0.002083583162041588
-0.002081004794307804
-0.00229210205327722
0.001204211656165384
-0.001625769658010311
0.001279029871034934
0.0009809557554602663
0.0006537452962876677
-0.0008404098898666017
0.0001246734530188839
-0.0008732267932227004
0.0004248279635247655
-0.0008747537128817376
-0.0006352167621570193
0.0004933892268534527
0.0006322322097993441
-0.0004610636143978014
-7.436699881307389e-05
0.0004068450225279149
0.0004929344420200278
-0.0003861820906542085
-0.000356866595611633
-0.0004124051342635039
-0.0003264592493282153
5.804878460700342e-06
-0.000382393233690951
0.0003311355493627265
0.0003103798150803082
-0.0003266682913600254
-0.0002860202337077023
-3.982751459681774e-05
0.0002842993532229044
0.000305017068529354
0.0002459451612009513
-5.138359156524262e-05
-0.0002726263660892687
-0.000256917759092702
-0.0002292004113509963
0.0002551310279152522
-2.181787598472394e-05
-0.0002372449905701394
-0.0002160244145099386
-0.0002312977671133583
-5.350270767948471e-05
0.0002029910558653775
-0.0002106804522150283
-0.0002120236545830551
7.857582347624492e-05
0.0001826247562410691
0.0001870440931499668
0.0001893792958801095
7.476939978634882e-05
0.0001665898789435221
-0.0001894356697819538
0.0001709929506847098
6.747660323842688e-05
-0.0001642054423988842
0.0001644499128190114
0.0001641613125295266
-4.696503802608063e-05
0.0001643875623317053
0.0001705314179528871

-0.001151710283496734
-0.000684263758348488
-0.0002106062105415433
0.0002103455920710237
0.0002316830623371243
-0.0001217203412927286
0.0001643309435042742
-0.0001292828811517559
-9.915388938181737e-05
-6.60798292186263e-05
8.494767352285888e-05
-1.260185049192706e-05
8.826476869973004e-05
-4.294112620990825e-05
8.841910799800702e-05
6.420698611297074e-05
-4.987122054104756e-05
-6.390531096335102e-05
4.660378448819538e-05
7.51693145475675e-06
-4.11234310361364e-05
-4.982525140851317e-05
3.903484544016206e-05
3.607166862350732e-05
4.168544079132563e-05
3.299812872835008e-05
-5.86750496710425e-07
3.865187209783136e-05
-3.347080380454246e-05
-3.137283784662651e-05
3.301925845867995e-05
2.891059913365606e-05
4.025719768399821e-06
-2.873665449628957e-05
-3.083077753929943e-05
-2.485985649397713e-05
5.193794853375757e-06
2.755676226508233e-05
2.596895417910167e-05
2.31673162696626e-05
-2.578835342880057e-05
2.205326030138452e-06
2.398045316557266e-05
2.183550153092348e-05
2.337931459898995e-05
5.407992694214298e-06
-2.051810449833327e-05
2.129533991468196e-05
2.143110927865831e-05
-7.942354653294755e-06
-1.845950215170952e-05
-1.890620368802785e-05
-1.91422433176868e-05
-7.557605686382057e-06
-1.683871503574282e-05
1.914794152737385e-05
-1.728377250742874e-05
-6.820458125792005e-06
1.659769890828476e-05
-1.662240969961826e-05
-1.659323831141754e-05
4.747172499189741e-06
-1.661610738347196e-05
-1.723712130512904e-05

0.01389313317002966
0.008254304623665365
0.002540552230382853
-0.002537408377997342
-0.002794803245584986
0.001468317974852361
-0.001982331593955723
0.001559545234758167
0.001196097846174252
0.0007971239645451299
-0.001024727622604435
0.0001520166916815545
-0.0010647418915495
0.000518000745026407
-0.00106660369347602
-0.00077453177356916
0.0006015987859595066
0.0007708926526129355
-0.0005621835572712692
-9.067708366209955e-05
0.0004960738060441705
0.0006010442582380691
-0.0004708791036614606
-0.0004351341678831987
-0.0005028533551058081
-0.0003980579173030605
7.077997744036009e-06
-0.0004662592789361689
0.0004037598180957115
0.0003784519599859268
-0.0003983128061936447
-0.0003487498631774976
-4.856243939907491e-05
0.0003466515611595051
0.0003719130620147837
0.0002998855717517508
-6.265298190848518e-05
-0.000332418467881542
-0.0003132646672228883
-0.0002794683825779381
0.0003110860722138932
-2.66029475112946e-05
-0.0002892772896808657
-0.0002634026412283982
-0.0002820257279996591
-6.523686013737396e-05
0.0002475108213206654
-0.0002568866472545916
-0.000258524439224744
9.580898292116898e-05
0.000222677808231416
0.000228066389040376
0.0002309137457539183
9.11677387551728e-05
0.0002031261800438874
-0.0002309824835151169
0.0002084949284271315
8.227549443632448e-05
-0.0002002187916122118
0.0002005168790043448
0.0002001649832305782
-5.726535627706295e-05
0.0002004408538797639
0.0002079321728662609

-0.009668722843672373
-0.005744462584269069
-0.001768060169353345
0.001765872251263777
0.001945002444981229
-0.00102185442056038
0.001379574681365318
-0.001085342697900368
-0.0008324068032053368
-0.0005547467652482276
0.0007131442023884088
-0.0001057937933432585
0.0007409915476550752
-0.0003604950427798917
0.0007422872414773241
0.0005390240603475619
-0.0004186738767522737
-0.0005364914673399576
0.0003912434247914314
6.310539022925043e-05
-0.0003452353102750348
-0.0004182879612945734
0.0003277014256222329
0.0003028252603344413
0.0003499534382940854
0.0002770225859805018
-4.925829014785834e-06
0.0003244863261693689
-0.0002809907404471833
-0.0002633781067212469
0.0002771999721760979
0.0002427073668383213
3.379631947782693e-05
-0.0002412470842363252
-0.0002588274563091158
-0.0002087009778570841
4.360242646413978e-05
0.0002313417711274583
0.0002180119636819763
0.0001944919336514614
-0.0002164958023471747
1.851393225441637e-05
0.0002013182990952002
0.0001833112159193779
0.0001962716807966717
4.540063872851543e-05
-0.0001722515362712773
0.0001787765052092881
0.0001799163025783483
-6.667686046493102e-05
-0.0001549693639927788
-0.0001587194679991916
-0.0001607010442615568
-6.344685446544723e-05
-0.000141362694296705
0.0001607488813012234
-0.0001450989962164984
-5.725842708014024e-05
0.0001393393398380322
-0.000139546789399102
-0.000139301892681761
3.985298719957039e-05
-0.0001394938808254773
-0.0001447073547141215

-0.007759535134584102
-0.00461015999451375
-0.001418938698106674
0.00141718280670693
0.001560941920944654
-0.0008200788673922054
0.001107163622736552
-0.0008710307383496203
-0.0006680396097986908
-0.0004452063716520349
0.0005723266230636625
-8.49037323481839e-05
0.0005946752266481422
-0.0002893116283837212
0.0005957150725409855
0.0004325882748196112
-0.0003360024595924072
-0.0004305557680716249
0.0003139884294884884
5.064458880274543e-05
-0.0002770650853366147
-0.00033569274706875
0.0002629934446236608
0.0002430293312981494
0.0002808515709692132
0.0002223216575491881
-3.953173953289707e-06
0.00026041319927285
-0.0002255062595386599
-0.0002113714195584022
0.000222464017035494
0.0001947823275994147
2.712289230417267e-05
-0.0001936103926562263
-0.000207719341375052
-0.0001674908461528358
3.499268368448901e-05
0.0001856609844117465
0.0001749632830831421
0.0001560875223090352
-0.0001737465032314945
1.485816794319136e-05
0.0001615659524345897
0.0001471145510619775
0.0001575158402707006
3.643582063963888e-05
-0.000138238717697628
0.0001434752651243487
0.0001443899979049124
-5.3510835899064e-05
-0.0001243690861894028
-0.0001273786940007319
-0.0001289689878666704
-5.091862745095639e-05
-0.0001134491918788022
0.0001290073789960988
-0.000116447722965984
-4.59521680229011e-05
0.0001118253693465379
-0.0001119918558808844
-0.000111795316512312
3.198360935493855e-05
-0.0001119493946434841
-0.0001161334150633654

0.009774294610302901
0.005807185766341972
0.001787365432168574
-0.001785153624432111
-0.001966239721872714
0.001033011941379133
-0.001394638112044693
0.0010971934405339
0.0008414957654386874
0.0005608039867640751
-0.0007209309488415429
0.0001069489446329063
-0.0007490823563389094
0.0003644312501924836
-0.0007503921977054143
-0.0005449096073041145
0.0004232453327269413
0.0005423493611802306
-0.0003955153705494749
-6.379443134025229e-05
0.0003490048982751836
0.0004228552034989347
-0.0003312795629823429
-0.0003061317774650493
-0.0003537745430372562
-0.0002800473664268107
4.979613623118071e-06
-0.0003280293581969404
0.0002840588487543807
0.0002662539045352551
-0.0002802266894836626
-0.0002453574630201516
-3.416533793151396e-05
0.0002438812357462845
0.0002616535660504604
0.0002109797618584643
-4.407851676745077e-05
-0.000233867767566549
-0.000220392413357139
-0.0001966155705952792
0.0002188596972164684
-1.871608393121598e-05
-0.0002035164724045412
-0.0001853127717837219
-0.000198414750612235
-4.58963635221868e-05
0.0001741323326580665
-0.0001807285470447958
-0.000181880789741293
6.740489808341319e-05
0.0001566614581601861
0.0001604525091573512
0.0001624557220423293
6.41396239885195e-05
0.000142906218670481
-0.0001625040814095685
0.0001466833168775028
5.788362581622579e-05
-0.0001408607714175226
0.0001410704860984823
0.0001408229153797097
-4.028813777034858e-05
0.0001410169998217395
0.0001462873990828458

0.005112156793194892
0.003037277404497339
0.0009348288240007707
-0.0009336720031354051
-0.001028383750642027
0.0005402864579102751
-0.0007294243710457757
0.0005738546999150297
0.0004401195651701453
0.0002933120010077668
-0.0003770616903300253
5.593649420528348e-05
-0.0003917854545312688
0.0001906050273296189
-0.0003924705284633431
-0.0002849989141642671
0.000221366000223367
0.0002836598528675893
-0.0002068626605787531
-3.336579758916707e-05
0.0001825367285017303
0.0002211619546260632
-0.0001732660141593173
-0.0001601132059321839
-0.000185031350655393
-0.0001464705233241433
2.604440179660498e-06
-0.0001715660903147475
0.0001485686109558908
0.0001392562595105794
-0.000146564312965177
-0.0001283269914963977
-1.786917331244541e-05
0.0001275548943182524
0.0001368501880164991
0.0001103467478537728
-2.305396940758844e-05
-0.000122317644836968
-0.0001152697578733501
-0.0001028339808590836
0.0001144681158578586
-9.788896224811659e-06
-0.0001064432942131382
-9.692238498119368e-05
-0.0001037749889535068
-2.400474058921506e-05
9.107478573180407e-05
-9.452474130724982e-05
-9.51273878984321e-05
3.525414583558079e-05
8.193715961063569e-05
8.39199571301704e-05
8.496767860429495e-05
3.354634043260756e-05
7.474288689807604e-05
-8.499297154644266e-05
7.671838682184328e-05
3.027432492357651e-05
-7.367307598217712e-05
7.378276106676214e-05
7.365327649701826e-05
-2.107152335789303e-05
7.375478664567174e-05
7.651131368515828e-05

0.001046374395595797
0.0006216807185224214
0.000191344081426147
-0.0001911072992256504
-0.0002104932358395127
0.0001105877496943967
-0.0001493011690098529
0.0001174586166025785
9.008523459373013e-05
6.003614133751265e-05
-7.717832497753201e-05
1.144928015385652e-05
-8.019203728926042e-05
3.901371345558251e-05
-8.033226065301389e-05
-5.833458921898495e-05
4.530997855887362e-05
5.806050540046015e-05
-4.234138352772624e-05
-6.829429866562451e-06
3.736226541689613e-05
4.526821378187018e-05
-3.546470270325536e-05
-3.277253923573987e-05
-3.787287353278793e-05
-2.998010654134644e-05
5.330860591920708e-07
-3.511675625772537e-05
3.040955056392176e-05
2.850346542036447e-05
-2.999930373789134e-05
-2.626642405499996e-05
-3.657525811708818e-06
2.610838846436668e-05
2.801098216776216e-05
2.258616397391745e-05
-4.718768277423472e-06
-2.503640965339923e-05
-2.359382313660519e-05
-2.104842416248188e-05
2.342974020380203e-05
-2.003626020319075e-06
-2.178719122932303e-05
-1.983841773775724e-05
-2.124103303888778e-05
-4.913375497188817e-06
1.864151037014233e-05
-1.934765952130936e-05
-1.947101136440653e-05
7.215943687421105e-06
1.677118862603199e-05
1.717703465931301e-05
1.739148600901374e-05
6.86638401649184e-06
1.529863935456299e-05
-1.739666305819179e-05
1.570299169006432e-05
6.196656269644645e-06
-1.507966665952154e-05
1.510211739191267e-05
1.507561403062575e-05
-4.312994184227521e-06
1.509639148811766e-05
1.566060722551631e-05

-0.006167692228498334
-0.0036644009566461
-0.001127848128687971
0.001126452452587022
0.001240719861172917
-0.0006518424067218908
0.0008800326763382181
-0.0006923416702836558
-0.0005309934987367847
-0.0003538737605913966
0.0004549157138936813
-6.748601315565912e-05
0.0004726795755497283
-0.0002299603070348491
0.0004735061005052506
0.0003438442244887763
-0.0002670726690247342
-0.0003422286797613452
0.0002495747442090025
4.025501932222686e-05
-0.0002202261016903784
-0.0002668264929984509
0.0002090412114150645
0.0001931726697471963
0.0002232358023495709
0.0001767131066114582
-3.142193423538598e-06
0.0002069902948431909
-0.0001792443980613464
-0.0001680092736389273
0.0001768262615211363
0.0001548233788940986
2.155872087404522e-05
-0.0001538918625189268
-0.0001651064071863888
-0.0001331306543812601
2.781405064501795e-05
0.000147573249019515
0.0001390701456501954
0.000124066684616237
-0.0001381029841508815
1.181006405196899e-05
0.0001284212329652894
0.0001169344886705819
0.0001252019878836669
2.896113283855065e-05
-0.0001098795030930589
0.000114041790176986
0.0001147688685604237
-4.253326532979207e-05
-9.885518050393117e-05
-0.0001012473772511314
-0.0001025114276030881
-4.047283985033077e-05
-9.01754663061836e-05
0.0001025419429196056
-9.255885868247031e-05
-3.652523310762615e-05
8.888476558262147e-05
-8.901709795642722e-05
-8.886087798768922e-05
2.542227793757873e-05
-8.898334750110742e-05
-9.230903000397898e-05

-0.009792204577502581
-0.005817826586036478
-0.001790640518252887
0.001788424657701934
0.001969842568965923
-0.001034904784875656
0.001397193582678446
-0.001099203887252907
-0.0008430376835165506
-0.0005618315781564635
0.0007222519495030544
-0.0001071449129525411
0.0007504549403428229
-0.0003650990172281201
0.0007517671818021922
0.0005459080745677923
-0.0004240208679782044
-0.0005433431371667521
0.0003962400946953879
6.391132531760631e-05
-0.0003496443987741672
-0.0004236300238953321
0.0003318865843934527
0.0003066927192323439
0.0003544227832136115
0.0002805605123208919
-4.988738037739223e-06
0.0003286304240824896
-0.0002845793451039079
-0.0002667417759251775
0.0002807401639610785
0.00024580704473321
3.42279409229396e-05
-0.0002443281124884847
-0.0002621330079920482
-0.0002113663514554948
4.415928421113188e-05
0.0002342962960909253
0.0002207962502631709
0.000196975839909908
-0.0002192607256440557
1.87503784212697e-05
0.0002038893866137502
0.0001856523303704681
0.0001987783166614319
4.59804619045275e-05
-0.0001744514047231553
0.0001810597057092775
0.0001822140597222263
-6.752840771370546e-05
-0.0001569485173996424
-0.0001607465149440365
-0.0001627533984240188
-6.425715048098278e-05
-0.0001431680734427169
0.0001628018464027127
-0.0001469520926305068
-5.798968910581208e-05
0.000141118878206425
-0.0001413289771588998
-0.0001410809528029566
4.036195989816095e-05
-0.0001412753928763903
-0.00014655544937432

-0.006232456804678193
-0.003702879429002296
-0.001139691230344838
0.001138280898783065
0.00125374818570504
-0.0006586871544238505
0.0008892735627501821
-0.0006996116852563913
-0.0005365692582959022
-0.0003575896535505563
0.000459692609743245
-6.819465795797457e-05
0.0004776430029137586
-0.000232375032230552
0.0004784782068914322
0.0003474548011268778
-0.0002698770969335971
-0.0003458222921824106
0.0002521954331044883
4.067772187757746e-05
-0.0002225386117203118
-0.0002696283359070438
0.0002112362731917864
0.0001952011020395664
0.000225579916094539
0.0001785687033292079
-3.175188394398118e-06
0.0002091638207297723
-0.0001811265749020081
-0.0001697734747368883
0.0001786830464352373
0.0001564491199566322
2.178510075304453e-05
-0.0001555078220844137
-0.000166840126394466
-0.000134528608443845
2.810611534849732e-05
0.000149122859242274
0.000140530468038001
0.0001253694614004509
-0.0001395531507458229
1.193407701575855e-05
0.0001297697351955428
0.000118162372994076
0.0001265166860530586
2.926524261324075e-05
-0.0001110333057124185
0.0001152392993804389
0.0001159740125358086
-4.297989087474586e-05
-9.989322092999115e-05
-0.0001023105372199191
-0.0001035878608809414
-4.089782965569378e-05
-9.112236437451087e-05
0.0001036186966271377
-9.35307838422046e-05
-3.690877060502762e-05
8.981811049651539e-05
-8.995183244194214e-05
-8.979397206707504e-05
2.56892275510104e-05
-8.991772758599091e-05
-9.327833180833787e-05

0.0009515838695047795
0.0005653629773598889
0.0001740103180818021
-0.0001737949858609294
-0.0001914247603035662
0.0001005696615064307
-0.0001357760517899447
0.0001068181000640922
8.192445885604811e-05
5.459749772597873e-05
-7.018677963945843e-05
1.041209566835795e-05
-7.292748128049309e-05
3.547948092963149e-05
-7.30550018807504e-05
-5.305008835137362e-05
4.120537056884161e-05
5.280083364702993e-05
-3.850569905676317e-05
-6.210755276775406e-06
3.397763673165232e-05
4.11673892417582e-05
-3.225197326242752e-05
-2.980369151872765e-05
-3.444198911716825e-05
-2.726422388663953e-05
4.847940633106085e-07
-3.193554710898344e-05
2.765476479293948e-05
2.592135093628851e-05
-2.728168201890665e-05
-2.388696201427659e-05
-3.326192402422455e-06
2.374324278770925e-05
2.547348149192671e-05
2.054009482842257e-05
-4.291297451110977e-06
-2.276837399383897e-05
-2.145647065833927e-05
-1.914165808701989e-05
2.130725191529288e-05
-1.82211855477401e-06
-1.981350061973713e-05
-1.804126553098899e-05
-1.931681862295296e-05
-4.468275301486732e-06
1.695278539507685e-05
-1.759496485256917e-05
-1.770714231473209e-05
6.562255006536839e-06
1.52518951496845e-05
1.562097579654519e-05
1.58160001071919e-05
6.244361769004759e-06
1.391274337029483e-05
-1.582070817009473e-05
1.428046563268387e-05
5.63530431926382e-06
-1.371360730069455e-05
1.373402423261168e-05
1.370992179740608e-05
-3.922282227328862e-06
1.372881703555105e-05
1.424192075530534e-05

0.008388153783331747
0.004983640170320111
0.00153389034296507
-0.001531992202570193
-0.001687397589241702
0.0008865154335712226
-0.001196857617080071
0.0009415950384346649
0.0007221591091680618
0.0004812736131693716
-0.0006186921826227124
9.178198840049636e-05
-0.0006428513004639517
0.0003127494609016588
-0.0006439753867792724
-0.0004676332938915394
0.0003632228289137998
0.0004654361288717461
-0.0003394253891573223
-5.474742904087928e-05
0.0002995107958770179
0.0003628880258317278
-0.0002842991776247276
-0.0002627177233469738
-0.0003036040338396044
-0.0002403324710234127
4.273430105969774e-06
-0.0002815099003771752
0.000243775065297939
0.0002284951278530321
-0.0002404863633949965
-0.000210562113559768
-2.932018320042615e-05
0.0002092952373414608
0.0002245471860112488
0.0001810596834040573
-3.782752535377661e-05
-0.0002007018283697877
-0.0001891374804653978
-0.0001687325488032851
0.0001878221263445411
-1.606186394988521e-05
-0.0001746547997612984
-0.000159032655522671
-0.0001702765782466095
-3.938757431293108e-05
0.0001494377694986179
-0.0001550985422571425
-0.0001560873797456032
5.784587772476451e-05
0.0001344445257035095
0.0001376979490995367
0.0001394170765056351
5.504366822069477e-05
0.0001226399844280216
-0.0001394585777929754
0.000125881433747729
4.967486394072128e-05
-0.0001208846121175193
0.0001210645861273759
0.00012085212463076
-3.457467865819545e-05
0.0001210186850027947
0.0001255416630042176

0.005372476135208987
0.003191940511955519
0.0009824318287994722
-0.0009812161007335773
-0.001080750724530633
0.0005677987234592095
-0.0007665678468821328
0.0006030763149662995
0.0004625311695569621
0.0003082479253535616
-0.0003962622851271057
5.878487150574014e-05
-0.0004117358073588291
0.0002003109454589179
-0.0004124557663700959
-0.000299511522601581
0.0002326383171443348
0.0002981042741248288
-0.000217396443846272
-3.506483829263487e-05
0.0001918317957265721
0.000232423881213117
-0.0001820890015253135
-0.0001682664309019922
-0.0001944534480993795
-0.0001539290406972526
2.737062511351014e-06
-0.0001803025147925722
0.0001561339663650711
0.0001463474148317822
-0.0001540276062594229
-0.0001348616107071
-1.877910069284505e-05
0.0001340501970843545
0.0001438188222623007
0.0001159657838021257
-2.422791504144873e-05
-0.0001285462583378157
-0.0001211394815022447
-0.0001080704544878848
0.0001202970185709868
-1.028736274830984e-05
-0.0001118635599506921
-0.0001018578305290282
-0.0001090593802456126
-2.522710103866506e-05
9.571246201106356e-05
-9.933809493789594e-05
-9.997142927410977e-05
3.704934430433952e-05
8.610953309977687e-05
8.8193297895254e-05
8.929437105163282e-05
3.525457467143814e-05
7.854891631472753e-05
-8.932095195153895e-05
8.062501190900611e-05
3.181594280871823e-05
-7.742462888627915e-05
7.753989931383133e-05
7.740382117913174e-05
-2.214451961321944e-05
7.751050038971904e-05
8.040739427126774e-05

0.003950334554826023
0.002347005846837717
0.0007223735021611227
-0.0007214795879830558
-0.0007946665233723436
0.0004174974185119925
-0.0005636506106207876
0.0004434367219607162
0.0003400951099270798
0.0002266519944123144
-0.0002913681807636439
4.322400013807527e-05
-0.0003027457258691869
0.0001472868803214269
-0.0003032751054120819
-0.0002202281941370699
0.000171056913025449
0.0002191934566817584
-0.0001598496973479368
-2.578286787707202e-05
0.0001410522359339575
0.0001708992401670767
-0.0001338884448578425
-0.0001237248299817018
-0.0001429799139167903
-0.0001131826727852122
2.012538044878017e-06
-0.0001325748568410342
0.0001148039352788911
0.0001076079698206236
-0.0001132551471780449
-9.91625588440243e-05
-1.38081079391543e-05
9.856593352793689e-05
0.0001057487178944814
8.526862314544234e-05
-1.781457331236639e-05
-9.451893566869422e-05
-8.907279766136653e-05
-7.946325678797068e-05
8.845334206121451e-05
-7.564207549728212e-06
-8.225229394750823e-05
-7.489516891128148e-05
-8.019040521906859e-05
-1.854926600753404e-05
7.037653337013474e-05
-7.304242944368829e-05
-7.350811462312288e-05
2.724205773197775e-05
6.33155840143753e-05
6.484775798193501e-05
6.565736741107618e-05
2.59223793713249e-05
5.77563288422432e-05
-6.567691211353399e-05
5.928286371347232e-05
2.339398353916308e-05
-5.692965016255141e-05
5.70144074963547e-05
5.69143504380769e-05
-1.628267093730453e-05
5.699279072543986e-05
5.912285137416982e-05

-0.007421532078930555
-0.004409342788560431
-0.001357130148054502
0.001355450742765239
0.001492947752502087
-0.0007843564744592381
0.00105893590276367
-0.0008330888969859298
-0.0006389400019623652
-0.0004258133137683538
0.0005473962446232432
-8.120535087660364e-05
0.0005687713496450265
-0.000276709299412482
0.0005697659001579807
0.0004137448575022397
-0.0003213662918221966
-0.0004118008861471576
0.0003003111863590507
4.843852549213246e-05
-0.0002649962121586447
-0.0003210700702842977
0.000251537527953785
0.0002324430455003543
0.0002686177595969135
0.0002126373918958423
-3.780974864998668e-06
0.0002490696773272311
-0.0002156832735645658
-0.0002021641430334864
0.0002127735502450929
0.000186297667014201
2.594142713673947e-05
-0.0001851767812106379
-0.0001986711482957712
-0.0001601949944282617
3.346841273194776e-05
0.0001775736468382489
0.0001673419342157688
0.0001492883959986093
-0.000166178156934716
1.421095054174538e-05
0.0001545281873280943
0.0001407062847255355
0.0001506544968523193
3.484868706813047e-05
-0.000132217080037519
0.0001372255250069333
0.0001381004122981296
-5.117991971264763e-05
-0.0001189516055759331
-0.0001218301157610877
-0.000123351136896579
-4.870062709789949e-05
-0.0001085073786320663
0.0001233878557197131
-0.0001113752945918741
-4.395050517375509e-05
0.0001069542893290664
-0.0001071135237591893
-0.0001069255455874301
3.059041279028076e-05
-0.0001070729121207659
-0.0001110746778485959

-0.000299762886359223
-0.0001780976363361492
-5.481580434073784e-05
5.474797153038549e-05
6.030160925177603e-05
-3.168091954841627e-05
4.277144925150935e-05
-3.364926940948955e-05
-2.580740703694565e-05
-1.719901317250014e-05
2.210986579661606e-05
-3.279962965551209e-06
2.297322704191504e-05
-1.117655726505677e-05
2.301339790275176e-05
1.671155650639146e-05
-1.298029654669757e-05
-1.663303761596606e-05
1.212986039428526e-05
1.95647907442109e-06
-1.070345429842005e-05
-1.296833187119865e-05
1.015984497608731e-05
9.388600290657259e-06
1.084973211567358e-05
8.588630711945595e-06
-1.52717245809631e-07
1.006016609324053e-05
-8.711656829801735e-06
-8.165606021706007e-06
8.594130279842049e-06
7.524743650269522e-06
1.047799429025778e-06
-7.479469984377737e-06
-8.0245205728675e-06
-6.470431361003085e-06
1.351821685292282e-06
7.172372005036522e-06
6.759103198106474e-06
6.029903261043533e-06
-6.712097103782991e-06
5.739940900346539e-07
6.241543520230645e-06
5.683263454171979e-06
6.085081400874995e-06
1.407572305864962e-06
-5.340376234516645e-06
5.542672189620967e-06
5.578009736768629e-06
-2.06720664864844e-06
-4.804570841355403e-06
-4.920836662524008e-06
-4.98227218296355e-06
-1.967065612744595e-06
-4.382718374600211e-06
4.983755291886207e-06
-4.498556284732369e-06
-1.775203576258591e-06
4.31998758974176e-06
-4.32641922297863e-06
-4.318826602108195e-06
1.235576473350678e-06
-4.324778879468273e-06
-4.486414082580608e-06

0.004140565327768971
0.002460027346699647
0.000757159839308554
-0.0007562228781473369
-0.0008329341751053116
0.0004376022616646856
-0.0005907935499947744
0.0004647906881119176
0.0003564725976406179
0.0002375665596188126
-0.0003053991934457922
4.5305478261473e-05
-0.0003173246311842109
0.0001543795699908823
-0.000317879503322135
-0.0002308334173183059
0.0001792942631360751
0.0002297488514489209
-0.0001675473571433651
-2.70244576251965e-05
0.0001478446924954539
0.0001791289974448906
-0.0001403359246852012
-0.0001296828747277534
-0.0001498651989887576
-0.0001186330535134215
2.109453043479078e-06
-0.0001389590800351969
0.0001203323888926018
0.0001127898973231132
-0.0001187090179549342
-0.0001039377924233851
-1.447304580952738e-05
0.000103312436250873
0.0001108411119850797
8.937478576625697e-05
-1.867244496951965e-05
-9.907055273819184e-05
-9.336215262918749e-05
-8.328985844651603e-05
9.271286676634861e-05
-7.928466583719661e-06
-8.621320339373262e-05
-7.850179150844079e-05
-8.405202315438757e-05
-1.944251724009926e-05
7.376555831327354e-05
-7.655983224028477e-05
-7.704794277393949e-05
2.855391565869796e-05
6.636458462918167e-05
6.79705413698441e-05
6.881913803548443e-05
2.717068738065755e-05
6.053762012922051e-05
-6.88396239250103e-05
6.213766621941224e-05
2.452053510311738e-05
-5.967113223286031e-05
5.975997110782842e-05
5.96550957408169e-05
-1.706677290005866e-05
5.973731336811818e-05
6.196994838822016e-05

0.002964005033039343
0.001760999491574789
0.0005420094593062599
-0.000541338739880767
-0.000596252176157018
0.000313255607234236
-0.0004229169007255531
0.000332718319799084
0.0002551793028022802
0.0001700609512593767
-0.0002186186365394909
3.243172247293422e-05
-0.0002271554074100271
0.0001105119195638912
-0.0002275526101298885
-0.000165241061682232
0.00012834699038951
0.0001644646800915419
-0.0001199380206646866
-1.93453362223385e-05
0.0001058339569540998
0.0001282286856891873
-0.0001004588393506349
-9.28329015398669e-05
-0.0001072803274231987
-8.492293681261717e-05
1.510042456255882e-06
-9.947323131183182e-05
8.613939838681437e-05
8.074013978229486e-05
-8.497731561578874e-05
-7.440340037621757e-05
-1.036046462910649e-05
7.395574197789596e-05
7.93451105790163e-05
6.397853767972476e-05
-1.336658559584447e-05
-7.091920877874209e-05
-6.683287628200566e-05
-5.962266987577126e-05
6.63680879226602e-05
-5.675557079325214e-06
-6.171533318403136e-05
-5.619515373253957e-05
-6.016826204768396e-05
-1.391783836089588e-05
5.280474254063048e-05
-5.480501094065775e-05
-5.515442266680894e-05
2.044019186407797e-05
4.750678887670073e-05
4.865640577326273e-05
4.926386987269793e-05
1.945001413389041e-05
4.333558259493538e-05
-4.927853460441305e-05
4.448096837900148e-05
1.755291456725374e-05
-4.271531113860192e-05
4.277890604696033e-05
4.270383148803331e-05
-1.221717247986926e-05
4.276268660607512e-05
4.436090832524677e-05

0.00448197727621177
0.002662869872578235
0.0008195917527203903
-0.0008185775340573773
-0.000901614091284751
0.0004736849288782322
-0.0006395076653546205
0.0005031151877595934
0.000385865686384011
0.000257155204063094
-0.0003305810044869199
4.904115935427573e-05
-0.0003434897589011295
0.0001671089983703051
-0.0003440903832401849
-0.0002498668778565363
0.0001940780423730001
0.0002486928836803404
-0.0001813625406099684
-2.92527699456089e-05
0.0001600352849715596
0.0001938991496339786
-0.000151907378747823
-0.0001403759273511198
-0.0001622223931252968
-0.0001284149887670261
2.28338882681137e-06
-0.0001504170058286432
0.0001302544435157342
0.0001220900328266817
-0.0001284972168866146
-0.0001125080241233876
-1.566642651447223e-05
0.0001118311039609007
0.0001199805596243908
9.674421900414309e-05
-2.021208878976992e-05
-0.0001072394542688167
-0.0001010603657756302
-9.015755660039658e-05
0.0001003575427907379
-8.582211425358927e-06
-9.332194710913114e-05
-8.497468771310774e-05
-9.098256590012191e-05
-2.104565767337901e-05
7.98479265403377e-05
-8.287260342690629e-05
-8.340096130727786e-05
3.090834004499194e-05
7.183670264981361e-05
7.357507918743738e-05
7.449364722613797e-05
2.941105713329608e-05
6.552927349204866e-05
-7.451582228772181e-05
6.726125201416338e-05
2.654238550366382e-05
-6.45913389941603e-05
6.4687503113619e-05
6.457398020685354e-05
-1.847402039603324e-05
6.466297712105917e-05
6.707970494303905e-05

5.643311230306837e-05
3.352851326886177e-05
1.031957785037853e-05
-1.030680770145671e-05
-1.135233093156303e-05
5.964223631726539e-06
-8.052117552876677e-06
6.334783543824181e-06
4.858481038976745e-06
3.237871951659709e-06
-4.162384992535808e-06
6.174831068214991e-07
-4.324920664367776e-06
2.104089398709226e-06
-4.332483197308512e-06
-3.146103764033797e-06
2.443659859464951e-06
3.131321862875945e-06
-2.283557454950349e-06
-3.683251274753478e-07
2.015023426699552e-06
2.441407399626424e-06
-1.91268398654445e-06
-1.767490101976938e-06
-2.042561567239669e-06
-1.616888492764905e-06
2.875042200159474e-08
-1.893918522849242e-06
1.640049287565387e-06
1.537250215484992e-06
-1.617923836775652e-06
-1.416601997098409e-06
-1.972578512572717e-07
1.408078814274176e-06
1.510689585926556e-06
1.218118040174949e-06
-2.544928290023488e-07
-1.350264803446459e-06
-1.272463160744933e-06
-1.135184585576606e-06
1.263613832380187e-06
-1.080596512079732e-07
-1.175027805177585e-06
-1.069926463024498e-06
-1.145572376365647e-06
-2.649883945823928e-07
1.005374799532574e-06
-1.043458868252521e-06
-1.050111485569398e-06
3.891706087206858e-07
9.045045207638406e-07
9.263926277861734e-07
9.379584278716276e-07
3.703181403754438e-07
8.250869253135045e-07
-9.382376367570843e-07
8.468944741835473e-07
3.341983525562796e-07
-8.132772798027939e-07
8.144880937566328e-07
8.130587132265029e-07
-2.326086018442855e-07
8.141792840282744e-07
8.446085932404062e-07

-0.002583080895646329
-0.001534681653108981
-0.0004723521937334543
0.0004717676729534233
0.0005196238157663934
-0.0002729970312064445
0.0003685650174452846
-0.0002899584602334832
-0.0002223845016069014
-0.0001482052794772247
0.0001905224914204206
-2.826370461551874e-05
0.0001979621446937899
-9.630929265794821e-05
0.000198308300231898
0.0001440048261894842
-0.0001118522590863726
-0.0001433282225966413
0.0001045239823776039
1.685913750440641e-05
-9.22325263525093e-05
-0.000111749158515372
8.75482011106258e-05
8.09023236404965e-05
9.349301406594445e-05
7.40089214551316e-05
-1.315976787114064e-06
8.668926016171052e-05
-7.506904740552464e-05
-7.036368368429305e-05
7.405631167412338e-05
6.484132109784072e-05
9.028971933295675e-06
-6.44511942783547e-05
-6.91479390267382e-05
-5.575622732407608e-05
1.16487561619429e-05
6.180490629693902e-05
5.82437357564403e-05
5.196016126381308e-05
-5.783868046196535e-05
4.946153228600609e-06
5.378388239530526e-05
4.897313817500402e-05
5.243563573177141e-05
1.212916374229121e-05
-4.601845143169387e-05
4.776165194338596e-05
4.80661584285256e-05
-1.781328591514239e-05
-4.140137327467491e-05
-4.240324520462761e-05
-4.293264002432622e-05
-1.695036255649763e-05
-3.776623664767508e-05
4.294542009314407e-05
-3.876442123373279e-05
-1.529707196046041e-05
3.722568043029044e-05
-3.728110233105994e-05
-3.721567610649348e-05
1.064706182337391e-05
-3.726696735914982e-05
-3.865979090156345e-05

0.003531195296120082
0.002097983320471868
0.0006457280712478285
-0.0006449290033472958
-0.0007103506425519722
0.0003732000163355068
-0.0005038460305719502
0.0003963871021507497
0.000304010264381584
0.0002026037150567139
-0.0002604533704859669
3.863783784608577e-05
-0.0002706237328187136
0.0001316594156147291
-0.0002710969440177191
-0.0001968614942396262
0.0001529073951233781
0.0001959365447235729
-0.0001428892898885112
-2.30472484050009e-05
0.0001260862808261343
0.0001527664517049583
-0.0001196825838737041
-0.0001105973510802286
-0.0001278094278990823
-0.0001011737401463715
1.799003294203251e-06
-0.0001185083704590947
0.0001026229830933705
9.619052553188411e-05
-0.0001012385248454579
-8.864119139311553e-05
-1.234303705833999e-05
8.810786934653504e-05
9.452854435923701e-05
7.622143309100756e-05
-1.592440756851049e-05
-8.449026693696933e-05
-7.962197625256653e-05
-7.103202898120256e-05
7.906824626569961e-05
-6.761628350143088e-06
-7.352514311162532e-05
-6.694862536104638e-05
-7.168202535086814e-05
-1.658114773906036e-05
6.290942707377636e-05
-6.529246566053087e-05
-6.570874060946286e-05
2.435161497963113e-05
5.659766010687778e-05
5.796726701789503e-05
5.869097509081869e-05
2.31719574202741e-05
5.162825423980186e-05
-5.87084460569439e-05
5.29928203750975e-05
2.091182999427473e-05
-5.088928800171272e-05
5.096505239438597e-05
5.087561161196544e-05
-1.455504343342775e-05
5.094572921083607e-05
5.284978569997815e-05

0.001692975194544106
0.001005844599995038
0.000309584012032774
-0.0003092009116881223
-0.0003405662718769756
0.0001789247881456909
-0.000241560933365724
0.0001900414661619582
0.0001457528664727673
9.713511577523042e-05
-0.0001248702092610628
1.852429434193947e-05
-0.0001297462270694341
6.312200432780101e-05
-0.0001299731006221354
-9.4382099702863e-05
7.33090087910551e-05
9.393864742803258e-05
-6.850598821682377e-05
-1.104963520286144e-05
6.045005385163401e-05
7.324143571987527e-05
-5.737990360929686e-05
-5.302413382996656e-05
-6.127618919856342e-05
-4.850613405476386e-05
8.625034008555734e-07
-5.681694573890863e-05
4.920095044247841e-05
4.611701138552172e-05
-4.853719404415005e-05
-4.249760368912153e-05
-5.917672009835023e-06
4.22419109505651e-05
4.532020105271662e-05
3.654314890413068e-05
-7.634702909497699e-06
-4.050750924534314e-05
-3.817348501916355e-05
-3.405517197406662e-05
3.7908008019527e-05
-3.24175473503224e-06
-3.525045573098528e-05
-3.209744931681063e-05
-3.436680235361653e-05
-7.949566496687751e-06
3.01609202005648e-05
-3.130342999590514e-05
-3.150300637261251e-05
1.167499292743113e-05
2.713484432184257e-05
2.779148048387008e-05
2.813845076240987e-05
1.110942494872723e-05
2.475234203604183e-05
-2.814682693814715e-05
2.540656147865491e-05
1.002584294664193e-05
-2.439805647385733e-05
2.4434380502039e-05
2.439149954717919e-05
-6.978183142514836e-06
2.442511631024654e-05
2.533798578778626e-05

-0.002051351318961517
-0.001218766024165938
-0.0003751180604763758
0.000374653863836601
0.0004126587756630504
-0.0002168003413992914
0.0002926955698267118
-0.0002302702446702059
-0.0001766064475398326
-0.0001176970864694553
0.0001513032614371277
-2.244559504100841e-05
0.0001572114552457548
-7.648393623869595e-05
0.0001574863543480539
0.0001143613003520207
-8.882736874109951e-05
-0.0001138239762306536
8.300762452879576e-05
1.338866855252412e-05
-7.324637602448679e-05
-8.874549151731824e-05
6.952632343952497e-05
6.424850595526328e-05
7.424739118349924e-05
5.877411694602741e-05
-1.045081755867793e-06
6.884419627435547e-05
-5.96160149951901e-05
-5.587925472097666e-05
5.881175184495705e-05
5.149367554900271e-05
7.170349761574242e-06
-5.11838566939544e-05
-5.49137722186786e-05
-4.42787566794093e-05
9.250848998703425e-06
4.908230952591324e-05
4.625420921450087e-05
4.126411430687251e-05
-4.593253492477182e-05
3.927983040085723e-06
4.271242076712898e-05
3.889197266659494e-05
4.164171191859104e-05
9.632364237058045e-06
-3.654551090525197e-05
3.79298719892601e-05
3.817169553453166e-05
-1.41464046359035e-05
-3.287886253073532e-05
-3.367449820302494e-05
-3.409491661251258e-05
-1.346111484381794e-05
-2.999202211977413e-05
3.410506589237622e-05
-3.078472949127431e-05
-1.214815563664612e-05
2.956273989659512e-05
-2.960675314813268e-05
-2.955479497206252e-05
8.455354360462107e-06
-2.959552787321469e-05
-3.070163740920116e-05

-0.001484317276211838
-0.0008818750102011286
-0.0002714280155907859
0.0002710921320750864
0.0002985917352311439
-0.0001568724426932713
0.0002117887301645886
-0.0001666189985122696
-0.0001277889353962147
-8.516328587492594e-05
0.000109480049966314
-1.624118900854093e-05
0.0001137551022502422
-5.534226480981029e-05
0.0001139540138083891
8.274957696112687e-05
-6.427372864129289e-05
-8.236077984534187e-05
6.00626767373556e-05
9.687775981785361e-06
-5.299963021852417e-05
-6.421448390029508e-05
5.030787368243534e-05
4.648894924962698e-05
5.372394500582923e-05
4.252778954576299e-05
-7.562005059537932e-07
4.981429994584959e-05
-4.313697033669275e-05
-4.043312444707841e-05
4.255502141481564e-05
3.725980602473128e-05
5.188323389180185e-06
-3.70356272237046e-05
-3.973452038798709e-05
-3.203923330974166e-05
6.693731522963935e-06
3.551498922308441e-05
3.34686317258385e-05
2.985789766348693e-05
-3.323587456654263e-05
2.842210904188237e-06
3.090586359711596e-05
2.814146285001836e-05
3.013111983330989e-05
6.969788410048787e-06
-2.644360948962802e-05
2.744530581273719e-05
2.762028455124954e-05
-1.023605883753091e-05
-2.379049518508059e-05
-2.436620143442126e-05
-2.467040788730381e-05
-9.740196686472461e-06
-2.170163451255768e-05
2.467775170569359e-05
-2.227522190133397e-05
-8.7901653504685e-06
2.139101437922092e-05
-2.142286149827669e-05
-2.138526558881665e-05
6.118127323065095e-06
-2.141473911114722e-05
-2.221509811273502e-05

-0.005136318899233194
-0.003051632797273627
-0.0009392472004481408
0.0009380849119833603
0.001033244305244419
-0.0005428400686885557
0.000732871923559142
-0.0005765669676855946
-0.0004421997469865315
-0.0002946983113180776
0.0003788438353058597
-5.620087254091974e-05
0.0003936371899298155
-0.0001915059032353827
0.0003943255017960859
0.000286345933487605
-0.0002224122648407068
-0.0002850005432494689
0.0002078403765883159
3.352349774820285e-05
-0.000183399470386958
-0.0002222072548418068
0.0001740849389256421
0.0001608699652445338
0.0001859058831268049
0.0001471628018396518
-2.616749809887763e-06
0.0001723769805582044
-0.0001492708058762174
-0.0001399144405180376
0.0001472570347682487
0.0001289335163941054
1.795363020174732e-05
-0.000128157769974683
-0.0001374969969638695
-0.0001108682908991841
2.316293172544073e-05
0.0001228957671489902
0.0001158145690411949
0.0001033200155505481
-0.0001150091381436954
9.835162479572873e-06
0.0001069463879689913
9.738047909654403e-05
0.0001042654712271458
2.41181966335037e-05
-9.150524174463681e-05
9.497150319559688e-05
9.557699813661684e-05
-3.542077108682442e-05
-8.232442753274921e-05
-8.431659654964884e-05
-8.536926997627601e-05
-3.370489390965638e-05
-7.509615179814678e-05
8.539468246297448e-05
-7.708098872791438e-05
-3.041741354129433e-05
7.402128452621543e-05
-7.413148802653701e-05
-7.400139146076379e-05
2.117111583956383e-05
-7.410338138714301e-05
-7.687293688046289e-05

-0.003655348397028239
-0.00217174620047526
-0.0006684311889365834
0.0006676040266514431
0.0007353258216653167
-0.0003863213351529382
0.0005215607254074143
-0.0004103236544413131
-0.0003146989445211968
-0.0002097270479144874
0.0002696106361923364
-3.999630345861286e-05
0.0002801385777341924
-0.0001362884217561665
0.0002806284265396378
0.0002037829366719953
-0.0001582834578059618
-0.0002028254669068031
0.0001479131265609802
2.385756534217457e-05
-0.0001305193414285517
-0.0001581375589656849
0.0001238904972475995
0.0001144858372548543
0.0001323030725345434
0.0001047309021032794
-1.862254351929578e-06
0.0001226749997283226
-0.0001062310989031389
-9.957248292061912e-05
0.0001047979645639651
9.17577221587189e-05
1.277700521838332e-05
-9.120564907163144e-05
-9.785206824347792e-05
-7.890129825857084e-05
1.648429293704648e-05
8.746085557823285e-05
8.24214009298369e-05
7.352944017554783e-05
-8.184820238082879e-05
6.999360068859186e-06
7.611020956833983e-05
6.93024683923655e-05
7.420228973173893e-05
1.716412339908209e-05
-6.512125615502723e-05
6.758807986421351e-05
6.80189906011661e-05
-2.520779206933519e-05
-5.85875741210501e-05
-6.000533496600158e-05
-6.075448785115995e-05
-2.398665899483921e-05
-5.344344918679771e-05
6.077257307804723e-05
-5.485599202768302e-05
-2.164706787315326e-05
5.267850167545163e-05
-5.275692986423109e-05
-5.266434443825346e-05
1.50667834037729e-05
-5.27369272979284e-05
-5.47079284042748e-05

-0.0002166695745612815
-0.0001287295420872294
-3.962103898206317e-05
3.957200920917703e-05
4.358619634554337e-05
-2.289907014051426e-05
3.091534053871583e-05
-2.432179972592416e-05
-1.865367648120158e-05
-1.243150181877066e-05
1.598108182750947e-05
-2.370767738962968e-06
1.660512210141245e-05
-8.078451395705238e-06
1.663415772839556e-05
1.207916657893001e-05
-9.382199926776485e-06
-1.202241287335842e-05
8.767501951446461e-06
1.414149342651993e-06
-7.736491055836952e-06
-9.373551821055037e-06
7.343568496084284e-06
6.786110366821616e-06
7.842221130755804e-06
6.20788979259695e-06
-1.103845145059934e-07
7.271520280305765e-06
-6.29681346465078e-06
-5.902126191316083e-06
6.211864897842966e-06
5.438908816202571e-06
7.573527839637925e-07
-5.406184865421801e-06
-5.800149176904208e-06
-4.676848515987545e-06
9.771010447369626e-07
5.184213462180937e-06
4.88550144461761e-06
4.358433394123277e-06
-4.851525289019721e-06
4.148847670888326e-07
4.511407651446659e-06
4.107881031177736e-06
4.398316330334937e-06
1.017397771885993e-06
-3.860041050386463e-06
4.006261214822376e-06
4.031803307101903e-06
-1.494183588005068e-06
-3.472759195765879e-06
-3.55679650376043e-06
-3.601202294719662e-06
-1.421801326454598e-06
-3.167842881367017e-06
3.602274290626349e-06
-3.251570893900391e-06
-1.283122831842745e-06
3.122500869108351e-06
-3.127149674230517e-06
-3.121661703518979e-06
8.930786331542035e-07
-3.125964028669087e-06
-3.242794471261729e-06

-0.00362351346183241
-0.002152832162181368
-0.0006626097291817315
0.0006617897707677343
0.0007289217672940496
-0.0003829568091670867
0.0005170183808509159
-0.0004067500889339948
-0.0003119581878499962
-0.0002079005060218656
0.000267262559839873
-3.964797011517158e-05
0.0002776988120814262
-0.0001351014670248155
0.0002781843947258248
0.0002020081628670388
-0.0001569049452609342
-0.0002010590318385726
0.0001466249306662992
2.364978650302111e-05
-0.0001293826304163647
-0.0001567603170738046
0.0001228115177571222
0.0001134887642500329
0.0001311508267612219
0.0001038187861790483
-1.846035720989127e-06
0.0001216066061738944
-0.0001053059175573794
-9.870529238314483e-05
0.000103885264583547
9.095859145451178e-05
1.266572851123017e-05
-9.0411326448406e-05
-9.699986103558742e-05
-7.821413592981669e-05
1.634072894795779e-05
8.669914687990629e-05
8.170358153962859e-05
7.288906210242384e-05
-8.113537505618147e-05
6.938401673104293e-06
7.544735521733116e-05
6.869890360170556e-05
7.355605171871897e-05
1.701463867238939e-05
-6.45541061205181e-05
6.699944592051258e-05
6.742660379620272e-05
-2.49882539187248e-05
-5.807732682778864e-05
-5.948274019729201e-05
-6.022536860630135e-05
-2.377775586121083e-05
-5.297800278970993e-05
6.024329632641113e-05
-5.437824359945132e-05
-2.145854056247394e-05
5.22197173121195e-05
-5.229746245893819e-05
-5.220568337227181e-05
1.493556470142941e-05
-5.227763409776935e-05
-5.423146948266035e-05

0.002689088541868507
0.001597663803616824
0.0004917371631819913
-0.0004911286541205663
-0.0005409487760969881
0.0002842006186562256
-0.0003836906412867233
0.0003018581316387124
0.0002315109899068129
0.0001542875097556078
-0.0001983413874147685
2.942362523779589e-05
-0.0002060863583161835
0.0001002617516928862
-0.0002064467198103599
-0.0001499146731070761
0.0001164425894668077
0.0001492103022249898
-0.0001088135659381867
-1.755102349495636e-05
9.60176780448646e-05
0.0001163352577279264
-9.11411117107292e-05
-8.422249255872793e-05
-9.73298952011721e-05
-7.704619046830302e-05
1.369983458729033e-06
-9.024692048815822e-05
7.814982316951374e-05
7.325135495290059e-05
-7.709552554533828e-05
-6.750235886832809e-05
-9.399513972481584e-06
6.709622154531896e-05
7.198571707299545e-05
5.80444198583615e-05
-1.212681212381042e-05
-6.434133194766364e-05
-6.063401371683023e-05
-5.409256617692987e-05
6.021233526574443e-05
-5.149139539443124e-06
-5.599113141603016e-05
-5.098295796612106e-05
-5.458755375008205e-05
-1.262693526045718e-05
4.790701315940133e-05
-4.972175327459183e-05
-5.003875647084657e-05
1.854432942003191e-05
4.310045367845673e-05
4.414344165913549e-05
4.469456243364583e-05
1.764599235279085e-05
3.931613385005814e-05
-4.470786698660338e-05
4.035528316107788e-05
1.592485198677772e-05
-3.875339362272797e-05
3.881108999551996e-05
3.874297872921978e-05
-1.108400902273423e-05
3.879637493529086e-05
4.02463588808614e-05

-0.0004200077320238235
-0.000249538511004609
-7.680424331322507e-05
7.670920051063316e-05
8.449058669963256e-05
-4.438918816653651e-05
5.992849753222576e-05
-4.7147108504943e-05
-3.615961478964624e-05
-2.409810835278104e-05
3.097886700176484e-05
-4.595665003806104e-06
3.218855110558562e-05
-1.565984543895832e-05
3.224483583244128e-05
2.341511663469277e-05
-1.818712442950802e-05
-2.330510121049258e-05
1.699555010242735e-05
2.741287785087867e-06
-1.499696516570666e-05
-1.817036032546652e-05
1.423529609666002e-05
1.315467956308558e-05
1.520191987181101e-05
1.203381562782121e-05
-2.139772032238729e-07
1.409563270463381e-05
-1.220619160595248e-05
-1.144110169020951e-05
1.204152125498612e-05
1.054316814531502e-05
1.468106566312679e-06
-1.047973370894496e-05
-1.124342218383765e-05
-9.065936194280033e-06
1.894082242921924e-06
1.004944853468235e-05
9.470403888975462e-06
8.448697648166563e-06
-9.404542089624288e-06
8.042421758030911e-07
8.745233841655558e-06
7.963009106524798e-06
8.526009571772641e-06
1.972196288289011e-06
-7.482578439436412e-06
7.766022018247543e-06
7.815534628714426e-06
-2.896431865417333e-06
-6.731843714660732e-06
-6.894747616652232e-06
-6.980826963952155e-06
-2.75612093540264e-06
-6.140772218255597e-06
6.982904997114678e-06
-6.30307655988055e-06
-2.487296666370396e-06
6.052878032954885e-06
-6.061889607813052e-06
-6.051251334626996e-06
1.731207217202255e-06
-6.059591268055273e-06
-6.286063717331701e-06

-0.001406740695481535
-0.000835784562407092
-0.0002572420610765764
0.0002569237322280474
0.0002829860920004251
-0.0001486736378218596
0.0002007197722089932
-0.0001579107981853522
-0.0001211101553119053
-8.071229912966201e-05
0.0001037581682159207
-1.53923570705122e-05
0.000107809788526137
-5.244984838188903e-05
0.0001079983041406173
7.842474066058428e-05
-6.091451684826982e-05
-7.805626369557159e-05
5.692355199252634e-05
9.181452604937899e-06
-5.022964959618425e-05
-6.085836848319683e-05
4.767857542763561e-05
4.405924383391419e-05
5.091610868681055e-05
4.030511077486126e-05
-7.166783293021615e-07
4.721079790263167e-05
-4.08824532497432e-05
-3.831992156709906e-05
4.033091939356025e-05
3.531245393467825e-05
4.917160077459955e-06
-3.50999916482213e-05
-3.765782945531801e-05
-3.036473001501913e-05
6.343889334773938e-06
3.365882850010033e-05
3.17194221379352e-05
2.829740002204083e-05
-3.149882983381531e-05
2.693665167233419e-06
2.929059490697782e-05
2.667067321525716e-05
2.855634246748074e-05
6.605518343307809e-06
-2.506155671746156e-05
2.601090023364255e-05
2.617673385711643e-05
-9.701079923332989e-06
-2.254710517674133e-05
-2.309272262834797e-05
-2.338102998961874e-05
-9.231133586097283e-06
-2.056741703172109e-05
2.338798998951888e-05
-2.111102636317885e-05
-8.330754830321146e-06
2.027303119560443e-05
-2.030321385203178e-05
-2.026758286086793e-05
5.798368599092791e-06
-2.029551597459498e-05
-2.105404489336205e-05

0.001696467449954412
0.00100791944802314
0.0003102226194052799
-0.0003098387288045511
-0.0003412687892022539
0.0001792938727380462
-0.000242059223287198
0.0001904334821468235
0.0001460535242959018
9.733548529904803e-05
-0.0001251277905093201
1.856250610509601e-05
-0.0001300138665274597
6.325221188299479e-05
-0.0001302412080729575
-9.457679032755942e-05
7.346023001593564e-05
9.413242330304472e-05
-6.864730181005245e-05
-1.107242830014298e-05
6.057474972916472e-05
7.339251755554361e-05
-5.749826640608634e-05
-5.31335115803219e-05
-6.14025892213694e-05
-4.860619211207744e-05
8.642825658297642e-07
-5.693414727072518e-05
4.930244176141914e-05
4.621214118010135e-05
-4.863731617180524e-05
-4.258526739906857e-05
-5.929878935347483e-06
4.232904721965765e-05
4.541368719346932e-05
3.661852981336395e-05
-7.650451712333358e-06
-4.05910678047208e-05
-3.825222897242918e-05
-3.412542070477286e-05
3.798620434904579e-05
-3.248441800234345e-06
-3.532317008327337e-05
-3.216365967326328e-05
-3.443769391293133e-05
-7.965964797560678e-06
3.022313590053497e-05
-3.136800245572536e-05
-3.156799051696313e-05
1.169907600754324e-05
2.719081785717143e-05
2.784880852291776e-05
2.819649452894608e-05
1.113234137981963e-05
2.480340096511011e-05
-2.820488798295473e-05
2.545896992624935e-05
1.004652417363061e-05
-2.444838458556005e-05
2.44847835426366e-05
2.444181413332206e-05
-6.992577681730641e-06
2.447550024076628e-05
2.539025277803178e-05

0.001107975487934295
0.0006582796753631759
0.0002026086961542366
-0.0002023579743526556
-0.0002228851801684383
0.0001170981595526225
-0.0001580906760326454
0.0001243735211695488
9.538864117359638e-05
6.357052817040042e-05
-8.172188906271677e-05
1.212331056492852e-05
-8.491302158959686e-05
4.13104892320858e-05
-8.506150004084401e-05
-6.176880400107424e-05
4.797742166986921e-05
6.147858459788129e-05
-4.483406252231629e-05
-7.231485136235166e-06
3.956181881911301e-05
4.793319815916302e-05
-3.755254471780222e-05
-3.470189093247977e-05
-4.010248693822358e-05
-3.17450649721636e-05
5.644693610914952e-07
-3.718411432183374e-05
3.219979078787914e-05
3.01814925325412e-05
-3.176539232669663e-05
-2.781275433640578e-05
-3.872847962366224e-06
2.764541503479418e-05
2.966001630530326e-05
2.391583371580939e-05
-4.99656681837006e-06
-2.651032777428885e-05
-2.498281476690192e-05
-2.228756564549022e-05
2.480907211015545e-05
-2.121581459600875e-06
-2.306982465794567e-05
-2.100632494966739e-05
-2.249151359639946e-05
-5.202630757036519e-06
1.973895446517306e-05
-2.048667531305463e-05
-2.061728900077342e-05
7.640753406843885e-06
1.775852503589879e-05
1.818826362532788e-05
1.841533993745895e-05
7.270614813446616e-06
1.619928533699672e-05
-1.842082176458046e-05
1.662744229314947e-05
6.561459533823219e-06
-1.596742150348768e-05
1.599119393260813e-05
1.596313029234975e-05
-4.566904404229963e-06
1.598513093923897e-05
1.658256261344263e-05

0.0002802298384588066
0.0001664924983414253
5.12439154221919e-05
-5.118050271077585e-05
-5.637225616775938e-05
2.961653817491598e-05
-3.998439052937573e-05
3.145662708735678e-05
2.412575350087818e-05
1.607829688826494e-05
-2.066915019330426e-05
3.066235127216702e-06
-2.147625338490332e-05
1.044827421744918e-05
-2.151380664558228e-05
-1.562260370875743e-05
1.213447884962241e-05
1.554920123968768e-05
-1.133945853034967e-05
-1.828991646124058e-06
1.000599942645183e-05
1.212329381219962e-05
-9.497812591171564e-06
-8.776823491234701e-06
-1.014274553801808e-05
-8.028981259857289e-06
1.427659362470738e-07
-9.404628949933306e-06
8.143990791464179e-06
7.633521561564932e-06
-8.034122466823003e-06
-7.03441884741045e-06
-9.795230767173691e-07
6.992095288850531e-06
7.501629475047914e-06
6.048807299239293e-06
-1.263734737463556e-06
-6.70500832426101e-06
-6.318668799642921e-06
-5.636984742427655e-06
6.274725700590239e-06
-5.365916811118285e-07
-5.834834170578802e-06
-5.312932561575453e-06
-5.688567382984648e-06
-1.315852554936997e-06
4.992388443028064e-06
-5.181502457450121e-06
-5.214537351289165e-06
1.932504027595317e-06
4.491497019800921e-06
4.600186766827498e-06
4.657619046670539e-06
1.838888348035552e-06
4.097133160945254e-06
-4.659005513729254e-06
4.205422880318305e-06
1.659528360728859e-06
-4.038490018277695e-06
4.044502555594786e-06
4.037404682536778e-06
-1.15506425673632e-06
4.042969099608164e-06
4.194071884274148e-06

0.0002663181158432989
0.0001582271491996857
4.869996385347242e-05
-4.863969920127886e-05
-5.357371338837651e-05
2.814625554480032e-05
-3.799940651388699e-05
2.989499513226386e-05
2.292805523838743e-05
1.528010634690946e-05
-1.964305145319226e-05
2.914015032478607e-06
-2.041008683542815e-05
9.9295803712236e-06
-2.044577580316859e-05
-1.484703558750774e-05
1.153207510567062e-05
1.477727710862903e-05
-1.077652275391001e-05
-1.738193233680524e-06
9.509261858164269e-06
1.152144533794976e-05
-9.026303436607321e-06
-8.34110710025984e-06
-9.639219349396814e-06
-7.630390728607333e-06
1.356784679217725e-07
-8.937745801498351e-06
7.739690730167031e-06
7.254563221061561e-06
-7.63527670568343e-06
-6.685202346014938e-06
-9.30895659258588e-07
6.644979897087682e-06
7.129218781737934e-06
5.74852047121836e-06
-1.200997923913291e-06
-6.372145070144878e-06
-6.004984974507893e-06
-5.357142422387707e-06
5.963223385500824e-06
-5.099531380238896e-07
-5.54516981883739e-06
-5.049177479404779e-06
-5.406164295755847e-06
-1.250528405843235e-06
4.744546444514413e-06
-4.924272087840315e-06
-4.955666998264669e-06
1.836566849258934e-06
4.268521261689103e-06
4.371815217831298e-06
4.426396331118025e-06
1.747598624003407e-06
3.893735191736099e-06
-4.427713968431634e-06
3.996648979161695e-06
1.577142779116154e-06
-3.838003327667233e-06
3.843717378741865e-06
3.83697187230642e-06
-1.097722277624014e-06
3.842260049605832e-06
3.985861491686283e-06

-0.002739891654687106
-0.00162784737444257
-0.0005010272174843988
0.0005004072122769721
0.0005511685517841862
-0.0002895698267978585
0.00039093944646119
-0.0003075609311107343
-0.0002358847688865327
-0.0001572023582786565
0.0002020885157537844
-2.997950568918384e-05
0.0002099798070996469
-0.0001021559284755946
0.0002103469766572696
0.0001527469086145059
-0.0001186424597639468
-0.0001520292305345408
0.0001108693063053975
1.788260299217598e-05
-9.783167444338546e-05
-0.0001185331002798078
9.286297847285266e-05
8.581365057552156e-05
9.916868242200791e-05
7.850177151207715e-05
-1.395865620334908e-06
9.19518939063599e-05
-7.96262543919879e-05
-7.463524276165483e-05
7.855203864303936e-05
6.877763482138457e-05
9.577092568852181e-06
-6.836382462339197e-05
-7.334569404988624e-05
-5.914101343073081e-05
1.235591570104667e-05
6.555688877849352e-05
6.177953071692815e-05
5.511450007733486e-05
-6.13498857829418e-05
5.246418715218007e-06
5.704893361252786e-05
5.194614416288492e-05
5.561883911255443e-05
1.286548732246703e-05
-4.881208763219532e-05
5.066111239266948e-05
5.098410451376014e-05
-1.889467476754163e-05
-4.391472110648767e-05
-4.497741354658637e-05
-4.553894626940919e-05
-1.797936603176287e-05
-4.005890670875943e-05
4.555250217619196e-05
-4.111768795783875e-05
-1.622570933658489e-05
3.948553501474699e-05
-3.954432140569153e-05
-3.947492335976916e-05
1.129341163335672e-05
-3.952932834388463e-05
-4.100670584560727e-05

-0.002286632055470542
-0.001358552985644021
-0.0004181424087348375
0.0004176249708354233
0.0004599888744947866
-0.0002416663619235558
0.0003262664304613933
-0.0002566812022968919
-0.0001968624098731786
-0.0001311964110042991
0.0001686570625427739
-2.502000347303921e-05
0.0001752428995117845
-8.525629847773242e-05
0.000175549328300283
0.0001274780252768585
-9.901546697000925e-05
-0.0001268790725042505
9.252822436683686e-05
1.49242883992241e-05
-8.164740472127265e-05
-9.892419879832312e-05
7.750067889696561e-05
7.161751957136242e-05
8.276323180045994e-05
6.55152428541084e-05
-1.16494791577849e-06
7.674031482516249e-05
-6.645370280909885e-05
-6.228835299917859e-05
6.555719430599342e-05
5.739976769264251e-05
7.992756512353078e-06
-5.705441401338475e-05
-6.121213401204602e-05
-4.93573301967586e-05
1.031187962063056e-05
5.471182887154292e-05
5.155935822045556e-05
4.599692195218811e-05
-5.120078934167385e-05
4.378504963916757e-06
4.76113426257922e-05
4.335270637350837e-05
4.641782830546058e-05
1.073715293466958e-05
-4.073711604006521e-05
4.228025709145397e-05
4.254981670578808e-05
-1.576893339093126e-05
-3.664991964824504e-05
-3.75368111406371e-05
-3.800544964390178e-05
-1.500504395308399e-05
-3.343197167328979e-05
3.801676300038809e-05
-3.431559900202988e-05
-1.354149425153065e-05
3.295345271689176e-05
-3.300251408972061e-05
-3.294459654536934e-05
9.425145338240861e-06
-3.299000132641377e-05
-3.422297663317903e-05

