-0.09092793130121926
-0.05406692780705517
-0.01660868795200966
0.01663563759152713
0.01827430610910949
-0.009635538147618548
0.01295330730989784
-0.01023351617479601
-0.007809410065035159
-0.005239731696653345
0.00668849427290121
-0.0009995111984184627
0.006989398829244911
-0.003373357588318881
0.007001092122634754
0.005053391446759995
-0.003954951546899339
-0.005031227793344908
0.003696004826177925
0.0005902173603674685
-0.003233057789813555
-0.003949184355229232
0.003068913427356995
0.002862157115340575
0.003279310628138239
0.002618391508802833
-4.648341492641377e-05
0.003040638900643458
-0.002654811339879665
-0.002466675195941352
0.002618390354319206
0.002273145808634744
0.0003155791782291163
-0.002279401733001601
-0.002425339864965727
-0.001972563162976758
0.0004078001698179782
0.002167645365566865
0.002059532691622961
0.00182131137083961
-0.00204461289676454
0.0001720456061494018
0.001886290346902673
0.001732027241821593
0.001839138204001406
0.0004296226253664251
-0.001627065291133259
0.00167500676980513
0.001699155986265411
-0.000625421091427519
-0.00145164259002737
-0.001499327646751431
-0.001505801395627714
-0.0006006276149817082
-0.001334436281163315
0.001506540782465465
-0.001370470723034458
-0.0005364575823115317
0.001305870841538844
-0.001317965655279405
-0.001305541146088009
0.0003734184111070529
-0.001317141682636506
-0.00135654324288662

-0.054122530260839
-0.03218195877189902
-0.009885897582986584
0.009901938668035931
0.0108773142777178
-0.005735308144721115
0.00771012555577093
-0.006091239302601391
-0.004648352013686955
-0.003118816553425611
0.003981155498700523
-0.0005949335293170549
0.004160261255561821
-0.002007905002806367
0.004167221389997538
0.003007902275829943
-0.002354083962035944
-0.002994709926841236
0.002199952535886997
0.0003513118190406953
-0.001924395128761432
-0.002350651188396261
0.001826692386631265
0.001703625969156488
0.001951925950216121
0.001558530713742942
-2.76680662914159e-05
0.00180986269628539
-0.001580208688611142
-0.00146822545092363
0.001558530026566884
0.001353032022775118
0.0001878404509923488
-0.001356755702078791
-0.001443621650202616
-0.001174117875024114
0.0002427326423852975
0.001290235576834258
0.001225884267139314
0.001084089106308376
-0.001217003640061775
0.000102405755765326
0.00112276618328612
0.001030945007398807
0.001094700073735396
0.0002557219020535833
-0.0009684690853033632
0.0009970050268232533
0.001011379231538032
-0.0003722659414128816
-0.0008640531999622835
-0.0008924365128623325
-0.0008962898466462225
-0.000357508257387413
-0.0007942891361861355
0.0008967299477872202
-0.0008157377179661412
-0.0003193126833180879
0.0007772862873551859
-0.0007844854165264334
-0.0007770900445533969
0.0002222677780733208
-0.0007839949678410216
-0.0008074477408946237

-0.01632510448764043
-0.009707118958349503
-0.002981906245301828
0.002986744755039161
0.003280949565233814
-0.001729954314408635
0.00232562307608903
-0.001837314656116362
-0.001402093212440577
-0.0009407358796255104
0.001200845178240515
-0.0001794511820217391
0.001254869263607288
-0.0006056490488178639
0.001256968665120559
0.0009072805485053099
-0.0007100678121989877
-0.0009033013096443747
0.0006635767921996652
0.0001059669998048648
-0.0005804597715809912
-0.0007090323767139211
0.0005509894665825403
0.000513868657291777
0.0005887639571885296
0.0004701032384563458
-8.345583087151053e-06
0.0005459130880019817
-0.0004766420163571813
-0.0004428642523228371
0.0004701030311820728
0.0004081181910842443
5.665875144200402e-05
-0.0004092413731198557
-0.0004354429507747865
-0.0003541519012179567
7.321601060428755e-05
0.0003891767532669988
0.0003697663182848514
0.0003269963146425079
-0.0003670876341167133
3.088888592145211e-05
0.0003386625711883111
0.0003109663366752519
0.0003301969253886004
7.713399116200746e-05
-0.0002921215792102383
0.0003007289415179327
0.0003050646662665717
-0.0001122874403961599
-0.0002606263732368107
-0.0002691876978193591
-0.0002703499878373975
-0.0001078360458928333
-0.0002395832766715715
0.0002704827365659993
-0.0002460528622023292
-9.631502618740643e-05
0.0002344546678940299
-0.0002366261579439813
-0.0002343954747221889
6.704314605760971e-05
-0.0002364782227680995
-0.0002435523371673845

0.01630933269195087
0.009697740843977603
0.002979025405177227
-0.002983859240395477
-0.003277779817300442
0.001728282993651196
-0.002323376275644145
0.001835539613793155
0.001400738640547664
0.0009398270282240805
-0.001199685033456669
0.0001792778130007904
-0.001253656925783707
0.0006050639271075096
-0.001255754299049789
-0.0009064040185296014
0.000709381810803166
0.0009024286240387937
-0.0006629357060983806
-0.0001058646243576715
0.0005798989854045081
0.0007083473756594657
-0.0005504571518707541
-0.0005133722052486362
-0.0005881951482814982
-0.0004696490684852676
8.337520361947655e-06
-0.0005453856776138934
0.0004761815292276361
0.000442436398123503
-0.0004696488614112566
-0.0004077239052936643
-5.660401303260779e-05
0.0004088460022151307
0.0004350222663462352
0.0003538097526309138
-7.314527611299138e-05
-0.0003888007669298412
-0.0003694090845023815
-0.0003266804012543446
0.0003667329882293789
-3.085904395636476e-05
-0.00033833538694953
-0.0003106659099593657
-0.0003298779198685613
-7.705947148278547e-05
0.0002918393585438144
-0.000300438405219732
-0.0003047699411947475
0.0001121789587279815
0.0002603745803055608
0.0002689276337335549
0.0002700888008549731
0.0001077318647474926
0.00023935181362064
-0.0002702214213345811
0.0002458151488404188
9.622197557838098e-05
-0.0002342281596273221
0.0002363975517856964
0.0002341690236422823
-6.69783752132302e-05
0.0002362497595312409
0.0002433170395796692

0.01766894392517273
0.01050618332518277
0.003227368883197209
-0.003232605686261682
-0.003551028658550214
0.00187235957953743
-0.002517062218718713
0.001988557540709482
0.001517509818526455
0.001018174769912201
-0.001299695578253916
0.000194223128853128
-0.001358166783488497
0.0006555044771683889
-0.001360439002182444
-0.0009819654843909223
0.0007685187170654313
0.0009776586851080651
-0.0007182006792238336
-0.0001146899230498324
0.0006282416852300095
0.0007673980472691938
-0.000596345462645173
-0.0005561689664810357
-0.0006372294494407589
-0.0005088008940837539
9.032569420998867e-06
-0.0005908512100011629
0.0005158779268925994
0.00047931966663174
-0.0005088006697469526
-0.0004417134015015592
-6.132275005377828e-05
0.0004429290409124251
0.000471287463162994
0.0003833047493413426
-7.924295901260907e-05
-0.0004212127546048975
-0.000400204503936675
-0.0003539137866788697
0.0003973053175702515
-3.343157733966274e-05
-0.0003665403786177277
-0.000336564263309355
-0.0003573778632392663
-8.348345737067931e-05
0.0003161682552353733
-0.0003254841528502653
-0.0003301767829961695
0.0001215306455994421
0.0002820804471802171
0.0002913465173662455
0.0002926044840249381
0.0001167128240701708
0.0002593051385442211
-0.0002927481602786182
0.0002663072832503063
0.0001042434244843018
-0.0002537543562522603
0.0002561045976215354
0.0002536902904548688
-7.256196057766686e-05
0.0002559444848133424
0.0002636009216055061

-0.009191282278411417
-0.005465255706256483
-0.001678858597756375
0.001681582752374875
0.001847224538019922
-0.0009739906071984031
0.001309361185510939
-0.001034436113496774
-0.0007893998170697969
-0.0005296486172946273
0.0006760941110200705
-0.0001010337465469299
0.0007065104932741799
-0.0003409896318611793
0.0007076924882769696
0.0005108127567174658
-0.000399778984794526
-0.0005085723846787735
0.000373603832988018
5.966103360258596e-05
-0.0003268076854211395
-0.0003991960188581585
0.0003102154551983438
0.0002893158746256873
0.0003314830682996968
0.0002646752777551735
-4.69869028954831e-06
0.0003073573767998952
-0.0002683567092269425
-0.0002493393140116934
0.0002646751610566813
0.0002297767527337968
3.189973935173909e-05
-0.0002304091213135067
-0.0002451610082954355
-0.0001993929102257145
4.122172824515184e-05
0.000219112434972875
0.0002081840646704154
0.0001841039017027311
-0.000206675924716786
1.739091287192931e-05
0.0001906721816868156
0.0001750787801468388
0.0001859058942629402
4.342761092691763e-05
-0.0001644688948955025
0.0001693149708702695
0.0001717560498892181
-6.321953784634779e-05
-0.0001467366146067691
-0.0001515567706415629
-0.0001522111576105213
-6.071333499515928e-05
-0.0001348890309854988
0.0001522858971652106
-0.0001385315061000291
-5.422682556252099e-05
0.0001320015461914284
-0.0001332241281374257
-0.0001319682195348088
3.774631156052268e-05
-0.0001331408383820576
-0.0001371236724497859

0.01275198550242527
0.007582496045939325
0.002329248504256794
-0.002333027996514087
-0.0025628394183769
0.001351314618162992
-0.001816607775638746
0.001435176716687317
0.001095213346512761
0.0007348345186807505
-0.0009380130041527677
0.0001401742251183688
-0.0009802126944465864
0.0004730890326567008
-0.000981852594373076
-0.0007087016447538879
0.0005546533839183173
0.000705593352472899
-0.000518337976965577
-8.277372106670914e-05
0.0004534129994412504
0.0005538445769486082
-0.0004303929383834476
-0.0004013968592293229
-0.0004598996258859318
-0.0003672104938729267
6.518963147657178e-06
-0.0004264276402671342
0.0003723181120848889
0.000345933376991807
-0.0003672103319651848
-0.0003187922784761851
-4.4257700005516e-05
0.0003196696266759879
0.0003401363954280099
0.0002766377338290006
-5.719102787226049e-05
-0.0003039966034701589
-0.0002888345819545202
-0.0002554257626233816
0.0002867421885058821
-2.412815340655855e-05
-0.0002645385946087412
-0.0002429043085161332
-0.0002579258471934979
-6.025146961762671e-05
0.0002281841531764346
-0.000234907599231359
-0.0002382943523865939
8.771079003632552e-05
0.0002035823865983681
0.0002102698713273261
0.000211177767841226
8.423368407262551e-05
0.0001871450484773707
-0.0002112814615035164
0.0001921986186372862
7.523430055447899e-05
-0.0001831389519265913
0.0001848351621808734
0.0001830927145213677
-5.236923458654578e-05
0.0001847196059700657
0.00019024539015885

-0.009657512867120664
-0.005742482463978125
-0.001764019210680144
0.001766881548869856
0.001940925564464802
-0.001023396576945656
0.001375778929831491
-0.001086908199932689
-0.0008294423628524052
-0.0005565152044766889
0.0007103891904061094
-0.0001061587140655348
0.0007423484529003665
-0.0003582864346346779
0.0007435904049587882
0.0005367238891435352
-0.000420057895373677
-0.0005343698735518431
0.0003925550010319419
6.268735767538905e-05
-0.0003433851046484398
-0.000419445358313046
0.0003259512285020645
0.0003039915103489805
0.0003482976477455105
0.0002781010117088096
-4.937032783390726e-06
0.0003229481732075279
-0.0002819691849115909
-0.0002619871265406043
0.0002781008890906583
0.0002414322483928268
3.351786333127813e-05
-0.0002420966940610966
-0.0002575968749963405
-0.0002095071762336462
4.33127129461903e-05
0.0002302269798704635
0.0002187442646610265
0.0001934426281037909
-0.000217159623849627
1.827307221604842e-05
0.0002003440860876024
0.0001839597045124961
0.0001953360272846722
4.563048969783276e-05
-0.0001728116296051452
0.0001779035242575029
0.0001804684277519009
-6.642636812911865e-05
-0.0001541798740062797
-0.0001592445339218357
-0.0001599321148686871
-6.379303737615632e-05
-0.0001417313181029425
0.0001600106456101274
-0.0001455585588753686
-5.697749777993228e-05
0.0001386973647645876
-0.0001399819625515794
-0.0001386623476031091
3.966100469333648e-05
-0.000139894447898037
-0.000144079312435018

-0.007728765176645142
-0.00459562406033001
-0.001411718569161805
0.001414009256219003
0.001553294116145136
-0.0008190091936323066
0.001101015595831441
-0.0008698366092213731
-0.0006637904953637149
-0.0004453709140037713
0.0005685139965348609
-8.495725387645594e-05
0.0005940905231663651
-0.0002867313517847895
0.0005950844390897755
0.0004295322161058924
-0.0003361661411803518
-0.0004276483321307309
0.0003141559802858382
5.016776821149098e-05
-0.0002748060370720332
-0.0003356759368007019
0.0002608539630020447
0.0002432799242939367
0.000278737472891908
0.0002225601399095567
-3.951034554883181e-06
0.0002584506621207919
-0.0002256557818991849
-0.0002096644351600483
0.0002225600417800203
0.0001932146691981615
2.682385190417099e-05
-0.0001937464152711883
-0.0002061509815702066
-0.0001676655045880918
3.466252565546627e-05
0.0001842472579875859
0.0001750578102834873
0.0001548092835430846
-0.0001737896456028952
1.462367031314262e-05
0.0001603324186262921
0.0001472202395901217
0.0001563245429950899
3.651740822116712e-05
-0.0001382985995865103
0.0001423735678121559
0.0001444262222669391
-5.316004315719236e-05
-0.0001233878802497968
-0.0001274410529170794
-0.0001279913138125219
-5.105262737613294e-05
-0.0001134254844767972
0.0001280541608072335
-0.000116488368845841
-4.559825151184287e-05
0.0001109974563465903
-0.0001120255010179794
-0.00011096943262848
3.174011737413299e-05
-0.0001119554643309215
-0.0001153045497266395

-0.005503776724526779
-0.003272617055873448
-0.00100530726771413
0.001006938502435158
0.001106125468608729
-0.0005832294854435027
0.0007840507340022853
-0.0006194244972589507
-0.0004726957793187005
-0.0003171557181841496
0.0004048478676973165
-6.049941300818168e-05
0.0004230613194906285
-0.0002041859603800844
0.0004237691028429607
0.0003058767292584625
-0.0002393892609124484
-0.0003045351854882469
0.0002237154749368107
3.572526641621965e-05
-0.0001956937539217215
-0.0002390401785695933
0.0001857582598588262
0.0001732435071154722
0.0001984933919576653
0.0001584886187955869
-2.813594607154112e-06
0.000184046831040663
-0.0001606930747391304
-0.0001493053821433882
0.0001584885489160261
0.000137591241920978
1.91016919777188e-05
-0.0001379699067650227
-0.0001468033959077048
-0.0001193972750584657
2.468373634800519e-05
0.0001312054056363937
0.0001246614536299522
0.0001102421553808025
-0.0001237583733716586
1.041374843938424e-05
0.0001141752678020703
0.0001048378763639844
0.0001113211957595584
2.600462775283582e-05
-9.848463448458973e-05
0.0001013864842317251
0.000102848212147366
-3.785611304216512e-05
-8.786647386569527e-05
-9.075280264870804e-05
-9.114465219256153e-05
-3.635538871432469e-05
-8.077209323399323e-05
9.118940653796919e-05
-8.29532219544279e-05
-3.247124082751085e-05
7.904305574817816e-05
-7.977514272518704e-05
-7.902309961239149e-05
2.26026428860124e-05
-7.972526848534831e-05
-8.211020551322555e-05

0.006740492167772378
0.004007984105699356
0.001231202881838013
-0.001233200659984009
-0.001354675240458939
0.0007142829325043722
-0.000960229329094142
0.0007586110740452235
0.0005789119649489222
0.000388421576925053
-0.0004958184203204988
7.409381592806609e-05
-0.0005181244903714635
0.0002500671694361093
-0.000518991314805166
-0.0003746081647319698
0.0002931807591389807
0.0003729651719783201
-0.0002739850255735526
-4.375284291545697e-05
0.00023966673824399
0.0002927532369273497
-0.000227498708313813
-0.0002121718523981811
-0.0002430954634991313
-0.0001941014955987656
3.445817910506699e-06
-0.0002254027162119905
0.0001968012995271442
0.000182854757617296
-0.0001941014100170106
-0.0001685084143019584
-2.339390051801624e-05
0.0001689721662932158
0.0001797905674313323
0.0001462262075055137
-3.023024731063342e-05
-0.0001606876610964279
-0.0001526732630833272
-0.0001350139044686912
0.0001515672579322151
-1.275374952620757e-05
-0.0001398307992661295
-0.0001283952674475447
-0.0001363354085168623
-3.184794704928025e-05
0.0001206144327095943
-0.0001241683369596254
-0.0001259585196032111
4.636249728769913e-05
0.0001076103389626695
0.0001111452346405887
0.0001116251339739429
4.452455561890104e-05
9.892182933076291e-05
-0.0001116799447575271
0.0001015930643377021
3.976762783638801e-05
-9.680427183991006e-05
9.770086099708045e-05
9.677983149943082e-05
-2.76815257903003e-05
9.763977986317545e-05
0.0001005606195268193

-0.0009748808650472104
-0.0005796768121387127
-0.000178069508964583
0.0001783584486501285
0.0001959273799903035
-0.0001033071095991601
0.0001388784640188077
-0.0001097183116146564
-8.372833661525139e-05
-5.617761336868337e-05
7.171047432108343e-05
-1.071622688206277e-05
7.493661275812801e-05
-3.616734392562703e-05
7.506198202386258e-05
5.417977242578216e-05
-4.240288468121764e-05
-5.39421455348799e-05
3.962659581717619e-05
6.327996278022402e-06
-3.466312418839569e-05
-4.234105192283912e-05
3.290325573234053e-05
3.068652464186368e-05
3.515902249366767e-05
2.807299960098427e-05
-4.983704248558656e-07
3.260011131166303e-05
-2.846347363813778e-05
-2.644637807552178e-05
2.807298722325075e-05
2.437145902904826e-05
3.383471919584193e-06
-2.443853171916156e-05
-2.600320266564906e-05
-2.114877194682355e-05
4.372216288551568e-06
2.324033945193391e-05
2.208121292624391e-05
1.952713076519512e-05
-2.19212508297683e-05
1.844581383857145e-06
2.022380074864443e-05
1.856987387296542e-05
1.971826057850298e-05
4.606185037619136e-06
-1.744452772444975e-05
1.79585307324364e-05
1.821744577317141e-05
-6.705431938290939e-06
-1.556373892659823e-05
-1.607499271497767e-05
-1.614440080353025e-05
-6.439609485065296e-06
-1.43071152891647e-05
1.615232811547628e-05
-1.469345738845018e-05
-5.751612561969811e-06
1.40008518551191e-05
-1.41305260081909e-05
-1.399731703604889e-05
4.003593378136904e-06
-1.412169181223293e-05
-1.454413436198844e-05

0.007023118052836804
0.004176037124232305
0.001282826679553445
-0.001284908223662464
-0.001411476180105499
0.0007442325030934808
-0.001000491324396962
0.0007904193041986718
0.0006031854901448939
0.00040470792356323
-0.000516607869575147
7.720053718566889e-05
-0.0005398492233761015
0.0002605523763509835
-0.0005407523933786201
-0.0003903153210454841
0.0003054736999914937
0.0003886034383250548
-0.0002854730977231286
-4.558738046036534e-05
0.0002497158596331026
0.0003050282519607151
-0.0002370376295361131
-0.0002210681252632603
-0.0002532883498368162
-0.0002022400863159073
3.590299546637212e-06
-0.0002348537534032583
0.000205053091840815
0.0001905217775355803
-0.0002022399971457201
-0.000175573898327067
-2.437479652299392e-05
0.0001760570952362259
0.0001873291071969141
0.0001523574083565701
-3.149778834312434e-05
-0.0001674252243641771
-0.000159074786151729
-0.0001406749783630597
0.0001579224066889654
-1.328850865921882e-05
-0.0001456938434501225
-0.0001337788247898196
-0.0001420518924973095
-3.318331752345669e-05
0.000125671743058371
-0.0001293746609574104
-0.0001312399051753246
4.830645649773285e-05
0.0001121223933548942
0.0001158055056607219
0.0001163055269629554
4.639145073956214e-05
0.0001030695783186456
-0.0001163626359387403
0.0001058528170397545
4.143506705808543e-05
-0.000100863232569437
0.0001017974153173712
0.0001008377674561762
-2.884220004547916e-05
0.0001017337730782718
0.0001047770822700051

-0.002811759655006393
-0.001671908775476198
-0.0005135895872462309
0.0005144229495363307
0.0005650954102386803
-0.0002979592412376881
0.0004005544431925386
-0.0003164504844385392
-0.0002414899782285968
-0.0001620279486940853
0.0002068279579248952
-3.090783241444483e-05
0.0002161328137525663
-0.0001043141599398914
0.0002164944048517481
0.0001562657589110178
-0.0001222987594457614
-0.0001555803934180428
0.0001142913635694798
1.82512605073493e-05
-9.99756766226681e-05
-0.0001221204208798586
9.489984910319215e-05
8.850633450097324e-05
0.0001014059507183774
8.096838342324934e-05
-1.437404204042393e-06
9.402551739539512e-05
-8.209459195126451e-05
-7.627686783078981e-05
8.096834772336311e-05
7.029236872781206e-05
9.758638392078145e-06
-7.048582034923418e-05
-7.499865755672541e-05
-6.09974673266335e-05
1.261038328262025e-05
6.702998405503499e-05
6.368682150376008e-05
5.632031608397797e-05
-6.322545746906512e-05
5.320157263792922e-06
5.832965755591062e-05
5.355938764071466e-05
5.68715743117513e-05
1.328519793200584e-05
-5.03136547396814e-05
5.179614657250261e-05
5.254291152790445e-05
-1.933986363817814e-05
-4.488906774552337e-05
-4.63636302558073e-05
-4.656381765325339e-05
-1.857317626521427e-05
-4.126470319803899e-05
4.658668167348169e-05
-4.237899435580578e-05
-1.658884970751202e-05
4.038137560539361e-05
-4.075538289691623e-05
-4.03711804502736e-05
1.154719795958425e-05
-4.07299032340443e-05
-4.19483156171462e-05

0.006472137728370264
0.003848417073937913
0.001182185873743623
-0.001184104115763878
-0.001300742514824631
0.0006858456921431672
-0.0009220003990849663
0.0007284090287888053
0.0005558641530161591
0.0003729576238585071
-0.0004760787528125518
7.114397132595168e-05
-0.0004974967670994146
0.0002401114223783589
-0.0004983290812659192
-0.0003596941552590191
0.0002815085612780144
0.0003581165738118243
-0.0002630770538539438
-4.201094197696105e-05
0.0002301250561850917
0.0002810980597053124
-0.0002184414634102218
-0.000203724804750869
-0.0002334172760307432
-0.0001863738702648426
3.308632003210811e-06
-0.0002164289175570068
0.0001889661888120792
0.0001755748906948666
-0.0001863737880902539
-0.0001617997081824062
-2.246253572999385e-05
0.0001622449971441629
0.0001726326929420291
0.0001404046070994033
-2.902671189093755e-05
-0.0001542903170836745
-0.0001465949906208862
-0.0001296386915400735
0.0001455330180693437
-1.224599353165721e-05
-0.0001342638147174495
-0.0001232835576257369
-0.0001309075834837886
-3.058000729594927e-05
0.0001158124957488909
-0.0001192249109267609
-0.0001209438222969503
4.451670002849952e-05
0.0001033261247736223
0.0001067202881542091
0.0001071810815953488
4.275193102928279e-05
9.498352462036365e-05
-0.0001072337102360975
9.754841164040438e-05
3.818438744253429e-05
-9.295027194572006e-05
9.381116583394885e-05
9.292680463118213e-05
-2.657946081486278e-05
9.375251647996858e-05
9.655707082330218e-05

0.004703890959124477
0.002796994600669784
0.0008592019633842877
-0.0008605961242742425
-0.0009453678540881738
0.0004984664242366397
-0.0006701015218752277
0.0005294010710011965
0.0004039970213262003
0.0002710622160148015
-0.0003460097165997089
5.170679264898547e-05
-0.0003615761349908799
0.0001745108025061584
-0.0003621810533730217
-0.000261422447417445
0.0002045978673333381
0.0002602758755399797
-0.0001912020150239237
-3.05331713328078e-05
0.000167252802194327
0.0002042995185160493
-0.000158761273007096
-0.0001480653390635828
-0.0001696455576975645
-0.0001354548373581786
2.404683710415371e-06
-0.0001572985729471179
0.00013733891095014
0.0001276062370195267
-0.0001354547776344723
-0.0001175945593945357
-1.632556709604842e-05
0.0001179181913704665
0.0001254678743964345
0.000102044794111772
-2.10963507526197e-05
-0.0001121368021000598
-0.0001065439086705654
-9.422022439591597e-05
0.0001057720766586564
-8.900276952788417e-06
-9.758172194309725e-05
-8.960137074686462e-05
-9.51424435440066e-05
-2.222527175508816e-05
8.417147078300055e-05
-8.665158316279493e-05
-8.790087234566776e-05
3.235433354210434e-05
7.509648968588529e-05
7.756333682506215e-05
7.789823731591032e-05
3.10717154507151e-05
6.903316361285601e-05
-7.793648733429054e-05
7.089730021981995e-05
2.775206622742093e-05
-6.755541402297534e-05
6.818110388736993e-05
6.753835819176653e-05
-1.931771088205374e-05
6.813847806919845e-05
7.017680271150823e-05

-0.003032967114497043
-0.001803441601214107
-0.0005539948358287155
0.0005548937606056971
0.0006095527378222852
-0.0003214003652568991
0.0004320669626239497
-0.0003413463561718774
-0.0002604885382516295
-0.0001747750520366746
0.0002230995788089408
-3.333942114375744e-05
0.0002331364685839989
-0.0001125207896452521
0.0002335265068684951
0.000168559537816384
-0.0001319202780657437
-0.0001678202530776921
0.0001232829223365394
1.968712824308247e-05
-0.0001078409880822824
-0.0001317279092035527
0.0001023658337896015
9.54693270059318e-05
0.0001093837850597547
8.733834835395162e-05
-1.550488027429794e-06
0.0001014227164387474
-8.855315824121273e-05
-8.227774067221273e-05
8.733830984541954e-05
7.582242755770076e-05
1.05263724346779e-05
-7.603109845350532e-05
-8.089897071958361e-05
-6.579627534655775e-05
1.360247051316525e-05
7.230338374122363e-05
6.869720706876092e-05
6.075116209043155e-05
-6.819954648726651e-05
5.73870600792225e-06
6.291858297765989e-05
5.777302519353875e-05
6.134578904348813e-05
1.433037434960135e-05
-5.427194318112545e-05
5.58710659825545e-05
5.66765806173963e-05
-2.086137423197169e-05
-4.842059172093463e-05
-5.001116138221351e-05
-5.022709797264948e-05
-2.003436983806396e-05
-4.45110902584608e-05
5.025176075687121e-05
-4.571304520915355e-05
-1.78939318446298e-05
4.355826929629839e-05
-4.396170058308836e-05
-4.354727206537139e-05
1.245564200824107e-05
-4.393421637780919e-05
-4.524848400488582e-05

-0.00423516657735369
-0.00251828500123159
-0.0007735858399230998
0.0007748410781198
0.0008511656357961285
-0.0004487961898361069
0.0006033285196320284
-0.0004766483197424871
-0.0003637402943518181
-0.0002440519237424627
0.0003115311983028637
-4.655441249637569e-05
0.0003255464838341108
-0.0001571214818930937
0.0003260911244594895
0.0002353727204761026
-0.0001842104880953899
-0.0002343404000128587
0.0001721494802045087
2.749065993513711e-05
-0.0001505867129951157
-0.0001839418685737385
0.0001429413315615841
0.0001333112057051595
0.0001527410397478367
0.0001219572912946265
-2.165066360584091e-06
0.0001416243838558015
-0.000123653624303895
-0.0001148907733582599
0.0001219572375221384
0.0001058767203479006
1.469878802938363e-05
-0.0001061681036600794
-0.0001129654902277296
-9.187642850790278e-05
1.899418170786565e-05
0.0001009628072742935
9.592722385428201e-05
8.483154663655667e-05
-9.523230189106159e-05
8.013399079013618e-06
8.785808406809207e-05
8.067294373311512e-05
8.566187024458433e-05
2.001061013694623e-05
-7.57841121157989e-05
7.801709097314546e-05
7.914189336304372e-05
-2.913035043558147e-05
-6.761341747883093e-05
-6.983445292504138e-05
-7.013598188857325e-05
-2.79755402328457e-05
-6.215427819282196e-05
7.017042044188794e-05
-6.383266085986681e-05
-2.498668110298046e-05
6.082378058410718e-05
-6.138712289465371e-05
-6.080842429993002e-05
1.739277636101032e-05
-6.134874457295914e-05
-6.318395811720097e-05

0.002964221391675789
0.001762564502398593
0.0005414378993401539
-0.0005423164489428571
-0.0005957365169476566
0.000314115452631461
-0.0004222736630159705
0.0003336093444925259
0.0002545842629420218
0.0001708135724590879
-0.0002180427676970356
3.258374443560388e-05
-0.0002278521597062805
0.0001099703752409172
-0.000228233357319953
-0.0001647389400887029
0.0001289301517213822
0.0001640164120973718
-0.0001204885716931927
-1.924089661237702e-05
0.0001053966468165237
0.0001287421431229472
-0.0001000455932560322
-9.330540380972883e-05
-0.0001069044745083735
-8.535872323405324e-05
1.515344415201726e-06
-9.912385275544165e-05
8.654599804406243e-05
8.041282010393062e-05
-8.535868559834717e-05
-7.410382415982782e-05
-1.028777997574082e-05
7.430776528738158e-05
7.906530157391507e-05
6.430492633518483e-05
-1.329415471800406e-05
-7.066454355927086e-05
-6.714010507012409e-05
-5.937416643154319e-05
6.665372454379935e-05
-5.608631570023597e-06
-6.149246020663193e-05
-5.646353246690616e-05
-5.995531547396793e-05
-1.400555976843974e-05
5.304180654524134e-05
-5.460468337079414e-05
-5.539194008071489e-05
2.038852695190161e-05
4.73230827629825e-05
4.887760031525039e-05
4.908864245200097e-05
1.958026757325295e-05
4.350219469253699e-05
-4.911274622559924e-05
4.467690593805534e-05
1.748834509332296e-05
-4.257097052429919e-05
4.296525757234017e-05
4.256022255838384e-05
-1.217332041333146e-05
4.293839632850113e-05
4.422287455311454e-05

0.0005768661029978637
0.0003430120700952587
0.0001053690429076805
-0.0001055400171429944
-0.0001159360781587645
6.112989993238877e-05
-8.217853196327834e-05
6.492359950610192e-05
4.954455563279562e-05
3.324197044128366e-05
-4.243322784227506e-05
6.34111127002507e-06
-4.434223023909589e-05
2.140129680884488e-05
-4.441641497521546e-05
-3.205978833014085e-05
2.509105237251822e-05
3.191917740683738e-05
-2.344823939384533e-05
-3.744464255641621e-06
2.051120509711063e-05
2.505446408401635e-05
-1.946983840875879e-05
-1.815813246453229e-05
-2.080464292437048e-05
-1.661163169765557e-05
2.949006541653161e-07
-1.929045880772032e-05
1.684268683906795e-05
1.564911119477349e-05
-1.661162437336158e-05
-1.442131966940579e-05
-2.002101313942327e-06
1.446100858191654e-05
1.538687107829877e-05
1.251435954232405e-05
-2.587170865960576e-06
-1.375200245756482e-05
-1.306611269838988e-05
-1.155478605755492e-05
1.297145835186997e-05
-1.091493856035213e-06
-1.196702647875678e-05
-1.098834858527285e-05
-1.166788327232169e-05
-2.725617157546576e-06
1.032244768342397e-05
-1.062659860358241e-05
-1.07798063604317e-05
3.967804200332525e-06
9.209528819922562e-06
9.51205294480038e-06
9.553123782246758e-06
3.810509121334587e-06
8.465947109951424e-06
-9.557814609341838e-06
8.6945572604135e-06
3.403400808784127e-06
-8.284721895646687e-06
8.361453962124463e-06
8.282630237699866e-06
-2.369045688385264e-06
8.356226504718453e-06
8.606198369116589e-06

-0.002446208321805164
-0.001454547209461208
-0.0004468188168488939
0.000447543835349685
0.0004916284692679062
-0.0002592221473040565
0.000348479149178939
-0.000275309380406465
-0.0002100943419268101
-0.0001409630143011946
0.0001799386625938014
-2.688956601480875e-05
0.0001880338124473769
-9.075248151904859e-05
0.0001883483938000178
0.0001359499554595137
-0.0001063989386751725
-0.000135353692983945
9.943256856118651e-05
1.587845008621134e-05
-8.697803587041441e-05
-0.0001062437855549051
8.256210668679759e-05
7.699980032185394e-05
8.822236284882412e-05
7.044184341298485e-05
-1.250530115354453e-06
8.180144512172249e-05
-7.142163578904833e-05
-6.636026251970376e-05
7.044181235431973e-05
6.115379635491066e-05
8.489937040546352e-06
-6.132209771214455e-05
-6.524822984522237e-05
-5.306730677269728e-05
1.097093219618579e-05
5.831554788610936e-05
5.540702331163787e-05
4.899822274847521e-05
-5.500564030617068e-05
4.628494099348836e-06
5.074633369430382e-05
4.659623717275695e-05
4.94778129800902e-05
1.155801552249587e-05
-4.377247561162428e-05
4.506223160197057e-05
4.571191111668001e-05
-1.682552606872016e-05
-3.905312848540928e-05
-4.033598602884748e-05
-4.051014745709431e-05
-1.615851421063772e-05
-3.589996043228354e-05
4.053003897116159e-05
-3.686938479194064e-05
-1.443216603929583e-05
3.513147251967349e-05
-3.545685586006928e-05
-3.512260281657175e-05
1.004596950238733e-05
-3.543468875797548e-05
-3.649469774754623e-05

-0.003366966498511794
-0.002002041968830785
-0.0006150023993558683
0.0006160003164102858
0.0006766785032103339
-0.0003567939320068118
0.0004796474651221095
-0.0003789364349270868
-0.0002891743129514961
-0.0001940218020070344
0.0002476679697879339
-3.701085762986588e-05
0.0002588101517987064
-0.0001249119145771932
0.0002592431422622278
0.0001871218168239722
-0.0001464477325185144
-0.0001863011198450005
0.0001368592054168874
2.185513351907241e-05
-0.0001197167593092325
-0.0001462341794235571
0.0001136386646971675
0.0001059826940185925
0.0001214294536911005
9.69563077480618e-05
-1.721232393106095e-06
0.0001125916884508535
-9.830489612309457e-05
-9.133841085585948e-05
9.695626499882034e-05
8.417221940923569e-05
1.168556796048899e-05
-8.44038697664064e-05
-8.980780664414703e-05
-7.304195741512234e-05
1.510041513337214e-05
8.02656479926832e-05
7.626234839018183e-05
6.744126124094508e-05
-7.570988394126253e-05
6.370669428332195e-06
6.984736498027621e-05
6.413516302715124e-05
6.810137028744452e-05
1.590847791115218e-05
-6.024853142205528e-05
6.202375439552893e-05
6.291797470423332e-05
-2.315869097829015e-05
-5.375281168830755e-05
-5.551853962435079e-05
-5.575825579606524e-05
-2.22406143941138e-05
-4.941278426531357e-05
5.578563451970453e-05
-5.074710207982573e-05
-1.98644649852956e-05
4.835503581714342e-05
-4.880289416041413e-05
-4.834282753834082e-05
1.38272944532494e-05
-4.877238331248166e-05
-5.023138201022555e-05

0.002064935402368163
0.001227837384273
0.0003771763774700502
-0.0003777883925450506
-0.0004150018712446555
0.0002188190532567372
-0.0002941642074030987
0.0002323988848937644
0.0001773484460071651
0.0001189921218321652
-0.000151892915796534
2.269848251408182e-05
-0.0001587263327917698
7.660754412083985e-05
-0.0001589918826086783
-0.0001147604124621478
8.981530039217826e-05
0.0001142570851355768
-8.393472834680253e-05
-1.340359012987004e-05
7.342139420273298e-05
8.968432987426146e-05
-6.969374418032957e-05
-6.499839455314777e-05
-7.447177687331771e-05
-5.946257928033656e-05
1.055618969122547e-06
-6.90516414693888e-05
6.028965845681839e-05
5.601716508194908e-05
-5.946255306256765e-05
-5.162219339900041e-05
-7.166671539226948e-06
5.176426283262883e-05
5.50784569524408e-05
4.479608686083571e-05
-9.260971801521629e-06
-4.92263223312288e-05
-4.677112858957634e-05
-4.136122173429154e-05
4.643230626994618e-05
-3.907083971632237e-06
-4.283686718407824e-05
-3.9333616396239e-05
-4.176606168151589e-05
-9.756550666916304e-06
3.694997426590453e-05
-3.803870525465286e-05
-3.858712389020335e-05
1.42030521820519e-05
3.296619787608247e-05
3.404910562929147e-05
3.419612176675974e-05
1.364000267098855e-05
3.030449147746151e-05
-3.421291293341591e-05
3.112281862577859e-05
1.218272798835339e-05
-2.965578225556358e-05
2.993045043199476e-05
2.964829500937407e-05
-8.480176398583371e-06
2.991173835687507e-05
3.080653135953132e-05

0.002137310044132987
0.00127087228537941
0.0003903961639922935
-0.0003910296297973057
-0.000429547416702665
0.0002264885186417123
-0.000304474471397947
0.0002405443145383664
0.0001835643936017189
0.000123162718249139
-0.0001572166636264702
2.34940495515159e-05
-0.0001642895874394597
7.929258867760573e-05
-0.0001645644446045952
-0.0001187826902201708
9.296326820918324e-05
0.0001182617215984205
-8.687658594134865e-05
-1.387337723938162e-05
7.599476627877056e-05
9.282770725986382e-05
-7.213646454945334e-05
-6.72765459740795e-05
-7.708196417824727e-05
-6.15467039792814e-05
1.092617726876577e-06
-7.147185655644065e-05
6.240277174254444e-05
5.798053025589755e-05
-6.154667684259709e-05
-5.343151767619761e-05
-7.417858711813066e-06
5.357856655100424e-05
5.700892101747139e-05
4.636616054705084e-05
-9.585562835099132e-06
-5.095167288700196e-05
-4.841042620281458e-05
-4.281090563361674e-05
4.805972838142455e-05
-4.04402472167513e-06
-4.433827149590707e-05
-4.071223404825698e-05
-4.322993495747628e-05
-1.009851141714843e-05
3.824504681278959e-05
-3.937193711403339e-05
-3.99395774657794e-05
1.470085991611599e-05
3.412164165359271e-05
3.524250461867607e-05
3.53946735760594e-05
1.411807588618454e-05
3.136664417823067e-05
-3.541205326218602e-05
3.221365316043772e-05
1.26097246744776e-05
-3.06951981203567e-05
3.097949323758772e-05
3.068744845106089e-05
-8.777401061516553e-06
3.096012531641237e-05
3.188628023137719e-05

0.003022673475526273
0.0017973208699136
0.000552114623278701
-0.0005530104971795804
-0.0006074839663586447
0.0003203095590592736
-0.000430600563168301
0.0003401878549343702
0.0002596044617457287
0.0001741818799978346
-0.0002223423973319309
3.322626991201673e-05
-0.0002323452227352507
0.0001121389034124838
-0.0002327339372620699
-0.0001679874607175485
0.000131472551577317
0.0001672506850499352
-0.0001228645103175344
-1.962031176175542e-05
0.0001074749847080121
0.0001312808355991403
-0.0001020184126352756
-9.51453120238712e-05
-0.0001090125455605022
-8.704192923944336e-05
1.545225799590714e-06
-0.0001010784961464642
8.825261616264218e-05
8.199849684062791e-05
-8.704189086156909e-05
-7.556509252376942e-05
-1.04906467992017e-05
7.577305520784194e-05
8.062440631899004e-05
6.55729682421239e-05
-1.35563048557957e-05
-7.20579920503039e-05
-6.84640544425483e-05
-6.054497768217835e-05
6.796808287982064e-05
-5.719229315431773e-06
-6.270504252257902e-05
-5.757694833506908e-05
-6.113758652063678e-05
-1.42817382469612e-05
5.408774870475903e-05
-5.568144421596655e-05
-5.648422500085812e-05
2.079057245711363e-05
4.825625624639058e-05
4.9841427646116e-05
5.005663136561732e-05
1.996637484756941e-05
4.43600233078236e-05
-5.008121044644876e-05
4.555789892305406e-05
1.783320132324128e-05
-4.341043614101872e-05
4.381249821547138e-05
4.339947623377322e-05
-1.241336859175814e-05
4.378510728930396e-05
4.509491440096863e-05

0.002003534602595254
0.001191327672008457
0.0003659610478256309
-0.0003665548646484707
-0.0004026618015396303
0.0002123124744745892
-0.0002854172424480021
0.0002254885101757885
0.0001720749946387547
0.0001154538942252442
-0.0001473763839481221
2.202354373469178e-05
-0.0001540066094690531
7.432962081522406e-05
-0.000154264263169186
-0.0001113480146218408
8.714464480188263e-05
0.0001108596537200309
-8.143893141130861e-05
-1.300503473058087e-05
7.123821098095585e-05
8.701756868886637e-05
-6.762140253374181e-05
-6.30656690039864e-05
-7.225736055052251e-05
-5.769446105243259e-05
1.024230166893977e-06
-6.69983927299936e-05
5.849694705139777e-05
5.435149615443722e-05
-5.769443561424443e-05
-5.00872088386587e-05
-6.953570749868504e-06
5.022505384143405e-05
5.344070048643281e-05
4.34640763985226e-05
-8.985597049053736e-06
-4.776257893395737e-05
-4.538039031351512e-05
-4.013134689600283e-05
4.505164286662101e-05
-3.790906932697816e-06
-4.156311406722978e-05
-3.816403234924197e-05
-4.052414893805894e-05
-9.466439889946223e-06
3.585126775483802e-05
-3.690762535632723e-05
-3.743973677820503e-05
1.378072479970745e-05
3.198594885098702e-05
3.303665637069304e-05
3.317930098718786e-05
1.323441755101578e-05
2.940338822198421e-05
-3.319559286894081e-05
3.019738243410876e-05
1.182047489266769e-05
-2.877396835170425e-05
2.904046927715189e-05
2.876670373858195e-05
-8.228018576847688e-06
2.902231360508552e-05
2.989049996138678e-05

-0.0002014151538361447
-0.0001197640639774611
-3.679003130277464e-05
3.684972765473727e-05
4.047955478082742e-05
-2.13437540096048e-05
2.869296977475903e-05
-2.266833969641006e-05
-1.729868377195405e-05
-1.160656962759901e-05
1.481573465521444e-05
-2.214024875626171e-06
1.548227063201144e-05
-7.47235011147767e-06
1.550817253532872e-05
1.119380591944988e-05
-8.760643323048969e-06
-1.114471104179888e-05
8.187048467842517e-06
1.307394974610583e-06
-7.161570958197508e-06
-8.747868372813671e-06
6.797973529533806e-06
6.339986046525093e-06
7.26402597299116e-06
5.800018993077929e-06
-1.029657667808667e-07
6.735342409847562e-06
-5.880692838550003e-06
-5.463951031809124e-06
5.800016435769807e-06
5.035262610573217e-06
6.990418435875199e-07
-5.049120156328837e-06
-5.372388825040642e-06
-4.369439700612036e-06
9.033212651249793e-07
4.80156777482655e-06
4.562086566550477e-06
4.034400702743995e-06
-4.529037615216372e-06
3.810995338119006e-07
4.178336128003202e-06
3.836626747882161e-06
4.073889056789354e-06
9.516603527795105e-07
-3.604124730706426e-06
3.710320265606781e-06
3.763813379090545e-06
-1.385375027667897e-06
-3.215544568110537e-06
-3.321172100799924e-06
-3.335512151284974e-06
-1.330454808974312e-06
-2.9559199797973e-06
3.337149972714117e-06
-3.035740146704135e-06
-1.188311280389739e-06
2.892644456708726e-06
-2.919435770831656e-06
-2.891914145800908e-06
8.271619692869863e-07
-2.917610582751703e-06
-3.004889279244924e-06

0.002416043983349626
0.001436611102410923
0.0004413090677813662
-0.000442025146036464
-0.0004855661697453682
0.0002560256637842249
-0.0003441820323277673
0.0002719145242705346
0.0002075036562599024
0.0001392247910945958
-0.0001777198283793741
2.655798919733108e-05
-0.0001857151564648708
8.963340734050051e-05
-0.0001860258586963139
-0.0001342735485758046
0.000105086927114657
0.000133684638647805
-9.820645971964156e-05
-1.568265198581616e-05
8.590550460275162e-05
0.0001049336871966401
-8.15440285012738e-05
-7.60503112626771e-05
-8.713448771215779e-05
-6.957322090554319e-05
1.235109755071416e-06
-8.079274669858393e-05
7.05409314042767e-05
6.554197022589342e-05
-6.957319022984546e-05
-6.039970530113145e-05
-8.385247128370556e-06
6.056593132444248e-05
6.444365009165495e-05
5.241293069678631e-05
-1.083564898706145e-05
-5.759645544085715e-05
-5.472379605370609e-05
-4.839402278660158e-05
5.432736252566195e-05
-4.57141986682569e-06
-5.012057767370291e-05
-4.602165623608269e-05
-4.886769916290676e-05
-1.141549295440815e-05
4.323271464454744e-05
-4.450656657805161e-05
-4.514823485648353e-05
1.661804951878313e-05
3.857156206486523e-05
3.983860061662702e-05
4.001061445004651e-05
1.595926262309132e-05
3.545727591217125e-05
-4.003026068071877e-05
3.641474624312272e-05
1.425420215241212e-05
-3.469826426912967e-05
3.501963528845124e-05
3.468950393885686e-05
-9.922092062557192e-06
3.49977415301971e-05
3.604467948665195e-05

-0.001701088973950497
-0.001011489576766094
-0.0003107170210811422
0.000311221197674178
0.000341877574733568
-0.0001802626263070002
0.0002423317887670131
-0.0001914496599737044
-0.0001460992366657218
-9.802543275857774e-05
0.0001251290301799694
-1.869895701619507e-05
0.0001307583831813786
-6.310911638006752e-05
0.0001309771425019098
9.45393604378472e-05
-7.3989635227296e-05
-9.412472055876335e-05
6.914523367584284e-05
1.104184632367684e-05
-6.048437350004662e-05
-7.388174201974889e-05
5.741354409562527e-05
5.354552601113567e-05
6.134967629708342e-05
4.898513428575945e-05
-8.696164475690769e-07
5.688458137820303e-05
-4.966648018455971e-05
-4.614681009563355e-05
4.898511268761334e-05
4.252624266185309e-05
5.903887318372138e-06
-4.264327913031132e-05
-4.537350452539848e-05
-3.690291199796298e-05
7.629166995520442e-06
4.055252965770454e-05
3.852994677300756e-05
3.407327810866038e-05
-3.825082573542246e-05
3.218646673798464e-06
3.528891139249917e-05
3.240294155473601e-05
3.440678431405581e-05
8.037423710322834e-06
-3.04393027207451e-05
3.133619677294551e-05
3.178798276729733e-05
-1.170044129982081e-05
-2.715747701150926e-05
-2.804957389584083e-05
-2.817068544738633e-05
-1.123660242430018e-05
-2.496476948109871e-05
2.818451797136968e-05
-2.563890547948638e-05
-1.003610293564311e-05
2.443036433534727e-05
-2.465663533921704e-05
-2.442419635937639e-05
6.985949561540255e-06
-2.464122037532462e-05
-2.537834876637751e-05

-0.00134504775865497
-0.0007997828502602656
-0.0002456833470683188
0.0002460819985244186
0.0002703219365192357
-0.0001425333096601398
0.0001916112762609042
-0.0001513788755240232
-0.0001155203836058591
-7.750851991999373e-05
9.893928193268329e-05
-1.478522911439247e-05
0.0001033904004533276
-4.990025615213936e-05
0.000103563373024589
7.475208928450006e-05
-5.850346134163364e-05
-7.442423433478787e-05
5.467300241291261e-05
8.730766512809518e-06
-4.782487703801893e-05
-5.841815039129029e-05
4.539677817258456e-05
4.233834376107265e-05
4.850907028453367e-05
3.873245085204105e-05
-6.876040416487127e-07
4.497852837591498e-05
-3.927118973524018e-05
-3.648819340946923e-05
3.873243377442942e-05
3.362541774844037e-05
4.668192273617022e-06
-3.37179582574874e-05
-3.587674219207479e-05
-2.917906107841168e-05
6.032367574460885e-06
3.206480669686398e-05
3.046555432534295e-05
2.694167503987533e-05
-3.024485386126159e-05
2.544977694165863e-06
2.79028739241265e-05
2.562094316019609e-05
2.720537775086524e-05
6.355175368531767e-06
-2.406829773547066e-05
2.477747012629632e-05
2.51346964374427e-05
-9.251516285507241e-06
-2.147336450029017e-05
-2.217874377976528e-05
-2.227450644912164e-05
-8.884759784553986e-06
-1.973959490073672e-05
2.228544379905295e-05
-2.027263292963915e-05
-7.935527162856222e-06
1.931704178651569e-05
-1.94959538312515e-05
-1.931216477985634e-05
5.52377679458319e-06
-1.948376524914154e-05
-2.006661124098592e-05

0.001718780563231762
0.001022009225313545
0.0003139485263132194
-0.0003144579464210667
-0.0003454331545587826
0.0001821373855912771
-0.0002448520769718646
0.0001934407661439209
0.0001476186913967325
9.904491246952317e-05
-0.0001264303915096152
1.889342907060928e-05
-0.0001321182906557839
6.376546098283027e-05
-0.0001323393251071535
-9.552258445571913e-05
7.475913891435022e-05
9.510363225753822e-05
-6.986435483509321e-05
-1.11566832387614e-05
6.111342036956745e-05
7.465012360071958e-05
-5.801065386288491e-05
-5.410240779010598e-05
-6.198772244997487e-05
-4.949458728316829e-05
8.78660593559009e-07
-5.747618985110452e-05
5.018301928504036e-05
4.662674408103685e-05
-4.949456546038956e-05
-4.296852218417176e-05
-5.965288662566563e-06
4.308677585006281e-05
4.584539601289813e-05
3.728670800882772e-05
-7.708511516061882e-06
-4.097428225852476e-05
-3.893066419799387e-05
-3.44276454880118e-05
3.864864025831522e-05
-3.252121098630523e-06
-3.565592154662418e-05
-3.273993717475147e-05
-3.476462020969187e-05
-8.121014164048439e-06
3.075587619219069e-05
-3.166209808170667e-05
-3.211858272048309e-05
1.182212770485676e-05
2.743991898635089e-05
2.834129381671156e-05
2.846366494717014e-05
1.135346483305757e-05
2.522440695739491e-05
-2.847764133156795e-05
2.590555407477312e-05
1.014047996343764e-05
-2.468444391520226e-05
2.491306817262942e-05
2.467821179132165e-05
-7.058604520963797e-06
2.489749289071689e-05
2.56422875314038e-05

0.0008833216980058132
0.0005252345433700884
0.000161345520936158
-0.000161607323893599
-0.000177526210826292
9.360468005785925e-05
-0.0001258352328494049
9.941375279035972e-05
7.586471241964097e-05
5.090150664548381e-05
-6.497554748813203e-05
9.709776922564809e-06
-6.78986924429236e-05
3.277056796802924e-05
-6.801228723863378e-05
-4.909129955527531e-05
3.842047724997516e-05
4.887599018132155e-05
-3.590493275477433e-05
-5.733681537599501e-06
3.140762201217886e-05
3.83644517200019e-05
-2.981303743408554e-05
-2.780449798986892e-05
-3.185694638477426e-05
-2.543643081400205e-05
4.515643148852417e-07
-2.953836382624615e-05
2.579023218799327e-05
2.396257883947685e-05
-2.543641959877522e-05
-2.208253269119447e-05
-3.065701941969591e-06
2.214330602735418e-05
2.356102571682551e-05
1.916251494577412e-05
-3.961585106985565e-06
-2.105764595752113e-05
-2.000738264064982e-05
-1.769317556957927e-05
1.986244391454778e-05
-1.671341410543191e-06
-1.83244154828782e-05
-1.682582263057788e-05
-1.786635479310308e-05
-4.173579905646517e-06
1.580616709481734e-05
-1.627189580698863e-05
-1.650649398367888e-05
6.07566907707111e-06
1.410201880955426e-05
1.456525650417994e-05
1.462814590209203e-05
5.834812220434045e-06
1.296341514527944e-05
-1.463532869426181e-05
1.331347264603432e-05
5.211430808284388e-06
-1.268591545654995e-05
1.280341083181187e-05
1.268271262172718e-05
-3.627582638758484e-06
1.279540632864646e-05
1.317817378644167e-05

0.0001805127134355128
0.000107335201691413
3.29720393494741e-05
-3.302554053969673e-05
-3.627867185253581e-05
1.912874417743023e-05
-2.571527381106176e-05
2.031586715183828e-05
1.55034628083915e-05
1.040206427995581e-05
-1.327818892091512e-05
1.98425803770619e-06
-1.387555319795831e-05
6.696885356817809e-06
-1.389876705636375e-05
-1.003213632000198e-05
7.851482212582971e-06
9.988136405356472e-06
-7.337413823206206e-06
-1.171716278074292e-06
6.418358209449474e-06
7.840033019770826e-06
-6.092494156016593e-06
-5.682035649298276e-06
-6.510180658614157e-06
-5.19810523925857e-06
9.228019639351221e-08
-6.036362762017514e-06
5.270406922984295e-06
4.896913703127914e-06
-5.198102947354499e-06
-4.512713663229399e-06
-6.264967535379483e-07
4.525133102085212e-06
4.81485362928862e-06
3.915988452363714e-06
-8.095764870069984e-07
-4.303271185278248e-06
-4.088642832350271e-06
-3.615719095964798e-06
4.059023631560885e-06
-3.415498269495797e-07
-3.744717205982866e-06
-3.438469705529141e-06
-3.651109431806862e-06
-8.528990459641047e-07
3.230096257959577e-06
-3.32527104393817e-06
-3.373212754803637e-06
1.241603725477627e-06
2.881842126125284e-06
2.976507855960091e-06
2.98935972622647e-06
1.192383011393311e-06
2.649160830701262e-06
-2.990827577975653e-06
2.720697428820145e-06
1.064990838796242e-06
-2.59245190811846e-06
2.616462876097053e-06
2.591797387341303e-06
-7.413208424668621e-07
2.614827102185911e-06
2.693048199415238e-06

-0.001087731672098509
-0.0006467793663321274
-0.0001986825792569893
0.000199004966185008
0.0002186076517528252
-0.0001152657920499422
0.0001549548353053403
-0.0001224191455913906
-9.342060845981547e-05
-6.268065310838014e-05
8.001157570827457e-05
-1.19567218959131e-05
8.361116729155802e-05
-4.035402364953409e-05
8.375104912323133e-05
6.045154497086429e-05
-4.731138163623215e-05
-6.01864107328022e-05
4.421371356561808e-05
7.060516027458604e-06
-3.86756775986072e-05
-4.72423912066667e-05
3.671208930078283e-05
3.423875260694633e-05
3.92289803785915e-05
3.132268966559865e-05
-5.560610685766366e-07
3.637385331788337e-05
-3.175836441579138e-05
-2.950777277144603e-05
3.132267585504817e-05
2.719266407989864e-05
3.77513776353646e-06
-2.72675010081706e-05
-2.90132960134142e-05
-2.359692337528924e-05
4.878337758833972e-06
2.593060772710168e-05
2.463730238162989e-05
2.178756334240779e-05
-2.445882330288786e-05
2.058107472329936e-06
2.25648788413233e-05
2.071949576887418e-05
2.200081806806267e-05
5.139390393843153e-06
-1.946388116846381e-05
2.003738442551542e-05
2.032627109905053e-05
-7.481643097003839e-06
-1.736537496396241e-05
-1.793581075569563e-05
-1.801325342477067e-05
-7.185049418847992e-06
-1.596328638129462e-05
1.802209839094648e-05
-1.639435088643078e-05
-6.417410961280077e-06
1.562157033253407e-05
-1.576625537908649e-05
-1.561762632788755e-05
4.467043590391939e-06
-1.575639854931236e-05
-1.622774244115683e-05

-0.001701745057453978
-0.00101187969253002
-0.0003108368597931093
0.0003113412308392533
0.0003420094315855012
-0.0001803321507922426
0.0002424252523607038
-0.0001915234991234292
-0.0001461555848641051
-9.806323964011068e-05
0.0001251772904965094
-1.87061689124575e-05
0.0001308088146517067
-6.313345658259253e-05
0.0001310276583442568
9.457582279559648e-05
-7.401817187633735e-05
-9.416102299635526e-05
6.917190191473351e-05
1.104610499169414e-05
-6.050770138012944e-05
-7.391023705607429e-05
5.743568760471166e-05
5.35661776859079e-05
6.137333791098569e-05
4.90040270885301e-05
-8.69951845078447e-07
5.690652087459248e-05
-4.968563577182173e-05
-4.616460820098294e-05
4.900400548204094e-05
4.254264437080123e-05
5.906164355687203e-06
-4.265972597839738e-05
-4.539100437886801e-05
-3.69171448759222e-05
7.632109446314114e-06
4.056817013630578e-05
3.854480717291877e-05
3.408641964093071e-05
-3.826557848270905e-05
3.219888055651071e-06
3.530252177557764e-05
3.24154388642413e-05
3.442005447447029e-05
8.040523619371052e-06
-3.045104268535104e-05
3.134828265561163e-05
3.180024289675868e-05
-1.170495397766028e-05
-2.716795122709215e-05
-2.806039217929496e-05
-2.818155044166408e-05
-1.124093620671555e-05
-2.497439800357135e-05
2.819538830065508e-05
-2.564879400570909e-05
-1.003997370411346e-05
2.443978674607914e-05
-2.466614501915549e-05
-2.443361639121457e-05
6.988643933396998e-06
-2.465072410994918e-05
-2.538813679992067e-05

-0.00109838652728174
-0.000653114881478498
-0.0002006287707339469
0.0002009543155970267
0.0002207490189034957
-0.0001163948759530693
0.0001564726924869469
-0.0001236183000349172
-9.433570827700051e-05
-6.32946402697415e-05
8.079532759676813e-05
-1.207384374088437e-05
8.443017891183733e-05
-4.074931073096834e-05
8.457143095337821e-05
6.104369694528311e-05
-4.777481938727864e-05
-6.077596558976485e-05
4.464680816720036e-05
7.129677179720778e-06
-3.905452447279447e-05
-4.770515316324603e-05
3.707170188263716e-05
3.45741376656351e-05
3.961324711977983e-05
3.162951048446612e-05
-5.615079543396307e-07
3.67301527155239e-05
-3.206945287849984e-05
-2.979681560594105e-05
3.16294965386319e-05
2.745902931063763e-05
3.812117054661684e-06
-2.753459930264077e-05
-2.929749521009798e-05
-2.382806659542814e-05
4.926123424811101e-06
2.618461050851741e-05
2.487863661480318e-05
2.200098301029786e-05
-2.469840924759302e-05
2.078267625456036e-06
2.278591268860081e-05
2.092245320088626e-05
2.221632666861468e-05
5.189733196008397e-06
-1.965453925122068e-05
2.023366024866487e-05
2.052537670619417e-05
-7.554929391571047e-06
-1.75354771685696e-05
-1.811150065339715e-05
-1.818970191068794e-05
-7.25543043560529e-06
-1.611965445349746e-05
1.81986335175574e-05
-1.655494144290514e-05
-6.480272589932595e-06
1.577459113159599e-05
-1.592069343781117e-05
-1.577060849352848e-05
4.510800432059616e-06
-1.591074005564051e-05
-1.638670098773524e-05

0.0001639185119922872
9.746807419139142e-05
2.994098046974829e-05
-2.998956339405175e-05
-3.294364033394366e-05
1.73702739389701e-05
-2.335131602839596e-05
1.84482668836897e-05
1.407825801248221e-05
9.445821659687614e-06
-1.205754945699465e-05
1.801848849084391e-06
-1.259999913574707e-05
6.081253014148316e-06
-1.26210789868654e-05
-9.109900496089703e-06
7.1297099064369e-06
9.069945412591896e-06
-6.662898877760859e-06
-1.06400255762197e-06
5.828330354695268e-06
7.119313216844204e-06
-5.532422383826615e-06
-5.159696572018976e-06
-5.911711735147587e-06
-4.720252993717124e-06
8.379704781609416e-08
-5.481451045541489e-06
4.785908116753567e-06
4.446749441038906e-06
-4.720250912498287e-06
-4.097868203547133e-06
-5.689040602916414e-07
4.109145946245622e-06
4.372232998732131e-06
3.555998842812122e-06
-7.351536108908064e-07
-3.907679387034011e-06
-3.712781423485256e-06
-3.28333269558575e-06
3.685885061299985e-06
-3.101517801111844e-07
-3.40047224682072e-06
-3.122377515323053e-06
-3.315469663002219e-06
-7.744936067559799e-07
2.933159455193706e-06
-3.019584998302389e-06
-3.063119515937899e-06
1.127465380641807e-06
2.616919684602573e-06
2.702882968165015e-06
2.714553389653538e-06
1.082769436193734e-06
2.405628352329548e-06
-2.715886304499525e-06
2.470588722675015e-06
9.670881915087725e-07
-2.354132576605528e-06
2.375936260498854e-06
2.353538224717176e-06
-6.731725821031868e-07
2.374450860274619e-06
2.445481236025516e-06

0.001457246955662897
0.000866497948666091
0.00026617739576049
-0.0002666093013319397
-0.0002928712504866342
0.0001544229416733757
-0.0002075948212284059
0.0001640063738179003
0.0001251566914582529
8.397401056172447e-05
-0.000107192452062771
1.601856140577356e-05
-0.0001120148673798866
5.406276163546472e-05
-0.0001122022687202544
-8.098764808778627e-05
6.338361622269739e-05
8.063244462060948e-05
-5.923363375796805e-05
-9.459056631645102e-06
5.181426162758345e-05
6.329118893016732e-05
-4.918361921591056e-05
-4.58700608633363e-05
-5.255552789057086e-05
-4.196337693310575e-05
7.449615747441461e-07
-4.873048047863495e-05
4.254705553662352e-05
3.953191135510528e-05
-4.196335843092528e-05
-3.643033292422512e-05
-5.057596606067582e-06
3.653059284006003e-05
3.886945500787983e-05
3.161307667477434e-05
-6.535566656834471e-06
-3.473954113690843e-05
-3.300688470539274e-05
-2.918905568940886e-05
3.27677741776667e-05
-2.757270865057516e-06
-3.023043443514067e-05
-2.775815295862807e-05
-2.947475556163447e-05
-6.885301952218311e-06
2.607599126298325e-05
-2.684432034343675e-05
-2.72313452286315e-05
1.002324553575639e-05
2.326459773975302e-05
2.402881730073349e-05
2.41325681582535e-05
9.625895485511315e-06
2.138620312179395e-05
-2.414441786382416e-05
2.196370532561851e-05
8.597481186250966e-06
-2.092840209923219e-05
2.112223836329466e-05
2.092311826966924e-05
-5.984551006360492e-06
2.110903305214204e-05
2.174049802559361e-05

0.0009474765259613162
0.0005633818365272621
0.000173063895069124
-0.0001733447125302691
-0.0001904197733175552
0.0001004031003372009
-0.000134974528003522
0.0001066340805837566
8.137469545768321e-05
5.459843541885271e-05
-6.969466067168949e-05
1.041498893009854e-05
-7.283011090789721e-05
3.515066363954425e-05
-7.295195598725797e-05
-5.26567546824122e-05
4.121092054315472e-05
5.242580759017947e-05
-3.851267440634101e-05
-6.150113459768633e-06
3.368872819490788e-05
4.115082593139633e-05
-3.197833043178249e-05
-2.982391264813296e-05
-3.417068657603792e-05
-2.728385497028567e-05
4.843610083181625e-07
-3.168370753695359e-05
2.766335260683452e-05
2.570295850667335e-05
-2.728384294050296e-05
-2.368636636675759e-05
-3.288361003885692e-06
2.3751553613422e-05
2.527224095667168e-05
2.055427046622355e-05
-4.249311324444614e-06
-2.258704306911959e-05
-2.146050011081052e-05
-1.897821434673914e-05
2.130503462072589e-05
-1.792729372470942e-06
-1.965530062397233e-05
-1.804786637580202e-05
-1.916397141513304e-05
-4.476703106863434e-06
1.695415421308589e-05
-1.745370836560206e-05
-1.770534518822569e-05
6.516939234061792e-06
1.512623523329447e-05
1.562311744800012e-05
1.569057444400106e-05
6.258589169418591e-06
1.390493585085367e-05
-1.569827891564763e-05
1.428041770016396e-05
5.589932148917026e-06
-1.360728161953044e-05
1.373331057389923e-05
1.360384616581051e-05
-3.891050569646628e-06
1.372472471116052e-05
1.413529221106157e-05

0.0006820257916437258
0.0004055413854876517
0.0001245772711041632
-0.000124779413052788
-0.0001370706218919411
7.227356257877602e-05
-9.715925069490297e-05
7.675883384298624e-05
5.857627030179007e-05
3.930180866622023e-05
-5.016858446150496e-05
7.497062856315387e-06
-5.242558806094992e-05
2.530264184777045e-05
-5.251329628848469e-05
-3.790412090815233e-05
2.966502064978452e-05
3.773787734529816e-05
-2.772273141401741e-05
-4.427060603791115e-06
2.425029104896039e-05
2.962176250666313e-05
-2.301908863235804e-05
-2.146826552048627e-05
-2.459722106507784e-05
-1.96398457115655e-05
3.48659508798404e-07
-2.280700906355958e-05
1.991302100288395e-05
1.850186272987476e-05
-1.963983705212187e-05
-1.705025119864512e-05
-2.367073964826469e-06
1.709717519337723e-05
1.819181760477055e-05
1.479566216394724e-05
-3.058798651561917e-06
-1.625892094211394e-05
-1.54479970491105e-05
-1.366116342639138e-05
1.533608770777478e-05
-1.290467506013117e-06
-1.414855313113602e-05
-1.299146735055219e-05
-1.379487767487592e-05
-3.222482981639728e-06
1.220417617956729e-05
-1.256377222970883e-05
-1.274490896340287e-05
4.691114258156763e-06
1.088837799872276e-05
1.124605069725208e-05
1.129460853467188e-05
4.505145104798684e-06
1.000924521250279e-05
-1.130015447509638e-05
1.027952980373652e-05
4.023823065414449e-06
-9.794983584704516e-06
9.885703507589621e-06
9.792510628405326e-06
-2.800910389201987e-06
9.879523111906634e-06
1.017506354639326e-05

-0.001304911476327603
-0.0007759172959906234
-0.000238352145542009
0.0002387389012217431
0.0002622555184358277
-0.0001382801096373906
0.0001858935876272557
-0.0001468617234396234
-0.0001120732504455641
-7.519566238887231e-05
9.59869295515134e-05
-1.43440372487436e-05
0.0001003052265062522
-4.84112303861196e-05
0.000100473037568591
7.252148376075271e-05
-5.675771556681697e-05
-7.220341201666795e-05
5.304155769547638e-05
8.470240068711504e-06
-4.639778067300679e-05
-5.667495029887376e-05
4.404213638104479e-05
4.107496578242756e-05
4.706155756397064e-05
3.7576672871177e-05
-6.670859077996233e-07
4.363636717607339e-05
-3.809933576318269e-05
-3.539938416612596e-05
3.757665630314658e-05
3.262203385260994e-05
4.528893217614571e-06
-3.271181294892712e-05
-3.480617867910201e-05
-2.830835665473206e-05
5.852361469456996e-06
3.110799150119208e-05
2.955646088846323e-05
2.613773431074955e-05
-2.934234613562193e-05
2.469035451523793e-06
2.707025097941076e-05
2.485641312655108e-05
2.639356812162466e-05
6.165536665226438e-06
-2.335009870732543e-05
2.403810936384671e-05
2.438467602665397e-05
-8.975450646049465e-06
-2.083259839025325e-05
-2.151692912203789e-05
-2.160983422925058e-05
-8.619638174683751e-06
-1.915056454930224e-05
2.162044520821809e-05
-1.966769670075356e-05
-7.698730694787606e-06
1.874062043798134e-05
-1.891419373969588e-05
-1.873588896140539e-05
5.358947060084566e-06
-1.890236886539437e-05
-1.946782270803373e-05

-5.450316413949368e-05
-3.240828861514885e-05
-9.955423296672469e-06
9.971577195707323e-06
1.095381244404686e-05
-5.775643520293192e-06
7.764349461821215e-06
-6.134077877060028e-06
-4.68104302513229e-06
-3.140750621102621e-06
4.00915423882431e-06
-5.991175882615944e-07
4.189519613772819e-06
-2.022026232275552e-06
4.196528697572348e-06
3.029056303639284e-06
-2.370639804949437e-06
-3.015771175272164e-06
2.215424400609444e-06
3.537825309554335e-07
-1.937929048527114e-06
-2.367182889240239e-06
1.83953918084068e-06
1.715607259708305e-06
1.965653489228212e-06
1.56949157584144e-06
-2.786265075258982e-08
1.82259113035079e-06
-1.591322007951682e-06
-1.478551212592082e-06
1.569490883834641e-06
1.362547650080552e-06
1.891614986059078e-07
-1.366297517342766e-06
-1.453774377828834e-06
-1.182375231777745e-06
2.444397367639253e-07
1.299309568196352e-06
1.234505687484564e-06
1.091713307160904e-06
-1.225562604573972e-06
1.03125956758001e-07
1.130662392965751e-06
1.038195455500902e-06
1.102398899586982e-06
2.575203475247586e-07
-9.752801516474325e-07
1.004016781236541e-06
1.018492077113313e-06
-3.748840198456997e-07
-8.701299284400201e-07
-8.987128559984224e-07
-9.025932895771553e-07
-3.600225477210051e-07
-7.998752267329646e-07
9.030364858664747e-07
-8.214746524749246e-07
-3.215583511503571e-07
7.827527999712083e-07
-7.900025593039791e-07
-7.825551770282052e-07
2.238309467960596e-07
-7.895086613816921e-07
-8.131263735091044e-07

0.000716029192902769
0.0004257602490947537
0.00013078825460213
-0.000131000474635585
-0.0001439044798106703
7.587686758406449e-05
-0.0001020032683667261
8.058575865914396e-05
6.149667660859039e-05
4.126125827450414e-05
-5.266981319643422e-05
7.870839976900096e-06
-5.503934303753845e-05
2.656414235728305e-05
-5.513142408804212e-05
-3.979388673283689e-05
3.11440139853115e-05
3.96193548520744e-05
-2.910488905645324e-05
-4.647778236395884e-06
2.545932505804967e-05
3.109859914370431e-05
-2.416673922999295e-05
-2.253859754570756e-05
-2.58235517815599e-05
-2.061901917182736e-05
3.660424425900694e-07
-2.394408612164295e-05
2.090581401999628e-05
1.94243003710035e-05
-2.061901008065049e-05
-1.790031660697892e-05
-2.485087926792468e-06
1.794958006664383e-05
1.909879748914108e-05
1.553332171232873e-05
-3.211299567498615e-06
-1.706953341396349e-05
-1.621817971484228e-05
-1.434226086777942e-05
1.610069096832294e-05
-1.354805665883119e-06
-1.485395010474657e-05
-1.363917610683872e-05
-1.448264163723575e-05
-3.383144621150885e-06
1.281263337392904e-05
-1.319015761525331e-05
-1.338032518782622e-05
4.924996674959559e-06
1.143123413507949e-05
1.180673913326409e-05
1.185771789324515e-05
4.729755755312418e-06
1.050827088781936e-05
-1.186354033471009e-05
1.079203091579318e-05
4.224436696106587e-06
-1.028332693070943e-05
1.037856982909083e-05
1.028073068153021e-05
-2.940553905650973e-06
1.03720813006667e-05
1.068235633918521e-05

0.0005255158513413547
0.000312478544154469
9.598952339366076e-05
-9.614527820459321e-05
-0.0001056159245588165
5.56883672632329e-05
-7.486333650453492e-05
5.914436727932838e-05
4.513430273926975e-05
3.028290673685953e-05
-3.865599614690107e-05
5.776651583805195e-06
-4.039506698935893e-05
1.94962412488357e-05
-4.046264810494378e-05
-2.92059576227808e-05
2.285754992381215e-05
2.907786330650177e-05
-2.136097341044866e-05
-3.411147423813656e-06
1.868538184626759e-05
2.282421857449144e-05
-1.773671334419859e-05
-1.65417700768006e-05
-1.895269904307924e-05
-1.513293245765461e-05
2.686498089065081e-07
-1.757330137867203e-05
1.534342001918144e-05
1.425609157749445e-05
-1.513292578536391e-05
-1.313759301190337e-05
-1.823882476372588e-06
1.317374898040615e-05
1.401719499928836e-05
1.140038264462572e-05
-2.356871539392861e-06
-1.252785566978765e-05
-1.190302100044445e-05
-1.05262264510971e-05
1.181679239515552e-05
-9.943335550641321e-07
-1.090177092282035e-05
-1.001021091657343e-05
-1.062925621623184e-05
-2.482993910607882e-06
9.403585778576034e-06
-9.680662432780354e-06
-9.820232264274742e-06
3.61460656373903e-06
8.389734382233645e-06
8.665329051779665e-06
8.702743931951386e-06
3.47131324675927e-06
7.712343262641927e-06
-8.707017200853585e-06
7.92060347626945e-06
3.100444044456582e-06
-7.547249972736494e-06
7.617151665743151e-06
7.545344505596786e-06
-2.158162969415986e-06
7.612389535131969e-06
7.840109930661182e-06

0.00077601642071534
0.0004614294331294133
0.0001417453844255403
-0.0001419753837501888
-0.0001559604558787192
8.223365161822777e-05
-0.0001105488603031134
8.733704242104413e-05
6.664872234357546e-05
4.471802864709112e-05
-5.708236524646473e-05
8.530240285499137e-06
-5.965040867867577e-05
2.878962321060647e-05
-5.975020406120885e-05
-4.312772419733538e-05
3.375318562306302e-05
4.29385704494774e-05
-3.154322764319186e-05
-5.037158075443331e-06
2.759224693796105e-05
3.370396603372187e-05
-2.619137133444738e-05
-2.442682780076111e-05
-2.798698771265738e-05
-2.234643170274671e-05
3.967086104087517e-07
-2.595006487666128e-05
2.265725354319823e-05
2.105162219390057e-05
-2.234642184992373e-05
-1.939996268406306e-05
-2.693282700238701e-06
1.9453353319552e-05
2.069884945249365e-05
1.683466657015425e-05
-3.480334630087593e-06
-1.84995784452272e-05
-1.757690035206789e-05
-1.554382147249067e-05
1.744956867698106e-05
-1.468308071826803e-06
-1.609837882032539e-05
-1.478183393755926e-05
-1.56959630099185e-05
-3.666576454828868e-06
1.388604541451757e-05
-1.429519774153336e-05
-1.450129710236617e-05
5.337601217406875e-06
1.238891582324344e-05
1.279587973972228e-05
1.285112937931464e-05
5.126003476500053e-06
1.138862890382e-05
-1.285743961113116e-05
1.169616167403849e-05
4.578349984808952e-06
-1.114483967540696e-05
1.124806179795754e-05
1.114202591862427e-05
-3.186906538728666e-06
1.124102967601182e-05
1.157729882147121e-05

1.237763678299736e-05
7.35990344006509e-06
2.260870823495652e-06
-2.264539364493305e-06
-2.487604416408916e-06
1.311645274419802e-06
-1.763279233699365e-06
1.393045507782294e-06
1.063062140455513e-06
7.132626339855752e-07
-9.104765890425597e-07
1.360592548191716e-07
-9.514374604365581e-07
4.592009778587104e-07
-9.530292193038233e-07
-6.878969196520953e-07
5.383709168592046e-07
6.848798747585989e-07
-5.031215890685417e-07
-8.034380641404514e-08
4.401025564928044e-07
5.375858533155926e-07
-4.177582749216579e-07
-3.896134079321476e-07
-4.463987608006505e-07
-3.564306213585928e-07
6.327591733023041e-09
-4.13909382546553e-07
3.613882997567829e-07
3.357781179221465e-07
-3.564304642108384e-07
-3.094337765329282e-07
-4.295846599233907e-08
3.102853692033099e-07
3.301513131901781e-07
2.685167254340113e-07
-5.551212163302538e-08
-2.950724450246214e-07
-2.803555215177436e-07
-2.479274552407754e-07
2.783245525991306e-07
-2.341984462459373e-08
-2.567727699098955e-07
-2.357735823393358e-07
-2.503541470473042e-07
-5.848272070528701e-08
2.214855535390165e-07
-2.280116253555619e-07
-2.312989566158749e-07
8.513594222883037e-08
1.976059991856314e-07
2.040971653568305e-07
2.049784095665237e-07
8.176091057708088e-08
1.816511974046062e-07
-2.050790591755115e-07
1.865564143908266e-07
7.30257139756661e-08
-1.77762704278158e-07
1.794091203953479e-07
1.777178242243141e-07
-5.083187745296179e-08
1.792969564623293e-07
1.846605251145679e-07

-0.0004580289592700132
-0.0002723499624377398
-8.366252205065878e-05
8.379827478535766e-05
9.205269809567533e-05
-4.853685162095259e-05
6.524936596892855e-05
-5.154903115192641e-05
-3.933814300420319e-05
-2.639396741496803e-05
3.369178234968695e-05
-5.034812377669378e-06
3.520752122995119e-05
-1.699252851476565e-05
3.526642355983751e-05
2.545532040621947e-05
-1.992217699302666e-05
-2.534367599772969e-05
1.861779125255015e-05
2.973086921084376e-06
-1.628579990262986e-05
-1.989312606487092e-05
1.5458959673962e-05
1.441747135394767e-05
1.651878815053605e-05
1.318955705444241e-05
-2.341497255837904e-07
1.531653311858104e-05
-1.337301374466638e-05
-1.242532032445501e-05
1.318955123900683e-05
1.145045965634452e-05
1.589658980507149e-06
-1.148197246529598e-05
-1.221710291139721e-05
-9.936342328530294e-06
2.054201439529292e-06
1.091902495361343e-05
1.037443172662762e-05
9.174445516970816e-06
-1.029927662285966e-05
8.666409628380928e-07
9.501762462983707e-06
8.724696841184141e-06
9.264244170955131e-06
2.164127140687874e-06
-8.195974672453185e-06
8.437469065513227e-06
8.559115300352752e-06
-3.150417781563989e-06
-7.312322354952217e-06
-7.55252508023889e-06
-7.585135131070448e-06
-3.025526232281462e-06
-6.721921991702873e-06
7.588859625591283e-06
-6.903437370662053e-06
-2.702284156286175e-06
6.578030028092775e-06
-6.638954926204276e-06
-6.576369261574449e-06
1.881011079481679e-06
-6.634804349733248e-06
-6.833280828609284e-06

0.0006103104382359995
0.0003628985057926727
0.000111477908685135
-0.0001116587953066949
-0.0001226575773835935
6.467396129401651e-05
-8.694290684709423e-05
6.86876040394605e-05
5.241694615673122e-05
3.516920381078491e-05
-4.48933326913344e-05
6.708742943998384e-06
-4.691301123251503e-05
2.264205639117411e-05
-4.699149689598846e-05
-3.391848362014369e-05
2.654572887836983e-05
3.376972065113081e-05
-2.480767232805285e-05
-3.961552965146695e-06
2.170036080564038e-05
2.650701935066051e-05
-2.059861993950125e-05
-1.921086665415316e-05
-2.201081095689907e-05
-1.757470610343698e-05
3.119977869119888e-07
-2.040884064350998e-05
1.78191568761205e-05
1.655638260191854e-05
-1.75746983545283e-05
-1.525740874987755e-05
-2.118174952484267e-06
1.52993986630729e-05
1.627893887694522e-05
1.32398908808082e-05
-2.737164442137133e-06
-1.454928726595786e-05
-1.382363242624636e-05
-1.222468525342846e-05
1.372349040817964e-05
-1.154774201756861e-06
-1.266082568673394e-05
-1.16254080552153e-05
-1.234433938174661e-05
-2.883637282970758e-06
1.092090094496572e-05
-1.124268529042629e-05
-1.140477540588121e-05
4.197841245577811e-06
9.743459601513765e-06
1.006352283675217e-05
1.010697479324589e-05
4.031426841789979e-06
8.956768067858397e-06
-1.011193757527578e-05
9.198632099022081e-06
3.600716055789799e-06
-8.76503615747911e-06
8.846216835060838e-06
8.76282323377061e-06
-2.506393259662688e-06
8.840686311078422e-06
9.105150520922829e-06

0.0003024606985300066
0.0001798470559915755
5.524677937517638e-05
-5.533642407151032e-05
-6.078725548700833e-05
3.205144510759414e-05
-4.30876004894236e-05
3.404054624758509e-05
2.59770522608279e-05
1.742932987039848e-05
-2.224846228163208e-05
3.324752371870174e-06
-2.324938467143034e-05
1.122106351650746e-05
-2.32882809889701e-05
-1.680949170472941e-05
1.315566504606511e-05
1.673576700874126e-05
-1.229431029057545e-05
-1.963286226213844e-06
1.075437330976655e-05
1.313648118476835e-05
-1.020836706261293e-05
-9.520617350709241e-06
-1.090822774797153e-05
-8.709760724186793e-06
1.54621423225288e-07
-1.011431529021341e-05
8.830906860366871e-06
8.205094871698856e-06
-8.709756883950699e-06
-7.561342915236552e-06
-1.049735733817173e-06
7.582152486366478e-06
8.067597923249991e-06
6.561491322102969e-06
-1.356497640044543e-06
-7.210408529630996e-06
-6.850784875895434e-06
-6.058370641263478e-06
6.801155993868988e-06
-5.722887727725069e-07
-6.274515297900478e-06
-5.761377850985915e-06
-6.117669432447273e-06
-1.429087382866337e-06
5.412234694758554e-06
-5.57170618960261e-06
-5.652035619477508e-06
2.080387153668607e-06
4.828712426571786e-06
4.987330965001764e-06
5.008865102866014e-06
1.997914671368261e-06
4.43883990286569e-06
-5.011324583191534e-06
4.558704088748265e-06
1.784460866491945e-06
-4.343820444061024e-06
4.38405237015859e-06
4.342723752267425e-06
-1.242130903578216e-06
4.381311525432631e-06
4.512376020872053e-06

-0.0003566618771139518
-0.0002120757800765934
-6.514704268087337e-05
6.525275177246673e-05
7.168037616778558e-05
-3.779508753310626e-05
5.080893003800964e-05
-4.01406370534191e-05
-3.063215904166601e-05
-2.055267854177138e-05
2.623540300875481e-05
-3.920550430687334e-06
2.74156914235619e-05
-1.323188631269969e-05
2.746155798964986e-05
1.982176492306586e-05
-1.551316985250299e-05
-1.973482870756727e-05
1.449745969431907e-05
2.315108555111092e-06
-1.26815648792597e-05
-1.549054822923148e-05
1.203771391296035e-05
1.122671894922114e-05
1.286299014542859e-05
1.027055622166816e-05
-1.823296954530497e-07
1.19268079940923e-05
-1.04134118341313e-05
-9.675453878975057e-06
1.027055169324442e-05
8.916341100688701e-06
1.237849145742474e-06
-8.940879762196655e-06
-9.513317376731102e-06
-7.737315370156489e-06
1.599583010119733e-06
8.502519016292059e-06
8.078450540555934e-06
7.144035095013724e-06
-8.019928126549418e-06
6.748433397787738e-07
7.398913032342923e-06
6.793820979324337e-06
7.21396027298251e-06
1.6851808879963e-06
-6.382111113914263e-06
6.570160017370997e-06
6.664884539863587e-06
-2.453194054489915e-06
-5.69402122811684e-06
-5.881064324754409e-06
-5.906457395875294e-06
-2.35594244299054e-06
-5.234283262775495e-06
5.909357616890049e-06
-5.375627198511936e-06
-2.104237560024237e-06
5.122236247394358e-06
-5.169677764102397e-06
-5.120943027625636e-06
1.464721670761415e-06
-5.166445757992803e-06
-5.320997106947629e-06

-0.0002531982682723682
-0.0001505549757449244
-4.624861654230097e-05
4.63236606124151e-05
5.088670328787015e-05
-2.683115669678066e-05
3.606982950501785e-05
-2.849628861811328e-05
-2.174611339335247e-05
-1.459057709574169e-05
1.862480695448182e-05
-2.783242738922256e-06
1.946270694280682e-05
-9.393464553788737e-06
1.949526813272185e-05
1.407169331706566e-05
-1.101297333447642e-05
-1.400997632228506e-05
1.029190929699951e-05
1.643521538557074e-06
-9.002785193661673e-06
-1.099691399029453e-05
8.545708168714662e-06
7.969973744693132e-06
9.131581025674547e-06
7.291183096349878e-06
-1.294378965225515e-07
8.466974812566607e-06
-7.392597898465604e-06
-6.868713266304543e-06
7.291179881584798e-06
6.329810587814525e-06
8.787629971043118e-07
-6.347230858942231e-06
-6.753610744186249e-06
-5.492806993161273e-06
1.135561926043405e-06
6.036033647059445e-06
5.734982678129091e-06
5.071630669295608e-06
-5.69343695980368e-06
4.790788585826859e-07
5.25257137671121e-06
4.823009739191938e-06
5.12127133769225e-06
1.196328819944023e-06
-4.530732286403116e-06
4.664230312854376e-06
4.731476314190304e-06
-1.741549983866366e-06
-4.042249556178235e-06
-4.175033549076796e-06
-4.193060375187299e-06
-1.672509973708994e-06
-3.715876416363195e-06
4.19511927460815e-06
-3.816218062206368e-06
-1.493821853192585e-06
3.636332982990592e-06
-3.670012247989277e-06
-3.635414911769755e-06
1.039822348101527e-06
-3.66771781058923e-06
-3.777435547271821e-06

-0.0009037939136679636
-0.0005374075884440106
-0.0001650849290228131
0.0001653527996299374
0.0001816406290296481
-9.577409942270444e-05
0.0001287516403490182
-0.0001017178055396505
-7.762298322546982e-05
-5.208122024688258e-05
6.648144666831814e-05
-9.93481458169711e-06
6.947233959546389e-05
-3.353007170976641e-05
6.958856710939353e-05
5.022905907579896e-05
-3.931092554060153e-05
-5.000875960596441e-05
3.673707978379934e-05
5.866567625686366e-06
-3.213553757530396e-05
-3.925360154062924e-05
3.050399626965618e-05
2.844890611488848e-05
3.259527566863024e-05
2.60259556705292e-05
-4.620299493876683e-07
3.022295671681068e-05
-2.63879568861404e-05
-2.451794511531582e-05
2.60259441953562e-05
2.259432626835308e-05
3.136753871804528e-06
-2.265650811156457e-05
-2.410708543750919e-05
-1.960663302808634e-05
4.053400382044261e-06
2.154568635133666e-05
2.047108171332767e-05
1.81032396570006e-05
-2.03227838295598e-05
1.710077085073975e-06
1.8749109438072e-05
1.721578460066744e-05
1.8280432551211e-05
4.270308456640582e-06
-1.617249712189003e-05
1.66490197482773e-05
1.688905506577503e-05
-6.21648120465348e-06
-1.442885281689071e-05
-1.490282669292856e-05
-1.496717364057595e-05
-5.970042153529094e-06
-1.326386042038511e-05
1.497452290401545e-05
-1.362203099327036e-05
-5.33221300536075e-06
1.297992928829074e-05
-1.310014778319462e-05
-1.29766522232889e-05
3.711656939522578e-06
-1.309195776447005e-05
-1.34835963933789e-05

-0.0006328426881628138
-0.0003762964739714733
-0.0001155935979188011
0.000115781162752462
0.00012718601244856
-6.706168034378405e-05
9.015278035367373e-05
-7.122350407355058e-05
-5.435214447093816e-05
-3.646762710547959e-05
4.65507642686068e-05
-6.956425210663583e-06
4.864500797989277e-05
-2.347798584855475e-05
4.872639128116841e-05
3.517073116859228e-05
-2.752577929223813e-05
-3.501647597105516e-05
2.572355486582325e-05
4.10781082986454e-06
-2.250152349686629e-05
-2.748564063486191e-05
2.135910710070001e-05
1.992011889964735e-05
2.282343525841665e-05
1.822355240444845e-05
-3.235165348653868e-07
2.116232128105328e-05
-1.84770281348592e-05
-1.716763308578431e-05
1.822354436945981e-05
1.582070199484843e-05
2.19637654372232e-06
-1.586424214733109e-05
-1.68799463255187e-05
-1.372869872620009e-05
2.838218708028625e-06
1.508643714313426e-05
1.433399161595373e-05
1.267601239147966e-05
-1.423015242208899e-05
1.197407686772797e-06
1.312825483555263e-05
1.205461028311675e-05
1.280008406954596e-05
2.990099227397678e-06
-1.132409324531836e-05
1.165775765187347e-05
1.182583202512348e-05
-4.352822714306976e-06
-1.010318156126256e-05
-1.043506131536601e-05
-1.048011748880674e-05
-4.180264402922891e-06
-9.28744590654329e-06
1.048526349339146e-05
-9.538239394679941e-06
-3.73365206507754e-06
9.088635383293182e-06
-9.172813196765715e-06
-9.086340759936792e-06
2.598927609076082e-06
-9.167078489562272e-06
-9.441306539745976e-06

-4.16147327026482e-05
-2.474466004630367e-05
-7.601251890159264e-06
7.613585856458872e-06
8.36355070629355e-06
-4.409869868648406e-06
5.928304027268586e-06
-4.683544804493481e-06
-3.574110922496692e-06
-2.398053390973958e-06
3.061104518400959e-06
-4.574435023519689e-07
3.198818667370484e-06
-1.543875158494209e-06
3.204170304364864e-06
2.312771568557855e-06
-1.810051643343436e-06
-2.302627991128873e-06
1.69154021991591e-06
2.701231330914372e-07
-1.479664541046985e-06
-1.807412188814556e-06
1.404541048494428e-06
1.309915463869251e-06
1.500832948551752e-06
1.198351938633648e-06
-2.127393485805518e-08
1.391600724724104e-06
-1.215020101139321e-06
-1.128916356906101e-06
1.198351410272149e-06
1.040344301994767e-06
1.444302422895051e-07
-1.0432074334523e-06
-1.109998531256231e-06
-9.027774809388991e-07
1.866367662881185e-07
9.92060208477416e-07
9.425805825405597e-07
8.33554495104142e-07
-9.357522816357249e-07
7.873963269828865e-08
8.632932418424628e-07
7.926920768009526e-07
8.417132521162846e-07
1.966241886497102e-07
-7.446544335933496e-07
7.665956764186005e-07
7.776479809721899e-07
-2.862347264917114e-07
-6.643692152672647e-07
-6.861931021696965e-07
-6.89155924770644e-07
-2.748875652797939e-07
-6.107277307953263e-07
6.89494317870386e-07
-6.27219513298914e-07
-2.455190454136859e-07
5.976542657202811e-07
-6.031896653900799e-07
-5.975033749242977e-07
1.709013626757766e-07
-6.028125601278933e-07
-6.20845362315042e-07

-0.0006378124585342968
-0.0003792515639204998
-0.0001165013648074351
0.0001166904026045785
0.0001281848156079363
-6.758832173230648e-05
9.086075822090871e-05
-7.178282863694541e-05
-5.477897673471814e-05
-3.675401065084801e-05
4.691633159415867e-05
-7.011054641557715e-06
4.902702158911455e-05
-2.366236057647412e-05
4.910904400072764e-05
3.544693007388532e-05
-2.774194170499728e-05
-3.529146349644175e-05
2.592556424857927e-05
4.140069836617727e-06
-2.267822997838005e-05
-2.770148783514713e-05
2.152684208383985e-05
2.007655337941604e-05
2.300266974186112e-05
1.836666359541319e-05
-3.260571392204007e-07
2.132851088749896e-05
-1.862212989346043e-05
-1.73024520476577e-05
1.836665549731869e-05
1.594494338610552e-05
2.213624885647757e-06
-1.598882546330698e-05
-1.701250605748004e-05
-1.383651142821851e-05
2.860507494018322e-06
1.520491228667664e-05
1.44465577373072e-05
1.277555825332419e-05
-1.434190308494687e-05
1.206811036696909e-06
1.323135219785829e-05
1.214927621849717e-05
1.290060427740407e-05
3.013580744724944e-06
-1.14130223648971e-05
1.17493070679548e-05
1.191870134431776e-05
-4.387005821360265e-06
-1.018252275191827e-05
-1.05170087874918e-05
-1.056241879109485e-05
-4.213092394085501e-06
-9.360381051967269e-06
1.056760520772522e-05
-9.613144043852996e-06
-3.762972769505012e-06
9.160009251850756e-06
-9.244848121237782e-06
-9.157696608608837e-06
2.619337220610701e-06
-9.239068378867527e-06
-9.515449966510127e-06

0.0004642691808564462
0.000276060479164281
8.480234665233537e-05
-8.493994889271655e-05
-9.330683109779363e-05
4.919812140112643e-05
-6.613832832327961e-05
5.225133909647868e-05
3.987408887437659e-05
2.675356084650677e-05
-3.415080177026004e-05
5.103407046729412e-06
-3.568719119302846e-05
1.722403602340094e-05
-3.574689601274785e-05
-2.580212563909153e-05
2.019359825668248e-05
2.568896017863118e-05
-1.887144146507998e-05
-3.013592484775013e-06
1.650767888657007e-05
2.016415153646329e-05
-1.56695737233753e-05
-1.461389608679246e-05
-1.674384138419926e-05
-1.336925258892472e-05
2.373397993606637e-07
-1.552520673770289e-05
1.355520870712807e-05
1.259460383924463e-05
-1.336924669425338e-05
-1.16064615948103e-05
-1.61131661608601e-06
1.163840373667894e-05
1.238354965622875e-05
1.007171581667199e-05
-2.082188037112872e-06
-1.10677865850271e-05
-1.051577377824846e-05
-9.299438864655104e-06
1.043959475559875e-05
-8.784481456247439e-07
-9.631215201782941e-06
-8.843562778504211e-06
-9.390460942371203e-06
-2.193611374436496e-06
8.307637258487653e-06
-8.552421789636882e-06
-8.675725342078681e-06
3.193339314468446e-06
7.411945994202368e-06
7.655421259799105e-06
7.688475592454038e-06
3.066746233163076e-06
6.813501971233749e-06
-7.692250829780093e-06
6.99749032960335e-06
2.739100282390119e-06
-6.667649612500221e-06
6.729404556085047e-06
6.66596621956943e-06
-1.90663811834992e-06
6.72519743184493e-06
6.926377969450263e-06

-7.885590939275854e-05
-4.68887469373249e-05
-1.440364004260192e-05
1.442701172057621e-05
1.584812286096438e-05
-8.356278563139155e-06
1.123356501082666e-05
-8.874866201250507e-06
-6.772595875525811e-06
-4.544080152288329e-06
5.800498161719214e-06
-8.668113677735403e-07
6.061453206975646e-06
-2.925494691540039e-06
6.071594043487815e-06
4.382479314675522e-06
-3.429873487425444e-06
-4.363258212652949e-06
3.205305757186704e-06
5.118573140889813e-07
-2.803821757390338e-06
-3.42487197537586e-06
2.661469976263802e-06
2.482163609426731e-06
2.843933850288617e-06
2.270761476907063e-06
-4.03120570682592e-08
2.636949309357174e-06
-2.302346039080944e-06
-2.139187738801619e-06
2.270760475706466e-06
1.971352227613118e-06
2.736813950206801e-07
-1.976777585896967e-06
-2.103340281717431e-06
-1.710676354624076e-06
3.536586919065519e-07
1.879858521988933e-06
1.786099397606587e-06
1.579505465267892e-06
-1.773160425224398e-06
1.492040183459741e-07
1.63585752536162e-06
1.502075119190462e-06
1.594965523805704e-06
3.725838951159757e-07
-1.411048413158381e-06
1.452624954535792e-06
1.473568006895077e-06
-5.423872314284446e-07
-1.258915658943413e-06
-1.300269822160558e-06
-1.305884085547326e-06
-5.208854540957299e-07
-1.157270213587688e-06
1.306525307883399e-06
-1.188520552647391e-06
-4.652349382491828e-07
1.132497256737312e-06
-1.142986305841118e-06
-1.13221133321365e-06
3.238416179783858e-07
-1.142271727700467e-06
-1.176442150596103e-06

-0.0002436508013223725
-0.0001448779280107448
-4.450469806697423e-05
4.457691241490531e-05
4.896789428041107e-05
-2.581942157091853e-05
3.470972737049455e-05
-2.742176557466025e-05
-2.092612240232821e-05
-1.404040329889404e-05
1.792251254272122e-05
-2.678293687539916e-06
1.872881743966918e-05
-9.039260739557614e-06
1.876015082933503e-05
1.354108531644539e-05
-1.059770193606266e-05
-1.348169551357855e-05
9.903827401573544e-06
1.581548493952408e-06
-8.663312910963493e-06
-1.058224814918129e-05
8.223471105783875e-06
7.669446172184765e-06
8.787252177586668e-06
7.016251004122899e-06
-1.2455712049026e-07
8.14770658555e-06
-7.113841710287942e-06
-6.609711443904078e-06
7.016247910561803e-06
6.091129423821664e-06
8.456270648166909e-07
-6.107892820536236e-06
-6.498949147097306e-06
-5.285687119900225e-06
1.09274275498859e-06
5.808430069227876e-06
5.51873097168308e-06
4.880392291035037e-06
-5.478751837434612e-06
4.610140052937671e-07
5.054510181543951e-06
4.641146228038621e-06
4.928161135248276e-06
1.151218282861262e-06
-4.359889819496951e-06
4.488353972678515e-06
4.553064297186451e-06
-1.675880534280971e-06
-3.889826538798782e-06
-4.017603582836527e-06
-4.034950662861971e-06
-1.60944384846781e-06
-3.575760105461841e-06
4.036931926413655e-06
-3.672318121369984e-06
-1.43749360548562e-06
3.499216053977176e-06
-3.531625358988333e-06
-3.498332600899216e-06
1.000613274630315e-06
-3.52941743902873e-06
-3.63499799706756e-06

0.0002915362130136919
0.0001733512151502489
5.325133783830949e-05
-5.333774468525347e-05
-5.859169918705749e-05
3.0893788758955e-05
-4.153133261796566e-05
3.281104616286863e-05
2.503879505066563e-05
1.67998052324604e-05
-2.144487687318582e-05
3.204666657231281e-06
-2.240964725316589e-05
1.081577335331657e-05
-2.244713868649496e-05
-1.620235481202568e-05
1.268049960156727e-05
1.613129295578749e-05
-1.185025585521218e-05
-1.892374891128865e-06
1.036593938748414e-05
1.266200863630024e-05
-9.839654173092895e-06
-9.176745082796142e-06
-1.051423680427522e-05
-8.395175538913238e-06
1.490366993031515e-07
-9.748999427905129e-06
8.511946034831656e-06
7.908737558082644e-06
-8.395171837376065e-06
-7.288237081764965e-06
-1.011820649721094e-06
7.308295038356415e-06
7.776206819898928e-06
6.32449882269871e-06
-1.307502716424845e-06
-6.949977987963897e-06
-6.603343471052694e-06
-5.839550203939425e-06
6.555507119448785e-06
-5.516184495205448e-07
-6.047887997794347e-06
-5.553284405476497e-06
-5.896707200209108e-06
-1.37747061251656e-06
5.216751844182524e-06
-5.370463436849254e-06
-5.447891472592896e-06
2.005246285981422e-06
4.654305638433666e-06
4.807195082363481e-06
4.827951435277363e-06
1.92575260206005e-06
4.278514801241861e-06
-4.830322082392791e-06
4.394049649234193e-06
1.720008469913002e-06
-4.186927321225333e-06
4.225706122683115e-06
4.185870240504339e-06
-1.197266757155339e-06
4.223064273687838e-06
4.349394890673586e-06

0.0001884449357260954
0.000112051803991293
3.442092092958372e-05
-3.447677310850091e-05
-3.787285590785253e-05
1.996931350937418e-05
-2.684527326774546e-05
2.120860191376498e-05
1.618472736268968e-05
1.085915943173181e-05
-1.386166885491974e-05
2.071451762378765e-06
-1.448528295202729e-05
6.991164813877357e-06
-1.450951689081412e-05
-1.047297582552409e-05
8.196497813039245e-06
1.042704243427652e-05
-7.659839852782137e-06
-1.223204695709574e-06
6.700398421923783e-06
8.184545511386553e-06
-6.360215010845703e-06
-5.931719834811029e-06
-6.796255800627954e-06
-5.426524199118874e-06
9.633524058868194e-08
-6.301617049877563e-06
5.502003016553945e-06
5.112097483181847e-06
-5.426521806489079e-06
-4.711014642848829e-06
-6.540267342145376e-07
4.723979825805485e-06
5.026431465303646e-06
4.088067694306556e-06
-8.451514918529667e-07
-4.492368689636255e-06
-4.268308979918603e-06
-3.774603681214397e-06
4.237388230455647e-06
-3.565584604070487e-07
-3.909270320965427e-06
-3.589565467838521e-06
-3.811549165195087e-06
-8.903777625317872e-07
3.372035521119236e-06
-3.471392547477052e-06
-3.52144094820799e-06
1.296163188683509e-06
3.008478150334135e-06
3.107303751235582e-06
3.120720367817535e-06
1.244779581815825e-06
2.765572202464823e-06
-3.12225272100339e-06
2.840252314341148e-06
1.111789448761512e-06
-2.706371334733715e-06
2.731437410311472e-06
2.70568805252202e-06
-7.738965076290469e-07
2.729729756022343e-06
2.811388102170529e-06

5.388604410009028e-05
3.204134103198923e-05
9.842701561749644e-06
-9.858672555958204e-06
-1.082978630221026e-05
5.710247952618261e-06
-7.676436480529535e-06
6.064623883993093e-06
4.62804123153198e-06
3.105189013292734e-06
-3.963760004145327e-06
5.923339918280268e-07
-4.142083165818215e-06
1.999131544816156e-06
-4.149012888222828e-06
-2.994759371047304e-06
2.34379788937435e-06
2.98162466547209e-06
-2.190339934132537e-06
-3.497767765539706e-07
1.915986563709562e-06
2.340380115100354e-06
-1.818710729687907e-06
-1.696182045834196e-06
-1.943397090382004e-06
-1.551720778149716e-06
2.75471718183492e-08
-1.801954575974362e-06
1.573304032002401e-06
1.461810100441025e-06
-1.551720093971213e-06
-1.347120005226492e-06
-1.870196898982088e-07
1.350827414065606e-06
1.437313805020197e-06
1.168987615454922e-06
-2.416720321271684e-07
-1.284597945762609e-06
-1.220527816457592e-06
-1.079352223725336e-06
1.211685992915473e-06
-1.019582980442369e-07
-1.1178603028126e-06
-1.026440335765148e-06
-1.089916826967609e-06
-2.546045357634097e-07
9.64237399628245e-07
-9.926486545305468e-07
-1.006960051744724e-06
3.706393407556689e-07
8.602777551860541e-07
8.885370483752557e-07
8.923735451720834e-07
3.559461398212688e-07
7.908185226074346e-07
-8.928117233152094e-07
8.121733856957935e-07
3.179174597340285e-07
-7.738899670216011e-07
7.810576398963804e-07
7.7369458169354e-07
-2.212965881952511e-07
7.805693342060845e-07
8.039196313318089e-07

4.505099755410094e-05
2.678790771469638e-05
8.228912167997721e-06
-8.242264590435384e-06
-9.054156495622593e-06
4.774007274836453e-06
-6.41782351780661e-06
5.070280446921131e-06
3.869236973754521e-06
2.596068517901725e-06
-3.313869949672135e-06
4.952161113803915e-07
-3.462955607316675e-06
1.671357989619156e-06
-3.468749146462838e-06
-2.503744695916387e-06
1.959513539085384e-06
2.4927635300424e-06
-1.8312162390704e-06
-2.92428085378944e-07
1.601845291055066e-06
1.956656136148215e-06
-1.520518605568835e-06
-1.418079476315567e-06
-1.624761643337304e-06
-1.297303785206013e-06
2.303059337414054e-08
-1.506509756847684e-06
1.315348292512254e-06
1.222134679930855e-06
-1.297303213202739e-06
-1.126248940220086e-06
-1.563563206920323e-07
1.129348489820121e-06
1.201654747445808e-06
9.773227759437614e-07
-2.020479756882128e-07
-1.07397787087271e-06
-1.020412550075354e-06
-9.023838213202933e-07
1.013020414001906e-06
-8.524142219939675e-08
-9.345781938235054e-07
-8.581472592447187e-07
-9.112162736338982e-07
-2.128600922460049e-07
8.061429904079735e-07
-8.298959935565085e-07
-8.418609230921391e-07
3.098700658516868e-07
7.192283585082519e-07
7.428543152787226e-07
7.460617878344887e-07
2.975859323560621e-07
6.611575208896277e-07
-7.46428123184232e-07
6.790110839190492e-07
2.657923575573909e-07
-6.470045369544717e-07
6.529970127117903e-07
6.468411866084371e-07
-1.850132482345586e-07
6.525887686378402e-07
6.721105983845758e-07

-0.0004836773464748476
-0.0002876008262758368
-8.834739779190598e-05
8.849075231387983e-05
9.720740108165634e-05
-5.125478449149769e-05
6.890315459808619e-05
-5.443563795752221e-05
-4.154097298528751e-05
-2.787195845117411e-05
3.557843135259265e-05
-5.316748300607455e-06
3.717904752484864e-05
-1.794406431204096e-05
3.724124822643243e-05
2.688074973984559e-05
-2.103776520885997e-05
-2.676285354538093e-05
1.966033738260896e-05
3.139571775373113e-06
-1.719776080243743e-05
-2.100708750703567e-05
1.632461974954603e-05
1.522481089069488e-05
1.744379576427098e-05
1.392813669999355e-05
-2.472614791183393e-07
1.617421769093519e-05
-1.412186647039894e-05
-1.312110477294138e-05
1.39281305589001e-05
1.209165453494663e-05
1.678675598844496e-06
-1.212493197626175e-05
-1.290122774597263e-05
-1.049275071773913e-05
2.169231183500591e-06
1.153046092122688e-05
1.095537194135978e-05
9.688189738253493e-06
-1.08760083543479e-05
9.151705209198057e-07
1.003383555103292e-05
9.213256348826784e-06
9.78301687482638e-06
2.285312427646617e-06
-8.654927163693723e-06
8.909944591871656e-06
9.038402687979906e-06
-3.326832686086978e-06
-7.721792698098571e-06
-7.975446128593785e-06
-8.009882254371706e-06
-3.194947546662389e-06
-7.098331505804512e-06
8.013815310557216e-06
-7.290011256751255e-06
-2.853604785634856e-06
6.94638198005949e-06
-7.010718508257746e-06
-6.944628215089608e-06
1.986342630087838e-06
-7.006335510690526e-06
-7.215926137427546e-06

-0.000394845553504046
-0.0002347802895190221
-7.212158567283692e-05
7.223861181845397e-05
7.935436787460796e-05
-4.184137193892733e-05
5.62484565666802e-05
-4.443803241221123e-05
-3.391159125193793e-05
-2.275301694840055e-05
2.904412522648989e-05
-4.340278578057662e-06
3.035077351812459e-05
-1.46484718729136e-05
3.04015504888269e-05
2.194385283287138e-05
-1.717398614784493e-05
-2.18476093587956e-05
1.60495356098269e-05
2.562960544770015e-06
-1.403923386646857e-05
-1.714894268809601e-05
1.332645319804923e-05
1.242863435086925e-05
1.424008224482024e-05
1.137010630056008e-05
-2.018496344604558e-07
1.320367386072732e-05
-1.152825581693472e-05
-1.071129320903987e-05
1.137010128733929e-05
9.870910974910053e-06
1.370371386650256e-06
-9.898076708081917e-06
-1.053179862023314e-05
-8.565660548553572e-06
1.770831926636183e-06
9.412785729541547e-06
8.943317129812815e-06
7.908864592347834e-06
-8.878529395445804e-06
7.470910381002518e-07
8.191029372770111e-06
7.521157087759465e-06
7.986275853181925e-06
1.865593782716095e-06
-7.065370192329212e-06
7.27355132447342e-06
7.378416909831952e-06
-2.715829267025428e-06
-6.303614453204326e-06
-6.510682098383095e-06
-6.538793712963663e-06
-2.608166046378958e-06
-5.794657642729391e-06
6.542004427202802e-06
-5.951133644571268e-06
-2.329514022681517e-06
5.67061504483959e-06
-5.723135577942113e-06
-5.6691833749368e-06
1.621532538049192e-06
-5.719557558187649e-06
-5.890654938762704e-06

