-0.09072424609473784
-0.05394645120174973
-0.01657121219515726
0.01659878873043833
0.01823312229016723
-0.009614325109920651
0.01292399195256538
-0.01021097680590785
-0.007791644235767376
-0.005228322624983239
0.006673249080365686
-0.0009973385943397573
0.006974043732685616
-0.003365557280137566
0.006985703703732919
0.005041843471226668
-0.003946346618833442
-0.005019753389026663
0.003687965752479042
0.0005888482966483885
-0.003225618186027046
-0.00394056141006687
0.003061852377719417
0.002855952159668906
0.003271794646449509
0.00261271656917211
-4.638159024218349e-05
0.003033669563638674
-0.002649041825721441
-0.002461001975224014
0.002612691266898484
0.00226791862153349
0.0003148397097570241
-0.002274449340596256
-0.002419780365774815
-0.001968287060337342
0.0004068541407308625
0.002162674545833818
0.002055053177491326
0.001817119468955359
-0.002040157241320525
0.0001716303744996821
0.001881964186538459
0.001728264472700531
0.001834922124177476
0.0004286986563865295
-0.001623523870631886
0.001671164127073517
0.001695453195706105
-0.0006239965578112046
-0.001448307905189057
-0.00149606545771937
-0.001502349096699401
-0.0005993392341836127
-0.001331519447225327
0.001503091013163609
-0.001367486116823457
-0.0005352267149852116
0.001302880304812537
-0.001315094469073781
-0.001302551676814577
0.0003725621101544325
-0.001314267623580926
-0.00135344194355159

-0.05400192785646848
-0.0321106263353784
-0.009863707266550519
0.009880121688646713
0.01085292848268814
-0.005722749026010988
0.007692766940289064
-0.006077894901878634
-0.004637831980036652
-0.003112062247501427
0.003972127969294341
-0.0005936473339635778
0.004151170417301095
-0.002003285662459322
0.004158110799199967
0.00300106398363038
-0.002348989763819297
-0.002987915271168152
0.002195193336680055
0.0003505010468848077
-0.001919989507461149
-0.002345546225406753
0.001822510941960036
0.001699952649117597
0.001947475190638046
0.001555171167038243
-2.760778290196642e-05
0.001805735643643068
-0.001576793103485939
-0.001464865863771665
0.001555156106327881
0.001349936572152929
0.0001874025084197014
-0.001353823861770999
-0.001440329463907965
-0.00117158643260864
0.0002421723949392864
0.001287291984539453
0.001223232357490518
0.00108160672249165
-0.001214365827265643
0.0001021598029267302
0.001120204340126971
0.00102871743099722
0.001092203423420844
0.0002551749384632791
-0.0009663725267402505
0.0009947295073956944
0.001009187125819908
-0.0003714223986213983
-0.0008620784671872764
-0.0008905052661662332
-0.0008942454859363635
-0.0003567455832275602
-0.0007925622997573935
0.0008946870979768953
-0.0008139707939642356
-0.0003185837931276424
0.0007755153804480682
-0.0007827856355972382
-0.0007753197707174428
0.0002217606986072856
-0.0007822934711257995
-0.000805611259831329

-0.01628826329417612
-0.009685327117976941
-0.002975128248035083
0.00298007922737467
0.003273500848129744
-0.00172611694808018
0.00232032111366905
-0.001833237374397479
-0.001398880214160685
-0.0009386718453805483
0.001198088082595167
-0.0001790581274281084
0.001252091534874362
-0.0006042385081198289
0.001254184918800816
0.0009051921342128549
-0.0007085110711245711
-0.0009012261704217987
0.0006621224180088066
0.0001057194356416391
-0.0005791144105571774
-0.0007074724182004933
0.000549712561337496
0.0005127460710296356
0.0005874047450360096
0.0004690765393328552
-8.32716265372178e-06
0.0005446527331673105
-0.0004755982286087809
-0.0004418383162757104
0.0004690719966654579
0.0004071729138282099
5.65250449435919e-05
-0.0004083454126506662
-0.0004344375556528339
-0.000353378278214779
7.304494279967604e-05
0.0003882778191988891
0.0003689559150873562
0.0003262382617805629
-0.0003662815591053078
3.081382154677005e-05
0.0003378802194578127
0.0003102855960238939
0.0003294344783160774
7.696681857003601e-05
-0.000291480893008942
0.0003000340314890704
0.0003043947923882958
-0.0001120298119389574
-0.0002600233290025712
-0.0002685975263459919
-0.000269725665410858
-0.0001076029360301842
-0.000239055602788649
0.0002698588660850202
-0.000245512912818845
-9.609243428328384e-05
0.0002339138472792271
-0.0002361067288076553
-0.0002338548467417641
6.688829067016966e-05
-0.0002359582803205224
-0.0002429914788921022

0.0162732122703584
0.009676377478202006
0.002972379107424279
-0.002977325511853949
-0.003270475998991178
0.001724521945175049
-0.0023181770417252
0.001831543387822787
0.001397587591427797
0.0009378044740690726
-0.001196981000033325
0.0001788926703691227
-0.001250934550905104
0.000603680166937975
-0.00125302600045911
-0.0009043556995283763
0.0007078563778152087
0.0009003934004505658
-0.0006615105897184859
-0.0001056217465439179
0.0005785792850733336
0.0007068186846484908
-0.0005492046043687632
-0.0005122722726151545
-0.0005868619589421916
-0.0004686430933581294
8.319468013650527e-06
-0.0005441494516872548
0.0004751587563258211
0.0004414300395367648
-0.0004686385548880301
-0.0004067966693440928
-5.64728134820686e-05
0.0004079680847289759
0.0004340361175205152
0.0003530517421818266
-7.297744627456737e-05
-0.0003879190345577597
-0.000368614984678436
-0.0003259368042367651
0.0003659430999109042
-3.078534831095425e-05
-0.0003375680042668688
-0.0003099988793978853
-0.0003291300673371314
-7.689569807071728e-05
0.0002912115527001966
-0.0002997567877292808
-0.0003041135191067789
0.0001119262917945703
0.0002597830567741756
0.0002683493312074388
0.000269476427825524
0.0001075035065008377
0.0002388347055999293
-0.0002696095054165389
0.0002452860488103745
9.600364092998706e-05
-0.0002336977012838381
0.0002358885564996041
0.000233638755264968
-6.682648314425502e-05
0.0002357402451850332
0.0002427669447924445

0.01762911391988014
0.01048262371687488
0.003220040949954472
-0.003225399494150112
-0.003542975596984663
0.001868210979107284
-0.002511330060472989
0.001984149564124381
0.001514036101352736
0.001015943357295983
-0.001296714751761344
0.0001937982011771135
-0.001355163770854823
0.0006539794514634545
-0.001357429482247801
-0.0009797075946781674
0.0007668357369215395
0.0009754151525547796
-0.0007166283676269458
-0.0001144222647197122
0.0006267871369699102
0.0007657115820373522
-0.0005949649260934102
-0.0005549553525077777
-0.0006357599321849517
-0.0005076909428400056
9.012655087933639e-06
-0.0005894885726224679
0.0005147494978944789
0.0004782104679374169
-0.0005076860262197881
-0.000440691407876406
-6.117818938952175e-05
0.0004419604268579898
0.0004702004763401828
0.0003824683952455679
-7.90580060397783e-05
-0.0004202408681391341
-0.0003993283839422048
-0.0003530942113399909
0.0003964338748454105
-3.335041683352605e-05
-0.0003656945355382549
-0.0003358283213630944
-0.0003565535405762602
-8.330273081404629e-05
0.0003154756142822087
-0.0003247328475374168
-0.0003294525864862033
0.0001212521115004551
0.000281428462078459
0.0002907084877640833
0.0002919294952916117
0.000116460814951814
0.000258734671624239
-0.000292073661051394
0.0002657235477293913
0.0001040027681418963
-0.0002531696465517187
0.0002555430461939449
0.0002531057890866934
-7.239453800779246e-05
0.0002553823774200783
0.0002629945492398317

-0.009171061454086915
-0.005453296560700743
-0.001675137705213717
0.001677925340392711
0.00184313556982766
-0.0009718853583025561
0.001306450365047554
-0.00103219921712255
-0.0007876356232256172
-0.0005285165780860736
0.0006745801706690823
-0.0001008181818305658
0.0007049866646355741
-0.0003402148154661001
0.0007061653386473766
0.0005096659196067166
-0.0003989251927495148
-0.0005074328946983
0.0003728061903234091
5.95250349070117e-05
-0.0003260687620434319
-0.000398340382102196
0.0003095141324189672
0.0002887002526191725
0.0003307366118689795
0.0002641122439634722
-4.688585827486863e-06
0.0003066652102068448
-0.000267784263015137
-0.0002487758380466303
0.0002641096862270448
0.0002292575793819415
3.182626972011361e-05
-0.0002299177515904795
-0.0002446088603122612
-0.0001989686590593112
4.112775237160608e-05
0.0002186187487775709
0.0002077396042783694
0.0001836875481091498
-0.0002062338155630229
1.734963672534425e-05
0.0001902425200773101
0.0001747054439173927
0.0001854871689612477
4.333595364240321e-05
-0.0001641175080606715
0.0001689333289502367
0.0001713886432751908
-6.307807477235612e-05
-0.0001464054139296188
-0.0001512330919537588
-0.0001518682875240974
-6.058553457479921e-05
-0.0001345995938623274
0.0001519432857939783
-0.000138235364358184
-5.410457850345728e-05
0.0001317045426891263
-0.0001329392385493068
-0.0001316713226001402
3.766126647240224e-05
-0.0001328556550405454
-0.0001368156779818517

0.01272312088661655
0.007565422140039127
0.002323938143024533
-0.00232780546193116
-0.002557003546726034
0.00134830793180623
-0.001812453881165157
0.001431982054016487
0.001092696118010029
0.0007332172341490044
-0.0009358529655600959
0.0001398662435554828
-0.0009780362504951193
0.000471983995120102
-0.000979671438745373
-0.0007070654950258133
0.0005534335886290064
0.0007039675934362206
-0.0005171983908853506
-8.257977756371513e-05
0.0004523590096522739
0.0005526222739735853
-0.0004293925782310135
-0.0004005172391942654
-0.0004588347723440297
-0.0003664060070262005
6.504529990236253e-06
-0.0004254402351043122
0.000371500242031442
0.0003451296316119391
-0.0003664024586485957
-0.0003180517229389759
-4.415295645400413e-05
0.0003189675875697061
0.0003393487346334815
0.0002760315492959712
-5.705701219416837e-05
-0.000303292348732386
-0.0002881995842471307
-0.0002548318852359483
0.0002861105859393013
-2.406935407646912e-05
-0.0002639256745616186
-0.0002423709069707189
-0.000257328520305715
-6.012047566027466e-05
0.0002276821396432023
-0.0002343631843240017
-0.000237769470622429
8.750895135109724e-05
0.0002031099441657956
0.000209807438388374
0.0002106886526370092
8.405102116417336e-05
0.0001867315918199267
-0.0002107926986144715
0.000191775538779032
7.505991495806515e-05
-0.0001827152534460143
0.0001844281614626726
0.0001826691668275336
-5.224791573700678e-05
0.0001843122050827046
0.0001898059912544106

-0.009636260188921733
-0.00572991303235372
-0.001760108452062295
0.001763037489014649
0.001936627946856348
-0.001021183887306652
0.001372719581537877
-0.001084557144535183
-0.0008275881518694121
-0.0005553253880257562
0.0007087980028702822
-0.0001059321471955381
0.0007407468551118144
-0.000357472087431805
0.0007419853169310467
0.0005355185367959662
-0.0004191605271098452
-0.0005331722425163246
0.0003917166478474165
6.254442051121988e-05
-0.0003426084806281178
-0.0004185460521564847
0.0003252141234764439
0.0003033444672434315
0.0003475131054271153
0.0002775092408500851
-4.926412627148622e-06
0.0003222206907279749
-0.0002813675217239423
-0.0002613949013576304
0.0002775065533734153
0.0002408865861675538
3.344064560044279e-05
-0.0002415802453695574
-0.0002570165552030373
-0.0002090612714499921
4.321394255426676e-05
0.0002297081047755465
0.0002182771196542758
0.0001930050317410639
-0.0002166949503575
1.822969069673596e-05
0.000199892502262502
0.0001835673136024475
0.0001948959377021918
4.553415402612877e-05
-0.0001724423085754533
0.000177502410216595
0.0001800822694618842
-6.627768702301163e-05
-0.000153831774953788
-0.0001589043351783788
-0.0001595717508115127
-6.365871363642668e-05
-0.0001414271089856284
0.0001596505533411493
-0.000145247302608773
-5.684901344097535e-05
0.0001383852074015902
-0.0001396825327572111
-0.0001383503022356437
3.957162042687377e-05
-0.0001395947095055431
-0.0001437556031608627

-0.00771118026414223
-0.004585222007717527
-0.001408483508352644
0.001410827398149749
0.001549738893512747
-0.0008171772952863624
0.001098485090463327
-0.000867890186058775
-0.0006622570684497383
-0.0004443854865235359
0.0005671981727184692
-8.476959596125767e-05
0.0005927644561143649
-0.0002860582478620036
0.0005937555047319453
0.0004285355408698175
-0.000335422904818698
-0.000426657976567104
0.0003134616152736638
5.004963457012645e-05
-0.0002741640120079489
-0.0003349311863469659
0.0002602446054180508
0.0002427439507842553
0.0002780888174004046
0.0002220699461415683
-3.942240566226723e-06
0.0002578491844685046
-0.0002251574405372238
-0.0002091748422083562
0.0002220677955544829
0.0001927635672693206
2.676005434875337e-05
-0.0001933186509888537
-0.0002056711783600162
-0.0001672961417391444
3.458089491433476e-05
0.0001838182624100127
0.0001746708976504163
0.0001544475307290832
-0.0001734048055755495
1.458786171876834e-05
0.0001599590596534796
0.0001468952288585662
0.0001559606817278023
3.64375870915436e-05
-0.0001379927171454622
0.0001420419390577417
0.0001441064079810463
-5.303708929655856e-05
-0.0001231000952407903
-0.0001271592868281655
-0.0001276933697770832
-5.094132024352446e-05
-0.0001131735663258822
0.0001277564295636867
-0.0001162305823356608
-4.54920251101061e-05
0.0001107393593824989
-0.0001117775120975736
-0.0001107114273817519
3.16662161952253e-05
-0.0001117072336999775
-0.000115036886532794

-0.005491776630509465
-0.003265520219358622
-0.00100309894862622
0.001004768228655261
0.001103698726686814
-0.0005819803220142676
0.0007823231388872924
-0.0006180972144832825
-0.0004716486669119271
-0.0003164840849558385
0.0004039492740543204
-6.037152162588496e-05
0.0004221571634919166
-0.0002037260116818085
0.0004228629721297034
0.0003051960125527239
-0.0002388827140491345
-0.000303858841924351
0.0002232422423486116
3.564453223534297e-05
-0.0001952551311856887
-0.0002385325201852994
0.0001853419571705216
0.0001728782767941826
0.0001980503134788573
0.0001581545883747177
-2.807599339121097e-06
0.0001836359774967883
-0.0001603534514524542
-0.0001489709059807164
0.0001581530567616887
0.0001372830640292203
1.905807361124795e-05
-0.0001376783855876269
-0.0001464756538164572
-0.0001191455795489141
2.462794851725858e-05
0.0001309123640201189
0.0001243977602504005
0.00010999500865541
-0.0001234960701549769
1.038923683949785e-05
0.0001139202295306817
0.0001046163826217558
0.0001110726500810212
2.595025435885704e-05
-9.827615919238863e-05
0.0001011599488987594
0.0001026302299450747
-3.777214869473587e-05
-8.766987712642708e-05
-9.056076707251366e-05
-9.094113222506635e-05
-3.627957620723734e-05
-8.060036537208891e-05
9.098604237507094e-05
-8.277752224130219e-05
-3.239867722142604e-05
7.886676294705789e-05
-7.960611835368331e-05
-7.884687023240627e-05
2.255216194156437e-05
-7.955606722683752e-05
-8.192739158816591e-05

0.006725131359208492
0.003998897607986404
0.001228377017069255
-0.00123042118751234
-0.001351569704551356
0.0007126826849216477
-0.0009580189123381302
0.00075691078494882
0.0005775725150141977
0.0003875607453885904
-0.0004946690503362382
7.392988473598292e-05
-0.0005169661058212299
0.0002494792272205977
-0.0005178304264449764
-0.0003737375739795405
0.0002925314956366385
0.0003721000987631591
-0.0002733784539557066
-4.364965614014381e-05
0.0002391059385934538
0.0002921026544993527
-0.0002269664431397691
-0.000211703643250132
-0.0002425288687960275
-0.0001936732779648712
3.438135894807466e-06
-0.000224877330968259
0.0001963659663303838
0.0001824271048926789
-0.0001936714023789867
-0.000168114382850545
-2.333817580582198e-05
0.0001685984865547407
0.0001793714637571237
0.0001459035440160018
-3.01589449152577e-05
-0.0001603129376546006
-0.0001523352704893005
-0.0001346979186945405
0.0001512310769385824
-1.272247346685477e-05
-0.0001395046739170894
-0.000128111349530852
-0.0001360175790946557
-3.177821697966895e-05
0.0001203472254089001
-0.0001238786626636248
-0.0001256791425150316
4.625509717209248e-05
0.0001073589622427832
0.0001108990943240277
0.0001113648826813289
4.442731962087039e-05
9.870176469235474e-05
-0.0001114198788471557
0.0001013678720233683
3.967484019074836e-05
-9.65788261941026e-05
9.748422759060175e-05
9.6554465931766e-05
-2.761697383113783e-05
9.742293587656454e-05
0.0001003268172428859

-0.0009727631628516836
-0.0005784244317753579
-0.0001776797877207665
0.0001779754687416462
0.0001954991137553697
-0.0001030866797485892
0.000138573576850928
-0.0001094840962704868
-8.354353788377419e-05
-5.605910075869265e-05
7.155188564621741e-05
-1.069366004376551e-05
7.477706491147931e-05
-3.608616533632298e-05
7.490208540830316e-05
5.405963469293003e-05
-4.231350255181921e-05
-5.38227804985003e-05
3.954309221950758e-05
6.313746943565522e-06
-3.458571091913042e-05
-4.225147240865307e-05
3.282978179860983e-05
3.062207927183479e-05
3.508082398566561e-05
2.801405955810592e-05
-4.973125086645087e-07
3.252760013777037e-05
-2.840354608425576e-05
-2.638734592184093e-05
2.801378826216374e-05
2.431706832887768e-05
3.375773126122023e-06
-2.438709197976085e-05
-2.59453597394507e-05
-2.110435995483052e-05
4.362369904323113e-06
2.318862070483985e-05
2.203468328274771e-05
1.948351138739356e-05
-2.187496613323223e-05
1.840254541937886e-06
2.017878916913233e-05
1.8530790688004e-05
1.967439494878263e-05
4.596591086149348e-06
-1.740774140699721e-05
1.79185495815642e-05
1.817898173988877e-05
-6.690613494340711e-06
-1.552904145563986e-05
-1.604110730183957e-05
-1.610848171156635e-05
-6.426232833690042e-06
-1.427681270042324e-05
1.611643668543399e-05
-1.466245438700327e-05
-5.738805826704462e-06
1.396973819766708e-05
-1.410070086279258e-05
-1.396621458384308e-05
3.99468402584934e-06
-1.409183526323388e-05
-1.451187000628351e-05

0.007007686867572293
0.004166910764335804
0.00127998711566545
-0.001282117171660152
-0.001408355727687614
0.00074262595406914
-0.0009982699507698131
0.0007887122918942239
0.0006018391481668636
0.0004038440590647449
-0.0005154525053386863
7.703603910667828e-05
-0.0005386863686733712
0.0002599610640960376
-0.0005395870036142818
-0.0003894401089293772
0.0003048221678997123
0.0003877338354074236
-0.0002848644136950057
-4.548359069425012e-05
0.000249151943113481
0.000304375309058489
-0.000236502408357039
-0.0002205983439401273
-0.0002527186872776632
-0.0002018104352320006
3.582588721628289e-06
-0.0002343255224127688
0.0002046162565446075
0.0001900917556792867
-0.0002018084808436193
-0.0001751776865055387
-2.431872618869038e-05
0.00017568212976303
0.0001869077321838197
0.0001520336622024691
-3.142606901397568e-05
-0.0001670484646170995
-0.0001587356168165122
-0.0001403572340089262
0.0001575850307191036
-1.325700651402585e-05
-0.0001453659444190361
-0.0001334939310092388
-0.0001417323397669542
-3.31133745809071e-05
0.0001254035982348297
-0.0001290834083607093
-0.0001309595351359878
4.819849898802019e-05
0.0001118696349023166
0.0001155585051667482
0.0001160438635605448
4.629392760370451e-05
0.0001028487063369659
-0.0001161011703830133
0.0001056268298163462
4.134177337621884e-05
-0.0001006365728573336
0.0001015800145742579
0.0001006111891017454
-2.877729734953193e-05
0.0001015161476969098
0.0001045420352564051

-0.002805215319754805
-0.001668037133087104
-0.0005123858319879685
0.0005132385050347682
0.0005637724883593996
-0.0002972772246488591
0.0003996129125160865
-0.00031572583734227
-0.0002409194974559838
-0.0001616609821025898
0.0002063384526029967
-3.083794712279462e-05
0.0002156390949683589
-0.0001040638335193293
0.0002159996240535103
0.0001558950022083595
-0.0001220219783433939
-0.0001552119716002523
0.0001140327803526363
1.820732972580112e-05
-9.973688336477089e-05
-0.0001218430983092352
9.467320552688398e-05
8.830672169393055e-05
0.0001011646705306104
8.078581924354017e-05
-1.434129828602348e-06
9.380178619612054e-05
-8.190900483653696e-05
-7.609476782666517e-05
8.078503689120514e-05
7.01245844956699e-05
9.734918889864789e-06
-7.03265158863609e-05
-7.482018583466373e-05
-6.085990518532099e-05
1.258002703366945e-05
6.687041258274107e-05
6.354273421443652e-05
5.618576721828958e-05
-6.308214831682408e-05
5.306852099703458e-06
5.819078134651578e-05
5.343834954930882e-05
5.673622956216104e-05
1.325546466594634e-05
-5.019974516110379e-05
5.167279324876249e-05
5.242381704171794e-05
-1.929412234101723e-05
-4.478202573462777e-05
-4.625870064511205e-05
-4.645299226054342e-05
-1.853171201563429e-05
-4.117089876954559e-05
4.647593249451189e-05
-4.228299676882925e-05
-1.654933763628734e-05
4.028536965782656e-05
-4.066303452899184e-05
-4.027520840195433e-05
1.151970927232151e-05
-4.063746826925934e-05
-4.184874758268389e-05

0.006457931039227484
0.003840014953753103
0.001179571616180182
-0.0011815345684329
-0.001297869659415605
0.0006843666519278254
-0.0009199552751759392
0.0007268374981784524
0.0005546246270726665
0.000372162331640509
-0.0004750150508119867
7.099253112867547e-05
-0.0004964262083059609
0.0002395670149853489
-0.0004972561880766957
-0.0003588883771352643
0.0002809087473119727
0.0003573159614512499
-0.0002625166868806724
-4.191538487244689e-05
0.0002296058738528913
0.0002804969447249763
-0.0002179487001407641
-0.00020329231591747
-0.0002328928055155369
-0.000185978326137192
3.301533208233206e-06
-0.0002159425917666517
0.0001885640296493037
0.000175178981667013
-0.000185976525071358
-0.0001614349271653508
-2.24109124246329e-05
0.0001618997966481835
0.000172244746084039
0.0001401065607951259
-2.896068137196409e-05
-0.0001539434459747422
-0.0001462827443979928
-0.0001293461530481303
0.0001452224222385692
-1.221698906815263e-05
-0.0001339619281298442
-0.0001230212789047882
-0.0001306133812112713
-3.051561714453377e-05
0.0001155656359617001
-0.0001189567635162531
-0.0001206857073981221
4.441730752828578e-05
0.0001030934174478833
0.0001064928943695255
0.0001069401762038288
4.26621505283218e-05
9.478018432464497e-05
-0.0001069929872832335
9.73403629095597e-05
3.809849477413244e-05
-9.274159359836024e-05
9.361102193646993e-05
9.271820120849603e-05
-2.651970690051934e-05
9.355216544111681e-05
9.634067091530914e-05

0.004693124796375061
0.002790625865843932
0.0008572214177215943
-0.0008586479395964281
-0.0009431912858882175
0.0004973447508907121
-0.0006685523408749389
0.0005282092770756543
0.0004030582820075586
0.0002704587980715322
-0.0003452041993132576
5.159188077010837e-05
-0.0003607641725529821
0.0001740987773935891
-0.0003613673376563442
-0.0002608123145994373
0.0002041427509089371
0.0002596696044974415
-0.0001907768239050747
-3.046085981711753e-05
0.0001668597904540421
0.0002038434846392644
-0.0001583882582138244
-0.0001477371317453306
-0.0001692484781616899
-0.0001351546631081851
2.399298981593002e-06
-0.0001569303738081827
0.0001370337524318118
0.0001273065348129305
-0.0001351533542328422
-0.0001173184190228202
-1.628651779812099e-05
0.0001176562502080933
0.0001251741593371207
0.000101818611968512
-2.104638328297817e-05
-0.0001118741899154504
-0.0001063069845196161
-9.399877987213434e-05
0.0001055364243839031
-8.878362742574793e-06
-9.735316819857459e-05
-8.940235053654698e-05
-9.491970328844875e-05
-2.217639033736547e-05
8.398416589559648e-05
-8.64485751185183e-05
-8.770503780819208e-05
3.227906369439696e-05
7.492032213242443e-05
7.739079902951621e-05
7.771584887208268e-05
3.100355133787908e-05
6.887890727805351e-05
-7.775422787998273e-05
7.073944705886997e-05
2.768703930763138e-05
-6.739741721113751e-05
6.802925048214339e-05
6.73804174314929e-05
-1.927247183213292e-05
6.798647813352973e-05
7.001294823769665e-05

-0.003026422590914481
-0.001799571400637645
-0.0005527903852060713
0.0005537102963988315
0.0006082291733155734
-0.0003207192339591
0.0004311246760784744
-0.0003406226252722717
-0.0002599173776637446
-0.0001744088750904708
0.0002226094196529659
-3.326969561752182e-05
0.0002326434708597764
-0.0001122698619396579
0.0002330324297250306
0.0001681882147054902
-0.0001316441091869614
-0.0001674513232275474
0.0001230249172438725
1.964308180349878e-05
-0.0001076017070194469
-0.0001314511234390108
0.0001021387292245281
9.527021173104532e-05
0.000109142083368855
8.715624310991305e-05
-1.5472191674636e-06
0.0001011985934958602
-8.836799831055803e-05
-8.209527546046156e-05
8.715539906462435e-05
7.565430902993562e-05
1.05025729189286e-05
-7.587216386557074e-05
-8.072018538890536e-05
-6.565905677066958e-05
1.357203411122406e-05
7.21435270508656e-05
6.8553442212036e-05
6.061633629328349e-05
-6.805653648217139e-05
5.725327737974257e-06
6.277945725223228e-05
5.765226902843515e-05
6.121020574113555e-05
1.430073386366657e-05
-5.415828216242609e-05
5.574748851622707e-05
5.655773483047171e-05
-2.081557423185761e-05
-4.831334457489087e-05
-4.990646374730083e-05
-5.011607636776338e-05
-1.999304349204713e-05
-4.441745959638876e-05
5.014082557038345e-05
-4.561725288303064e-05
-1.785434755557339e-05
4.346210144987401e-05
-4.386954735597812e-05
-4.345113892080234e-05
1.242810423037518e-05
-4.384196505043714e-05
-4.514876066511322e-05

-0.004225472171984744
-0.002512550262387023
-0.0007718024563527917
0.0007730868305694142
0.0008492057433583873
-0.0004477861757256003
0.0006019335590786581
-0.0004755751653977235
-0.0003628950066758711
-0.0002435085736059398
0.0003108058705315763
-4.645093960911466e-05
0.0003248153496683523
-0.0001567504745710761
0.0003253584115876434
0.0002348233267314858
-0.0001838006766290554
-0.0002337944834881852
0.0001717666150904915
2.742554717304242e-05
-0.0001502328260547258
-0.0001835312311423938
0.0001426054508434685
0.0001330156699521389
0.0001523834898179942
0.0001216869980356756
-2.160217662829474e-06
0.0001412928392566747
-0.0001233788430196214
-0.0001146209068592103
0.0001216858195849476
0.0001056280700707523
1.46636262022406e-05
-0.0001059322376209253
-0.000112701014756549
-9.167276178024023e-05
1.894918859857909e-05
0.0001007263383697524
9.571388451511898e-05
8.463214719052275e-05
-9.502010786272692e-05
7.993666550378978e-06
8.765228305780795e-05
8.04937351322873e-05
8.54613039756198e-05
1.996659460621831e-05
-7.561545266242866e-05
7.783429257051273e-05
7.896555337451878e-05
-2.906257372140244e-05
-6.74547875929381e-05
-6.967909055380201e-05
-6.997175037510619e-05
-2.79141614798079e-05
-6.201537750816853e-05
7.000630505601698e-05
-6.369052134297084e-05
-2.492812767506453e-05
6.068151247743689e-05
-6.125038588689261e-05
-6.066620666328604e-05
1.735204089926655e-05
-6.121187564549338e-05
-6.303641545724795e-05

0.002957817580343315
0.001758777489260697
0.000540259355886359
-0.0005411584139049406
-0.0005944414197512968
0.0003134489517117103
-0.0004213516479994827
0.0003329011593814159
0.0002540253933468361
0.0001704552558057738
-0.0002175631575631286
3.251551547546367e-05
-0.0002273697500563855
0.0001097248521686114
-0.0002277498917368956
-0.0001643756095913183
0.0001286599107708624
0.0001636554224717496
-0.0001202361045468864
-1.919779903339742e-05
0.0001051625181667058
0.0001284712997553844
-9.98233788768432e-05
-9.311056162056392e-05
-0.0001066679762148396
-8.518052597185999e-05
1.512145748550664e-06
-9.89045547858116e-05
8.6364812279509e-05
8.023428378744473e-05
-8.517970105997191e-05
-7.393932557512323e-05
-1.02644934358168e-05
7.415224192878987e-05
7.889036519507568e-05
6.417065250837497e-05
-1.326437398918537e-05
-7.050812839544079e-05
-6.699942604729171e-05
-5.924224385667235e-05
6.651378451526135e-05
-5.595542105536444e-06
-6.135632971497383e-05
-5.634536808935364e-05
-5.982265106702689e-05
-1.397655507884283e-05
5.293058529966461e-05
-5.448376644037604e-05
-5.527564553879375e-05
2.034371260403594e-05
4.721814474216807e-05
4.877515000307563e-05
4.898001098175042e-05
1.95398275518018e-05
4.341057434041285e-05
-4.900419915256982e-05
4.458316989485044e-05
1.744961303288599e-05
-4.247687290370032e-05
4.287508254822106e-05
4.246615888069044e-05
-1.214637549075662e-05
4.284812549717685e-05
4.412529777795015e-05

0.0005755269956070772
0.0003422198620574188
0.0001051227249470759
-0.0001052976620910128
-0.000115665376609894
6.099035135024263e-05
-8.198587014922784e-05
6.47753280548896e-05
4.942781881227672e-05
3.31668869342778e-05
-4.233306044947177e-05
6.326812395926432e-06
-4.424121014480347e-05
2.13500707182367e-05
-4.431517745114579e-05
-3.198391995770431e-05
2.503442145763839e-05
3.1843787201692e-05
-2.339533190730337e-05
-3.735474315041688e-06
2.046233971061498e-05
2.499772185455901e-05
-1.942345928233381e-05
-1.811729098675478e-05
-2.075526911679838e-05
-1.657427845538062e-05
2.94230687303777e-07
-1.924467609025431e-05
1.68047148234535e-05
1.561184726192632e-05
-1.657411794545548e-05
-1.438698525165222e-05
-1.997247263593287e-06
1.442841414506846e-05
1.535034992177146e-05
1.248621385231223e-05
-2.580958799267848e-06
-1.371934887769819e-05
-1.303663168299186e-05
-1.15272526765877e-05
1.294213639909825e-05
-1.088770841783482e-06
-1.193860782251415e-05
-1.096358363286347e-05
-1.164018730117965e-05
-2.719533755875269e-06
1.029914114232968e-05
-1.060135642479229e-05
-1.075543888122688e-05
3.958444182729145e-06
9.187624403259409e-06
9.490583776399727e-06
9.530445268991398e-06
3.802025628727325e-06
8.446753982987302e-06
-9.535151761162054e-06
8.674915584613993e-06
3.39531532642875e-06
-8.26507598290514e-06
8.342558922289814e-06
8.262991266933327e-06
-2.363420597734972e-06
8.33731366622144e-06
8.585823625228254e-06

-0.002440528109014653
-0.00145118682388243
-0.0004457739899042922
0.0004465158126525085
0.000490480212068046
-0.0002586302084608853
0.0003476619205850322
-0.0002746804408740152
-0.0002095991710193051
-0.0001406445231402224
0.0001795137756457157
-2.682891264976551e-05
0.0001876053039375613
-9.053519316220334e-05
0.0001879189630566502
0.0001356281395816944
-0.0001061587201409087
-0.0001350339051973028
9.920814414491785e-05
1.584031702414074e-05
-8.677076074811946e-05
-0.0001060030950990044
8.236537767059533e-05
7.682655765900553e-05
8.801293089000113e-05
7.028339724413587e-05
-1.247688237702583e-06
8.160724571672125e-05
-7.126056501881873e-05
-6.620219792836094e-05
7.028271660017441e-05
6.10081580510051e-05
8.469347440958765e-06
-6.118383769720655e-05
-6.509331578408492e-05
-5.294791749878838e-05
1.094458217579668e-05
5.817703918139388e-05
5.528196993719099e-05
4.88814328287649e-05
-5.488126171987022e-05
4.616943886089607e-06
5.062578853088279e-05
4.649118848595783e-05
4.936033325890838e-05
1.153221069608458e-05
-4.36736133116887e-05
4.495516030684439e-05
4.560854853857664e-05
-1.678582302769925e-05
-3.896021521564552e-05
-4.024491753479745e-05
-4.041395060168897e-05
-1.612252855023371e-05
-3.58185466238071e-05
4.043390852985565e-05
-3.67860682282977e-05
-1.439786935516189e-05
3.504813920689934e-05
-3.537670640360694e-05
-3.50392989476273e-05
1.002210920809606e-05
-3.535446384164723e-05
-3.640827286353478e-05

-0.003359644516056113
-0.001997711821724962
-0.0006136549442109349
0.0006146761415157173
0.0006751977773260644
-0.0003560317778487781
0.0004785933260184603
-0.0003781266167114632
-0.0002885353800614469
-0.0001936120297636622
0.0002471196581088664
-3.693282979310385e-05
0.0002582585007846724
-0.0001246312484965521
0.0002586902856656715
0.0001867064483647926
-0.0001461386822940868
-0.0001858884220189537
0.0001365704808698893
2.180586817507414e-05
-0.0001194491099794121
-0.0001459244479991315
0.0001133846352278588
0.0001057598649133568
0.000121159088278647
9.675251403534132e-05
-1.717574540552265e-06
0.0001123409865798982
-9.809768860778674e-05
-9.113431244633295e-05
9.675157705709073e-05
8.398416837474386e-05
1.165895060970481e-05
-8.422600994897132e-05
-8.960781914295542e-05
-7.288839657463813e-05
1.506637245915874e-05
8.008683445367282e-05
7.610146609263044e-05
6.729045124846702e-05
-7.554984894058237e-05
6.355710532710946e-06
6.969174097214388e-05
6.400002764355006e-05
6.794970823387092e-05
1.587530513580181e-05
-6.012133804850429e-05
6.188552274213264e-05
6.278498060192179e-05
-2.310745697793162e-05
-5.363284811597407e-05
-5.540137644614829e-05
-5.563406830251042e-05
-2.219436212542431e-05
-4.930800972677851e-05
5.566154249699452e-05
-5.063990532782435e-05
-1.982018672240772e-05
4.824746260843783e-05
-4.869977003174892e-05
-4.823529305850133e-05
1.379649106107357e-05
-4.866915079771954e-05
-5.011983013564498e-05

0.002060119087656109
0.001224988011649004
0.000376290484830023
-0.0003769166784794572
-0.0004140282766122483
0.000218317104042634
-0.0002934713007413728
0.0002318655610481153
0.0001769286128599788
0.0001187220362778088
-0.0001515326762019009
2.264704710700946e-05
-0.0001583629650319144
7.642332774171404e-05
-0.000158627733602233
-0.0001144875644511027
8.961159057157211e-05
0.0001139859543310099
-8.374441197745491e-05
-1.337126146403441e-05
7.324566343135314e-05
8.948022305395964e-05
-6.952695446301707e-05
-6.485147918912536e-05
-7.429421452566109e-05
-5.932821165760827e-05
1.053209075708013e-06
-6.888699374986718e-05
6.015306672771453e-05
5.588315540936784e-05
-5.932763710670849e-05
-5.149871883850821e-05
-7.149216703820159e-06
5.164701501715146e-05
5.494711649920876e-05
4.469484087808419e-05
-9.238632639999554e-06
-4.910889099708227e-05
-4.666508082827291e-05
-4.126220568021596e-05
4.632683164194795e-05
-3.897293455149463e-06
-4.273466586796236e-05
-3.924453254767492e-05
-4.166645913404656e-05
-9.734666562585679e-06
3.686613732412438e-05
-3.794792753858731e-05
-3.849947110117432e-05
1.41693899339455e-05
3.288742413106003e-05
3.397187784411901e-05
3.41145634564061e-05
1.360948422799773e-05
3.023545244950733e-05
-3.413141051037475e-05
3.105216491341081e-05
1.215365042122804e-05
-2.958512966937691e-05
2.98624825714054e-05
2.957766735546521e-05
-8.459947009792931e-06
2.984370699317056e-05
3.073325711664987e-05

0.002132724925000618
0.001268160894641969
0.0003895522840627606
-0.0003902005469772701
-0.0004286200882643053
0.0002260113661077219
-0.0003038142608423596
0.0002400373183568324
0.000183164199027765
0.0001229062181083109
-0.000156873220302804
2.344520864458436e-05
-0.0001639442325175757
7.911675441622354e-05
-0.0001642183324628955
-0.0001185225086115296
9.276981798096694e-05
0.0001180032199877944
-8.669585939182609e-05
-1.384251171396727e-05
7.58270980470456e-05
9.26338206103006e-05
-7.197732870452737e-05
-6.713707324909715e-05
-7.69126037672541e-05
-6.141914635715401e-05
1.09032786524754e-06
-7.131481352656148e-05
6.227307221905305e-05
5.785267421839756e-05
-6.141855155705357e-05
-5.33137146928012e-05
-7.401180227798339e-06
5.346723735000217e-05
5.688364600714241e-05
4.627004415947857e-05
-9.564234525234448e-06
-5.083966091872272e-05
-4.830972229031199e-05
-4.271643083256758e-05
4.795955201381033e-05
-4.034647774317238e-06
-4.42407856925758e-05
-4.062764780732397e-05
-4.313493159893863e-05
-1.007775042666109e-05
3.816542957674948e-05
-3.928534588053226e-05
-3.985632777678073e-05
1.466876903633749e-05
3.404649254678773e-05
3.516916622022646e-05
3.531688057498635e-05
1.408913028541404e-05
3.130105606230118e-05
-3.533432137834892e-05
3.214655234392788e-05
1.258198777847817e-05
-3.062781362171558e-05
3.091494141481931e-05
3.062008830962907e-05
-8.758105276574909e-06
3.089550411921726e-05
3.181640511554924e-05

0.003015731582937935
0.001793214313476531
0.0005508376220872962
-0.0005517542836417642
-0.000606080569560386
0.0003195862752314617
-0.0004296017039182432
0.0003394193566957705
0.0002589992049122644
0.0001737927659324076
-0.0002218230393609171
3.315216854701407e-05
-0.0002318216447175949
0.0001118732623394496
-0.0002322092295636792
-0.0001675940803799259
0.0001311790689690621
0.0001668597920125055
-0.0001225903248061015
-1.957369151250355e-05
0.0001072215979390673
0.0001309867649540486
-0.0001017779184203627
-9.493366435115417e-05
-0.0001087565328223582
-8.684835878039249e-05
1.541753528755461e-06
-0.0001008411037740163
8.805583338769232e-05
8.180526928378216e-05
-8.684751771673827e-05
-7.538705592930675e-05
-1.046547198954136e-05
7.560414118043701e-05
8.043503679515258e-05
6.542711246065904e-05
-1.352409013758654e-05
-7.188867598497959e-05
-6.831127332271192e-05
-6.040220567691733e-05
6.781612294022545e-05
-5.705102695808019e-06
-6.2557685289384e-05
-5.744860914634385e-05
-6.099397724758672e-05
-1.425021571717262e-05
5.396696498539124e-05
-5.555055737836415e-05
-5.635794145198482e-05
2.074204204542877e-05
4.814267496851857e-05
4.973016635790425e-05
4.993903850999504e-05
1.992241694171233e-05
4.426055242279604e-05
-4.996370028466036e-05
4.545610737215202e-05
1.77912760688916e-05
-4.330856913269078e-05
4.371457571319864e-05
4.329764532932299e-05
-1.238420125336593e-05
4.368709084369126e-05
4.498927012938564e-05

0.001999233665177868
0.001188784321742312
0.0003651694747483046
-0.0003657771616691439
-0.0004017919516878624
0.0002118648900937036
-0.0002847979554780207
0.0002250129316408379
0.0001716996076985856
0.0001152132870120295
-0.0001470542307250887
2.197772898882104e-05
-0.0001536826550010065
7.416468812005522e-05
-0.0001539395985157681
-0.0001111039621283607
8.696318078614596e-05
0.0001106171767551932
-8.126940267629817e-05
-1.297608289975532e-05
7.108093752330136e-05
8.683569574641991e-05
-6.747213247653473e-05
-6.293483770348545e-05
-7.209849940115441e-05
-5.757480659801775e-05
1.022082195754203e-06
-6.685108536823745e-05
5.837528363593633e-05
5.423156665079383e-05
-5.757424902757894e-05
-4.997670912928146e-05
-6.937926452684219e-06
5.012062251495202e-05
5.332319173579726e-05
4.337391516764407e-05
-8.965591117896169e-06
-4.765751102894908e-05
-4.528592601230218e-05
-4.00427291750597e-05
4.495767355129176e-05
-3.78211159019808e-06
-4.1471671800574e-05
-3.808468700358572e-05
-4.043503519222049e-05
-9.446965094307532e-06
3.577658363785255e-05
-3.682640227618766e-05
-3.736164534283478e-05
1.375062322402215e-05
3.191545861487511e-05
3.296786203391278e-05
3.310633066969562e-05
1.320726515149141e-05
2.934186415782461e-05
-3.31226798204156e-05
3.013443923874421e-05
1.17944575255453e-05
-2.871076122641658e-05
2.897991715152327e-05
2.870351945612986e-05
-8.209919013391091e-06
2.896169647276953e-05
2.982495654563962e-05

-0.0002009669890232214
-0.0001194989909884773
-3.670757005628696e-05
3.676865596769929e-05
4.038893509593034e-05
-2.12970848698476e-05
2.862846329033634e-05
-2.261875245046644e-05
-1.725958990023553e-05
-1.158147133554889e-05
1.478218703832719e-05
-2.209245521112756e-06
1.544848957807826e-05
-7.455183615056924e-06
1.547431805695217e-05
1.116839373325425e-05
-8.741713839112314e-06
-1.111946108847234e-05
8.169363811769701e-06
1.30438195149299e-06
-7.145198802844523e-06
-8.728898786495509e-06
6.782434461251161e-06
6.32633646493924e-06
7.247486169379575e-06
5.787535357742022e-06
-1.027417580008854e-07
6.720005556832003e-06
-5.868000919585988e-06
-5.451466154093546e-06
5.787479309639663e-06
5.023759318360103e-06
6.974143210710537e-07
-5.038225781315193e-06
-5.360154480637809e-06
-4.360033189321923e-06
9.012392514018847e-07
4.790628860775082e-06
4.552232365004938e-06
4.025175673438979e-06
-4.519235767397405e-06
3.801854638958421e-07
4.168815860125384e-06
3.828349336202882e-06
4.064611063324414e-06
9.496279316817442e-07
-3.596334143656817e-06
3.70186402464593e-06
3.75566773423727e-06
-1.382240302698996e-06
-3.208206090576643e-06
-3.313995798935553e-06
-3.32791494470197e-06
-1.327620856408715e-06
-2.949503199566584e-06
3.329558394209803e-06
-3.029174440773935e-06
-1.18560259231033e-06
2.886063463593787e-06
-2.913119558524153e-06
-2.885335506267047e-06
8.252775715958972e-07
-2.911287979246354e-06
-2.99806461802141e-06

0.002410471240558148
0.001433314408764907
0.000440283960870732
-0.000441016647535154
-0.0004844395935805429
0.0002554449904231834
-0.0003433802126318273
0.0002712975526180018
0.0002070178056630058
0.0001389123841349884
-0.0001773029336887342
2.649849518996743e-05
-0.0001852948089585166
8.942018679061608e-05
-0.0001856046051386777
-0.000133957780967367
0.0001048512987369572
0.0001333708650090854
-9.798632411042236e-05
-1.564523206554124e-05
8.570211608388471e-05
0.0001046975903299365
-8.135098848457148e-05
-7.588038304666056e-05
-8.692898800221321e-05
-6.941780638377523e-05
1.232322054827368e-06
-8.060219347392594e-05
7.038293963073019e-05
6.538686998879811e-05
-6.941713412243602e-05
-6.025679846841988e-05
-8.365041302873184e-06
6.043031449270703e-05
6.429164452994139e-05
5.22958256071087e-05
-1.080979173206459e-05
-5.746054687492133e-05
-5.460113250194694e-05
-4.827942263636024e-05
5.420535929603901e-05
-4.560082883529677e-06
-5.000229533659123e-05
-4.591861588106651e-05
-4.87524250614279e-05
-1.139018318219522e-05
4.31357411824973e-05
-4.44015049996845e-05
-4.504684628289031e-05
1.657909347895077e-05
3.848039199234733e-05
3.974927227346871e-05
3.991622357590497e-05
1.592396795261964e-05
3.53774153210341e-05
-3.993593570774913e-05
3.633302119731593e-05
1.422054918266765e-05
-3.461649602859067e-05
3.494101668266048e-05
3.460776464347753e-05
-9.898679686020873e-06
3.491904805393236e-05
3.595987865569067e-05

-0.001697450993154432
-0.001009338309341056
-0.0003100474438669923
0.000310563400948518
0.0003411417881327688
-0.0001798840597615463
0.0002418079391092595
-0.00019104741528672
-0.000145781693600241
-9.782193640970929e-05
0.0001248565159439106
-1.866020893362454e-05
0.0001304843850450332
-6.296958964781987e-05
0.0001307025431482681
9.433291072626443e-05
-7.383616040709183e-05
-9.3919605203488e-05
6.900185340450673e-05
1.101735389368819e-05
-6.035132865900061e-05
-7.372791912890365e-05
5.728726975611329e-05
5.343487588495307e-05
6.121529041105664e-05
4.888393705184584e-05
-8.677997317106801e-07
5.675996919633163e-05
-4.956358274144288e-05
-4.604535641586802e-05
4.888346364620562e-05
4.243276612618778e-05
5.890652179716695e-06
-4.255495590503292e-05
-4.527409994471526e-05
-3.682665846453674e-05
7.612242536912154e-06
4.046364906533634e-05
3.845005284996175e-05
3.399831224870107e-05
-3.817134982705039e-05
3.211204966594906e-06
3.521155716401498e-05
3.233583492725912e-05
3.433139999629816e-05
8.020953508804067e-06
-3.037613785997023e-05
3.126748724113798e-05
3.1721935808558e-05
-1.167497799514613e-05
-2.709784647307391e-05
-2.799139046443832e-05
-2.810895737391265e-05
-1.121363937529307e-05
-2.491273397562855e-05
2.812283863381856e-05
-2.558567050210065e-05
-1.001409389465772e-05
2.437689551094888e-05
-2.460542257126061e-05
-2.437074687990262e-05
6.970638513013576e-06
-2.458995228892737e-05
-2.532290396614551e-05

-0.001341882174985834
-0.0007979099787253513
-0.0002451011192681766
0.0002455089976774193
0.0002696820623890365
-0.0001422033474495294
0.0001911558946734617
-0.0001510282901740446
-0.0001152444794402404
-7.733095878476406e-05
9.870254508180045e-05
-1.475141364936366e-05
0.0001031515319806341
-4.977921027196129e-05
0.0001033239920229256
7.457278703692287e-05
-5.836953639265224e-05
-7.424605753717722e-05
5.454788238241381e-05
8.709524378067622e-06
-4.770940221003505e-05
-5.828396865468853e-05
4.528717851022314e-05
4.224175411352894e-05
4.839238798083499e-05
3.864411051485191e-05
-6.860198003573216e-07
4.487033276628934e-05
-3.918138931691953e-05
-3.64001336501021e-05
3.864373627454071e-05
3.35442806476918e-05
4.656724224075693e-06
-3.364087506300437e-05
-3.579043397974445e-05
-2.911249677142114e-05
6.017689237064757e-06
3.19876388977516e-05
3.039583514028221e-05
2.687661050016618e-05
-3.017551265670995e-05
2.538546751733923e-06
2.783571431661408e-05
2.55623759844368e-05
2.713992561972467e-05
6.340786616674963e-06
-2.401318100115629e-05
2.471781745375745e-05
2.507707167347675e-05
-9.229394502828614e-06
-2.142160057012953e-05
-2.212797192306576e-05
-2.222091183168704e-05
-8.864693505208918e-06
-1.969420842597674e-05
2.223188535334286e-05
-2.022618344818087e-05
-7.916419472532173e-06
1.92706132309853e-05
-1.945127022195224e-05
-1.926575256730404e-05
5.510483428743607e-06
-1.943904053391531e-05
-2.001845920034462e-05

0.001715092072187769
0.001019828047753852
0.0003132696703014958
-0.0003137909895640138
-0.0003446871683943008
0.0001817535387202904
-0.000244320973642738
0.0001930329115195626
0.0001472967572980061
9.88385693012709e-05
-0.0001261541107931955
1.885413866821059e-05
-0.0001318404685835258
6.362401296379768e-05
-0.0001320608939358893
-9.531328326148873e-05
7.460351660562163e-05
9.489568238322816e-05
-6.971896815731818e-05
-1.113185381831558e-05
6.097854120473329e-05
7.449415040954602e-05
-5.788263849280745e-05
-5.399020789303036e-05
-6.185148184193883e-05
-4.939197257126723e-05
8.768185038072336e-07
-5.734985786267642e-05
5.007868160667015e-05
4.652389145161027e-05
-4.939149424566904e-05
-4.287375663717909e-05
-5.951871891555945e-06
4.299721629628514e-05
4.574461955234951e-05
3.72093864461555e-05
-7.691354200672152e-06
-4.088417515653206e-05
-3.884965226338057e-05
-3.435164610976843e-05
3.856805276681045e-05
-3.24457801879872e-06
-3.557749990127047e-05
-3.267189117975736e-05
-3.468819553450705e-05
-8.104312778288142e-06
3.069182759173223e-05
-3.159244048915874e-05
-3.205161199888653e-05
1.179631240206142e-05
2.737946594437337e-05
2.82822962599104e-05
2.840108500562759e-05
1.133017923374482e-05
2.517164425390723e-05
-2.841511052913653e-05
2.585157439991389e-05
1.011816725085806e-05
-2.463023698711034e-05
2.486113905791363e-05
2.462402445524347e-05
-7.043082186157733e-06
2.484550799775327e-05
2.558607701327884e-05

0.0008812016457115156
0.0005239801224647262
0.0001609556440133148
-0.0001612234940020784
-0.0001770977226063745
9.338362647191739e-05
-0.0001255303126561539
9.917888495070665e-05
7.567998654052086e-05
5.078252727091886e-05
-6.481705084345827e-05
9.68711726461948e-06
-6.773865949887497e-05
3.268954818207851e-05
-6.785191241775836e-05
-4.897126132770556e-05
3.833073610143852e-05
4.875670107925035e-05
-3.582109116693763e-05
-5.719464315410712e-06
3.133032432138289e-05
3.827454455727486e-05
-2.973967236225566e-05
-2.773977025439983e-05
-3.177883477666037e-05
-2.537723089071299e-05
4.505028744955358e-07
-2.946593360753938e-05
2.573005692373496e-05
2.390363198387208e-05
-2.537698513054877e-05
-2.202821966188401e-05
-3.05802784057626e-06
2.209165232335423e-05
2.350324783471634e-05
1.911790807268109e-05
-3.951761009969272e-06
-2.100598738441323e-05
-1.996066454096277e-05
-1.764962218395945e-05
1.981598079843826e-05
-1.667040234264185e-06
-1.827945681268229e-05
-1.678657650104079e-05
-1.782253879394285e-05
-4.16393607864916e-06
1.576923444654206e-05
-1.623196270483245e-05
-1.646788163686936e-05
6.060858230641281e-06
1.406736748431342e-05
1.453123503564519e-05
1.459226781628505e-05
5.821362449799887e-06
1.293300499810128e-05
-1.459947402672525e-05
1.328234808781832e-05
5.198639640184238e-06
-1.265483394112925e-05
1.277346972057663e-05
1.265164198813307e-05
-3.618683634518423e-06
1.276543859725893e-05
1.314593749047758e-05

0.0001800752497057275
0.0001070763449578275
3.289159516247308e-05
-3.294633082242537e-05
-3.619025994319198e-05
1.908312352477368e-05
-2.565236062280049e-05
2.026739573164208e-05
1.546535068371883e-05
1.037750703654827e-05
-1.324548889873452e-05
1.979581028750939e-06
-1.384252524193078e-05
6.680171990497101e-06
-1.386566869354604e-05
-1.000737136036265e-05
7.832959582472825e-06
9.963525561272012e-06
-7.320108817328111e-06
-1.168783523945616e-06
6.402411982532647e-06
7.821476732441584e-06
-6.077359197932941e-06
-5.668675358983926e-06
-6.494065955977011e-06
-5.185885899923058e-06
9.206112813428088e-08
-6.02142015736174e-06
5.257986577788137e-06
4.884753131493414e-06
-5.185835678359598e-06
-4.5015090195166e-06
-6.249138658314314e-07
4.514471605794963e-06
4.802933861198011e-06
3.906781253526458e-06
-8.075499564825361e-07
-4.292613889196363e-06
-4.07900015733735e-06
-3.606734210555209e-06
4.04943375652648e-06
-3.406628754221009e-07
-3.735442127296674e-06
-3.430369166741827e-06
-3.642070052098179e-06
-8.509083395053043e-07
3.222473362879611e-06
-3.317032771688139e-06
-3.365243258810044e-06
1.238548026579371e-06
2.874693578672935e-06
2.969485804198462e-06
2.981957970209523e-06
1.189606603525095e-06
2.642884424711202e-06
-2.983430573162681e-06
2.714273356428913e-06
1.062352000694779e-06
-2.586039634651974e-06
2.610283084167111e-06
2.585387352926862e-06
-7.394849547345219e-07
2.608641908684514e-06
2.686397588719761e-06

-0.001085442778045996
-0.00064542598454838
-0.0001982612518147628
0.0001985911829233712
0.0002181446720475451
-0.000115027682296099
0.0001546251893214149
-0.0001221661408921962
-9.322076874550667e-05
-6.25526833107968e-05
7.984006847317489e-05
-1.193235569422473e-05
8.343883503328435e-05
-4.02661912452192e-05
8.357833722722067e-05
6.032160992736637e-05
-4.721486946941975e-05
-6.005731982613457e-05
4.412354981190009e-05
7.045097187082462e-06
-3.859193231650072e-05
-4.714565409049247e-05
3.66326058787663e-05
3.416917505071569e-05
3.91443965985689e-05
3.125905646134707e-05
-5.549184956586975e-07
3.629542113129457e-05
-3.169365899678014e-05
-2.944391312957732e-05
3.125875373995112e-05
2.713382579522766e-05
3.766804398029946e-06
-2.721196060650429e-05
-2.895072966212824e-05
-2.354897468681132e-05
4.867683202488335e-06
2.587466491137769e-05
2.458706162933951e-05
2.174037580167331e-05
-2.440884371044247e-05
2.053419659167108e-06
2.251619079524475e-05
2.067729709748773e-05
2.195337028077547e-05
5.129035297211238e-06
-1.942415987148044e-05
1.999413729787564e-05
2.028473650661917e-05
-7.465617917562874e-06
-1.732784149493475e-05
-1.78992222748226e-05
-1.797440097119858e-05
-7.170612833367012e-06
-1.593056134420598e-05
1.798327740614431e-05
-1.636087367468777e-05
-6.40355800577871e-06
1.558791699450989e-05
-1.573404966532246e-05
-1.558398522435172e-05
4.457406583655297e-06
-1.572415712274054e-05
-1.619284641503823e-05

-0.001697803382530491
-0.001009547847111859
-0.0003101118094514555
0.0003106278736451532
0.000341212608876515
-0.0001799214035387303
0.0002418581382308057
-0.0001910870765669999
-0.000145811957755321
-9.784224416017185e-05
0.0001248824360499717
-1.866408277705526e-05
0.0001305114734919033
-6.298266208081453e-05
0.0001307296768845375
9.435249415794687e-05
-7.385148873093088e-05
-9.393910283326183e-05
6.901617813032652e-05
1.101964108694263e-05
-6.036385754328383e-05
-7.374322498192395e-05
5.729916254438336e-05
5.344596891954386e-05
6.122799865304748e-05
4.889408531541598e-05
-8.679798861936503e-07
5.677175251745412e-05
-4.957387209889528e-05
-4.60549153925395e-05
4.889361181149859e-05
4.244157513219193e-05
5.891875074077578e-06
-4.256379027751434e-05
-4.528349880917333e-05
-3.683430364736933e-05
7.613822831961658e-06
4.047204928431726e-05
3.845803504809132e-05
3.400537026927918e-05
-3.817927416664531e-05
3.21187161000227e-06
3.521886705318341e-05
3.234254781896321e-05
3.433852716562083e-05
8.022618651900547e-06
-3.038244392023469e-05
3.12739783447655e-05
3.172852125533479e-05
-1.167740171060102e-05
-2.710347196283975e-05
-2.799720145318503e-05
-2.811479276944845e-05
-1.121596731724669e-05
-2.491790583791881e-05
2.812867691108916e-05
-2.559098206542492e-05
-1.001617281199467e-05
2.438195613364416e-05
-2.461053063596707e-05
-2.437580622613111e-05
6.972085611617295e-06
-2.459505714201296e-05
-2.532816097937782e-05

-0.001096064223728135
-0.0006517417085784481
-0.0002002013090518524
0.0002005344686543902
0.0002202792956609105
-0.0001161532692953695
0.0001561382520850108
-0.000123361580261171
-9.41329672986649e-05
-6.316478368263377e-05
8.062133208991199e-05
-1.204911806109214e-05
8.425531386756146e-05
-4.066021032369458e-05
8.439618114034213e-05
6.09118784484425e-05
-4.767688384879725e-05
-6.064500217407259e-05
4.45553145231383e-05
7.114035982026355e-06
-3.896956817271649e-05
-4.760699117265153e-05
3.699106902523796e-05
3.450353264573873e-05
3.952743851532701e-05
3.156493750545985e-05
-5.603485715492947e-07
3.665058480445289e-05
-3.200379278208883e-05
-2.97320323471922e-05
3.156463182182691e-05
2.739933998230021e-05
3.803663925881286e-06
-2.747823937065506e-05
-2.923402290317353e-05
-2.377940982403527e-05
4.915315223058524e-06
2.612785775899477e-05
2.482765481846185e-05
2.195311315213988e-05
-2.464769297351796e-05
2.073513104729905e-06
2.273651977282301e-05
2.087963184273388e-05
2.216819185837262e-05
5.179224741474565e-06
-1.961423222091364e-05
2.018978708022151e-05
2.048322990612307e-05
-7.53867165821083e-06
-1.749740061951768e-05
-1.807437256463049e-05
-1.815028691142989e-05
-7.240779843787319e-06
-1.608644758291605e-05
1.815925020546865e-05
-1.652097067341168e-05
-6.466219110451559e-06
1.574045033574096e-05
-1.588801296699047e-05
-1.573648009181092e-05
4.501023900817065e-06
-1.587802362234061e-05
-1.635129920694521e-05

0.0001635177332800292
9.723091454285982e-05
2.986728655781592e-05
-2.9916989396248e-05
-3.286264649026937e-05
1.732847300101837e-05
-2.329368344166162e-05
1.840385402741613e-05
1.404334628061667e-05
9.423318476520688e-06
-1.20275958214619e-05
1.797562981000885e-06
-1.256973600831466e-05
6.065945117896827e-06
-1.259075147131579e-05
-9.087215947844748e-06
7.112736469310127e-06
9.047401671900204e-06
-6.647041184888747e-06
-1.061316493204321e-06
5.81372452139211e-06
7.102309441644634e-06
-5.518559613266809e-06
-5.14745333918243e-06
-5.896951116980241e-06
-4.709055290998995e-06
8.359631332081914e-08
-5.467764042354177e-06
4.774526472813631e-06
4.435611007069056e-06
-4.709009687195858e-06
-4.087605333961422e-06
-5.674544336494561e-07
4.099376039419048e-06
4.361314835663221e-06
3.547561455787864e-06
-7.332975442786833e-07
-3.897917643624445e-06
-3.703945216607857e-06
-3.275103067290697e-06
3.677097380211956e-06
-3.093396860074634e-07
-3.391976578966206e-06
-3.114954394766607e-06
-3.307189857240957e-06
-7.726692209638075e-07
2.926174145054339e-06
-3.012039027727565e-06
-3.055816668399406e-06
1.12466630586705e-06
2.610371934105295e-06
2.696448226525193e-06
2.707773604767087e-06
1.080224937193276e-06
2.399877113351256e-06
-2.709110805171859e-06
2.464701992473486e-06
9.646711104545508e-07
-2.348259074595446e-06
2.370273393151146e-06
2.347666768710518e-06
-6.71490967196741e-07
2.368783120082374e-06
2.439389339258954e-06

0.001453864433948558
0.0008644968695360757
0.0002655552079516644
-0.0002659971244801423
-0.0002921874709196423
0.0001540704490299705
-0.0002071081662652354
0.0001636318476371013
0.0001248618194581066
8.378435358643679e-05
-0.0001069394336623972
1.59824432092909e-05
-0.0001117596957836727
5.393336666477283e-05
-0.0001119465478981167
-8.079600790176978e-05
6.324056952933417e-05
8.044201229165122e-05
-5.909999225069109e-05
-9.436348411149187e-06
5.169082973985231e-05
6.314786102387297e-05
-4.906646751649048e-05
-4.576689748034138e-05
-5.243081178860849e-05
-4.186902464794603e-05
7.432692730526531e-07
-4.861483531446485e-05
4.245114024350797e-05
3.943778424915781e-05
-4.186861917666915e-05
-3.634360564972518e-05
-5.045335465583997e-06
3.644826102672373e-05
3.877720414556732e-05
3.154198217131337e-05
-6.519875231533659e-06
-3.465705960355736e-05
-3.29324172229147e-05
-2.911950753925073e-05
3.269370846825123e-05
-2.750392623927858e-06
-3.015865013549103e-05
-2.769559800687135e-05
-2.940479673557272e-05
-6.869935615127802e-06
2.601712017220218e-05
-2.678055968752266e-05
-2.716979425860227e-05
9.999602546833887e-06
2.320926812182863e-05
2.397458731776976e-05
2.407528321354568e-05
9.604466655362369e-06
2.133772228220893e-05
-2.408717249350396e-05
2.191409148878308e-05
8.577057606009424e-06
-2.087877737642686e-05
2.107451048831638e-05
2.087351108240629e-05
-5.970342270179605e-06
2.106126021283509e-05
2.168903231324475e-05

0.0009454825875442852
0.0005622028560894165
0.0001726968617480186
-0.0001729842505671923
-0.0001900164551813378
0.0001001956739647945
-0.0001346873617440349
0.0001064136786731297
8.120060811039698e-05
5.448695598767806e-05
-6.954525476287526e-05
1.039376258744927e-05
-7.267998575748591e-05
3.50741498852822e-05
-7.280150012743392e-05
-5.254356378107419e-05
4.112684506213284e-05
5.231335202432248e-05
-3.843412927109394e-05
-6.136681594522998e-06
3.361577483672219e-05
4.106655451813884e-05
-3.190908972382259e-05
-2.976330092624663e-05
-3.409700274619429e-05
-2.722842160364224e-05
4.833656695345028e-07
-3.161538257134179e-05
2.760698520742627e-05
2.56473282021341e-05
-2.722815791603627e-05
-2.363511033629126e-05
-3.281101538519962e-06
2.370317021474265e-05
2.521773726434268e-05
2.05125004940223e-05
-4.240029785742725e-06
-2.253830936743429e-05
-2.141673344703494e-05
-1.893710767890946e-05
2.126149547179104e-05
-1.78864567707423e-06
-1.961288680094953e-05
-1.801110547563583e-05
-1.912263802220061e-05
-4.467682371190597e-06
1.69195514564301e-05
-1.741603431379442e-05
-1.766916280419422e-05
6.502979142779414e-06
1.509353854901535e-05
1.559124380733846e-05
1.565672874105841e-05
6.246012883493566e-06
1.387642781857709e-05
-1.566446062232336e-05
1.425125440907554e-05
5.577864365814685e-06
-1.35779650410745e-05
1.370525493467221e-05
1.357454024494583e-05
-3.882655443190129e-06
1.369663796568055e-05
1.410489307944758e-05

0.0006803809155920982
0.0004045680999457736
0.0001242747888368582
-0.0001244815973709691
-0.0001367381815984969
7.210204110429816e-05
-9.692268446752518e-05
7.657659388013216e-05
5.843295775152929e-05
3.920948464952815e-05
-5.004562192260094e-05
7.479479578851668e-06
-5.230141295709617e-05
2.523979026895696e-05
-5.238885619442891e-05
-3.781099568072487e-05
2.959538426980357e-05
3.76453324650415e-05
-2.76576728201528e-05
-4.416031661486612e-06
2.419032562106062e-05
2.955199845175034e-05
-2.296217399242685e-05
-2.141803794381574e-05
-2.453662315205567e-05
-1.95939075609327e-05
3.478358894560276e-07
-2.275081870788466e-05
1.986632659300925e-05
1.845613327473045e-05
-1.959371780808399e-05
-1.700811651380305e-05
-2.361121080745637e-06
1.70570932406444e-05
1.814699434459354e-05
1.476104800983638e-05
-3.051177658653396e-06
-1.62188450272193e-05
-1.54117451803444e-05
-1.362737593582269e-05
1.530003402128525e-05
-1.287131460134484e-06
-1.411367491568664e-05
-1.296101334469512e-05
-1.376088585604588e-05
-3.21499926315968e-06
1.217551762770781e-05
-1.253279280709325e-05
-1.27149471865868e-05
4.679623888931933e-06
1.086149624836571e-05
1.121965108253237e-05
1.126677484742206e-05
4.49470780367267e-06
9.985648375475742e-06
-1.127233880441555e-05
1.02553782067754e-05
4.013899900704452e-06
-9.770870884584394e-06
9.862470259863491e-06
9.768406359113875e-06
-2.794006679939303e-06
9.856269382843223e-06
1.015005479122235e-05

-0.001302109056730452
-0.0007742600871532817
-0.0002378363713023289
0.0002382321602772519
0.0002616887402041569
-0.0001379884687815082
0.0001854900723338854
-0.000146551841975501
-0.0001118286562074287
-7.503888469224216e-05
9.577702146221281e-05
-1.431418471045192e-05
0.0001000941412825804
-4.830376447371213e-05
0.0001002614896438067
7.236246460120787e-05
-5.663947505291043e-05
-7.204541929820981e-05
5.293109410023937e-05
8.451375824119851e-06
-4.629530510721174e-05
-5.655644352549716e-05
4.394487563154481e-05
4.098971700254243e-05
4.695804731687537e-05
3.749870683781386e-05
-6.656863112077311e-07
4.354038511176934e-05
-3.802006080407462e-05
-3.532124099682988e-05
3.749834368991003e-05
3.255003490402298e-05
4.518699853010803e-06
-3.264376628023893e-05
-3.472961270225826e-05
-2.82496082120639e-05
5.839326136259388e-06
3.103953170301973e-05
2.949490868933201e-05
2.607999316099258e-05
-2.928111651991709e-05
2.463304735679315e-06
2.701066933285445e-05
2.480471229244752e-05
2.633550367328514e-05
6.152846974403505e-06
-2.330143513742896e-05
2.398518630703655e-05
2.43337923038307e-05
-8.955837102757896e-06
-2.078666863005687e-05
-2.147210327792313e-05
-2.156228846631119e-05
-8.601945769487817e-06
-1.911047604225698e-05
2.157293673498562e-05
-1.962668343159281e-05
-7.681778388753774e-06
1.869943612381658e-05
-1.88747384778305e-05
-1.869471952921109e-05
5.347153806265772e-06
-1.886287127528798e-05
-1.94251160887794e-05

-5.441189774453528e-05
-3.235440263015157e-05
-9.938590203611693e-06
9.955129240141337e-06
1.093532135370225e-05
-5.766194785652577e-06
7.751168610881046e-06
-6.124036845161028e-06
-4.673041305571655e-06
-3.135688289418575e-06
4.002283427138375e-06
-5.981541643807786e-07
4.182685123147845e-06
-2.018494134300715e-06
4.189678194787028e-06
3.023847352939823e-06
-2.366822739580057e-06
-3.010598818557109e-06
2.211858726272932e-06
3.531619680906862e-07
-1.934565614551112e-06
-2.363353058637976e-06
1.836347014795579e-06
1.712858288323192e-06
1.96225996254855e-06
1.566977659411799e-06
-2.781737467244951e-08
1.819444362368903e-06
-1.588763744492066e-06
-1.475986779598136e-06
1.56696248436128e-06
1.36018497192778e-06
1.888252240234367e-07
-1.364101772936505e-06
-1.451264105180258e-06
-1.180480840233114e-06
2.4401091059185e-07
1.297064801397781e-06
1.232518848778144e-06
1.089818025393379e-06
-1.223585005957614e-06
1.029353760340007e-07
1.128708667033913e-06
1.036527210886625e-06
1.100495173974694e-06
2.571121663575797e-07
-9.737089988330729e-07
1.002281258993008e-06
1.0168486362411e-06
-3.742421497905482e-07
-8.686231634023113e-07
-8.97265771925826e-07
-9.010343865621511e-07
-3.594539114788457e-07
-7.985792456394441e-07
9.014793512175658e-07
-8.201502680801469e-07
-3.210024060779015e-07
7.814029101406816e-07
-7.887283593512233e-07
-7.812058153874952e-07
2.234442534796409e-07
-7.882324584847645e-07
-8.11727270338176e-07

0.0007143192745168881
0.0004247485269254553
0.0001304737904434549
-0.00013069091487867
-0.0001435588748005973
7.569859252737888e-05
-0.0001017573245610725
8.03963423016504e-05
6.134767603324746e-05
4.116530900144358e-05
-5.25419680729749e-05
7.852566561011263e-06
-5.49102811433394e-05
2.649878657779303e-05
-5.500208617257175e-05
-3.969706143200026e-05
3.107164374571459e-05
3.952313470164087e-05
-2.903727651814765e-05
-4.636309544236944e-06
2.539697315426497e-05
3.102609378190314e-05
-2.410755959156936e-05
-2.248639986071648e-05
-2.576054449413475e-05
-2.057127928360049e-05
3.651864338243307e-07
-2.38856616075743e-05
2.085728696091796e-05
1.937675121255232e-05
-2.057108006561241e-05
-1.785650533490613e-05
-2.478897127761675e-06
1.790792508990175e-05
1.905219199690342e-05
1.549734988719016e-05
-3.203374700265922e-06
-1.702786387425771e-05
-1.618050474958224e-05
-1.430712865244808e-05
1.606322128047233e-05
-1.351335391309401e-06
-1.48176849107593e-05
-1.360752695617644e-05
-1.444729823564995e-05
-3.375367957277777e-06
1.27828496058312e-05
-1.315794617466666e-05
-1.334918667132126e-05
4.913050123466115e-06
1.140328298824627e-05
1.177930309028818e-05
1.182877745498106e-05
4.718910163273031e-06
1.048374658913463e-05
-1.183461894999202e-05
1.076693092454511e-05
4.214118884506918e-06
-1.025825569431656e-05
1.035442417552244e-05
1.025566823483887e-05
-2.933375670706075e-06
1.034791399001659e-05
1.065635382859766e-05

0.0005244498432419144
0.0003118483657240812
9.579324174266473e-05
-9.595265347924896e-05
-0.0001054002489798167
5.55775497048895e-05
-7.470974789371626e-05
5.902661543864498e-05
4.504117448133143e-05
3.022337576906721e-05
-3.857606521695726e-05
5.76531734322101e-06
-4.031486950630965e-05
1.945528416018602e-05
-4.038227232590608e-05
-2.914539532655676e-05
2.281265433125514e-05
2.901769914122248e-05
-2.13190315050814e-05
-3.403956606575934e-06
1.864633793982522e-05
2.277921176260083e-05
-1.769965658184904e-05
-1.650940875143172e-05
-1.891327030327213e-05
-1.510333625375923e-05
2.681181578121801e-07
-1.753674012827414e-05
1.531332174188388e-05
1.422631937634819e-05
-1.510318998885198e-05
-1.311016202114142e-05
-1.819994582879708e-06
1.314791416280686e-05
1.398802953056529e-05
1.137808121515077e-05
-2.351902600606552e-06
-1.25017773678835e-05
-1.187965029395628e-05
-1.050422639665378e-05
1.179354132394459e-05
-9.921440725771704e-07
-1.087907439416708e-05
-9.990582129962877e-06
-1.060713824372122e-05
-2.478179238933673e-06
9.385107907801325e-06
-9.660502040011677e-06
-9.800909910931166e-06
3.607138234977689e-06
8.372236602007643e-06
8.648308787941837e-06
8.684632633222254e-06
3.46460159159974e-06
7.697117313511642e-06
-8.688921431313271e-06
7.905029917320499e-06
3.09398621488577e-06
-7.531562961755717e-06
7.602169407209983e-06
7.529663261208676e-06
-2.153670586183589e-06
7.597389659708256e-06
7.823844734859634e-06

0.0007741770728108841
0.000460341170939731
0.0001414071001127235
-0.0001416424189199436
-0.0001555886750281348
8.204190600682334e-05
-0.0001102842810996948
8.713331302718255e-05
6.648842604353375e-05
4.46148375957828e-05
-5.694482634529829e-05
8.510587927740216e-06
-5.951159689975482e-05
2.871930487904137e-05
-5.961109491320599e-05
-4.302355531341638e-05
3.367535366976641e-05
4.283505404821551e-05
-3.147051261135579e-05
-5.024818284552871e-06
2.75251628176067e-05
3.362598675651518e-05
-2.612770029178058e-05
-2.437069227062476e-05
-2.791920033792978e-05
-2.229509037191206e-05
3.95787954286329e-07
-2.588720792674989e-05
2.260506462899201e-05
2.100046445543355e-05
-2.22948744600566e-05
-1.935282656366883e-05
-2.686621221957215e-06
1.94085551388562e-05
2.064870815752023e-05
1.679598101297559e-05
-3.471807827455281e-06
-1.845474745072632e-05
-1.753638219003482e-05
-1.550602283268071e-05
1.740927072033772e-05
-1.464573216699599e-06
-1.605936216378117e-05
-1.474779662672781e-05
-1.565793820371453e-05
-3.658213600063252e-06
1.385401380456124e-05
-1.426054233324504e-05
-1.446780820607351e-05
5.324748888694312e-06
1.235884367006708e-05
1.276637312126194e-05
1.281999328832565e-05
5.114340586049955e-06
1.136225289728484e-05
-1.282632428297589e-05
1.166916722491044e-05
4.567249322356869e-06
-1.111786654636946e-05
1.122209365590843e-05
1.111506226558788e-05
-3.17918369448865e-06
1.121503793651323e-05
1.154932410222426e-05

1.238628722256404e-05
7.365134106632301e-06
2.262413882835474e-06
-2.266178817867897e-06
-2.48930908079737e-06
1.312612640908738e-06
-1.764470726168519e-06
1.394071562792879e-06
1.063767929661565e-06
7.138059395525877e-07
-9.110770645613316e-07
1.361634052565919e-07
-9.521435833782705e-07
4.59488625494044e-07
-9.53735481436505e-07
-6.883465452149054e-07
5.387819111654678e-07
6.85330657906879e-07
-5.035060090716128e-07
-8.039354909966391e-08
4.403831945875341e-07
5.379920753706378e-07
-4.180247796577154e-07
-3.899138903449597e-07
-4.466875170532418e-07
-3.567057236617462e-07
6.3323281626847e-09
-4.141770714061918e-07
3.616650931700145e-07
3.359926219504235e-07
-3.567022692210171e-07
-3.096315775815221e-07
-4.29840449704486e-08
3.10523195501448e-07
3.303647692473885e-07
2.687238518442901e-07
-5.554647695114322e-08
-2.952629450967863e-07
-2.805697485444976e-07
-2.480854306176129e-07
2.785360546859765e-07
-2.343213866412737e-08
-2.569384697195877e-07
-2.359543460230009e-07
-2.50515969420489e-07
-5.852883786327083e-08
2.216544511556965e-07
-2.281586209392583e-07
-2.314747287341934e-07
8.519222725744647e-08
1.977327833877478e-07
2.042529672138289e-07
2.051108520748666e-07
8.182584279236284e-08
1.817880338053113e-07
-2.052121435280271e-07
1.866984466189743e-07
7.307276837761585e-08
-1.778780245211679e-07
1.795455847779823e-07
1.778331580128631e-07
-5.086469717961774e-08
1.794326982457985e-07
1.847810411628599e-07

-0.0004571005605124197
-0.0002718011352357179
-8.349157704615551e-05
8.363051729960759e-05
9.186486278459554e-05
-4.844034076732998e-05
6.511560271780129e-05
-5.144648120279467e-05
-3.925703547604389e-05
-2.634212247871047e-05
3.362216856436502e-05
-5.024941513620703e-06
3.513767748391014e-05
-1.695685757016583e-05
3.519642450616346e-05
2.540257512095635e-05
-1.988307788812573e-05
-2.529127754189002e-05
1.858126449293462e-05
2.966824173704172e-06
-1.625179535017379e-05
-1.985392997803365e-05
1.542668579025101e-05
1.438928830135557e-05
1.648444854765704e-05
1.316378211598919e-05
-2.336867134174668e-07
1.528469089177793e-05
-1.334680149440602e-05
-1.239939079924367e-05
1.316365463426056e-05
1.142656916670507e-05
1.586272843216826e-06
-1.145947321909207e-05
-1.21917018782162e-05
-9.916920308053785e-06
2.049873807497537e-06
1.089631261387332e-05
1.035407842719954e-05
9.155284982028101e-06
-1.027902747815891e-05
8.647340017887202e-07
9.481995404344084e-06
8.707602357589985e-06
9.244981000788059e-06
2.159934136245883e-06
-8.17988248143316e-06
8.419910796471168e-06
8.542287640177051e-06
-3.143913436719868e-06
-7.297083015341961e-06
-7.53770230917822e-06
-7.569361485457824e-06
-3.019681195216864e-06
-6.708661817090703e-06
7.573099520728833e-06
-6.889874508756335e-06
-2.696659845104569e-06
6.564367776472305e-06
-6.625907018420215e-06
-6.562712033417872e-06
1.877098534377547e-06
-6.621741080932319e-06
-6.819115039791095e-06

0.0006088480335355471
0.0003620332176262213
0.0001112089699569854
-0.0001113940353613447
-0.000122362004970438
6.452148338417228e-05
-8.673257066841225e-05
6.852559725054114e-05
5.228951989304776e-05
3.508713586425032e-05
-4.4783999369134e-05
6.69311312103846e-06
-4.680262438336005e-05
2.258616654278713e-05
-4.688087414295342e-05
-3.383567915951806e-05
2.648382854585133e-05
3.3687433197881e-05
-2.474984133567078e-05
-3.951745458330177e-06
2.164703895634626e-05
2.644500416173192e-05
-2.054801091654486e-05
-1.916621995921118e-05
-2.195692796987063e-05
-1.753387229765266e-05
3.112656343455896e-07
-2.035887679119893e-05
1.77776501406025e-05
1.651571964098772e-05
-1.753370249475855e-05
-1.521994232387572e-05
-2.112881025919089e-06
1.526376980805188e-05
1.623908250228929e-05
1.320912278365686e-05
-2.730387456302046e-06
-1.451365209508742e-05
-1.379140791778471e-05
-1.219464104685838e-05
1.369144168126551e-05
-1.151806937034139e-06
-1.262981224405449e-05
-1.159833749992507e-05
-1.231411419863085e-05
-2.876985427332278e-06
1.089542606945916e-05
-1.121513857962929e-05
-1.137814188148808e-05
4.187624516160225e-06
9.719556325753891e-06
1.0040056006877e-05
1.008222534309437e-05
4.02214986468388e-06
8.935792050683993e-06
-1.008720432500688e-05
9.177163426047147e-06
3.591892431646678e-06
-8.743595517870308e-06
8.825564453549337e-06
8.741390104020584e-06
-2.500254539455678e-06
8.820015515159158e-06
9.082913347942185e-06

0.0003018798386842468
0.0001795037896413506
5.513977883101124e-05
-5.52315382050482e-05
-6.066969142869807e-05
3.19911273796225e-05
-4.30038581056418e-05
3.397645242211072e-05
2.592625903464759e-05
1.739695019310181e-05
-2.220486190401294e-05
3.318588215751828e-06
-2.320573923315369e-05
1.119870302091857e-05
-2.324453713265237e-05
-1.677645127164174e-05
1.313124695949488e-05
1.670294776253632e-05
-1.22714991234935e-05
-1.959359669037502e-06
1.073306353669714e-05
1.311199700192912e-05
-1.018814199784182e-05
-9.503020574563815e-06
-1.088671311797836e-05
-8.693667794226565e-06
1.543321392343677e-07
-1.009436526521843e-05
8.814538047307584e-06
8.188845994983188e-06
-8.693583602329875e-06
-7.546371968771809e-06
-1.04761146974467e-06
7.568102570052775e-06
8.051683402353669e-06
6.549364760094092e-06
-1.353784326225311e-06
-7.196178211731321e-06
-6.838074146799068e-06
-6.046363081211128e-06
6.78850875496694e-06
-5.710904416134793e-07
-6.262130240794959e-06
-5.750703066495882e-06
-6.105600417615999e-06
-1.426470726458022e-06
5.402184589717403e-06
-5.560704870118103e-06
-5.641525383212059e-06
2.076313536020758e-06
4.819163295420762e-06
4.97807387195921e-06
4.998982328115842e-06
1.994267675078378e-06
4.430556254099248e-06
-5.001451013523485e-06
4.550233329241894e-06
1.780936864557499e-06
-4.335261114543129e-06
4.375903060839054e-06
4.33416762333063e-06
-1.239679518477947e-06
4.373151778857105e-06
4.503502130632331e-06

-0.0003558381839829356
-0.000211588500916378
-6.499552553749018e-05
6.510368608617225e-05
7.151386099474211e-05
-3.77092578290725e-05
5.069041655534106e-05
-4.004944212499245e-05
-3.056034802649091e-05
-2.050650083339082e-05
2.61737841452377e-05
-3.911756443315288e-06
2.735355942517224e-05
-1.320037192047176e-05
2.73992921052674e-05
1.97750932298089e-05
-1.547834095800816e-05
-1.968845161996119e-05
1.446492081712135e-05
2.309577842091409e-06
-1.26515035059029e-05
-1.545565024114161e-05
1.200918207216131e-05
1.120160126739839e-05
1.283261658787406e-05
1.024758385167989e-05
-1.819176411208041e-07
1.189864357982387e-05
-1.039005859111758e-05
-9.652529630584769e-06
1.024748461123065e-05
8.895219067071529e-06
1.234862733923021e-06
-8.920833820696607e-06
-9.490850440310156e-06
-7.720005657321122e-06
1.595761274581339e-06
8.48243128007905e-06
8.060319287781605e-06
7.127096886954144e-06
-8.001894521485096e-06
6.731677958999341e-07
7.381430513732788e-06
6.778590265339477e-06
7.196922372167623e-06
1.681439724560646e-06
-6.367777200103555e-06
6.554631575494099e-06
6.649898038922073e-06
-2.447436176116984e-06
-5.680546017352409e-06
-5.867860450871857e-06
-5.892506108232144e-06
-2.350725344787892e-06
-5.222478912019683e-06
5.895416049274866e-06
-5.363547203515844e-06
-2.099263542852878e-06
5.11015061097687e-06
-5.158056944915348e-06
-5.108861667891126e-06
1.461261243876544e-06
-5.154813895661533e-06
-5.308463217392994e-06

-0.0002525427839775092
-0.0001501669901776039
-4.612813268542915e-05
4.620489557189848e-05
5.075427641421095e-05
-2.676272919130725e-05
3.597561895854164e-05
-2.842358708600355e-05
-2.168905900859622e-05
-1.45537186372863e-05
1.857586007569767e-05
-2.776222190039638e-06
1.941316126223317e-05
-9.368468097003076e-06
1.944561831401585e-05
1.403462956608761e-05
-1.098517104917873e-05
-1.397313893822094e-05
1.026593417344912e-05
1.639136113855001e-06
-8.978929358042679e-06
-1.096906716527755e-05
8.523065849333351e-06
7.949915710021412e-06
9.107467564450634e-06
7.27283768700192e-06
-1.291092120272814e-07
8.444615306787847e-06
-7.373953781220589e-06
-6.850520306848271e-06
7.272767254818548e-06
6.313047582866805e-06
8.763974376329819e-07
-6.331226692050146e-06
-6.735774575071031e-06
-5.478984012340461e-06
1.132531619666517e-06
6.020086957476755e-06
5.720508827627659e-06
5.058189285254791e-06
-5.679044044506892e-06
4.777555555103261e-07
5.238693022807901e-06
4.810849802262142e-06
5.107745300373751e-06
1.193338681020219e-06
-4.519290661456982e-06
4.651903535189804e-06
4.719515328898408e-06
-1.736975887764581e-06
-4.03155414542799e-06
-4.16449352811787e-06
-4.181984857614046e-06
-1.668339008182288e-06
-3.706458224755778e-06
4.184050078958221e-06
-3.80657614540769e-06
-1.489873440452015e-06
3.62673743270342e-06
-3.660737153617406e-06
-3.625822653782344e-06
1.037075275382619e-06
-3.658435521239427e-06
-3.767482355480232e-06

-0.0009018627539639817
-0.0005362656306513858
-0.0001647294930534553
0.0001650036231910885
0.0001812500471462047
-9.557314713949154e-05
0.0001284735611071433
-0.0001015042842374334
-7.745441853585641e-05
-5.197320059570355e-05
6.633678484602249e-05
-9.914246411996066e-06
6.932689504475589e-05
-3.345600418791362e-05
6.944280334993225e-05
5.011946677703134e-05
-3.922945830862845e-05
-4.989987583830126e-05
3.666097094465924e-05
5.853565825480737e-06
-3.206491126360202e-05
-3.917194926850821e-05
3.043696405828247e-05
2.839017121418406e-05
3.252393772631408e-05
2.597223853411983e-05
-4.610655972315205e-07
3.015680708354123e-05
-2.633333710828917e-05
-2.446408886734424e-05
2.597198701173738e-05
2.254470466081826e-05
3.129727938461294e-06
-2.260962459717448e-05
-2.40543171049067e-05
-1.956615640513983e-05
4.044416036674966e-06
2.149850459817007e-05
2.042867257622167e-05
1.806344432823101e-05
-2.028059650403203e-05
1.706126519349092e-06
1.870804638446089e-05
1.718016323112308e-05
1.82404152302368e-05
4.26156587143924e-06
-1.613896805012891e-05
1.661254567380197e-05
1.685399608280642e-05
-6.202964238515879e-06
-1.439719823738401e-05
-1.487194186656793e-05
-1.493440565325705e-05
-5.957853116081499e-06
-1.32362389032987e-05
1.494178082422754e-05
-1.359377287125492e-05
-5.320529626311212e-06
1.295154570427836e-05
-1.307296307938281e-05
-1.294827891108775e-05
3.703529157301554e-06
-1.306474365420195e-05
-1.345416392071438e-05

-0.0006313419898947811
-0.0003754085739536651
-0.0001153175973634443
0.000115509500029195
0.0001268826824601017
-6.690523655658305e-05
8.993691485955309e-05
-7.10572828422095e-05
-5.422136185315079e-05
-3.638343388842102e-05
4.64385490628403e-05
-6.94039090820122e-06
4.853175239624822e-05
-2.342061490519813e-05
4.861289310166801e-05
3.508574198058274e-05
-2.746227645193026e-05
-3.493201905588547e-05
2.566422689698918e-05
4.097743121108521e-06
-2.244679114862743e-05
-2.742201769674937e-05
2.130715939919637e-05
1.987431802569761e-05
2.276812904524065e-05
1.818166310348132e-05
-3.227653768256108e-07
2.111103769316265e-05
-1.843444734515867e-05
-1.71258946869458e-05
1.818148702719968e-05
1.578224473689444e-05
2.190941643628182e-06
-1.582769143222627e-05
-1.683903715928518e-05
-1.369713525158824e-05
2.831261915776453e-06
1.504986053932472e-05
1.430093297288284e-05
1.26451733774474e-05
-1.419727347297416e-05
1.194360568727005e-06
1.309642202153679e-05
1.202683933157437e-05
1.276906047770865e-05
2.983275964681234e-06
-1.129795876238844e-05
1.162948308578178e-05
1.179850856222553e-05
-4.342336756206732e-06
-1.00786463840002e-05
-1.041098696045517e-05
-1.045471424735237e-05
-4.170748625858442e-06
-9.265925853132898e-06
1.045987717829434e-05
-9.516214720032255e-06
-3.724595285486601e-06
9.066628598649611e-06
-9.151625885512948e-06
-9.064341705552666e-06
2.592626713461374e-06
-9.145871940997227e-06
-9.418482562604829e-06

-4.157583544232138e-05
-2.47218232654933e-05
-7.59402277738656e-06
7.606660165388906e-06
8.355619633868379e-06
-4.405918107475905e-06
5.922625822852672e-06
-4.679343280956672e-06
-3.570645472553936e-06
-2.395962385478406e-06
3.058123021935795e-06
-4.570463471829542e-07
3.195966977718832e-06
-1.542320401381971e-06
3.201310345784457e-06
2.310505333567966e-06
-1.808476396162264e-06
-2.300382200437482e-06
1.69006923553425e-06
2.698491410612859e-07
-1.478191075417185e-06
-1.805825231813696e-06
1.403142776976651e-06
1.308785712003793e-06
1.499352176264163e-06
1.1973191160369e-06
-2.125510485312301e-08
1.390227552092374e-06
-1.213965745273382e-06
-1.127793479126831e-06
1.197307520863373e-06
1.039309947050368e-06
1.442803277728465e-07
-1.042302753429961e-06
-1.108903017935493e-06
-9.019989963723582e-07
1.864474110506437e-07
9.910801676872947e-07
9.417609559729668e-07
8.327240321308548e-07
-9.349346552227131e-07
7.865236157122219e-08
8.62440160123141e-07
7.92004810301497e-07
8.408823833472225e-07
1.96458009402031e-07
-7.440057557702744e-07
7.658376645257777e-07
7.769685183280411e-07
-2.859563933675659e-07
-6.637102398600585e-07
-6.855959014105142e-07
-6.88475479378575e-07
-2.74656780818934e-07
-6.101900628466326e-07
6.888154744556861e-07
-6.266723639024385e-07
-2.452761944520653e-07
5.970657182062289e-07
-6.026630541523799e-07
-5.969151191842045e-07
1.707325400912393e-07
-6.022841389964635e-07
-6.202363970826892e-07

-0.0006364526876482304
-0.0003784474970513112
-0.0001162510904547088
0.0001164445465677145
0.0001279097946284266
-6.744683278754558e-05
9.066495195525328e-05
-7.163248978492785e-05
-5.466028243289234e-05
-3.667795688360171e-05
4.681446796601802e-05
-6.99657320050948e-06
4.892461572850272e-05
-2.361020420210667e-05
4.900641326591091e-05
3.536976019192329e-05
-2.768458289886047e-05
-3.521479288395201e-05
2.587197817734963e-05
4.130914250064863e-06
-2.262849736639119e-05
-2.764399825004912e-05
2.147964032620421e-05
2.003520013731546e-05
2.295243648529807e-05
1.832884321547296e-05
-3.253781545476918e-07
2.128193101982284e-05
-1.858367373932946e-05
-1.726452837978996e-05
1.8328665713859e-05
1.59100016167058e-05
2.208677261907477e-06
-1.595581620189823e-05
-1.697534874754625e-05
-1.380801322181231e-05
2.854180910782282e-06
1.517168878721527e-05
1.441669867069449e-05
1.274753574239085e-05
-1.431220004968919e-05
1.204028887915256e-06
1.320243723305176e-05
1.212419629774269e-05
1.287242570566144e-05
3.0074255096421e-06
-1.138941545842318e-05
1.172362346298959e-05
1.18940171964811e-05
-4.377487864574103e-06
-1.016023277656279e-05
-1.049526364174857e-05
-1.053934489994845e-05
-4.20451073256607e-06
-9.340933293153261e-06
1.054454962468598e-05
-9.593248242220116e-06
-3.754745791966592e-06
9.140022732345693e-06
-9.225708070134041e-06
-9.137717326898443e-06
2.613613962421665e-06
-9.219907547577544e-06
-9.494724945408558e-06

0.0004631494846648152
0.0002753979465145832
8.459644162202794e-05
-8.473722050598142e-05
-9.308053311025779e-05
4.90813637118236e-05
-6.597729350535364e-05
5.212728514312464e-05
3.977653348275679e-05
2.669071426498067e-05
-3.406709899118882e-05
5.091437800679162e-06
-3.560266301303449e-05
1.718125183734332e-05
-3.566218744907647e-05
-2.573873364591732e-05
2.014619554856035e-05
2.562596323860202e-05
-1.88271549364912e-05
-3.006084887757821e-06
1.64668593555794e-05
2.011666191700291e-05
-1.563083091789246e-05
-1.457970529285182e-05
-1.670259131004377e-05
-1.333798168268684e-05
2.367791471771364e-07
-1.548695696600186e-05
1.352342300156559e-05
1.256347498763102e-05
-1.333785251396388e-05
-1.157777976714008e-05
-1.60726438193431e-06
1.161111924693554e-05
1.235303766802219e-05
1.00481533538e-05
-2.077000291810887e-06
-1.104050619891179e-05
-1.049109649387051e-05
-9.276439120165696e-06
1.04150523771496e-05
-8.761772395369939e-07
-9.607472981853659e-06
-8.822832201437979e-06
-9.367322108409224e-06
-2.188517075959686e-06
8.288128878351892e-06
-8.531333547120576e-06
-8.65532983370748e-06
3.185517616550218e-06
7.393647109778294e-06
7.637450577919315e-06
7.669528707866364e-06
3.059641379237958e-06
6.797439189076682e-06
-7.673316209475961e-06
6.981049912859536e-06
2.732345408144562e-06
-6.651235669932713e-06
6.713589275803003e-06
6.64955801601529e-06
-1.901938641002962e-06
6.709368209437444e-06
6.909354066441897e-06

-7.875837957092927e-05
-4.683130765071534e-05
-1.438559013929279e-05
1.440952953070951e-05
1.58283064109768e-05
-8.346265732888911e-06
1.121941165219562e-05
-8.864223420779593e-06
-6.763983175561831e-06
-4.538744994210944e-06
5.793096186137743e-06
-8.657969060636603e-07
6.054218217136892e-06
-2.921664815606654e-06
6.064340323038337e-06
4.376861081098087e-06
-3.425852275464002e-06
-4.357684519676807e-06
3.201549961349485e-06
5.11183500040075e-07
-2.800182667596142e-06
-3.420830093558282e-06
2.658016375274775e-06
2.479272894615166e-06
2.840268789603817e-06
2.268118304903244e-06
-4.026419669095288e-08
2.633550668869192e-06
-2.29965252497636e-06
-2.136413759627308e-06
2.268096339814694e-06
1.968796692383228e-06
2.733146477635213e-07
-1.974466057233715e-06
-2.100628979898738e-06
-1.708684349284173e-06
3.53193046234748e-07
1.877433542860482e-06
1.784006648255236e-06
1.57745466092765e-06
-1.771075377462216e-06
1.489935795843475e-07
1.633746833105715e-06
1.500318990777402e-06
1.592909275735156e-06
3.7215642956098e-07
-1.409392910384923e-06
1.450749764385209e-06
1.471835281965327e-06
-5.416959618472967e-07
-1.25728665316102e-06
-1.298745332740734e-06
-1.304200205559353e-06
-5.202907594110083e-07
-1.1559017412094e-06
1.304844268651946e-06
-1.187124669351246e-06
-4.646342140040988e-07
1.131039892842583e-06
-1.141643097906303e-06
-1.130754608490032e-06
3.234238844428748e-07
-1.14092530730567e-06
-1.174932820119684e-06

-0.0002430745437286117
-0.0001445369851622397
-4.439871386929371e-05
4.447259878999845e-05
4.885141593572566e-05
-2.575935088964986e-05
3.462683441580416e-05
-2.735794051713331e-05
-2.087590086477832e-05
-1.400807602420976e-05
1.7879420829836e-05
-2.672137098929226e-06
1.868533023129534e-05
-9.017228971038898e-06
1.871657041530411e-05
1.350844844760721e-05
-1.057331909670961e-05
-1.344926320349911e-05
9.881047582742905e-06
1.577682231534687e-06
-8.642294673827737e-06
-1.055781897362294e-05
8.203522230444728e-06
7.651860423257354e-06
8.766013773521895e-06
7.000167157966448e-06
-1.242686974080453e-07
8.128012926500688e-06
-7.097492245166345e-06
-6.593683144175754e-06
7.00009936640371e-06
6.076361147907904e-06
8.435398704438593e-07
-6.09385869265119e-06
-6.483239416724598e-06
-5.273567978932155e-06
1.090071164869005e-06
5.794384093454546e-06
5.506037635577114e-06
4.868549531462741e-06
-5.466127434665251e-06
4.598437216871119e-07
5.042285889906407e-06
4.6304832084805e-06
4.916247610882618e-06
1.148598470461669e-06
-4.349855094679487e-06
4.477496095799812e-06
4.542573013272631e-06
-1.671853832984433e-06
-3.880404614929471e-06
-4.008359883679618e-06
-4.025195434745349e-06
-1.605790261796702e-06
-3.567497069767466e-06
4.027183227573488e-06
-3.663861406515115e-06
-1.43401565883995e-06
3.490765140056931e-06
-3.523490156052783e-06
-3.489884657668672e-06
9.981936343881493e-07
-3.521274815615541e-06
-3.626233306454711e-06

0.000290813276077308
0.0001729233901854491
5.311841888454801e-05
-5.320681446696157e-05
-5.844561133951935e-05
3.081836998201538e-05
-4.142738685089985e-05
3.273091532524126e-05
2.497583263315434e-05
1.675919830043693e-05
-2.139085757862554e-05
3.196932644394038e-06
-2.235504391285248e-05
1.078817163651452e-05
-2.239241952660903e-05
-1.616144614534311e-05
1.264987076950237e-05
1.609063718908846e-05
-1.182164028587673e-05
-1.887531830048006e-06
1.033960195241902e-05
1.263132649290356e-05
-9.814656601277816e-06
-9.154650929872433e-06
-1.048761891934231e-05
-8.374968077983543e-06
1.486745031082762e-07
-9.724317614239458e-06
8.491407368641839e-06
7.888652456804524e-06
-8.374886972461732e-06
-7.269730778649294e-06
-1.009207255776352e-06
7.290664761440398e-06
7.756518084745204e-06
6.309272690783748e-06
-1.304156172628117e-06
-6.9323747160848e-06
-6.587398328281153e-06
-5.824710466468955e-06
6.539649945865043e-06
-5.501549324589354e-07
-6.032567853763807e-06
-5.539889002872276e-06
-5.881776231253409e-06
-1.374177974248964e-06
5.204146806745833e-06
-5.35685591864901e-06
-5.434713646053804e-06
2.00019830474683e-06
4.642498392737551e-06
4.795583492986335e-06
4.815725469538186e-06
1.921160149323631e-06
4.268137232069944e-06
-4.818103655820386e-06
4.383427085289281e-06
1.715649797370391e-06
-4.176335501130282e-06
4.215487561098942e-06
4.175282096022771e-06
-1.19423431397851e-06
4.212837137901024e-06
4.338408997896374e-06

0.0001879488807577587
0.0001117581634532145
3.432975107477951e-05
-3.438688000296676e-05
-3.777264705596828e-05
1.991751622564557e-05
-2.677398740652808e-05
2.115356968753841e-05
1.61415594663281e-05
1.083125435487828e-05
-1.382463618781072e-05
2.066136458680713e-06
-1.444777741713886e-05
6.972256603460628e-06
-1.447193279567979e-05
-1.044493482352723e-05
8.175448813515888e-06
1.039917190562115e-05
-7.640174102166021e-06
-1.219887549967756e-06
6.682351784799968e-06
8.163463886005851e-06
-6.343086354632948e-06
-5.916533176226276e-06
-6.778013247171191e-06
-5.412634174997684e-06
9.608641955189278e-08
-6.284701428982547e-06
5.487887391260761e-06
5.098334642575119e-06
-5.412581757543518e-06
-4.69833352069766e-06
-6.522376720015922e-07
4.711862884582176e-06
5.012937897021151e-06
4.077601809048791e-06
-8.428593642121534e-07
-4.480304635525479e-06
-4.257350832146588e-06
-3.764435474468212e-06
4.226491666578151e-06
-3.555580584000428e-07
-3.898771031026879e-06
-3.580359025066299e-06
-3.801316344439847e-06
-8.881135541877108e-07
3.363373161019366e-06
-3.462067096351771e-06
-3.512385544405696e-06
1.292702443786056e-06
3.000387013285787e-06
3.099323945057857e-06
3.112341445495613e-06
1.241621100289225e-06
2.758442209064061e-06
-3.113878436711099e-06
2.832952558682458e-06
1.108802402481115e-06
-2.699111930843692e-06
2.724415403740385e-06
2.698431128662027e-06
-7.718182804543343e-07
2.72270246930735e-06
2.803857947692821e-06

5.383649383319702e-05
3.201225595650555e-05
9.833489960582603e-06
-9.849854097320409e-06
-1.081968071366566e-05
5.705217477923013e-06
-7.669200274507804e-06
6.059275370217261e-06
4.623624057588848e-06
3.102528495686828e-06
-3.959959420194692e-06
5.918287050592765e-07
-4.138453374585128e-06
1.997148629572823e-06
-4.14537249472408e-06
-2.99187027316992e-06
2.341793672080141e-06
2.978761841563723e-06
-2.188468397776362e-06
-3.494272926561286e-07
1.914107650992323e-06
2.338360682885811e-06
-1.816927709479486e-06
-1.69474487196693e-06
-1.941509132223754e-06
-1.550406925587014e-06
2.752320691031865e-08
-1.800203802016851e-06
1.571962623592141e-06
1.460378271148172e-06
-1.550391911017321e-06
-1.34580106353072e-06
-1.868284038985837e-07
1.349676444494996e-06
1.435917038136755e-06
1.167997296722565e-06
-2.414305037667589e-07
-1.283348386586298e-06
-1.219485005160094e-06
-1.078293237977908e-06
1.210645637395696e-06
-1.018468380402352e-07
-1.116772612435737e-06
-1.025565971962318e-06
-1.088857476089344e-06
-2.543932142102774e-07
9.634120602987147e-07
-9.916821698051863e-07
-1.00609549755664e-06
3.702845521736057e-07
8.594375038906255e-07
8.877772178391768e-07
8.915059795061052e-07
3.556526989642657e-07
7.901342981059147e-07
-8.919462386761611e-07
8.114772077374131e-07
3.176078168844639e-07
-7.731396017608434e-07
7.803875845982653e-07
7.729445912718547e-07
-2.210813383331026e-07
7.798969278634903e-07
8.031432829056198e-07

4.492877654422333e-05
2.671554910336451e-05
8.206453311343177e-06
-8.220109858965514e-06
-9.029470206024593e-06
4.76123950412981e-06
-6.40026422361978e-06
5.056715431231182e-06
3.858605145275866e-06
2.58918810606442e-06
-3.304749608422026e-06
4.939054858313981e-07
-3.453710181817668e-06
1.666702976258364e-06
-3.459484473210591e-06
-2.496839251242773e-06
1.954323491637462e-06
2.485899723939157e-06
-1.826367220764484e-06
-2.916115005329922e-07
1.597401851608712e-06
1.951458520438415e-06
-1.516301178698814e-06
-1.414334556924727e-06
-1.620269518855372e-06
-1.293878582216548e-06
2.296925236031211e-08
-1.502344387538675e-06
1.311867702058083e-06
1.218745953585759e-06
-1.293866051940069e-06
-1.123126543939622e-06
-1.559160155731632e-07
1.126360709321645e-06
1.198332044847112e-06
9.747419605546138e-07
-2.014837219593666e-07
-1.071007206894756e-06
-1.017710578735406e-06
-8.998802204418864e-07
1.010333761421291e-06
-8.499539071418196e-08
-9.319928468964177e-07
-8.558771402937434e-07
-9.086965132532288e-07
-2.123016389406202e-07
8.040071352190351e-07
-8.275997086262857e-07
-8.396282256404185e-07
3.090177446156562e-07
7.172360756905074e-07
7.408867368833433e-07
7.439985424236154e-07
2.968068590907663e-07
6.593996895371707e-07
-7.443659568704881e-07
6.772112286867238e-07
2.650568344522499e-07
-6.452169138776291e-07
6.512656547611118e-07
6.450541695731932e-07
-1.845015033646357e-07
6.508561814598912e-07
6.70256224379202e-07

-0.0004826662344745824
-0.0002870029962840933
-8.816126818582043e-05
8.830797937961309e-05
9.700287252120923e-05
-5.11496132243595e-05
6.8757524020772e-05
-5.43238873549218e-05
-4.145268487229239e-05
-2.781543967179584e-05
3.550265936590812e-05
-5.305986927942893e-06
3.710293083065311e-05
-1.790525608355179e-05
3.716496357893194e-05
2.682334334888006e-05
-2.09951401575041e-05
-2.67058208865556e-05
1.962051622629364e-05
3.132758906845815e-06
-1.716075967251281e-05
-2.096436200226485e-05
1.628950166339718e-05
1.519408244304563e-05
1.740642518348347e-05
1.390003359052089e-05
-2.467568315504339e-07
1.613956497794595e-05
-1.409328925864288e-05
-1.309288980119689e-05
1.389989897872964e-05
1.206565817043956e-05
1.674993220806163e-06
-1.210040254931578e-05
-1.287358482080602e-05
-1.047157452029237e-05
2.164523427196577e-06
1.15057443226535e-05
1.093318293092865e-05
9.66734086448056e-06
-1.085393437579125e-05
9.130986494472959e-07
1.00123242290158e-05
9.194619312059535e-06
9.762053589349171e-06
2.280739439667897e-06
-8.637384017493215e-06
8.890837136986997e-06
9.02005852817661e-06
-3.319752787688617e-06
-7.705209500754786e-06
-7.9592866525537e-06
-7.992716529306423e-06
-3.188572226152677e-06
-7.083877853897853e-06
7.996663633213083e-06
-7.275225787105566e-06
-2.84748426393574e-06
6.931513435092763e-06
-6.996494572170217e-06
-6.929765086174705e-06
1.982084818078155e-06
-6.992095633435175e-06
-7.200508734918326e-06

-0.0003938941827498947
-0.0002342173588983887
-7.194663351589426e-05
7.206636156329395e-05
7.916208855531332e-05
-4.17421681069239e-05
5.611162910857945e-05
-4.433262922719771e-05
-3.382870038201441e-05
-2.269961951921834e-05
2.897300452683033e-05
-4.330108956013566e-06
3.0278953805572e-05
-1.461211849558687e-05
3.032957748079101e-05
2.188998971210083e-05
-1.713371059208023e-05
-2.179408200001764e-05
1.601190771610443e-05
2.556581383216846e-06
-1.400454998458186e-05
-1.710859316012724e-05
1.329353388908545e-05
1.239958434849076e-05
1.420503265514391e-05
1.134353716972622e-05
-2.013732752764722e-07
1.317117358301798e-05
-1.150124922417796e-05
-1.068484339636776e-05
1.134342731575902e-05
9.8465403728884e-06
1.366928197368385e-06
-9.874894560004415e-06
-1.050587302336061e-05
-8.545640844889281e-06
1.766423929211046e-06
9.389605970332224e-06
8.922350162159373e-06
7.88932197282012e-06
-8.857677014076853e-06
7.451613985088589e-07
8.170855941292708e-06
7.503543444597565e-06
7.966615118044375e-06
1.861265473917459e-06
-7.048794955321398e-06
7.255632936184981e-06
7.361087908250882e-06
-2.70918331932257e-06
-6.288066126112942e-06
-6.495413367154079e-06
-6.522694815579075e-06
-2.602129507830324e-06
-5.781009895997385e-06
6.525915967501079e-06
-5.937165086459186e-06
-2.32377449866009e-06
5.656668365679423e-06
-5.709698161543142e-06
-5.655241573381949e-06
1.6175394585189e-06
-5.706108276331166e-06
-5.876190006560434e-06

