-0.1695100666435842
-0.1007911040451558
-0.03096307870969401
0.03101139802992584
0.0340681002856166
-0.01796176748216041
0.02414870702406187
-0.01907649585304873
-0.01455925338970443
-0.009767117983460867
0.01246958771940451
-0.001863127635644747
0.01302896457791082
-0.006289376713494367
0.01305078342254801
0.009421292830951514
-0.007372205924637423
-0.009379907945560914
0.006889510835283527
0.001100428773052005
-0.006027696663634665
-0.007361541047385033
0.005721664392255886
0.005335125960817358
0.00611384622329971
0.004880736994199676
-8.664908268477196e-05
0.005668875023527655
-0.0049486680409924
-0.00459884883538736
0.00488080233956297
0.004238031658127228
0.0005884013713014432
-0.004248886881450404
-0.004521731454706658
-0.003676901824106338
0.0007603219339584583
0.00404129915344366
0.003839056557783828
0.003395646199690999
-0.003811269439600425
0.0003208150094672782
0.003516750010661953
0.003228560121839907
0.003428835381366058
0.0008008055963825822
-0.003032925991665682
0.003122841430958815
0.003167318891824865
-0.001165991057586694
-0.002706419222647521
-0.00279481367332828
-0.002807373031862677
-0.001119545133583538
-0.002487486287914255
0.002808739715478592
-0.002554626383383803
-0.00100015881912247
0.002434618758671913
-0.002456756881273843
-0.002434003213513435
0.0006961910957422142
-0.002455233999672405
-0.002529075806690439

-0.1008947629765515
-0.05999227511458999
-0.01842965759672758
0.0184584179320483
0.02027780987547853
-0.01069109527612978
0.01437364824182746
-0.01135459719664752
-0.008665871289861089
-0.005813525257924104
0.007422073050140069
-0.001108959632401797
0.007755021981575795
-0.0037435250032217
0.007768008863115306
0.005607685289339203
-0.004388040097606144
-0.005583052426609275
0.004100733227909314
0.000654990599839734
-0.00358776937685177
-0.004381692213469059
0.003405614687780267
0.003175541606023692
0.003639046799924386
0.002905082936553192
-5.157474616534946e-05
0.003374193717033262
-0.002945516445907306
-0.002737299161037702
0.002905121831025087
0.002522535729588586
0.0003502247274629071
-0.002528996910369011
-0.002691397817249436
-0.002188543402623349
0.0004525542513880864
0.002405437790669938
0.002285060168522484
0.002021136120427806
-0.002268520887061096
0.0001909535815801405
0.002093218802863533
0.001921684149491508
0.002040890785650938
0.0004766506935967359
-0.001805239978443871
0.001858758905758021
0.001885232512671454
-0.0006940141887577055
-0.001610898581958793
-0.001663512195573436
-0.001670987701468247
-0.000666368925049469
-0.001480586636508789
0.001671801170673065
-0.001520549360571202
-0.0005953085205638508
0.001449119143530564
-0.001462296063797713
-0.001448752762439861
0.0004143826793423379
-0.00146138962336442
-0.001505341299889405

-0.03043441741338822
-0.01809637971833591
-0.005559217104412042
0.00556789252049451
0.006116703303248856
-0.003224917197294331
0.004335741493809849
-0.003425059343505132
-0.002614018174043186
-0.001753621784949671
0.002238832448945709
-0.0003345123111590059
0.002339264884266555
-0.001129216216822012
0.002343182314288133
0.001691531153687324
-0.001323631078734048
-0.001684100769748625
0.001236966350653654
0.000197574747482365
-0.001082233285224552
-0.001321716270175954
0.00102728720400645
0.0009578867713272972
0.001097700871962672
0.0008763042213805215
-1.555727281059614e-05
0.001017809220105316
-0.0008885007939770171
-0.0008256930567518667
0.000876315953710117
0.0007609107060625943
0.0001056435956599152
-0.0007628596900049394
-0.0008118471383370721
-0.000660163535527205
0.0001365108017761306
0.0007255886789710968
0.0006892773512905775
0.0006096659382869839
-0.0006842883570069441
5.760022459979657e-05
0.0006314093309152378
0.0005796667321168493
0.0006156248375353563
0.0001437793770592301
-0.0005445419109417835
0.0005606856365950816
0.0005686712721183294
-0.0002093460243955465
-0.0004859197683566052
-0.0005017904105103311
-0.0005040453607191141
-0.0002010069642661892
-0.0004466118000857546
0.0005042907397707111
-0.0004586663625749284
-0.000179571936838897
0.0004371197829782526
-0.0004410945372649627
-0.0004370092658934604
0.000124996531632913
-0.0004408211138907347
-0.0004540789246029034

0.03040309948759339
0.01807775800236503
0.005553496503739585
-0.005562162992561859
-0.006110409032607162
0.003221598661045138
-0.004331279886130242
0.003421534855000724
0.002611328271158094
0.001751817255683196
-0.002236528623395294
0.0003341680879858109
-0.002336857710734165
0.001128054219560908
-0.002340771109604357
-0.001689790517537479
0.00132226902276535
0.001682367779685429
-0.001235693475282102
-0.0001973714371578089
0.001081119634805369
0.001320356184602644
-0.001026230094748746
-0.0009569010771892661
-0.001096571304933921
-0.0008754024781274843
1.55412639115632e-05
-0.001016761863975756
0.0008875865000856327
0.0008248433939006539
-0.0008754141983840175
-0.0007601277061880354
-0.0001055348852402672
0.0007620746845669777
0.0008110117233495273
0.0006594842075040102
-0.0001363703280782475
-0.0007248420265184204
-0.0006885680642801958
-0.0006090385738022192
0.0006835842038211872
-5.754095224592114e-05
-0.0006307595918291695
-0.0005790702377122656
-0.0006149913411651475
-0.0001436314237798971
0.0005439815610289397
-0.000560108674305723
-0.0005680860923706424
0.0002091306010750797
0.0004854197423816643
0.0005012740531697274
0.0005035266829669894
0.0002008001220880391
0.0004461522231857768
-0.0005037718095166505
0.0004581943811694051
0.0001793871519449377
-0.0004366699736475811
0.0004406406377931521
0.000436559570288412
-0.0001248679064632146
0.0004403674957800474
0.000453611663808423

0.03293957560748367
0.01958595296429724
0.006016814767370328
-0.006026204285832703
-0.006620189510756882
0.003490370865502516
-0.004692630807084082
0.003706987377913041
0.002829186710350114
0.00189796823075942
-0.002423118199468221
0.0003620471328689458
-0.002531817562813029
0.001222165762070721
-0.002536057449540708
-0.001830766712976788
0.001432583558350226
0.001822724709404914
-0.001338785168049191
-0.0002138377825481004
0.00117131550899721
0.001430511135527256
-0.001111846632953608
-0.001036733619669702
-0.001188056284281457
-0.0009484357385019117
1.683784371589079e-05
-0.001101588484650754
0.0009616362515826929
0.0008936586004597928
-0.0009484484365586683
-0.0008235437988661602
-0.0001143394716389952
0.0008256532101630024
0.0008786729784153875
0.0007145037934003751
-0.0001477474602279753
-0.0007853142981599959
-0.000746014064240604
-0.0006598495708578336
0.0007406144092326595
-6.234149080112044e-05
-0.0006833827345031861
-0.0006273810301791432
-0.0006662989669367961
-0.0001556143361350139
0.0005893649680656652
-0.0006068375375095684
-0.0006154804972710791
0.0002265779924431744
0.00052591744180805
0.0005430944493403988
0.0005455350120056413
0.0002175525165191801
0.0004833739038374952
-0.0005458005890245622
0.0004964207174865689
0.0001943531006406834
-0.0004731005672086863
0.0004774024967502215
0.0004729809530951229
-0.0001352854121854419
0.0004771065669880988
0.0004914556722267778

-0.01713358310970726
-0.01018767080958747
-0.003129657682932944
0.003134541658874746
0.003443504207103303
-0.001815523066246997
0.002440880869094334
-0.001928196558539942
-0.001471606866229796
-0.0009872317970580427
0.001260389555406932
-0.0001883195070441352
0.001316929736680164
-0.000635711853358617
0.001319135121850373
0.0009522767993456592
-0.0007451610716262913
-0.0009480937358410063
0.0006963716599196514
0.0001112281306518825
-0.000609261997186636
-0.0007440830969398663
0.0005783291478302875
0.0005392589706349694
0.0006179697433965159
0.0004933306592494689
-8.758236539910351e-06
0.0005729933524153235
-0.0005001969313188496
-0.0004648382263674707
0.0004933372641675779
0.0004283678785209569
5.94738943631496e-05
-0.0004294650928325004
-0.0004570434264647525
-0.0003716505116006045
7.685112337907575e-05
0.0004084827307764858
0.0003880406391080532
0.000343222013449998
-0.0003852319982517433
3.242704540435349e-05
0.0003554628334277577
0.0003263334400575329
0.0003465766791277783
8.094309389420932e-05
-0.0003065593128041519
0.0003156477031427745
0.0003201433551559353
-0.000117854975140424
-0.0002735569609467668
-0.0002824916141932314
-0.0002837610775207727
-0.0001131603566155486
-0.0002514278584869415
0.0002838992179136285
-0.0002582141835036563
-0.0001010931361757169
0.0002460841628353889
-0.0002483218196956418
-0.0002460219453258332
7.036896530883519e-05
-0.0002481678912651145
-0.000255631605737041

0.02377339865600756
0.01413572152314797
0.004342500881266824
-0.004349277555266843
-0.004777973046555958
0.002519096755577461
-0.003386800857778502
0.002675434856784054
0.002041901946124644
0.001369815929748496
-0.00174883112135498
0.0002612993841974104
-0.001827282444748983
0.0008820706809236101
-0.001830342487739003
-0.001321314744075227
0.001033934998026033
0.001315510608673253
-0.0009662381171528645
-0.0001543326153563893
0.0008453706531978264
0.001032439273413822
-0.0008024503279740507
-0.0007482391981667307
-0.0008574529316516728
-0.0006845121861826992
1.215233541365171e-05
-0.0007950467399016525
0.0006940393599288116
0.0006449780174543186
-0.000684521350719971
-0.0005943742346420505
-8.252194484174719e-05
0.0005958966548542797
0.0006341624814189783
0.0005156770604500625
-0.0001066334100435256
-0.0005667829513922931
-0.0005384188905018351
-0.0004762316032218715
0.0005345218108113496
-4.499357038735956e-05
-0.0004932161353739336
-0.0004527981634432237
-0.0004808863099462205
-0.0001123111509878542
0.0004253609247026252
-0.0004379713591504252
-0.0004442092211806438
0.0001635275756196153
0.0003795690980733046
0.0003919662173517368
0.0003937276386242841
0.0001570136411427813
0.0003488642553496412
-0.0003939193128710548
0.0003582804999840124
0.0001402699839433556
-0.0003414497054443113
0.0003445545264413401
0.0003413633766451975
-9.763920684807841e-05
0.0003443409457840822
0.0003546970901152518

-0.01800270650054355
-0.01070445372312335
-0.003288413658265206
0.003293545380270884
0.003618180457462741
-0.001907617846035371
0.002564697740555488
-0.002026006848449683
-0.001546256047394132
-0.00103731041993006
0.001324324462493336
-0.0001978722601065981
0.001383732718338321
-0.0006679591677730299
0.001386049974554171
0.00100058228428441
-0.0007829603406492207
-0.0009961870294178713
0.0007316960222827384
0.0001168703229153502
-0.0006401676080859945
-0.0007818276842884819
0.000607665649527492
0.0005666135865429788
0.0006493170661003561
0.0005183555015502995
-9.20250953234386e-06
0.0006020591889181009
-0.0005255700742420504
-0.0004884177527807974
0.0005183624415117762
0.0004500973988857121
6.249078536627771e-05
-0.0004512502708268096
-0.0004802275514678048
-0.0003905029694186489
8.074949702997658e-05
0.0004292035510389703
0.0004077245075601034
0.0003606323985534122
-0.0004047733947263924
3.407194965328471e-05
0.0003734941501189905
0.0003428871302080776
0.0003641572340309177
8.504903809625924e-05
-0.0003221099345119565
0.0003316593453259311
0.0003363830451615378
-0.0001238333227496082
-0.0002874334952340069
-0.0002968213704407461
-0.0002981552289543308
-0.0001189005635658226
-0.0002641818651369497
0.0002983003766993155
-0.0002713124353572883
-0.000106221217601542
0.0002585671035410199
-0.0002609182684693292
-0.0002585017299670875
7.393852302171926e-05
-0.0002607565318180812
-0.0002685988529589915

-0.01440891247810819
-0.008567574926458179
-0.002631963399077161
0.0026360707000123
0.002895900432527185
-0.001526809237509832
0.002052719421679808
-0.001621564810740086
-0.001237584362938741
-0.0008302371120115886
0.001059955916745842
-0.000158371969105606
0.00110750478718457
-0.000534617680241658
0.001109359460647577
0.0008008408380685645
-0.0006266617201089071
-0.0007973229868672258
0.000585631051938402
9.354006044173913e-05
-0.0005123740164265315
-0.0006257551705092973
0.0004863602680925536
0.0004535032317035257
0.0005196970119855224
0.0004148786769455872
-7.365456656559079e-06
0.0004818729983460923
-0.0004206530390659994
-0.0003909172574891359
0.0004148842315158994
0.0003602466121954359
5.00160493647946e-05
-0.0003611693418359276
-0.000384362026813458
-0.000312548733082155
6.462986192220931e-05
0.0003435237030626161
0.0003263324180970218
0.0002886410811269315
-0.0003239704217753893
2.727032963060212e-05
0.0002989353028661674
0.0002744382156588532
0.0002914622705905332
6.807110621057943e-05
-0.0002578086719668665
0.0002654517796646237
0.0002692325099399255
-9.911306998859513e-05
-0.0002300545240783286
-0.0002375683427480244
-0.0002386359294789463
-9.516501388090112e-05
-0.000211444505466285
0.0002387521020752117
-0.0002171516341261157
-8.50167849868854e-05
0.0002069505918195397
-0.0002088324049609538
-0.0002068982684588912
5.917853001426589e-05
-0.0002087029550222618
-0.0002149797511774036

-0.01025935588317298
-0.006100238332339129
-0.001873996335507363
0.001876920793690312
0.002061923353665547
-0.001087110450363484
0.001461566173527331
-0.001154577800808087
-0.0008811781204257089
-0.0005911409353401931
0.0007547040754733645
-0.0001127631523504754
0.0007885595648742404
-0.0003806555873921123
0.0007898801194355649
0.000570210359456934
-0.0004461922865257832
-0.0005677055980827343
0.0004169778522288059
6.66018876069619e-05
-0.0003648177742627981
-0.0004455468099859724
0.0003462956059576636
0.0003229009167266729
0.0003700318539293539
0.0002953996702798319
-5.244312587541941e-06
0.0003431006044373589
-0.000299511100346659
-0.0002783387900750623
0.0002954036252148542
0.0002565008431993007
3.561215678721708e-05
-0.0002571578401642986
-0.0002736713702056219
-0.0002225392574488663
4.60174045159752e-05
0.0002445938879411418
0.0002323534422573792
0.0002055166604893403
-0.0002306716664192991
1.94168725194774e-05
0.0002128462965409188
0.0001954040130831842
0.00020752538854328
4.846762065052278e-05
-0.0001835635353808521
0.000189005539560153
0.0001916974746699138
-7.056995170396427e-05
-0.000163802177203784
-0.0001691521257090293
-0.0001699122630355259
-6.775887816060546e-05
-0.0001505515724670863
0.0001699949796187644
-0.0001546151313291456
-6.053319114463605e-05
0.0001473518403929197
-0.0001486917188017077
-0.0001473145853968185
4.213597667289331e-05
-0.0001485995485569126
-0.0001530687189859598

0.01256652105086381
0.007472084436058351
0.002295428160165093
-0.00229901028225451
-0.002525616961158812
0.001331584215878191
-0.001790249046432105
0.001414223895138849
0.001079340996256218
0.0007240790837721414
-0.0009244249599690504
0.0001381217830739193
-0.0009658940078394125
0.0004662589451582557
-0.000967511534016307
-0.0006984415558961003
0.0005465338004851233
0.0006953735137213463
-0.0005107495068350564
-8.157958766325863e-05
0.000446859460984501
0.0005457431665880064
-0.0004241719530585313
-0.0003955161721257419
-0.0004532461038338772
-0.0003618303348925274
6.423674671110335e-06
-0.0004202584467605411
0.0003668663598702508
0.0003409327354057099
-0.00036183517922928
-0.0003141837833031505
-4.362076167640461e-05
0.0003149885283850121
0.0003352156874047243
0.0002725847797094282
-5.636598331719531e-05
-0.0002995991441106166
-0.0002846060178258313
-0.0002517340727578514
0.000282546037480798
-2.378341681841361e-05
-0.000260712026811281
-0.0002393472525756562
-0.0002541945316465029
-5.936721389977148e-05
0.0002248440406788965
-0.0002315098646211991
-0.0002348071729131124
8.644000595601774e-05
0.0002006386688841933
0.000207191735302537
0.0002081228153648211
8.29967669008241e-05
0.0001844082149203663
-0.0002082241335857226
0.0001893856032244784
7.414613835968554e-05
-0.0001804889142424901
0.0001821301098907678
0.0001804432811932258
-5.161168438723809e-05
0.000182017212031068
0.0001874914274609205

-0.001817211927453656
-0.001080518697671674
-0.0003319358965286948
0.0003324538978879477
0.0003652229003889771
-0.0001925569304112526
0.0002588832587094667
-0.0002045072395083586
-0.0001560806944298854
-0.0001047071931940916
0.0001336786893120229
-1.997343183743144e-05
0.0001396754204761507
-6.742449346116259e-05
0.0001399093267299021
0.0001009998169633768
-7.903283151941784e-05
-0.0001005561553635422
7.385815787878162e-05
1.179701200820611e-05
-6.461918450696591e-05
-7.891850000774835e-05
6.133840298912383e-05
5.719456503344545e-05
6.554274031969796e-05
5.232334371779096e-05
-9.28910888158714e-07
6.077248102121986e-05
-5.305159019264972e-05
-4.930139620432657e-05
5.232404424472938e-05
4.543329980669218e-05
6.307884901647344e-06
-4.554967190008241e-05
-4.847466876121596e-05
-3.941777608340282e-05
8.150938256661853e-06
4.332425306329232e-05
4.115613606382667e-05
3.64026095774969e-05
-4.085824766351191e-05
3.439258052653342e-06
3.770088816422384e-05
3.461138372531564e-05
3.675841013847913e-05
8.584938405917709e-06
-3.251411197138224e-05
3.347803943588218e-05
3.395485461268931e-05
-1.249986445704828e-05
-2.901383610698423e-05
-2.996145799920018e-05
-3.009609906555832e-05
-1.200194661209835e-05
-2.666679236976934e-05
3.011075042997589e-05
-2.738655954774841e-05
-1.072208023656542e-05
2.61000324916551e-05
-2.633736152609738e-05
-2.609343361507602e-05
7.463431452893066e-06
-2.632103566022067e-05
-2.711264771675716e-05

0.01309182632840007
0.007784432250745698
0.002391381568579141
-0.00239511343041261
-0.002631192713855794
0.001387247053130921
-0.00186508497503821
0.001473341233400399
0.001124459571182373
0.0007543470125425411
-0.0009630677401143192
0.0001438955450640173
-0.00100627027568649
0.0004857494854277993
-0.001007955417636995
-0.0007276377856144103
0.0005693799874755422
0.0007244414932470688
-0.0005320998400221702
-8.498977475998568e-05
0.0004655390646887849
0.0005685563035277468
-0.0004419031743426003
-0.0004120495254482157
-0.0004721926817612961
-0.0003769555540142439
6.69219689713006e-06
-0.0004378260757899193
0.000382202094733541
0.0003551843937977962
-0.0003769606008538436
-0.0003273172829263016
-4.544419524454235e-05
0.0003281556679341125
0.0003492283619542968
0.0002839793592257435
-5.872219219872084e-05
-0.0003121229771516148
-0.0002965031087213886
-0.0002622570517447034
0.0002943570171493312
-2.477761038416008e-05
-0.0002716103019223577
-0.0002493524381344198
-0.0002648203626505618
-6.184888011812036e-05
0.0002342429634765521
-0.0002411874319602803
-0.0002446225742191242
9.005336808983548e-05
0.0002090257595687436
0.0002158527570423983
0.0002168227580811855
8.646619487497002e-05
0.0001921168407307262
-0.0002169283116029017
0.0001973022936481842
7.724559266621296e-05
-0.0001880337055816828
0.0001897435064335685
0.0001879861649813038
-5.376915422963565e-05
0.0001896258892214739
0.0001953289376150359

-0.005242437875189332
-0.003117166501025812
-0.0009575951433118923
0.0009590895149375093
0.00105362414639725
-0.0005555035875930775
0.0007468470684175847
-0.0005899787922100757
-0.0004502740333712505
-0.0003020676604158013
0.0003856469426416663
-5.762094887241303e-05
0.0004029467908920655
-0.000194511555254643
0.0004036215823039135
0.0002913723258345049
-0.0002280002145491445
-0.0002900924154730442
0.0002130719033955521
3.403296095058893e-05
-0.00018641857628456
-0.0002276703818871252
0.0001769539161481166
0.0001649994419785045
0.0001890829237386927
0.0001509465542893104
-2.679796202738844e-06
0.000175321299327756
-0.0001530474577914907
-0.0001422285991284307
0.0001509485752252493
0.0001310696061934253
1.819748936330806e-05
-0.0001314053256882457
-0.0001398435898763261
-0.0001137155436707037
2.351447664938179e-05
0.000124985259969913
0.0001187305031613616
0.0001050171509010559
-0.0001178711309501645
9.921845881255833e-06
0.000108762528494528
9.984967972804966e-05
0.0001060435927314181
2.476651488769611e-05
-9.379930293297524e-05
9.65801177474376e-05
9.795567219145886e-05
-3.606060574133212e-05
-8.370142800287562e-05
-8.643520320224046e-05
-8.682362648692692e-05
-3.462417263759075e-05
-7.693048907336615e-05
8.686589391120312e-05
-7.900693082372566e-05
-3.093191205925354e-05
7.529545498286764e-05
-7.598012070638891e-05
-7.527641801745269e-05
2.153110219916039e-05
-7.593302254661314e-05
-7.821672813151982e-05

0.01206470259401475
0.007173701942927071
0.002203764905674747
-0.002207203983005682
-0.002424761585123342
0.001278410108767188
-0.001718759092273103
0.001357749740532136
0.001036239709037388
0.0006951644583969501
-0.0008875099295477748
0.0001326061706176906
-0.0009273229953424445
0.0004476398425916367
-0.0009288759289021037
-0.0006705507130477363
0.0005247090848566483
0.0006676051868966606
-0.0004903537641852474
-7.832187276936028e-05
0.0004290150373582304
0.0005239500233161195
-0.0004072335089130794
-0.0003797220383036885
-0.0004351466426164297
-0.0003473813764607207
6.167158289391745e-06
-0.000403476280528726
0.0003522162980245863
0.0003273182801019979
-0.0003473860273488051
-0.0003016374929921518
-4.187885528701444e-05
0.0003024101022160097
0.0003218295307839375
0.0002616996609911902
-5.411512242637135e-05
-0.0002876352616994568
-0.0002732408554156235
-0.0002416815846097555
0.0002712631361954502
-2.283367444516242e-05
-0.0002503010223299261
-0.0002297894068956972
-0.0002440437900774679
-5.69965049703778e-05
0.0002158653512654135
-0.000222264989087363
-0.0002254306260795912
8.298820014411604e-05
0.0001926265717575613
0.0001989179547979118
0.0001998118540718165
7.968245983677415e-05
0.0001770442479587486
-0.0001999091263557107
0.000181822874385256
7.118526314351233e-05
-0.0001732814565812401
0.0001748571144196054
0.0001732376457950072
-4.955067675356464e-05
0.0001747487249063119
0.0001800043386779628

0.008769748557201253
0.005214514139368404
0.001601901410445257
-0.001604401251880667
-0.001762542362481734
0.0009292674327861879
-0.001249354051804122
0.0009869388603062229
0.0007532354504746221
0.0005053102186761361
-0.0006451248063099552
9.639050481257805e-05
-0.0006740646474370103
0.0003253862938703251
-0.0006751934640599519
-0.0004874186580611821
0.0003814073910246138
0.0004852775755510121
-0.0003564347469382128
-5.693162557173081e-05
0.0003118480522476059
0.0003808556344604344
-0.0002960152104376401
-0.000276017313448187
-0.0003163050735414766
-0.0002525091108773675
4.482864545476689e-06
-0.0002932841072093483
0.0002560235817960766
0.0002379253854209144
-0.0002525124915755834
-0.0002192581995579048
-3.044144916698206e-05
0.0002198198038390042
0.0002339356516469545
0.0001902276667421371
-3.93359068011292e-05
-0.0002090800748407898
-0.0001986168808452881
-0.0001756766659945661
0.0001971792904743551
-1.659763943293334e-05
-0.0001819420754335097
-0.0001670323245749094
-0.0001773937367496146
-4.143036376856281e-05
0.0001569110252040166
-0.0001615628775077592
-0.0001638639570602291
6.032354654473921e-05
0.0001400189177135
0.0001445920803680728
0.0001452418495444324
5.792062686521068e-05
0.0001286922347233616
-0.0001453125560922214
0.0001321657850975755
5.174407358011405e-05
-0.0001259570877940125
0.0001271024225378306
0.0001259252420376217
-3.601804292991894e-05
0.0001270236349530852
0.0001308439041169594

-0.005653433782326422
-0.00336154568191301
-0.001032668552661346
0.001034280079824746
0.00113622602402357
-0.0005990538797164134
0.0008053982798353647
-0.0006362318665753961
-0.0004855745537039878
-0.0003257491183681584
0.0004158808374059896
-6.213830791710609e-05
0.0004345369567254777
-0.0002097608448034737
0.0004352646503402339
0.0003142152924506572
-0.0002458749432988822
-0.0003128350398568052
0.0002297762845071456
3.670107223607834e-05
-0.0002010333936064323
-0.0002455192524623899
0.0001908267243758574
0.0001779350450218217
0.0002039066201974946
0.0001627804410203828
-2.889886488499662e-06
0.0001890661138916744
-0.0001650460508596816
-0.0001533790168370349
0.0001627826203934121
0.0001413451827435685
1.962413357476025e-05
-0.0001417072219280032
-0.0001508070279649799
-0.0001226305988682013
2.535796128217897e-05
0.0001347838368006284
0.0001280387204475776
0.0001132502707257642
-0.0001271119752946127
1.069969735905076e-05
0.0001172892779049768
0.000107677680874548
0.0001143571833983419
2.670815663819117e-05
-0.0001011529674906127
0.0001041517922337248
0.0001056351872014858
-3.888768003795236e-05
-9.026344078202661e-05
-9.32115381048705e-05
-9.363041294359761e-05
-3.733863365380103e-05
-8.296167473473555e-05
9.367599404353812e-05
-8.520090507326697e-05
-3.335690774997536e-05
8.119845747155957e-05
-8.193679952214265e-05
-8.117792804884288e-05
2.321909452080102e-05
-8.188600896749215e-05
-8.434875218160979e-05

-0.007895880261532508
-0.004694909893706981
-0.001442278720439229
0.00144452946326524
0.001586912482069494
-0.0008366698694225582
0.001124861212720134
-0.0008885945834823696
-0.0006781787284887112
-0.0004549581958446557
0.0005808408520659121
-8.678559931159155e-05
0.0006068969606115609
-0.0002929629280002545
0.0006079132954398807
0.0004388494534574565
-0.0003434017601247225
-0.0004369217207499903
0.000320917534239036
5.125863024197031e-05
-0.0002807737148081845
-0.0003429049837650092
0.0002665185486177452
0.0002485133573535567
0.0002847866128097862
0.0002273476475898148
-4.036166082627663e-06
0.0002640595882573766
-0.0002305119163684972
-0.0002142171285994387
0.0002273506914157978
0.0001974100487347492
2.740808770539659e-05
-0.0001979156915281134
-0.0002106249548957597
-0.0001712722855426995
3.541625031260683e-05
0.0001882461310318488
0.000178825549996611
0.0001581712303826087
-0.000177531209416591
1.494375496991092e-05
0.0001638123183108026
0.0001503882609685607
0.0001597172023103082
3.730200351521625e-05
-0.0001412755062068877
0.0001454638211334722
0.0001475356078557235
-5.431256065798415e-05
-0.0001260666256739385
-0.000130184092041556
-0.0001307691144718825
-5.214908174592027e-05
-0.0001158685986647162
0.0001308327754117199
-0.0001189960244578146
-4.658799583221437e-05
0.0001134059975409647
-0.0001144372045291184
-0.0001133773250793209
3.242899752192147e-05
-0.0001143662677934692
-0.0001178058633175551

0.005525313454004008
0.003285365018440501
0.001009265813881713
-0.001010840819986445
-0.001110476425310368
0.0005854778863100969
-0.0007871460288994546
0.0006218133310847555
0.0004745702731833104
0.0003183668643959287
-0.0004064559831523173
6.073010527101805e-05
-0.0004246893101962678
0.00020500716246807
-0.0004254005125338187
-0.0003070944225540534
0.0002403028291334946
0.0003057454497845022
-0.000224569004445977
-3.586933817748774e-05
0.0001964774961847404
0.0002399551991019666
-0.0001865021344856897
-0.0001739026114131003
-0.0001992856085906285
-0.0001590914469769664
2.824394750207886e-06
-0.0001847814236451283
0.0001613057126796055
0.0001499030815468249
-0.0001590935769601892
-0.0001381419629098848
-1.917940378160416e-05
0.0001384957974206595
0.0001473893800928539
0.0001198514962565318
-2.478328924211389e-05
-0.000131729312755882
-0.000125137056868705
-0.0001106837487805984
0.0001242313139769917
-1.04572166311649e-05
-0.0001146312223988055
-0.0001052374471408836
-0.0001117655761651028
-2.610288594269196e-05
9.886059936454572e-05
-0.0001017914635680237
-0.0001032412412585815
3.80063922178451e-05
8.821785537080323e-05
9.109914175863408e-05
9.15085238918715e-05
3.649245092892539e-05
8.108156480255235e-05
-9.155307201512436e-05
8.327004882699888e-05
3.260096045540876e-05
-7.935830625884127e-05
8.007991571299151e-05
7.933824208195833e-05
-2.269289431612768e-05
8.003027619377228e-05
8.243720775759858e-05

0.001075538897858303
0.0006395180835281943
0.0001964602823249213
-0.0001967668677063653
-0.0002161615988881623
0.0001139671524167465
-0.0001532231934753561
0.0001210400876540405
9.23782501798175e-05
6.19722209965747e-05
-7.911935201271883e-05
1.182151764486924e-05
-8.266859001252784e-05
3.990600341670721e-05
-8.280703026319593e-05
-5.977796545326395e-05
4.677653895116031e-05
5.951537895970327e-05
-4.371384565697885e-05
-6.982204497789316e-06
3.824564732111507e-05
4.670887046071643e-05
-3.630387702755122e-05
-3.38512963238583e-05
-3.879226501931272e-05
-3.096820496516357e-05
5.497871644822345e-07
-3.596892925374098e-05
3.13992264652017e-05
2.917962871330795e-05
-3.096861958053478e-05
-2.689024899183924e-05
-3.733398109731853e-06
2.695912522532439e-05
2.869032005887335e-05
2.332988838796921e-05
-4.824231569600152e-06
-2.564198412208249e-05
-2.435875780554661e-05
-2.154532555763239e-05
2.41824489463894e-05
-2.035566550889121e-06
-2.231372747001819e-05
-2.048516683326614e-05
-2.175591043076477e-05
-5.081099816583588e-06
1.924387113374076e-05
-1.98143832832215e-05
-2.009659212300076e-05
7.398196235896997e-06
1.717219045160556e-05
1.77330519505398e-05
1.781274089705805e-05
7.103497526247258e-06
1.578306417733872e-05
-1.782141248465305e-05
1.620906710278486e-05
6.345993104136348e-06
-1.54476204762065e-05
1.558808654087594e-05
1.544371485116498e-05
-4.417322337483718e-06
1.557842387935545e-05
1.604694906672592e-05

-0.004560841669193657
-0.002711887714488932
-0.0008330932928173822
0.0008343933735332715
0.0009166370732401648
-0.0004832797202372182
0.0006497456548359138
-0.0005132726268798689
-0.0003917315994672455
-0.0002627942963444585
0.0003355070078984914
-5.012935410820367e-05
0.0003505576142473482
-0.0001692221114423646
0.0003511446725713091
0.0002534895170058929
-0.0001983567385743373
-0.000252376014347753
0.0001853693336337846
2.96081613411039e-05
-0.000162181342129786
-0.0001980697891466235
0.0001539472309466114
0.0001435470192084267
0.0001644992841215352
0.0001313212194430238
-2.331382169397973e-06
0.0001525268790031925
-0.0001331489737175061
-0.0001237367302960468
0.0001313229776267583
0.0001140285752018393
1.58315405425614e-05
-0.0001143206460850824
-0.0001216618083155187
-9.893080325530754e-05
2.045723907178224e-05
0.000108735286001908
0.0001032937421701298
9.13633330929339e-05
-0.0001025461013427829
8.63185586704359e-06
9.46217549572869e-05
8.686771132086117e-05
9.225632196229347e-05
2.154649340434669e-05
-8.160397501003993e-05
8.402324184390657e-05
8.521995340738658e-05
-3.137218164468964e-05
-7.281897653253269e-05
-7.519731961260182e-05
-7.55352419960955e-05
-3.012250656784481e-05
-6.692836206186419e-05
7.557201401608007e-05
-6.87348349822195e-05
-2.691029570331779e-05
6.550590712996572e-05
-6.610155595510543e-05
-6.54893452579998e-05
1.873173329498706e-05
-6.606058126839884e-05
-6.80473705904194e-05

-0.006276165399959407
-0.00373182343890971
-0.001146418068979347
0.001148207107538842
0.001261382503639366
-0.00066504028831858
0.0008941137389613774
-0.0007063134691408253
-0.0005390610963879502
-0.0003616307229352485
0.0004616905446729278
-6.898290723426578e-05
0.000482401654960219
-0.0002328662202672787
0.0004832095047848135
0.0003488264340835352
-0.0002729583243150147
-0.0003472941452293156
0.0002550863814949084
4.074373355701084e-05
-0.0002231774312336371
-0.0002725634537626561
0.0002118464867598329
0.0001975347755017139
0.000226367146725395
0.0001807108760902582
-3.208210494235969e-06
0.0002098919431975787
-0.0001832260452122822
-0.0001702738752440827
0.000180713295523532
0.0001569145017952503
2.178575232120789e-05
-0.0001573164199727512
-0.0001674185791196659
-0.0001361384870198668
2.81511671208059e-05
0.0001496304167648293
0.0001421423188222932
0.0001257249059655498
-0.000141113491725767
1.187828016396735e-05
0.0001302088139910379
0.0001195384895398296
0.0001269537462215406
2.965008790114591e-05
-0.0001122950721830378
0.0001156242205940697
0.000117271013061986
-4.317119848505451e-05
-0.0001002060527689424
-0.0001034788860815068
-0.0001039439004198421
-4.145152302877892e-05
-9.209998958877316e-05
0.0001039945023254851
-9.458587348055144e-05
-3.703120587074929e-05
9.01425521080899e-05
-9.09622233043225e-05
-9.011976134814328e-05
2.577670195861747e-05
-9.090583811722457e-05
-9.363985506063828e-05

0.003850035954014211
0.002289240881689689
0.0007032559696294816
-0.0007043534331816552
-0.0007737794785980662
0.0004079607304343086
-0.0005484830023764781
0.000433279252171088
0.0003306803550010409
0.0002218378893242716
-0.0002832183480426058
4.231671030628921e-05
-0.0002959233222065685
0.0001428488995064226
-0.0002964188876785222
-0.0002139832568691197
0.0001674429043197329
0.0002130432932440616
-0.0001564795822846566
-2.499373886742593e-05
0.0001369054318389484
0.0001672006758685398
-0.000129954604249663
-0.0001211752621839634
-0.0001388621233127635
-0.0001108548494010867
1.968037004081666e-06
-0.0001287556137022762
0.0001123977487565688
0.0001044524004614639
-0.0001108563335724513
-9.625725823315579e-05
-1.336420001334422e-05
9.650380996268303e-05
0.0001027008544078559
8.351246921487244e-05
-1.726898490649938e-05
-9.178892646176501e-05
-8.719544549548189e-05
-7.712438685655961e-05
8.656432425192291e-05
-7.286583891403694e-06
-7.987498471569531e-05
-7.332940629955275e-05
-7.787820369628074e-05
-1.818847929977172e-05
6.888602160896328e-05
-7.092824648066381e-05
-7.193845092979656e-05
2.648283717098969e-05
6.14701623339511e-05
6.347784140580735e-05
6.376309869392606e-05
2.542792355511558e-05
5.649759824419035e-05
-6.379413980635385e-05
5.802253293778426e-05
2.27163347262735e-05
-5.529683245840094e-05
5.579964960468565e-05
5.528285174888052e-05
-1.581239865304536e-05
5.576506080979823e-05
5.744220965153289e-05

0.003983859203695622
0.002368812516279743
0.0007277004164703479
-0.000728836026715437
-0.000800675249338795
0.0004221410215643807
-0.0005675477016804412
0.000448339588811474
0.0003421744605732086
0.000229548743873779
-0.0002930627235646005
4.37875951906471e-05
-0.0003062093094303331
0.0001478141788372257
-0.0003067221002432914
-0.000221421092555237
0.0001732630457053591
0.0002204484567711759
-0.0001619186499869418
-2.586249526265765e-05
0.0001416641224087417
0.0001730123976448991
-0.0001344716912741686
-0.0001253871883997373
-0.0001436888264452352
-0.0001147080487911715
2.036443925607742e-06
-0.0001332310250610621
0.0001163045777252148
0.0001080830573783733
-0.0001147095845507917
-9.960306052072965e-05
-1.382872572077652e-05
9.98581821322168e-05
0.0001062706294037438
8.641527587765596e-05
-1.786923687985408e-05
-9.497941417942883e-05
-9.022626858725946e-05
-7.980515041360639e-05
8.957321022498562e-05
-7.539857976910325e-06
-8.265135619652955e-05
-7.587826027532314e-05
-8.058516914347692e-05
-1.882069194290863e-05
7.128042814943531e-05
-7.339363863586756e-05
-7.443895674206637e-05
2.740335307612362e-05
6.360680131089181e-05
6.568426522135734e-05
6.597943775643477e-05
2.631177175898723e-05
5.846139605973097e-05
-6.601155782568591e-05
6.00393358988981e-05
2.350593091971746e-05
-5.721889290279269e-05
5.773918745065672e-05
5.720442623833099e-05
-1.636202120158147e-05
5.770339638520142e-05
5.943884117815873e-05

0.005635419212933037
0.003350834174485134
0.001029377972100859
-0.001030984364161728
-0.001132605459364139
0.0005971450048447187
-0.0008028318920854171
0.000634204524688799
0.0004840272787503446
0.0003247111244119345
-0.0004145556402793167
6.194030526895662e-05
-0.0004331523121954179
0.0002090924454836246
-0.0004338776870274696
-0.0003132140508320382
0.0002450914670261555
0.0003118381963893128
-0.0002290441063333247
-3.6584124901373e-05
0.000200392804159559
0.0002447369095925072
-0.0001902186583047081
-0.0001773680580648659
-0.000203256875263576
-0.0001622617439482451
2.880677914968019e-06
-0.00018846365797547
0.0001645201344607145
0.0001528902772411391
-0.000162263916376763
-0.0001408947887527767
-1.956160161106186e-05
0.00014125567430552
0.0001503264839672664
0.0001222398385766547
-2.527715857521754e-05
-0.0001343543504256802
-0.0001276307272697463
-0.0001128894006883612
0.0001267069351742319
-1.066560295766807e-05
-0.000116915537640719
-0.000107334567798693
-0.0001139927862027491
-2.662305155698058e-05
0.0001008306453016836
-0.0001038199143413994
-0.0001052985824965562
3.87637651151764e-05
8.997581788235631e-05
9.291452114381862e-05
9.333206124506637e-05
3.721965474065295e-05
8.269731878685738e-05
-9.337749710169193e-05
8.492941385639691e-05
3.325061653783844e-05
-8.093971998508192e-05
8.167570932142663e-05
8.091925597906362e-05
-2.314510727594579e-05
8.162508061003338e-05
8.407997633528953e-05

0.003734515042714467
0.002220551862678637
0.0006821546678600586
-0.00068321920185225
-0.0007505621082720011
0.0003957198069942184
-0.0005320256869061642
0.000420278642655672
0.0003207582409182297
0.0002151816098916243
-0.0002747203386594137
4.104699101114114e-05
-0.0002870440981513502
0.00013856269666408
-0.0002875247941063542
-0.0002075626568716941
0.000162418754641955
0.0002066508969974072
-0.0001517843887432642
-2.42437979512256e-05
0.0001327975636432042
0.0001621837942920967
-0.0001260552966873772
-0.0001175393801086315
-0.0001346955442932887
-0.0001075286328727635
1.908985756015533e-06
-0.0001248922820327722
0.0001090252372996555
0.00010131829038226
-0.0001075300725113384
-9.33690446364021e-05
-1.29632051699757e-05
9.360819854399081e-05
9.961929973298627e-05
8.100666494087041e-05
-1.675082640163024e-05
-8.903478583584377e-05
-8.45791329609514e-05
-7.48102579602067e-05
8.396694860578617e-05
-7.067948839300775e-06
-7.747832371442559e-05
-7.112914636899057e-05
-7.554145641160512e-05
-1.76427312265133e-05
6.681908610830852e-05
-6.880003371376631e-05
-6.977992682555765e-05
2.568821563489285e-05
5.962574081284564e-05
6.157317917039731e-05
6.184987727042855e-05
2.466495486166724e-05
5.480237926093647e-05
-6.187998698957893e-05
5.628155805833407e-05
2.203472766589051e-05
-5.363764263422889e-05
5.412537267595834e-05
5.36240814180031e-05
-1.533794523908659e-05
5.409182172309493e-05
5.571864746008076e-05

-0.0003754746005454473
-0.0002232581243065286
-6.858500996653863e-05
6.869204005529071e-05
7.546281232363768e-05
-3.978635371929373e-05
5.349078260117756e-05
-4.225554152660818e-05
-3.224958823380177e-05
-2.163473117518255e-05
2.762085792674037e-05
-4.126935459412713e-06
2.885991001759016e-05
-1.393133314108718e-05
2.890824002030511e-05
2.086870846295844e-05
-1.632986246482833e-05
-2.077703854849386e-05
1.526066492717786e-05
2.437513371161563e-06
-1.335169669743788e-05
-1.630623914496227e-05
1.267381751819637e-05
1.181761253866461e-05
1.35425229542133e-05
1.081111469986777e-05
-1.919327291464183e-07
1.255688601359628e-05
-1.096158589702309e-05
-1.018671612623286e-05
1.081125944362941e-05
9.387485212199111e-06
1.303343065249886e-06
-9.411530159618121e-06
-1.001589666824371e-05
-8.144550179159645e-06
1.68415705386602e-06
8.951711337094294e-06
8.503732291820513e-06
7.52155270580551e-06
-8.442182218089492e-06
7.10623799010714e-07
7.789804650655106e-06
7.151447380612257e-06
7.595068662578524e-06
1.773830707344474e-06
-6.718106468575818e-06
6.917274366502116e-06
7.015794514487325e-06
-2.58273762293786e-06
-5.994875092992625e-06
-6.19067391318167e-06
-6.218493618652116e-06
-2.479857215259243e-06
-5.509925981455753e-06
6.221520901906487e-06
-5.658645175689819e-06
-2.215409624500591e-06
5.392821346799812e-06
-5.441858568632816e-06
-5.391457878680541e-06
1.542103538468354e-06
-5.4384852978172e-06
-5.602049170704526e-06

0.004504497059440973
0.002678385070449043
0.0008228012634340442
-0.0008240852829613492
-0.0009053129445106556
0.0004773092855647445
-0.0006417187010373545
0.0005069316600242496
0.0003868921497120254
0.0002595477372339276
-0.0003313621563995872
4.951005637780775e-05
-0.0003462268276504764
0.0001671315425249733
-0.0003468066334598548
-0.0002503579090816678
0.0001959062406537184
0.0002492581626285166
-0.0001830792820333619
-2.924238229913243e-05
0.0001601777548329146
0.0001956228361975514
-0.0001520453678083132
-0.0001417736402215559
-0.0001624670609836458
-0.0001296988779108404
2.302580288506484e-06
-0.000150642562884014
0.0001315040521202812
0.0001222080874958386
-0.0001297006143740132
-0.0001126198668895693
-1.563595778868857e-05
0.0001129083295308984
0.0001201587990885622
9.770861272421637e-05
-2.020451046690423e-05
-0.0001073919709516379
-0.0001020176519186881
-9.023463104142586e-05
0.0001012792474414837
-8.525217973088205e-06
-9.345279838223212e-05
-8.579454815287529e-05
-9.111658793180518e-05
-2.128030815818469e-05
8.059584000788994e-05
-8.298521923425887e-05
-8.416714663045854e-05
3.098460990682809e-05
7.191937134716573e-05
7.426833239152574e-05
7.460208008397191e-05
2.975037330814944e-05
6.610152949121443e-05
-7.463839782269075e-05
6.788568525624959e-05
2.657784607675063e-05
-6.469664755872549e-05
6.528493774195002e-05
6.468029029203997e-05
-1.850032157779537e-05
6.524446925629111e-05
6.720671379531163e-05

-0.003170729175220987
-0.001885323394217738
-0.0005791723109046271
0.0005800761361534006
0.0006372525340757173
-0.0003359794572785147
0.0004517077446859537
-0.0003568307367219006
-0.000272334560455469
-0.0001826964413453007
0.0002332468293342467
-3.485027921040949e-05
0.0002437101166211252
-0.0001176444009155224
0.0002441182436930065
0.0001762276933690046
-0.000137898998412409
-0.0001754535784970399
0.0001288700632416045
2.05838018063603e-05
-0.0001127496086173885
-0.0001376995091540331
0.0001070251966657725
9.979489638818972e-05
0.0001143610581770889
9.129543448660099e-05
-1.62079326564449e-06
0.0001060377580146015
-9.256610210094224e-05
-8.602264433913454e-05
9.129665678829263e-05
7.927346670319131e-05
1.100619822566041e-05
-7.947651643346114e-05
-8.458014399879754e-05
-6.877738956132432e-05
1.422201634569013e-05
7.559353485804228e-05
7.181053535114096e-05
6.351643113155665e-05
-7.129077019466699e-05
6.000926850586494e-06
6.578170890698451e-05
6.039104328706788e-05
6.413724326811945e-05
1.497927361134218e-05
-5.673165681809702e-05
5.841354812000571e-05
5.924551040763035e-05
-2.181016111632365e-05
-5.062426414865459e-05
-5.227770496936712e-05
-5.251263098477799e-05
-2.094137822204664e-05
-4.652906757818841e-05
5.253819515145972e-05
-4.77849402456116e-05
-1.870822665839514e-05
4.55401669146373e-05
-4.595426616320084e-05
-4.552865298487629e-05
1.302243260537693e-05
-4.592578027310239e-05
-4.730701016995906e-05

-0.002507897286051807
-0.001491201916782717
-0.000458097991473121
0.0004588128746319184
0.0005040367096715947
-0.0002657439101588458
0.0003572795292135329
-0.0002822362891155548
-0.0002154037974614247
-0.0001445042714470459
0.0001844872450283421
-2.756492775635436e-05
0.0001927632119558211
-9.305117449983993e-05
0.0001930860212275226
0.000139387796782255
-0.0001090716061688297
-0.0001387755084160284
0.0001019301441393054
1.628081675667098e-05
-8.917962456861226e-05
-0.0001089138195708562
8.465188460585836e-05
7.893305797596378e-05
9.045420519472616e-05
7.221038433908604e-05
-1.281971056981887e-06
8.387086718792498e-05
-7.3215422513397e-05
-6.803985593063884e-05
7.221135112209278e-05
6.270157462659934e-05
8.705383883174486e-06
-6.286217738999168e-05
-6.689890617153939e-05
-5.439967246983174e-05
1.124894439874564e-05
5.97909220362064e-05
5.679874778472692e-05
5.023850239224736e-05
-5.638763805151786e-05
4.746450210882964e-06
5.203023031072285e-05
4.776646796108917e-05
5.072953552261121e-05
1.184789919318699e-05
-4.487206579458541e-05
4.620236251763366e-05
4.686040546231485e-05
-1.725080915123278e-05
-4.004140614056757e-05
-4.134919987436637e-05
-4.153501527641586e-05
-1.656364284268934e-05
-3.680229873108504e-05
4.155523532697151e-05
-3.779563479992799e-05
-1.479732524307099e-05
3.602012493028622e-05
-3.634765791221554e-05
-3.601101795469457e-05
1.030013021737952e-05
-3.632512691617436e-05
-3.741761464323071e-05

0.003203740675104439
0.001904952113534397
0.000585202263517138
-0.0005861154987869393
-0.000643887178913575
0.0003394774494444009
-0.0004564106219538242
0.0003605458183870424
0.0002751699247562334
0.00018459855383076
-0.0002356752384647879
3.521311688102208e-05
-0.0002462474624623099
0.0001188692353029819
-0.0002466598386789127
-0.0001780624576006637
0.0001393347100479656
0.0001772802831652596
-0.0001302117716760249
-2.079810650832587e-05
0.0001139234817191458
0.000139133143841633
-0.0001081394710398908
-0.0001008338937381365
-0.0001155517086079745
-9.224594115508135e-05
1.63766787515635e-06
-0.0001071417518415244
9.352983810607379e-05
8.691825426249537e-05
-9.224717618255932e-05
-8.009880872777373e-05
-1.112078736001097e-05
8.030397247526161e-05
8.546073557866155e-05
6.94934534892219e-05
-1.43700864156929e-05
-7.638056390697024e-05
-7.255817835323652e-05
-6.4177721498249e-05
7.203300175147844e-05
-6.063404465382359e-06
-6.646658382249459e-05
-6.101979421731119e-05
-6.48049971132874e-05
-1.513522773474732e-05
5.732230867735477e-05
-5.902171070043987e-05
-5.986233481989207e-05
2.203723384671724e-05
5.115132994258416e-05
5.282198527718573e-05
5.305935718427806e-05
2.115940576919636e-05
4.701349693941374e-05
-5.308518750790191e-05
4.82824449084616e-05
1.890300413323416e-05
-4.601430050717212e-05
4.643271107862857e-05
4.600266670212882e-05
-1.315801341618624e-05
4.640392861260366e-05
4.779953894628068e-05

0.001647104914978467
0.0009793726481616884
0.0003008637783907019
-0.0003013332902685329
-0.0003310348260461511
0.0001745319088555234
-0.0002346495097155777
0.0001853635639597173
0.0001414701692437895
9.490567937515403e-05
-0.0001211651887527799
1.810374302051375e-05
-0.0001266005731595949
6.111296810903613e-05
-0.0001268125837315155
-9.154534615312819e-05
7.163466367002291e-05
9.11432151794935e-05
-6.694438497545251e-05
-1.069270797051016e-05
5.857026073588922e-05
7.15310345929786e-05
-5.559658921120276e-05
-5.184065091883994e-05
-5.940736360509942e-05
-4.742541874378081e-05
8.419566624832828e-07
-5.508364251481022e-05
4.808549494621001e-05
4.468635208510154e-05
-4.742605369524172e-05
-4.118034351676169e-05
-5.717411418920451e-06
4.128582215913471e-05
4.393701359887426e-05
3.57279256995971e-05
-7.387938776657177e-06
-3.926872209028034e-05
-3.73035599030143e-05
-3.29950052865578e-05
3.70335564758736e-05
-3.117313262599712e-06
-3.417175358372011e-05
-3.137145392175746e-05
-3.331749978700812e-05
-7.781312696418388e-06
2.947050524219839e-05
-3.034420062163232e-05
-3.077638170595546e-05
1.132976725098548e-05
2.62978859714817e-05
2.715680212355291e-05
2.727883960239994e-05
1.087845889378169e-05
2.417054616216206e-05
-2.729211947029002e-05
2.482293680444413e-05
9.718399262979797e-06
-2.365683999132965e-05
2.38719529416727e-05
2.365085882760478e-05
-6.764788653954522e-06
2.385715532035976e-05
2.457466552893345e-05

0.0003366087226789565
0.0002001483773901496
6.148568389513396e-05
-6.158163515597372e-05
-6.765155573537854e-05
3.566801505613278e-05
-4.795388018356262e-05
3.788161393257284e-05
2.891139024189856e-05
1.939529122821877e-05
-2.47617859969164e-05
3.699750852801327e-06
-2.587258214955842e-05
1.248928222314543e-05
-2.591590944890052e-05
-1.870856055106029e-05
1.463953657001371e-05
1.862637951196637e-05
-1.368101309892319e-05
-2.185203103460789e-06
1.196964472268568e-05
1.461835853153337e-05
-1.136193372353173e-05
-1.059435566607913e-05
-1.214071829849407e-05
-9.69204176411261e-06
1.720655157617869e-07
-1.125710595530584e-05
9.82693748651725e-06
9.132275521579144e-06
-9.692171525237645e-06
-8.4157740679327e-06
-1.168432282151104e-06
8.437330090728386e-06
8.979137814083801e-06
7.301496901827873e-06
-1.509827705708164e-06
-8.025107729215324e-06
-7.623499593819944e-06
-6.742986729791666e-06
7.568320650514681e-06
-6.370661795556846e-07
-6.983471557214637e-06
-6.411191501611471e-06
-6.80889295160118e-06
-1.590219119430568e-06
6.022706286674583e-06
-6.201258049235631e-06
-6.289580245012296e-06
2.315394998776208e-06
5.37433755768025e-06
5.549868980250105e-06
5.574809030816406e-06
2.223163879633309e-06
4.93958617699403e-06
-5.577522955909309e-06
5.072911248642326e-06
1.98608961253614e-06
-4.834603199640296e-06
4.878564513087774e-06
4.833380865913429e-06
-1.382478339596081e-06
4.875540414034863e-06
5.022173571779159e-06

-0.002027363070064555
-0.001205475085805585
-0.0003703225628691728
0.0003709004684012703
0.0004074590362326176
-0.0002148251415825367
0.0002888217660452214
-0.0002281574420002285
-0.000174130617929927
-0.0001168160374939169
0.0001491379370074634
-2.22832557270355e-05
0.0001558281590557086
-7.522178673596985e-05
0.0001560891153555242
0.0001126799224137701
-8.81725689361919e-05
-0.0001121849536489558
8.239947110422134e-05
1.316127531479791e-05
-7.209205833834331e-05
-8.804501557765378e-05
6.843187143898281e-05
6.380882009710928e-05
7.312241859494341e-05
5.837426727898246e-05
-1.036334618754636e-06
6.78005035281001e-05
-5.918673168489182e-05
-5.500284719532731e-05
5.837504881823516e-05
5.068742549379735e-05
7.037359103038677e-06
-5.081725541676066e-05
-5.408051300753375e-05
-4.397623762437538e-05
9.093552027853084e-06
4.833447842360945e-05
4.591562992834823e-05
4.061238273666931e-05
-4.558329227820111e-05
3.836990424194444e-06
4.206080051426925e-05
3.861401089682775e-05
4.100932978876901e-05
9.577742045380874e-06
-3.627420053260773e-05
3.734960121331644e-05
3.788155759445388e-05
-1.394540900715884e-05
-3.236913590294546e-05
-3.342634535642379e-05
-3.357655696439325e-05
-1.338990954365306e-05
-2.975066871990689e-05
3.359290268317558e-05
-3.055367324219508e-05
-1.196203325406489e-05
2.911836599884562e-05
-2.93831409062854e-05
-2.911100399638567e-05
8.32653862489064e-06
-2.936492703861665e-05
-3.024808492735809e-05

-0.003172796982017285
-0.001886552917243173
-0.0005795500210066658
0.0005804544356899636
0.0006376681214841893
-0.0003361985679521514
0.0004520023281373564
-0.0003570634456610542
-0.0002725121647931261
-0.0001828155877378699
0.0002333989424137358
-3.487300699326127e-05
0.0002438690533853124
-0.0001177211232964889
0.0002442774466194448
0.0001763426211353807
-0.0001379889299298628
-0.0001755680014205771
0.0001289541064940698
2.05972256350401e-05
-0.0001128231388352279
-0.0001377893105736296
0.0001070949936798854
9.985997812602674e-05
0.0001144356393097677
9.135497325813352e-05
-1.621850274031009e-06
0.000106106911065687
-9.262646954464117e-05
-8.607874443435239e-05
9.135619635696504e-05
7.932516528865279e-05
1.101337597255712e-05
-7.952834743879007e-05
-8.463530336022688e-05
-6.882224307788749e-05
1.423129130435912e-05
7.564283355765773e-05
7.185736694881296e-05
6.355785368794298e-05
-7.133726282489643e-05
6.004840384868659e-06
6.58246087755323e-05
6.043042760621608e-05
6.417907069021811e-05
1.498904241910222e-05
-5.676865465019e-05
5.845164280586878e-05
5.928414766182204e-05
-2.182438472133674e-05
-5.065727901422795e-05
-5.231179813458207e-05
-5.254687735815901e-05
-2.095503524597748e-05
-4.655941174096301e-05
5.257245819666367e-05
-4.781610343196197e-05
-1.872042732142408e-05
4.556986616091569e-05
-4.598423546635762e-05
-4.555834472229895e-05
1.303092524954705e-05
-4.595573099905046e-05
-4.733786167184707e-05

-0.002047252779416797
-0.0012173015560821
-0.0003739556605865807
0.0003745392357360402
0.0004114564661568337
-0.0002169327116032512
0.0002916552895843023
-0.0002303958102900036
-0.0001758389490281478
-0.0001179620764386691
0.0001506010741555327
-2.250186850852445e-05
0.0001573569314982577
-7.595975986827831e-05
0.0001576204479438032
0.0001137853834630378
-8.903759740339895e-05
-0.0001132855587427155
8.320786184353352e-05
1.329039571981421e-05
-7.279932686273472e-05
-8.890879266602229e-05
6.910323122326053e-05
6.443482483429318e-05
7.383979560277158e-05
5.894695562818629e-05
-1.046501714458136e-06
6.846566919529391e-05
-5.976739082193227e-05
-5.554245978885318e-05
5.894774483481761e-05
5.118470108087538e-05
7.106400030750563e-06
-5.131580471720548e-05
-5.461107692143805e-05
-4.440767222909977e-05
9.182765503963003e-06
4.880867011710732e-05
4.636609119376074e-05
4.101081580504518e-05
-4.603049310183319e-05
3.874633718309156e-06
4.247344347382926e-05
3.899283867809191e-05
4.141165715787942e-05
9.671705730694623e-06
-3.663007329965951e-05
3.771602433875627e-05
3.825319954724427e-05
-1.408222225785194e-05
-3.268669752503008e-05
-3.375427886950321e-05
-3.390596414801086e-05
-1.352127299453491e-05
-3.004254152878179e-05
3.392247022858557e-05
-3.085342403149037e-05
-1.207938833870713e-05
2.940403551955845e-05
-2.967140803569815e-05
-2.939660129120661e-05
8.408227216147896e-06
-2.96530154785083e-05
-3.054483770269967e-05

0.0003056747700069225
0.0001817549727740872
5.583522059017757e-05
-5.59223540411095e-05
-6.143445593281938e-05
3.23901656859232e-05
-4.354697400401728e-05
3.440033738333912e-05
2.625446688499551e-05
1.761288637506892e-05
-2.24862064753862e-05
3.359748024387342e-06
-2.349492174504348e-05
1.134153161786113e-05
-2.35342673156977e-05
-1.698926545363935e-05
1.329418007482482e-05
1.691463675708515e-05
-1.242374380315995e-05
-1.984385463192272e-06
1.086964820326954e-05
1.327494827361295e-05
-1.031778514274305e-05
-9.620746621848374e-06
-1.102500031513094e-05
-8.801354324885678e-06
1.562528936801843e-07
-1.022259092529086e-05
8.923853286260793e-06
8.293029953246204e-06
-8.801472161113963e-06
-7.642374155290808e-06
-1.061054705513426e-06
7.661949204488894e-06
8.153965424113389e-06
6.630497773231846e-06
-1.37107628411769e-06
-7.287609601697445e-06
-6.922908789897259e-06
-6.123314040668069e-06
6.872800727722937e-06
-5.785205337672041e-07
-6.34169859032231e-06
-5.822010410571531e-06
-6.183163556843337e-06
-1.444079819809e-06
5.469226538012142e-06
-5.631369599901043e-06
-5.711575087939633e-06
2.102612873765541e-06
4.880442146033616e-06
5.039842433684845e-06
5.062490522422224e-06
2.018857687901707e-06
4.485643914889935e-06
-5.064955040940658e-06
4.606716566498923e-06
1.803570272015355e-06
-4.390308751845464e-06
4.430230071380701e-06
4.389198749179945e-06
-1.255430177602259e-06
4.427483883541751e-06
4.560641623516324e-06

0.002716965630101938
0.001615514470219818
0.0004962868714653287
-0.0004970613501426088
-0.0005460552248706154
0.0002878973849233523
-0.0003870637791310918
0.0003057646345244716
0.0002333607191774555
0.0001565507252263234
-0.0001998668393327524
2.986285033552838e-05
-0.0002088327239494982
0.0001008082924140306
-0.0002091824438928176
-0.0001510077207783715
0.0001181642513148231
0.000150344389606081
-0.0001104274484597281
-1.763805073033065e-05
9.661399460253174e-05
0.0001179933109952529
-9.170880413509231e-05
-8.551323325410691e-05
-9.799482936526726e-05
-7.823013066641745e-05
1.388841289464463e-06
-9.086267798277871e-05
7.931895284093489e-05
7.371193033655055e-05
-7.823117804433338e-05
-6.792862856116745e-05
-9.431099486801489e-06
6.810261981295311e-05
7.247586644411531e-05
5.893464665056125e-05
-1.218670137580876e-05
-6.477533233438197e-05
-6.153371847493144e-05
-5.442658479944365e-05
6.108833699078144e-05
-5.142133276225116e-06
-5.636767832031662e-05
-5.17484716951745e-05
-5.495855241464041e-05
-1.283558743646727e-05
4.861278059261168e-05
-5.005397616886365e-05
-5.076687620417963e-05
1.868890556883196e-05
4.337941783739405e-05
4.479623448523537e-05
4.499754020206394e-05
1.794445432959853e-05
3.987028548467919e-05
-4.501944587689494e-05
4.094643001943553e-05
1.603088943333249e-05
-3.902290654879333e-05
3.937774398952618e-05
3.901304037932015e-05
-1.115879025103457e-05
3.935333471959075e-05
4.053689659120902e-05

0.001765949741985965
0.00105003807565718
0.0003225722338572645
-0.0003230756227866425
-0.0003549202363057182
0.0001871250438323138
-0.0002515803561575442
0.0001987382436731734
0.0001516777751088328
0.0001017534818100679
-0.0001299077137526733
1.940999630643973e-05
-0.0001357352816285483
6.55224990725962e-05
-0.0001359625895623108
-9.815068788209387e-05
7.680337462108832e-05
9.771954164321545e-05
-7.177467464258977e-05
-1.146422714784542e-05
6.27963257798619e-05
7.669226831560335e-05
-5.960809264788113e-05
-5.558114925283094e-05
-6.369382877583279e-05
-5.084734143681024e-05
9.027070087365647e-07
-5.905813491421813e-05
5.155504462484401e-05
4.791064079607649e-05
-5.08480222024061e-05
-4.415166049654085e-05
-6.129944199821897e-06
4.426474982046618e-05
4.710723471404749e-05
3.830583018552042e-05
-7.921006402081787e-06
-4.21021083798715e-05
-3.999515233475815e-05
-3.537571926521206e-05
3.970566714278991e-05
-3.342239162615343e-06
-3.663737438679095e-05
-3.363502255080928e-05
-3.57214829592429e-05
-8.342763732649689e-06
3.159691325998351e-05
-3.253364905371037e-05
-3.299701363201253e-05
1.214725265627778e-05
2.81953775523284e-05
2.911626774174048e-05
2.924711068460088e-05
1.166338070027016e-05
2.591454215853064e-05
-2.926134874501327e-05
2.661400524428847e-05
1.041961839522426e-05
-2.536377015148079e-05
2.559440431187443e-05
2.535735742425913e-05
-7.25289364957875e-06
2.557853898642355e-05
2.6347820260601e-05

0.001271776377641927
0.0007562013734000524
0.0002323054486486335
-0.0002326679720736672
-0.0002556013694778943
0.0001347610324082523
-0.0001811795355400179
0.0001431244602427631
0.0001092331264081042
7.327936431721256e-05
-9.355507560385119e-05
1.397841297844263e-05
-9.775188992282939e-05
4.718705438971718e-05
-9.791558929295218e-05
-7.068475581723413e-05
5.531115367780953e-05
7.03742590976086e-05
-5.168965659279824e-05
-8.256142815344723e-06
4.522375797610979e-05
5.523113873095026e-05
-4.292770192917261e-05
-4.002763554440878e-05
-4.587010882177926e-05
-3.661850967089088e-05
6.500985970032329e-07
-4.253164124990996e-05
3.712817321088017e-05
3.450359868883045e-05
-3.661899993490161e-05
-3.179651012605964e-05
-4.414575366583755e-06
3.18779531747044e-05
3.392501321017298e-05
2.758654382831776e-05
-5.704436875984409e-06
-3.03204930544813e-05
-2.880313564435704e-05
-2.547637853667018e-05
2.859465834737138e-05
-2.4069659030406e-06
-2.638497924155686e-05
-2.422278852254563e-05
-2.572538567875585e-05
-6.008172026176038e-06
2.275501218128443e-05
-2.342961714100292e-05
-2.376331640260761e-05
8.748034337674981e-06
2.030534294221671e-05
2.096853644170384e-05
2.106276503720644e-05
8.399566366688629e-06
1.866276359459323e-05
-2.107301879949999e-05
1.916649289581291e-05
7.503851454001203e-06
-1.826611650358655e-05
1.843221130803948e-05
1.826149827759258e-05
-5.223285008503523e-06
1.842078564531916e-05
1.897479560890891e-05

-0.002432310494544101
-0.001446257823974056
-0.0004442911431766013
0.000444984480108765
0.0004888452909887087
-0.0002577345193264943
0.000346511299814621
-0.0002737298260878037
-0.0002089116328823126
-0.0001401489837330742
0.0001789268901433258
-2.673413438261821e-05
0.0001869534234952741
-9.024665783737569e-05
0.0001872665034543735
0.0001351867170997835
-0.0001057842415703314
-0.000134592882803962
9.88580196961243e-05
1.579012094204173e-05
-8.649179451811785e-05
-0.0001056312105829038
8.210051841233447e-05
7.655405440609832e-05
8.772795991064429e-05
7.003399884832515e-05
-1.243333079444809e-06
8.134304047548247e-05
-7.100874566602561e-05
-6.598916811618712e-05
7.003493649297774e-05
6.081177998674975e-05
8.443007891850761e-06
-6.096754226175983e-05
-6.488260602198939e-05
-5.276009308039622e-05
1.090990674370125e-05
5.798885303477047e-05
5.508686144449904e-05
4.872433862364347e-05
-5.468814235656794e-05
4.603394534526088e-06
5.046206474332732e-05
4.632681009515558e-05
4.920057225681015e-05
1.149080933504004e-05
-4.351964378730334e-05
4.480984602099725e-05
4.544805587475043e-05
-1.673087824261748e-05
-3.883457784085112e-05
-4.010295531431122e-05
-4.028317033146841e-05
-1.606442278885685e-05
-3.569309553659147e-05
4.03027809596703e-05
-3.665649294453543e-05
-1.435134113349378e-05
3.493449606967776e-05
-3.525215736851095e-05
-3.49256635738668e-05
9.989689355396316e-06
-3.523030544563076e-05
-3.628986612957173e-05

-0.0001015199714296579
-6.036402560401834e-05
-1.854385953721521e-05
1.857279808991621e-05
2.040346414902056e-05
-1.075734413720534e-05
1.44627165553617e-05
-1.14249575398183e-05
-8.719570568421495e-06
-5.849549576983624e-06
7.468064959648721e-06
-1.115831455239992e-06
7.803077055543203e-06
-3.766722277362029e-06
7.816144412071007e-06
5.642434092372639e-06
-4.415231199299085e-06
-5.617648588663292e-06
4.126143992577482e-06
6.590493403304521e-07
-3.610001489561288e-06
-4.408843979609226e-06
3.426718053586618e-06
3.195219291922211e-06
3.661596660318655e-06
2.923084687632737e-06
-5.189433626411128e-08
3.395102378415219e-06
-2.963768748864069e-06
-2.754261216579179e-06
2.923123823116568e-06
2.538166973611104e-06
3.523949437708905e-07
-2.544668192002395e-06
-2.708075438727282e-06
-2.202105016670887e-06
4.553585668469493e-07
2.420343420999402e-06
2.299219862152844e-06
2.033660371930625e-06
-2.282578092733558e-06
1.921368520470596e-07
2.106189724749583e-06
1.933592133005475e-06
2.053537449688563e-06
4.796043260152636e-07
-1.816426399423144e-06
1.870276964232964e-06
1.896914618538947e-06
-6.983147443510944e-07
-1.620880739411239e-06
-1.673820380614315e-06
-1.68134220952093e-06
-6.704981729149823e-07
-1.48976129783888e-06
1.682160719499526e-06
-1.529971656493112e-06
-5.989974327356614e-07
1.458098812158784e-06
-1.471357385046998e-06
-1.457730160735085e-06
4.169504593359036e-07
-1.470445327730266e-06
-1.514669356940085e-06

0.001335135245816495
0.0007938747128116326
0.0002438787177829132
-0.0002442593018312236
-0.0002683352225032088
0.0001414747177994201
-0.0001902057531281994
0.0001502548048288702
0.0001146750322164205
7.693008284390731e-05
-9.821591363045739e-05
1.467480618148836e-05
-0.0001026218098366225
4.953787518743829e-05
-0.0001027936645767237
-7.420621305176715e-05
5.806671051631069e-05
7.38802476372645e-05
-5.426479338225686e-05
-8.667457157598629e-06
4.747676893804796e-05
5.798270928967105e-05
-4.506632524013844e-05
-4.202177989900331e-05
-4.815532045887913e-05
-3.844281413807103e-05
6.824859821063861e-07
-4.465053313888622e-05
3.897786870245279e-05
3.622254000532951e-05
-3.844332882663733e-05
-3.338058648484339e-05
-4.634505932691378e-06
3.346608696015024e-05
3.561512986713834e-05
2.896088307894362e-05
-5.988627296869752e-06
-3.183103543927917e-05
-3.023808451302535e-05
-2.674559106306374e-05
3.001922104610353e-05
-2.526878993134285e-06
-2.769945751851018e-05
-2.542954821064505e-05
-2.700700353910742e-05
-6.307494286022325e-06
2.38886484419152e-05
-2.459686167386458e-05
-2.494718556216541e-05
9.183854316824464e-06
2.131693866716578e-05
2.201317192917816e-05
2.21120949169218e-05
8.81802595400621e-06
1.959252734799535e-05
-2.212285951334657e-05
2.012135203464854e-05
7.877687250474427e-06
-1.917611962045228e-05
1.935048913341643e-05
1.917127131818338e-05
-5.483504833394186e-06
1.933849425344299e-05
1.99201045443139e-05

0.0009793686944610069
0.0005823350432012221
0.0001788936230919686
-0.0001791727948864685
-0.0001968333300797382
0.0001037766848749005
-0.0001395226144346677
0.0001102171877364804
8.411817225332857e-05
5.643092341072131e-05
-7.20448294724776e-05
1.076448683118058e-05
-7.527670941040663e-05
3.633777499374443e-05
-7.540277091089834e-05
-5.443286904837979e-05
4.259397588985935e-05
5.419376194410488e-05
-3.980513585909447e-05
-6.357884886444081e-06
3.482588101675549e-05
4.25323580335925e-05
-3.30577357259424e-05
-3.082445456187069e-05
-3.532362243971009e-05
-2.819915721031412e-05
5.006274887715798e-07
-3.275273758538352e-05
2.85916385651688e-05
2.657050798879056e-05
-2.819953475249252e-05
-2.448583505561597e-05
-3.399573218514446e-06
2.45485526635459e-05
2.612495127391317e-05
2.124382705073158e-05
-4.392868899032697e-06
-2.33491848254289e-05
-2.218069925523735e-05
-1.961883238728058e-05
2.202015519909587e-05
-1.853554677941012e-06
-2.031852700480045e-05
-1.865346863535801e-05
-1.981058763917556e-05
-4.62676905847435e-06
1.752316442121222e-05
-1.804266375323926e-05
-1.829963865537383e-05
6.736680377940376e-06
1.563672478708333e-05
1.614743638951889e-05
1.621999988273865e-05
6.468332398054292e-06
1.437180839178795e-05
-1.622789609308863e-05
1.475971991205691e-05
5.778560862687861e-06
-1.406635866767622e-05
1.419426484257723e-05
1.406280226731961e-05
-4.022343793694073e-06
1.418546617593931e-05
1.461209779475432e-05

0.001446951074454667
0.0008603606805264829
0.0002643032410673453
-0.0002647156985315772
-0.0002908079460351708
0.0001533230401710907
-0.0002061352359010913
0.0001628384479927544
0.0001242789160114144
8.337287655140282e-05
-0.0001064413677951259
1.590380198429268e-05
-0.0001112162520394761
5.368660737049719e-05
-0.0001114024993891404
-8.04208862307279e-05
6.292972149069644e-05
8.00676216395823e-05
-5.880939877479766e-05
-9.393345345551289e-06
5.145288617149171e-05
6.28386852713467e-05
-4.884057097006341e-05
-4.554104894306976e-05
-5.218826549372155e-05
-4.166234948590988e-05
7.396432894744781e-07
-4.838995682476619e-05
4.224221416945151e-05
3.925613030172691e-05
-4.166290727897793e-05
-3.617616689509871e-05
-5.022639736228234e-06
3.626882792324218e-05
3.859785035978367e-05
3.138631911601931e-05
-6.490166991594579e-06
-3.449684297841608e-05
-3.277048449786532e-05
-2.898549929448338e-05
3.253329150216189e-05
-2.738501800165922e-06
-3.001925081659544e-05
-2.755923957636399e-05
-2.9268804723106e-05
-6.835738673572375e-06
2.588929146964027e-05
-2.665681663244431e-05
-2.703647968766824e-05
9.952990090709369e-06
2.310220436858466e-05
2.385674625464671e-05
2.396395391308241e-05
9.556524081514004e-06
2.12333758593429e-05
-2.397562003038244e-05
2.180648892105401e-05
8.537433242816896e-06
-2.078209452984586e-05
2.097106726120205e-05
2.077684018862037e-05
-5.942741183200969e-06
2.09580678257407e-05
2.158838721692156e-05

2.297301608794356e-05
1.365981207235672e-05
4.196301254699489e-06
-4.202849777203186e-06
-4.617112313425135e-06
2.434285948276082e-06
-3.272776926804723e-06
2.585360591284638e-06
1.973156927906796e-06
1.323698131966808e-06
-1.689952962390833e-06
2.525021787530421e-07
-1.765763053447784e-06
8.523738753830333e-07
-1.768720073410703e-06
-1.276829843000234e-06
9.991253537958131e-07
1.271221116267774e-06
-9.337076339660226e-07
-1.49136676117655e-07
8.169094329866376e-07
9.976799859457592e-07
-7.75434112775597e-07
-7.230481171739158e-07
-8.285849355471097e-07
-6.614666120244394e-07
1.174320091981493e-08
-7.682797824147976e-07
6.706730330014858e-07
6.232634460644636e-07
-6.614754680035066e-07
-5.743633483803716e-07
-7.97436661809534e-08
5.758345130559793e-07
6.128120383171039e-07
4.983156837270984e-07
-1.030433670810625e-07
-5.477009849832528e-07
-5.202918611809169e-07
-4.6019824259415e-07
5.165259850599765e-07
-4.347876512300309e-08
-4.766109539655041e-07
-4.375537399451599e-07
-4.646962386123592e-07
-1.085299546702516e-07
4.110402348081118e-07
-4.232261118825092e-07
-4.29253962887992e-07
1.58022068272867e-07
3.667900884719313e-07
3.787698320935077e-07
3.804719513289999e-07
1.517274394010492e-07
3.371189902784733e-07
-3.806571724362987e-07
3.462182168138964e-07
1.355474934164025e-07
-3.29954067142142e-07
3.329543576651423e-07
3.298706447800257e-07
-9.435197306782855e-08
3.327479676584024e-07
3.427554501320451e-07

-0.0008535959020632327
-0.0005075502303838423
-0.0001559196903476454
0.0001561630102548004
0.0001715555386809566
-9.044944303399289e-05
0.0001216047976621337
-9.606284162531827e-05
-7.331552206087863e-05
-4.918393373758292e-05
6.279266587790096e-05
-9.38208654092762e-06
6.560950032091011e-05
-3.16711939029535e-05
6.571937271201584e-05
4.744247413668031e-05
-3.712395901338549e-05
-4.723407371964262e-05
3.469326826817586e-05
5.541390607594031e-06
-3.035346084653357e-05
-3.707025426471496e-05
2.881238486255527e-05
2.68659068297284e-05
3.078728116499634e-05
2.45777562347014e-05
-4.363357490314409e-07
2.854655528847545e-05
-2.491983422640405e-05
-2.315826191223032e-05
2.457808529204458e-05
2.134130749765965e-05
2.962992164748498e-06
-2.139597076535245e-05
-2.276992462097153e-05
-1.851564565745497e-05
3.828726517114664e-06
2.035062851837684e-05
1.933220256707137e-05
1.709933656626317e-05
-1.919227594985198e-05
1.615516900110299e-06
1.770917478305283e-05
1.625794705963007e-05
1.72664661653014e-05
4.032588677219756e-06
-1.527279912634204e-05
1.572558315288441e-05
1.594955674386111e-05
-5.871540306160795e-06
-1.362862043215812e-05
-1.40737452696566e-05
-1.413698999128307e-05
-5.637654194369217e-06
-1.252614752529163e-05
1.414387215204544e-05
-1.286424255113141e-05
-5.036464714576415e-06
1.225992436105853e-05
-1.237140452921313e-05
-1.225682468186201e-05
3.505785102593097e-06
-1.236373580769021e-05
-1.273557840748848e-05

0.001138021871410139
0.0006766706138350185
0.0002078735586360823
-0.0002081979549641028
-0.0002287194147823239
0.0001205880255291728
-0.0001621246295505376
0.0001280718599224727
9.77449252245402e-05
6.557247074413658e-05
-8.371575702331973e-05
1.250828367056192e-05
-8.747118649114802e-05
4.222432566524169e-05
-8.761766936894429e-05
-6.325074086091242e-05
4.949400203123806e-05
6.297289951699213e-05
-4.625338287642586e-05
-7.387832690178307e-06
4.046751189041201e-05
4.9422402368655e-05
-3.841293527982043e-05
-3.58178729461953e-05
-4.104588511066241e-05
-3.276728962461535e-05
5.817268153181966e-07
-3.80585288579508e-05
3.322335113489957e-05
3.08748067982439e-05
-3.276772832687673e-05
-2.845242653828373e-05
-3.950288280615152e-06
2.852530410720269e-05
3.035707196623674e-05
2.468522830362701e-05
-5.104493245097374e-06
-2.713164425330883e-05
-2.577386945120886e-05
-2.279699205676411e-05
2.558731800408097e-05
-2.153821921491053e-06
-2.361003395053745e-05
-2.167524386348533e-05
-2.301981076829789e-05
-5.376284143332999e-06
2.036183561968266e-05
-2.096549142915944e-05
-2.126409507114818e-05
7.827991290876802e-06
1.816980153191945e-05
1.876324604044077e-05
1.884756448232434e-05
7.516172185380095e-06
1.669997455920354e-05
-1.885673984207074e-05
1.715072594294604e-05
6.714660866949569e-06
-1.634504339933685e-05
1.649366978013434e-05
1.63409108786601e-05
-4.673944794686117e-06
1.648344577039827e-05
1.697918972871317e-05

0.0005635843986734208
0.0003351086746035903
0.0001029455562210929
-0.0001031062075353629
-0.0001132690830320542
5.97190015081385e-05
-8.028924061208806e-05
6.342523283137053e-05
4.840637626567437e-05
3.247355997479976e-05
-4.145868877107075e-05
6.194497406432385e-06
-4.331849613647191e-05
2.09108205978095e-05
-4.339103908719862e-05
-3.132376595679078e-05
2.451099409728842e-05
3.118617014191519e-05
-2.290613706987096e-05
-3.658688245629951e-06
2.004079089122403e-05
2.447553568140026e-05
-1.90232996173796e-05
-1.773814273106623e-05
-2.032721958977365e-05
-1.62273974544594e-05
2.880895048152426e-07
-1.884778635601401e-05
1.645325352850054e-05
1.529018014564245e-05
-1.622761471368471e-05
-1.409054087994612e-05
-1.956307608093692e-06
1.412663215542551e-05
1.503378149348031e-05
1.22249052492921e-05
-2.527906385935476e-06
-1.343644774820993e-05
-1.276403475281694e-05
-1.128979098085809e-05
1.267164858012127e-05
-1.066640688521152e-06
-1.169243502339518e-05
-1.073426582194337e-05
-1.140013784914797e-05
-2.662505828876383e-06
1.008382454844606e-05
-1.038277398425005e-05
-1.053065194533701e-05
3.876668696202204e-06
8.998259987473906e-06
9.292152464315492e-06
9.333909621676779e-06
3.722246019905592e-06
8.270355215707143e-06
-9.338453549807824e-06
8.493581547249469e-06
3.325312282713843e-06
-8.094582087505838e-06
8.16818656871564e-06
8.092535532650248e-06
-2.314685185515988e-06
8.1631233159549e-06
8.408631392438497e-06

-0.0006649669303594971
-0.0003953909781969809
-0.0001214643107147006
0.0001216538614043951
0.0001336449245680227
-7.046178214037534e-05
9.473237725585485e-05
-7.483472303793625e-05
-5.71141421071713e-05
-3.831519031596721e-05
4.89166433168495e-05
-7.308818226988326e-06
5.111100923200059e-05
-2.46724434121104e-05
5.119660184857452e-05
3.695856121034014e-05
-2.892024786935986e-05
-3.679621344689746e-05
2.702669500714396e-05
4.316845351930837e-06
-2.364590508941649e-05
-2.887841088096853e-05
2.244537851232708e-05
2.092903627196493e-05
2.398385910817977e-05
1.914652481228992e-05
-3.399135855011627e-07
2.22382923777229e-05
-1.941300986864703e-05
-1.804071258897228e-05
1.914678115403136e-05
1.662527163296075e-05
2.308225472627912e-06
-1.666785532533465e-05
-1.773819068615302e-05
-1.442402901268385e-05
2.982648479351602e-06
1.585351446047379e-05
1.506014188569503e-05
1.332069814321063e-05
-1.495113647352267e-05
1.258517421901933e-06
1.379577334688995e-05
1.26652402197139e-05
1.345089517927152e-05
3.141460857076121e-06
-1.189779183395155e-05
1.225051893059018e-05
1.242499848339283e-05
-4.574038048254955e-06
-1.061694634651847e-05
-1.096370679381264e-05
-1.101297559688502e-05
-4.391836459147778e-06
-9.758099645275147e-06
1.101833692689897e-05
-1.002148189786295e-05
-3.923498780885507e-06
9.550706896680382e-06
-9.637552001058392e-06
-9.548292189500748e-06
2.731071169081747e-06
-9.631577925746265e-06
-9.921250160071549e-06

-0.00047226519500718
-0.0002808100506910746
-8.626499118556223e-05
8.639961170447291e-05
9.491576720775065e-05
-5.004255965786878e-05
6.727974366200607e-05
-5.314825964304645e-05
-4.056295167237328e-05
-2.721177550367035e-05
3.474101799709243e-05
-5.190785146832243e-06
3.62994754174839e-05
-1.752258009736846e-05
3.636026402486991e-05
2.624828592268944e-05
-2.053940711349295e-05
-2.613298515407432e-05
1.919458969344967e-05
3.065860449404085e-06
-1.679352381048879e-05
-2.050969412687313e-05
1.594089957888879e-05
1.486398036509479e-05
1.703354164187515e-05
1.359802549773181e-05
-2.414095324343663e-07
1.579382523687669e-05
-1.378728546146702e-05
-1.281266820935703e-05
1.359820755381144e-05
1.18074099497511e-05
1.639321450708332e-06
-1.183765325190374e-05
-1.259781456943596e-05
-1.024406863477552e-05
2.118302431940398e-06
1.125930141243193e-05
1.069584143174308e-05
9.460473625085531e-06
-1.061842485675188e-05
8.93809825027968e-07
9.797876093490766e-06
8.994961808008562e-06
9.552940672425781e-06
2.231092339393542e-06
-8.449913407806797e-06
8.700423205330439e-06
8.824340074393442e-06
-3.248520899618153e-06
-7.540245999904723e-06
-7.786518232094212e-06
-7.821509356960153e-06
-3.119119774416424e-06
-6.930285735224064e-06
7.825317019317063e-06
-7.117342061214179e-06
-2.786502354131746e-06
6.782993633349192e-06
-6.844671768432306e-06
-6.781278687667686e-06
1.939630076863329e-06
-6.840428929099747e-06
-7.046156624702298e-06

-0.001684613579082686
-0.001001675392424586
-0.0003077151928342569
0.0003081953966624053
0.0003385733100758738
-0.0001785064332985471
0.0002399930610350324
-0.0001895847520543624
-0.0001446917958752635
-9.706691708190079e-05
0.0001239244206175763
-1.851601015042974e-05
0.0001294835822081757
-6.250466196674375e-05
0.0001297004207867965
9.363006073802054e-05
-7.326596263185036e-05
-9.32187722447445e-05
6.846887465841825e-05
1.093620745130409e-05
-5.990405084024579e-05
-7.315997366372986e-05
5.68626614395535e-05
5.302119111668213e-05
6.076021661797126e-05
4.850541315427128e-05
-8.61130103929366e-07
5.633803367466508e-05
-4.918052092894032e-05
-4.570397115427234e-05
4.850606256515434e-05
4.21181220751402e-05
5.84761105739421e-06
-4.222600272778912e-05
-4.493756837216391e-05
-3.6541539181062e-05
7.55618046634623e-06
4.016296828752237e-05
3.815305448321706e-05
3.374638339197096e-05
-3.787690240835644e-05
3.188302217225779e-06
3.494992916645682e-05
3.208585973580511e-05
3.407622189204661e-05
7.958512485916772e-06
-3.014162174005422e-05
3.103521333024181e-05
3.147723624974935e-05
-1.158777415166078e-05
-2.689675405972056e-05
-2.777522986286749e-05
-2.790004643778265e-05
-1.112618838381549e-05
-2.472096944666604e-05
2.791362872122256e-05
-2.538821664192389e-05
-9.939711318007545e-06
2.419556491220512e-05
-2.44155765179452e-05
-2.418944754256351e-05
6.918839669797681e-06
-2.440044191811011e-05
-2.513429161371077e-05

-0.001179992997807848
-0.00070162674919243
-0.0002155400961811655
0.000215876456496393
0.0002371547636174593
-0.0001250354051346036
0.0001681039112234458
-0.000132795249125963
-0.0001013498336312937
-6.799083415783183e-05
8.680325886112462e-05
-1.296959884221475e-05
9.069719147104719e-05
-4.378159143847643e-05
9.084907675055826e-05
6.558347708165786e-05
-5.131937908888232e-05
-6.529538873416974e-05
4.79592433943981e-05
7.66030167116816e-06
-4.195998501348329e-05
-5.124513877537758e-05
3.982963402914584e-05
3.713886379047129e-05
4.255968908521143e-05
3.397577259763977e-05
-6.031813499874232e-07
3.946215682446267e-05
-3.444865400901038e-05
-3.201349354159543e-05
3.397622747957305e-05
2.950177402495512e-05
4.095977966285083e-06
-2.957733937497211e-05
-3.147666424875472e-05
-2.559563860707558e-05
5.292750902148401e-06
2.813228026824561e-05
2.672442968178143e-05
2.363776274766327e-05
-2.653099807307272e-05
2.233256539027397e-06
2.448079025502066e-05
2.247464361382125e-05
2.386879918552982e-05
5.574565658827007e-06
-2.111279585860826e-05
2.173871496101594e-05
2.204833133617734e-05
-8.116693661333647e-06
-1.883991785908761e-05
-1.945524905986808e-05
-1.954267723107883e-05
-7.793374426164098e-06
-1.731588253133002e-05
1.955219098517286e-05
-1.778325797458059e-05
-6.962302750681461e-06
1.694786123590163e-05
-1.710196907252129e-05
-1.694357630466051e-05
4.846323492039387e-06
-1.709136799340108e-05
-1.760539537214642e-05

-7.742736319610602e-05
-4.603850127803092e-05
-1.414305113793565e-05
1.416512202488447e-05
1.556133642352679e-05
-8.204423029323205e-06
1.103044053076898e-05
-8.7135991517288e-06
-6.650251648101224e-06
-4.461340889412517e-06
5.695751977246346e-06
-8.5102355855781e-07
5.951259370176383e-06
-2.872807879291508e-06
5.961225595924272e-06
4.303377824379743e-06
-3.367413375401614e-06
-4.284474389208185e-06
3.146932027412013e-06
5.026444739864668e-07
-2.7532798968975e-06
-3.362541963656043e-06
2.613493084857994e-06
2.436933355316509e-06
2.792630558341281e-06
2.22938143672323e-06
-3.957882931967039e-08
2.589380407033366e-06
-2.260410401190993e-06
-2.100622966588149e-06
2.229411284606685e-06
1.935811972268106e-06
2.68764962356526e-07
-1.940770328653403e-06
-2.065397946871565e-06
-1.679503870227028e-06
3.472933713757125e-07
1.845950175889025e-06
1.753571527131318e-06
1.551034323753401e-06
-1.740879164177076e-06
1.465391451286218e-07
1.60635109014214e-06
1.474714169503642e-06
1.566194195229389e-06
3.657851535796207e-07
-1.38535407925271e-06
1.426424887104851e-06
1.446740922529295e-06
-5.325914554010423e-07
-1.236215100735657e-06
-1.276591164378895e-06
-1.282327921104613e-06
-5.113762821779273e-07
-1.136212781173369e-06
1.282952183178054e-06
-1.166880461641853e-06
-4.568440192107235e-07
1.112064401859823e-06
-1.1221764647797e-06
-1.111783238382066e-06
3.180002337983006e-07
-1.121480855901083e-06
-1.155209687024024e-06

-0.001188832745025472
-0.000706882884708279
-0.0002171547836996471
0.0002174936638097945
0.0002389313742971419
-0.0001259720898240744
0.0001693632374094592
-0.0001337900655665552
-0.0001021090812806717
-6.850017767782879e-05
8.745353294535995e-05
-1.30667587198496e-05
9.137663638926731e-05
-4.410957491111297e-05
9.152965949551576e-05
6.607478623357928e-05
-5.170383080967434e-05
-6.578453971384032e-05
4.831852314362798e-05
7.717687715411637e-06
-4.227432218452003e-05
-5.162903433559287e-05
4.012801198328776e-05
3.741708422776666e-05
4.287851885275287e-05
3.423029719384994e-05
-6.076999960049392e-07
3.975778187616213e-05
-3.470672112804217e-05
-3.225331800750104e-05
3.423075548347678e-05
2.972278230665751e-05
4.126662393989346e-06
-2.979891374357231e-05
-3.171246713548513e-05
-2.57873846391143e-05
5.3324007815519e-06
2.834302918514862e-05
2.692463188922701e-05
2.381484163532202e-05
-2.672975121553658e-05
2.249986658032137e-06
2.466418456156317e-05
2.264300916237283e-05
2.404760884931588e-05
5.616326712802639e-06
-2.127095932129178e-05
2.190156740630274e-05
2.221350322783612e-05
-8.177498700299186e-06
-1.898105438429867e-05
-1.960099524994082e-05
-1.968907837667591e-05
-7.851757365749383e-06
-1.744560196587105e-05
1.969866340169841e-05
-1.791647868477555e-05
-7.0144598367677e-06
1.70748236920208e-05
-1.723008600525407e-05
-1.70705066608446e-05
4.882629024940644e-06
-1.721940550968433e-05
-1.773728365033808e-05

0.000865724693914257
0.0005147620399572524
0.000158135161936827
-0.0001583819391902532
-0.0001739931809124843
9.173464422226393e-05
-0.0001233326870244495
9.742780390769204e-05
7.435726640897479e-05
4.988279099928776e-05
-6.368489037474268e-05
9.515397132631714e-06
-6.65417493756255e-05
3.21212116661512e-05
-6.665318294974818e-05
-4.811658690162152e-05
3.765145542061788e-05
4.790522531143231e-05
-3.518622685482325e-05
-5.620128536254586e-06
3.07847548671288e-05
3.759698757818883e-05
-2.922178164841549e-05
-2.724764600049318e-05
-3.122473936272842e-05
-2.492698294586779e-05
4.425356680614168e-07
-2.895217488706503e-05
2.52739215428479e-05
2.348731894928339e-05
-2.492731667881098e-05
-2.164454732794356e-05
-3.005093485919673e-06
2.169998730904497e-05
2.309346375174544e-05
1.87787355008206e-05
-3.883129106053225e-06
-2.063979173570994e-05
-1.960689491317527e-05
-1.734230199464737e-05
1.946498007083434e-05
-1.638471869980644e-06
-1.796080543672102e-05
-1.64889571375104e-05
-1.751180634749399e-05
-4.089887954978627e-06
1.54898111822238e-05
-1.594902884228221e-05
-1.617618488651949e-05
5.954969350334092e-06
1.382227026112579e-05
1.427371990229546e-05
1.433786327170608e-05
5.717759937716564e-06
1.270413225514601e-05
-1.434484322148265e-05
1.304703129208284e-05
5.10802812302156e-06
-1.243412631109807e-05
1.254719050718601e-05
1.243098258839022e-05
-3.555598998935067e-06
1.253941282037639e-05
1.291653895244216e-05

-0.0001467839808164283
-8.727811731512895e-05
-2.681188227545408e-05
2.685372346095211e-05
2.950061596810162e-05
-1.555364696460701e-05
2.09111082235962e-05
-1.651892454991232e-05
-1.260730535105526e-05
-8.457647897290414e-06
1.079779956925248e-05
-1.613339529295768e-06
1.12821811974888e-05
-5.446164756707174e-06
1.13010748061027e-05
8.158187260204087e-06
-6.3838198783223e-06
-8.122350814939193e-06
5.965839352826888e-06
9.528951236512921e-07
-5.21956795228767e-06
-6.374584833037088e-06
4.954565194985174e-06
4.619849677328378e-06
5.29416750594594e-06
4.226380294165526e-06
-7.503210601250604e-08
4.908853256811992e-06
-4.285203877152178e-06
-3.982284666605799e-06
4.226436878720259e-06
3.669841974122552e-06
5.095148465661998e-07
-3.679241845917343e-06
-3.915506354564126e-06
-3.183942390557126e-06
6.583861500296672e-07
3.499485246848162e-06
3.324357162309862e-06
2.940394493977142e-06
-3.300295441950924e-06
2.77803584929388e-07
3.045262009041195e-06
2.795709519626845e-06
2.969134027287937e-06
6.934421985944219e-07
-2.626303908613658e-06
2.704164453287347e-06
2.742678854782999e-06
-1.009667522511125e-06
-2.343571654022709e-06
-2.420115127877438e-06
-2.430990662758812e-06
-9.69448568245064e-07
-2.153990891483579e-06
2.432174116127989e-06
-2.212129565387751e-06
-8.660682862473916e-07
2.108211271720751e-06
-2.127381353051053e-06
-2.107678252225392e-06
6.028532845600626e-07
-2.126062643021659e-06
-2.190004535088575e-06

-0.0004543049085889689
-0.0002701308200539581
-8.298432607198799e-05
8.311382696130669e-05
9.130611233019198e-05
-4.813943676422046e-05
6.472108916206791e-05
-5.112702670894835e-05
-3.902033909433258e-05
-2.617690931586376e-05
3.341981406286824e-05
-4.993379136477702e-06
3.491900321187523e-05
-1.685619485310077e-05
3.497748002345321e-05
2.52500613273441e-05
-1.975829167559419e-05
-2.513914545701188e-05
1.84646177788761e-05
2.949265510000477e-06
-1.615486464017594e-05
-1.972970867648934e-05
1.533466578221533e-05
1.42987018997329e-05
1.638575457259204e-05
1.308089140605447e-05
-2.322287069310157e-07
1.519318469020594e-05
-1.326295379688129e-05
-1.23254013236236e-05
1.30810665385491e-05
1.135837312301006e-05
1.576977913441607e-06
-1.138746626972304e-05
-1.211871858627265e-05
-9.854485814130506e-06
2.037743206315796e-06
1.08311092010149e-05
1.028907765236189e-05
9.100690990798845e-06
-1.021460523643434e-05
8.59818159688431e-07
9.425262013996634e-06
8.6528826285686e-06
9.189641508286031e-06
2.14624370378636e-06
-8.128562466444862e-06
8.369545354579196e-06
8.488749654313241e-06
-3.124979367428783e-06
-7.253489789102679e-06
-7.490396266874077e-06
-7.524056676217123e-06
-3.000499378267525e-06
-6.666726366312328e-06
7.527719532876941e-06
-6.846668923928396e-06
-2.680531427382711e-06
6.525035795858308e-06
-6.584368306100489e-06
-6.523386069729173e-06
1.865865776436154e-06
-6.580286822324463e-06
-6.778190675775786e-06

0.0005436842229807886
0.0003232759810151228
9.931054669909539e-05
-9.946552541260857e-05
-0.0001092695495847029
5.761032244429627e-05
-7.745422601936777e-05
6.118568666994437e-05
4.669714621139133e-05
3.132691796271759e-05
-3.999478169261299e-05
5.975769586768433e-06
-4.178891922498675e-05
2.017245913010491e-05
-4.185890068281658e-05
-3.021772319305552e-05
2.364551043576167e-05
3.00849858889818e-05
-2.209732094009328e-05
-3.529499895018147e-06
1.933315018878614e-05
2.361130405723299e-05
-1.835158655091211e-05
-1.711180857836577e-05
-1.960946508461229e-05
-1.565440774584258e-05
2.779170589940652e-07
-1.818227066609956e-05
1.587228883765455e-05
1.475028359777964e-05
-1.56546173336413e-05
-1.359300361706825e-05
-1.887230349742746e-06
1.362782050892479e-05
1.450293838683415e-05
1.179324361554199e-05
-2.438645964011152e-06
-1.296200652608365e-05
-1.231333644617986e-05
-1.08911482494814e-05
1.222421243097053e-05
-1.028977585794068e-06
-1.127957492331819e-05
-1.035523869434404e-05
-1.099759876777957e-05
-2.568492698097077e-06
9.727764514427368e-06
-1.001615804004743e-05
-1.015881442754498e-05
3.739783451793835e-06
8.680531258466567e-06
8.964046386428653e-06
9.004329097779783e-06
3.590813443095683e-06
7.978328817852282e-06
-9.008712579735999e-06
8.193673023426797e-06
3.207895443610163e-06
-7.808762242101022e-06
7.879767747695324e-06
7.806787951143145e-06
-2.232953608179922e-06
7.874883278489881e-06
8.111722460182071e-06

0.0003515102702796014
0.0002090088743766417
6.420763310071919e-05
-6.430783208982135e-05
-7.064646587913291e-05
3.72470253087016e-05
-5.007678128505594e-05
3.955861941457126e-05
3.019128713367453e-05
2.025391382469695e-05
-2.585798139492399e-05
3.863537498025899e-06
-2.70179520952732e-05
1.304217827427738e-05
-2.706319747881436e-05
-1.953678182637436e-05
1.528762361102388e-05
1.945096266214364e-05
-1.428666664909945e-05
-2.281941262237367e-06
1.249953660777188e-05
1.526550802839494e-05
-1.186492246032276e-05
-1.106336399716379e-05
-1.267818354952171e-05
-1.012110498193631e-05
1.79682794521155e-07
-1.175545400434036e-05
1.026197248963487e-05
9.536558088322705e-06
-1.012124048755301e-05
-8.788337371928555e-06
-1.22015836082427e-06
8.810847672106789e-06
9.376641029335109e-06
7.624731554739888e-06
-1.576667237510198e-06
-8.380376374309517e-06
-7.960989190587743e-06
-7.041496337424437e-06
7.903367495212289e-06
-6.652688711677681e-07
-7.292627342024964e-06
-6.695012653306872e-06
-7.110320204063742e-06
-1.66061755032868e-06
6.289329337062782e-06
-6.475785522194764e-06
-6.568017709934873e-06
2.417896706144898e-06
5.612257556614348e-06
5.795559692381235e-06
5.821603830056862e-06
2.321582548390271e-06
5.158259888010997e-06
-5.824437899660174e-06
5.29748721280567e-06
2.074013088387193e-06
-5.048629351835667e-06
5.094536816878675e-06
5.047352905846552e-06
-1.443680160571919e-06
5.09137884205464e-06
5.244503397171586e-06

0.0001002567824978482
5.96129303472154e-05
1.831312269013604e-05
-1.834170116743971e-05
-2.014958868271484e-05
1.062349305498944e-05
-1.42827604026528e-05
1.128279950229606e-05
8.611075019473058e-06
5.77676501865962e-06
-7.375141598242493e-06
1.10194742902715e-06
-7.705985217991684e-06
3.719853845238907e-06
-7.718889980588449e-06
-5.572226622895709e-06
4.360293524457824e-06
5.547749519351335e-06
-4.074803361266794e-06
-6.508489456604796e-07
3.565083097037007e-06
4.353985779447075e-06
-3.384080213390814e-06
-3.15546193593264e-06
-3.616036281333177e-06
-2.886713438005368e-06
5.124862734324987e-08
-3.352857924573117e-06
2.926891277095468e-06
2.719990597369912e-06
-2.886752086540573e-06
-2.506585163826519e-06
-3.480101770478953e-07
2.513005489088345e-06
2.674379498186811e-06
2.174704746124261e-06
-4.496926481736533e-07
-2.390227661744331e-06
-2.270611214614318e-06
-2.008356018161876e-06
2.254176514779893e-06
-1.897461387578196e-07
-2.079982905440759e-06
-1.90953290459711e-06
-2.027985770152978e-06
-4.736367231113174e-07
1.793825036473738e-06
-1.847005551464363e-06
-1.873311759749663e-06
6.896257795752664e-07
1.600712504725662e-06
1.652993430518685e-06
1.6604216670925e-06
6.621553231426277e-07
1.471224551274771e-06
-1.661229992553861e-06
1.510934581956865e-06
5.915442497158293e-07
-1.439956034389849e-06
1.453049633998417e-06
1.439591970014726e-06
-4.117624436402462e-07
1.452148925197531e-06
1.495822685297278e-06

8.404471292116896e-05
4.997319375916575e-05
1.535179068025297e-05
-1.537574786168628e-05
-1.689129008658757e-05
8.9056161766717e-06
-1.197315999833526e-05
9.458309168686908e-06
7.218617134174212e-06
4.842630548400676e-06
-6.182540900863758e-06
9.23756508233315e-07
-6.459885299359592e-06
3.118333151572471e-06
-6.470703291384454e-06
-4.671167128882173e-06
3.655210235026548e-06
4.650648106758303e-06
-3.41588539125184e-06
-5.456031146242813e-07
2.988589679078393e-06
3.649922486859035e-06
-2.836855950800393e-06
-2.645206498086569e-06
-3.031303455063867e-06
-2.419916100827534e-06
4.296144425716567e-08
-2.8106824766908e-06
2.453596963784744e-06
2.280153254574469e-06
-2.419948499699916e-06
-2.101256645776084e-06
-2.917350297420301e-07
2.106638769350628e-06
2.241917719354222e-06
1.823043105146469e-06
-3.769748896469609e-07
-2.003714787614776e-06
-1.903440973612153e-06
-1.683593875506509e-06
1.889663854541414e-06
-1.590631512663848e-07
-1.743638303710042e-06
-1.600750999415658e-06
-1.70004938933707e-06
-3.97047076827871e-07
1.503753725855287e-06
-1.548334660960444e-06
-1.570387011612572e-06
5.781095226041276e-07
1.341868545728056e-06
1.385695360128275e-06
1.391922410262083e-06
5.550811890882195e-07
1.233319501928786e-06
-1.392600025084534e-06
1.266608203647697e-06
4.958883120819677e-07
-1.207107275085902e-06
1.218083568091037e-06
1.206802081913278e-06
-3.451782064552187e-07
1.217328508822133e-06
1.25393998326368e-06

-0.0009014808480354367
-0.0005360227374582576
-0.0001646664590823188
0.0001649234287279158
0.0001811794458261188
-9.552346773638145e-05
0.0001284265726400289
-0.0001014517662558831
-7.742836960889792e-05
-5.194304961902054e-05
6.631520318830627e-05
-9.908401986009046e-06
6.929005615591879e-05
-3.344788168372232e-05
6.940609215861005e-05
5.010389777438769e-05
-3.920653551982955e-05
-4.988380652954635e-05
3.663948810427586e-05
5.852251038400409e-06
-3.205622655708996e-05
-3.914981804703455e-05
3.04286994314683e-05
2.837302804939823e-05
3.251438328866695e-05
2.595651698856409e-05
-4.608132725498326e-07
3.014795737389768e-05
-2.631778484059124e-05
-2.445739200154196e-05
2.595686450534117e-05
2.253851024199497e-05
3.129209832127766e-06
-2.259624000473414e-05
-2.404726979990499e-05
-1.955433467858086e-05
4.043510072154973e-06
2.149225624262808e-05
2.041669872410798e-05
1.805857360766267e-05
-2.026892251612491e-05
1.706144021552409e-06
1.870262247376537e-05
1.716998390831895e-05
1.8235078827882e-05
4.258808473342464e-06
-1.612957123508242e-05
1.660775549912923e-05
1.684429354041329e-05
-6.200921445006107e-06
-1.439315755270266e-05
-1.486325296320421e-05
-1.493004558152315e-05
-5.953914811197508e-06
-1.32288382200836e-05
1.493731381713187e-05
-1.358589967019292e-05
-5.318999858152738e-06
1.294768049277497e-05
-1.306541446535046e-05
-1.294440692806007e-05
3.702452319270841e-06
-1.305731554458714e-05
-1.34500177370266e-05

-0.0007362676673479689
-0.0004377865724089484
-0.0001344882589388788
0.0001346981341035528
0.0001479749328457686
-7.801701047836619e-05
0.0001048900076682444
-8.285883771387225e-05
-6.323817660989765e-05
-4.242351688478424e-05
5.416170522928613e-05
-8.092502501062148e-06
5.659136090082024e-05
-2.731793346323051e-05
5.668613114155948e-05
4.092142392130837e-05
-3.202120656792988e-05
-4.074166850244086e-05
2.992461847431261e-05
4.779716873819522e-06
-2.618132509703591e-05
-3.19748836299632e-05
2.485207267537862e-05
2.317314141843713e-05
2.655551606156976e-05
2.119950108456651e-05
-3.763606448242494e-07
2.462278183653729e-05
-2.149455986400541e-05
-1.997511871453492e-05
2.119978491240988e-05
1.840790783024599e-05
2.555723761368301e-06
-1.845505753714318e-05
-1.964015905634823e-05
-1.597063810253296e-05
3.302461428006931e-06
1.75533993920001e-05
1.667495785107741e-05
1.474900314822371e-05
-1.655426438967197e-05
1.393461304968911e-06
1.527501804619856e-05
1.402326408611725e-05
1.489316049449373e-05
3.478302381224187e-06
-1.31735264420178e-05
1.356407452012728e-05
1.37572625532206e-05
-5.064486924677096e-06
-1.175534295619465e-05
-1.213928461405549e-05
-1.219383623919006e-05
-4.862748863917634e-06
-1.080440685927791e-05
1.219977243504109e-05
-1.109603013841048e-05
-4.344193919063121e-06
1.057477652992553e-05
-1.067093355594078e-05
-1.057210290700171e-05
3.023908870074983e-06
-1.066431891347305e-05
-1.098505110409103e-05

