-0.08340703310704418
-0.0495950615323578
-0.01523487218764407
0.0152597602807797
0.01676272752597903
-0.008838647438881426
0.01188183066240634
-0.009387168245302899
-0.007163405770917159
-0.004806419575789849
0.006135206366664091
-0.0009168551516010146
0.006411360436014995
-0.003094278278098262
0.006422084798667348
0.004635355799990799
-0.003627889013285591
-0.004615031221158871
0.003390357005119523
0.0005413873767412811
-0.002965594427360509
-0.003622591266704664
0.002815029553047765
0.002625470848263173
0.003008028236121724
0.002401863833726754
-4.263920832811185e-05
0.002789100638504943
-0.002435268099807336
-0.002262613585253932
0.002401856860705605
0.002085094606698739
0.0002894687916784352
-0.002090903812878513
-0.00222470238630279
-0.00180944199286349
0.0003740619383021473
0.001988325300676233
0.001889215929810003
0.001670638296894709
-0.001875527850152985
0.0001578079373215198
0.001730245451407152
0.001588795213936199
0.001686994482327363
0.0003940967724989379
-0.001492511579835656
0.001536440220547105
0.001558639485657179
-0.0005736850386946069
-0.001331552964793118
-0.001375337772719685
-0.001381233055108899
-0.0005509620400331382
-0.001224079141676471
0.001381912310316357
-0.001257136247175699
-0.0004920785684969811
0.00119784270799897
-0.001208972989643554
-0.001197540363103017
0.000342527101432521
-0.001208216014490357
-0.001244324529384084

-0.04964606368241704
-0.02952028733607155
-0.00906819732877788
0.009083011377550548
0.009977617081515268
-0.005260995832985845
0.007072378668274694
-0.005587489869189029
-0.004263847853571576
-0.002860907569251492
0.003651836477548319
-0.0005457363431880261
0.00381621065563251
-0.001841795958006403
0.003822594078837304
0.002759085902772201
-0.002159415126964789
-0.002746988177943506
0.002018029817300265
0.0003222480309078754
-0.001765199939534502
-0.002156261768616401
0.001675579759315601
0.001562749423805993
0.001790457660537623
0.00142965263724015
-2.537998023875655e-05
0.001660146186215134
-0.001449535736535812
-0.001346767220436512
0.001429648486716134
0.001241103247196086
0.000172299451621928
-0.001244561039774942
-0.001324201475951063
-0.001077027548651266
0.0002226515213209851
0.001183503606609869
0.001124511097775128
0.0009944079316633364
-0.00111636359211436
9.393144215800167e-05
0.001029887680534163
0.0009456927723152179
0.001004143564176864
0.0002345767825051804
-0.0008883822164529944
0.0009145297008202136
0.0009277432883107918
-0.0003414724502692328
-0.000792575407901874
-0.0008186372792057561
-0.0008221463066095048
-0.0003279471227686956
-0.000728604156703338
0.0008225506172072717
-0.0007482806168730118
-0.0002928981290704366
0.0007129875401118951
-0.0007196125770019042
-0.0007128075764625377
0.0002038811555480013
-0.0007191620054456195
-0.0007406547448849912

-0.01497474432073824
-0.008904205537021695
-0.002735240749744727
0.002739709111911086
0.003009549068822895
-0.001586874399056031
0.002133241881458363
-0.001685354809217012
-0.001286104611196646
-0.0008629356729849992
0.001101503593563535
-0.0001646104766343714
0.001151083783958819
-0.0005555409939158994
0.001153009216173517
0.0008322231993526923
-0.000651344477489546
-0.0008285741620922615
0.0006086984204633038
9.719968740277006e-05
-0.0005324373335745052
-0.0006503933298759697
0.0005054051947662357
0.0004713721758205978
0.0005400558210453078
0.0004312261863721397
-7.655364529448453e-06
0.0005007499654491726
-0.0004372235264665875
-0.0004062254545416849
0.0004312249344496658
0.0003743540257551316
5.197069099270694e-05
-0.0003753969998793771
-0.0003994189480634673
-0.0003248638657560601
6.715838793862852e-05
0.0003569802436909138
0.000339186330717939
0.000299943307136102
-0.0003367287982355936
2.833254493231448e-05
0.0003106450653115068
0.0002852493515295681
0.0003028798663886365
7.075540498174097e-05
-0.000267962766103439
0.0002758496329362601
0.0002798352478980775
-0.0001029983498404965
-0.0002390645543252498
-0.0002469255976860585
-0.0002479840257726184
-9.891870472549937e-05
-0.0002197689030789007
0.0002481059779956581
-0.0002257039146048624
-8.834687525094772e-05
0.0002150584623457936
-0.0002170567725072117
-0.0002150041799024246
6.149668170418883e-05
-0.0002169208665894389
-0.0002234037225096192

0.01496044440241918
0.008895702593056391
0.002732628770636772
-0.002737092865804238
-0.003006675142899496
0.001585359036000948
-0.002131204772575459
0.001683745403700218
0.001284876463958583
0.0008621116248819972
-0.001100451728430769
0.0001644532842094491
-0.001149984572930981
0.0005550104879740523
-0.001151908166482475
-0.0008314284796874631
0.0006507224853786902
0.0008277829270238245
-0.0006081171525958995
-9.710686794878397e-05
0.0005319288901431509
0.0006497722460497165
-0.0005049225652900783
-0.0004709220456900074
-0.0005395401024483322
-0.0004308143930812581
7.648054148372244e-06
-0.0005002717814176081
0.0004368060061010782
0.0004058375353426578
-0.0004308131423539283
-0.0003739965417221898
-5.192106232321283e-05
0.0003750385198729731
0.0003990375286405896
0.0003245536416449398
-6.70942559947041e-05
-0.0003566393505032699
-0.0003388624295731644
-0.0002996568805563499
0.0003364072438764175
-2.830548917297908e-05
-0.0003103484192408899
-0.0002849769567331377
-0.0003025906355840295
-7.068783811776285e-05
0.0002677068788849641
-0.0002755862142668148
-0.000279568023222746
0.0001028999930365844
0.0002388362630418519
0.000246689799611328
0.0002477472169671315
9.882424372050977e-05
0.0002195590379020246
-0.0002478690527334928
0.0002254883818734131
8.826250966360863e-05
-0.0002148530953371038
0.000216849497240859
0.0002147988647300453
-6.143795632593207e-05
0.0002167137211045946
0.0002231903863139048

0.01620743601778565
0.009637182341112613
0.002960400424552683
-0.002965236613563669
-0.003257289268552449
0.001717502799384155
-0.002308846185526915
0.001824089924513433
0.001391974230190336
0.0009339708517079648
-0.00119217721743076
0.0001781608894791375
-0.00124583875223601
0.0006012720432007285
-0.001247922682270525
-0.0009007301872467631
0.0007049618823757064
0.000896780768369138
-0.000658805285250658
-0.0001052009757753111
0.0005762665346764019
0.0007039324381485563
-0.0005470091630128613
-0.0005101746124363941
-0.0005845121611521741
-0.0004667238835679779
8.285539181585574e-06
-0.0005419707243129482
0.0004732149129820887
0.0004396651403360454
-0.0004667225285892828
-0.0004051701177976136
-5.624881674253932e-05
0.0004062989475137603
0.0004322983355419636
0.0003516060245139965
-7.268673522951798e-05
-0.0003863661599364744
-0.0003671074868101444
-0.0003246340541940979
0.0003644476550550659
-3.066482467919494e-05
-0.0003362167601954297
-0.0003087305208691293
-0.0003278123452680446
-7.657985168833504e-05
0.0002900209375026989
-0.0002985570358048675
-0.0003028707388042594
0.0001114769727762753
0.000258743881388234
0.0002672520304806657
0.0002683975862995584
0.0001070614992457309
0.000237859849828134
-0.0002685295773911078
0.0002442834199079608
9.561941742256001e-05
-0.0002327616548163722
0.0002349244619665337
0.0002327029039484944
-6.65589683990139e-05
0.000234777368539191
0.000241793880493319

-0.008431136462213083
-0.005013279049194946
-0.001540005460138162
0.001542521254089078
0.001694447554194671
-0.0008934479494454102
0.001201065809489856
-0.0009488947576938034
-0.0007241074204300255
-0.0004858532647512017
0.0006201726661930499
-9.267960519977323e-05
0.0006480874901184021
-0.0003127827647495849
0.0006491715541536914
0.0004685614131681231
-0.0003667223997953978
-0.0004665069185847758
0.0003427116575307987
5.472573093901991e-05
-0.0002997748556365463
-0.0003661868811143418
0.0002845551199083267
0.0002653937225044426
0.0003040642448992997
0.0002427905776225829
-4.310151922019105e-06
0.0002819341153158256
-0.0002461672224362194
-0.0002287145722362491
0.0002427898727604732
0.0002107702013949374
2.926073249798041e-05
-0.0002113574205807941
-0.0002248823475437759
-0.0001829060667192663
3.781176634237085e-05
0.0002009883497446274
0.0001909699544210705
0.0001688752007530795
-0.0001895863053066441
1.595189523972247e-05
0.0001749005446007092
0.0001606021550012865
0.0001705285533084785
3.98369723090254e-05
-0.0001508693971275614
0.0001553098903408005
0.0001575538861587536
-5.799051551654452e-05
-0.0001345990180281874
-0.0001390249720137587
-0.0001396208921471556
-5.569357849077472e-05
-0.0001237351084146594
0.0001396895541431272
-0.0001270766607649699
-4.974138758544647e-05
0.0001210830184847192
-0.0001222081145333078
-0.0001210524561807114
3.462409135785431e-05
-0.0001221315962760339
-0.0001257815980227825

0.01169716068997256
0.006955305596694597
0.002136567402435295
-0.002140057755870997
-0.00235083673606193
0.001239548698994212
-0.001666330492429843
0.001316474298376279
0.001004609626653445
0.0006740614073804166
-0.0008604129899330813
0.0001285815073167096
-0.0008991413609597827
0.000433947460905545
-0.0009006453659396673
-0.0006500710986594723
0.0005087820435881755
0.0006472207411326294
-0.0004754701037550491
-7.592519366020527e-05
0.0004159005933428926
0.0005080390775488569
-0.0003947850894877264
-0.000368201016808855
-0.0004218515912534261
-0.0003368419445217627
5.979803536087996e-06
-0.0003911487692805376
0.0003415266222225763
0.00031731322527794
-0.000336840966612386
-0.0002924176266655048
-4.059565296671675e-05
0.0002932323207705628
0.0003119964867541692
0.0002537595807127859
-5.245915646843613e-05
-0.0002788465154504049
-0.0002649472290989082
-0.0002342934868401816
0.0002630275868178493
-2.213128476390369e-05
-0.0002426529073662474
-0.0002228156574884711
-0.0002365873093405922
-5.526887965681958e-05
0.0002093126578259003
-0.0002154732938078047
-0.0002185865608969103
8.045467909698322e-05
0.000186739516035989
0.0001928799806350174
0.0001937067462306739
7.726796261990355e-05
0.0001716671830189178
-0.0001938020062708987
0.0001763031742605253
6.90100327680413e-05
-0.0001679877357444427
0.0001695486675753104
0.0001679453343219807
-4.803665106977871e-05
0.0001694425079425286
0.0001745064346315049

-0.008858806875585889
-0.005267578233290098
-0.001618122422741746
0.001620765830644869
0.001780398610636526
-0.0009387682043807821
0.001261990017457517
-0.0009970275586616336
-0.0007608378566183126
-0.0005104982301723734
0.0006516309994440067
-9.738078934552589e-05
0.0006809618061778656
-0.0003286487081955374
0.0006821008594922685
0.000492329247333165
-0.0003853244377312234
-0.0004901705382645392
0.000360095747670958
5.750170023775503e-05
-0.0003149809713246941
-0.0003847617548005468
0.0002989892126670132
0.0002788558510700512
0.0003194879403749567
0.0002551061589394429
-4.528784897825769e-06
0.0002962352573007119
-0.0002586540844682744
-0.0002403161464831611
0.0002551054183230263
0.0002214615452678441
3.074498668114903e-05
-0.0002220785512175621
-0.0002362895317311755
-0.0001921839990018156
3.9729772748069e-05
0.0002111835080134822
0.0002006569283793942
0.0001774414156681352
-0.000199203093496802
1.676105704867005e-05
0.00018377239580886
0.0001687487186732972
0.000179178634731364
4.185770753151697e-05
-0.0001585222654832599
0.000163188003250001
0.000165545826026397
-6.093209140650504e-05
-0.0001414265694427846
-0.0001460770304778296
-0.0001467031787318133
-5.851864197325098e-05
-0.0001300115867045249
0.0001467753236157425
-0.000133522639700631
-5.22645254667717e-05
0.0001272249691931024
-0.0001284071358745044
-0.0001271928566126356
3.638040256572809e-05
-0.0001283267362193853
-0.000132161884744699

-0.007089431324547897
-0.004215481233088478
-0.001294933725482854
0.001297049163719049
0.001424798379475765
-0.0007512673894005409
0.001009931888873703
-0.0007978905630383494
-0.0006088751915877228
-0.0004085360698044936
0.0005214802946247372
-7.793085774312727e-05
0.0005449528392860045
-0.0002630074771213181
0.0005458643887035822
0.0003939959903237516
-0.0003083633244667264
-0.0003922684416926093
0.0002881735779125767
4.601684635473382e-05
-0.0002520696066757107
-0.0003079130265823476
0.000239271892902948
0.0002231597813761058
0.0002556763957177038
0.0002041536314844017
-3.62424759537955e-06
0.000237067986923847
-0.0002069929274227875
-0.0001923176383229505
0.0002041530387918035
0.0001772288794929218
2.460426948134449e-05
-0.0001777226504226266
-0.0001890952620870036
-0.000153798957549731
3.179451808724542e-05
0.0001690036816430004
0.0001605795829526763
0.0001420009204598386
-0.0001594161235046891
1.341335967045561e-05
0.0001470674096107413
0.0001350444217760673
0.0001433911635724616
3.34974390022424e-05
-0.0001268605050700526
0.0001305943518442478
0.0001324812450662731
-4.876208315114842e-05
-0.0001131793440823256
-0.0001169009653568785
-0.0001174020525922366
-4.683067362246601e-05
-0.0001040442836469304
0.0001174597879291533
-0.0001068540716287907
-4.182569607966364e-05
0.0001018142391553325
-0.0001027602908776297
-0.000101788540442538
2.911411990025426e-05
-0.0001026959495005896
-0.0001057651011901111

-0.005048624839542677
-0.003001987365376883
-0.000922166288486482
0.000923672763905356
0.001014647319462416
-0.0005350030248737589
0.000719206800517518
-0.0005682049703825599
-0.0004336007044440536
-0.0002909324112815076
0.000371363829939313
-5.549721072924189e-05
0.0003880794262401911
-0.0001872965575367448
0.0003887285715412161
0.0002805779268278185
-0.0002195959969478357
-0.0002793476807711882
0.0002052181926796229
3.277015925658653e-05
-0.0001795073284864243
-0.0002192753245299656
0.0001703936418330202
0.0001589196599650988
0.0001820758454681876
0.0001453847350811477
-2.580949810648593e-06
0.0001688241655293964
-0.0001474066941559384
-0.0001369559223400238
0.0001453843130046523
0.0001262107046857603
1.75215359844496e-05
-0.0001265623357358529
-0.0001346611587740639
-0.0001095254614701142
2.264195623432076e-05
0.0001203532619270497
0.0001143541751242513
0.0001011236785367499
-0.000113525636134286
9.552109007604437e-06
0.0001047316975449503
9.616971954576612e-05
0.0001021137178769631
2.385466405779059e-05
-9.034167449174477e-05
9.300067360018495e-05
9.434439435211058e-05
-3.47251356215919e-05
-8.05988550702001e-05
-8.324914798510796e-05
-8.360598922486345e-05
-3.3349713295668e-05
-7.409346826080654e-05
8.364710451930316e-05
-7.609441371745186e-05
-2.978549879280553e-05
7.250537783466065e-05
-7.317909339881148e-05
-7.248707690838782e-05
2.073315364533359e-05
-7.313327371886613e-05
-7.531892088107231e-05

0.006182903592755914
0.003676446370389723
0.001129350157599442
-0.001131195094107431
-0.001242608978933165
0.0006552026006600151
-0.0008807915922022045
0.0006958640549566741
0.0005310181363309732
0.0003562964387593152
-0.0004547984513260908
6.796581534800275e-05
-0.0004752695545885732
0.0002293766313222565
-0.0004760645439058937
-0.0003436156036478143
0.0002689328127233925
0.0003421089571836323
-0.0002513247351791882
-4.013265826680119e-05
0.0002198373896850475
0.0002685400945659085
-0.0002086761234504955
-0.00019462427250708
-0.0002229829775192378
-0.0001780484447614803
3.160813957096963e-06
-0.0002067540315967971
0.0001805246790678728
0.0001677259236322584
-0.0001780479278566674
-0.0001545665689662197
-2.14581140868982e-05
0.0001549972012575248
0.0001649155936221154
0.0001341326382419323
-2.772894342468509e-05
-0.0001473931296578611
-0.0001400462230198421
-0.0001238432197298747
0.0001390315354840329
-1.169818930472228e-05
-0.0001282618553777475
-0.0001177762506408243
-0.0001250556920344115
-2.921411132624668e-05
0.0001106388138440132
-0.0001138952124997107
-0.0001155408281136617
4.252686080215611e-05
9.87070670576013e-05
0.0001019528034920057
0.0001023898165507156
4.084242119518585e-05
9.074010956830034e-05
-0.0001024401692526333
9.319060910946161e-05
3.647743164745107e-05
-8.879522154161282e-05
8.962030134349093e-05
8.877280893100037e-05
-2.539128856611471e-05
8.956418731783016e-05
9.224088565076689e-05

-0.0008942619949535243
-0.00053174147327423
-0.0001633431461100965
0.0001636099878256997
0.0001797242942215825
-9.476498799877542e-05
0.0001273929691066015
-0.0001006460425375527
-7.680361351715006e-05
-5.153280482863644e-05
6.57796073128453e-05
-9.83021079173346e-06
6.874043783007398e-05
-3.317580499918001e-05
6.88554208185944e-05
4.969871689012578e-05
-3.889699879782605e-05
-4.948080363100405e-05
3.635026095601122e-05
5.804572318822944e-06
-3.179610028134434e-05
-3.884019815106138e-05
3.018179463038881e-05
2.814941031953249e-05
3.225106122480963e-05
2.575197154899368e-05
-4.571631681695168e-07
2.990379357962316e-05
-2.611012079029594e-05
-2.425897748891843e-05
2.575189678665427e-05
2.235567905001888e-05
3.10358646603772e-06
-2.241796339363726e-05
-2.385250643795753e-05
-1.940022496924405e-05
4.010565568897341e-06
2.131815128489321e-05
2.025553413612867e-05
1.791201869407928e-05
-2.010877517629407e-05
1.691963322417626e-06
1.855110644147051e-05
1.70345248435761e-05
1.808738418144135e-05
4.225372283988912e-06
-1.600220428851095e-05
1.647319231453041e-05
1.671120532569159e-05
-6.150856924991402e-06
-1.427646046533463e-05
-1.47459063648834e-05
-1.480911358845583e-05
-5.907228619824101e-06
-1.312416248895429e-05
1.481639633304213e-05
-1.347858959192198e-05
-5.275899956462711e-06
1.284286432206167e-05
-1.296219943679405e-05
-1.28396226823405e-05
3.672459715234091e-06
-1.295408340525987e-05
-1.334122668757052e-05

0.006442290525546505
0.003830681695796474
0.00117672897711847
-0.001178651312928494
-0.001294739264787661
0.0006826898468043443
-0.0009177428119811826
0.0007250571420145276
0.000553295560452593
0.0003712438884528986
-0.0004738782855103692
7.081713659427025e-05
-0.0004952081983283431
0.0002389995050998625
-0.0004960365392641102
-0.0003580310633344899
0.0002802151586911523
0.0003564612096087865
-0.0002618683820619703
-4.181631497862369e-05
0.0002290600704801091
0.0002798059651096516
-0.0002174305636250908
-0.000202789205428084
-0.0002323376229112154
-0.0001855179838351335
3.293417324616434e-06
-0.0002154278356264217
0.0001880981018284921
0.0001747624093589875
-0.0001855174452449277
-0.000161050989697435
-2.235833100164691e-05
0.000161499687997266
0.0001718341795837064
0.0001397598088905597
-2.889223595812144e-05
-0.0001535766082198049
-0.0001459214820616335
-0.0001290387257620241
0.0001448642260652837
-1.218895507478993e-05
-0.000133642733271334
-0.0001227172334575189
-0.0001303020640501301
-3.043971004655493e-05
0.0001152803648790299
-0.0001186733768987416
-0.0001203880298477284
4.431095978075207e-05
0.0001028480540525722
0.000106229956546449
0.0001066853033015074
4.255585408356374e-05
9.454686449320188e-05
-0.0001067377684142888
9.710016808916683e-05
3.800774325091993e-05
-9.252038396995906e-05
9.338007775475517e-05
9.249703109915413e-05
-2.645651113702421e-05
9.332160961750938e-05
9.611060156138472e-05

-0.002579131149217914
-0.001533589713967529
-0.0004710961647950293
0.0004718657600414431
0.0005183408532565085
-0.0002733106559180925
0.000367412656099401
-0.0002902721404010225
-0.0002215084540241265
-0.0001486251936126178
0.000189714239407998
-2.835120244340278e-05
0.0001982535380224979
-9.568197301995424e-05
0.0001985851591903372
0.0001433355208329801
-0.0001121824049068208
-0.000142707039607415
0.0001048373864069459
1.674090295670862e-05
-9.170278187176953e-05
-0.0001120185867884624
8.704698076172354e-05
8.118540360324825e-05
9.301492970711122e-05
7.427097690684216e-05
-1.318499247376687e-06
8.624520099967465e-05
-7.530391118063441e-05
-6.996504921712344e-05
7.427076128568023e-05
6.447576719715286e-05
8.951019470833016e-06
-6.46554007851932e-05
-6.879275054548625e-05
-5.595197470367118e-05
1.156682789061139e-05
6.148344482144091e-05
5.841876243138665e-05
5.165985541159118e-05
-5.799549653518364e-05
4.879772743122994e-06
5.350304132982499e-05
4.912908508268749e-05
5.216562507795734e-05
1.218634956667368e-05
-4.615178076404091e-05
4.751015213137014e-05
4.819660282974127e-05
-1.773961856725122e-05
-4.117458205150575e-05
-4.252850578890265e-05
-4.271080104472347e-05
-1.703697286135274e-05
-3.785125217633609e-05
4.273180512805014e-05
-3.887345147202716e-05
-1.521616483162769e-05
3.703996323810786e-05
-3.738413632525475e-05
-3.703061406071438e-05
1.059170052989283e-05
-3.7360728968293e-05
-3.847728463572155e-05

0.005936880902442652
0.003530157622188352
0.001084412409515188
-0.001086183934520697
-0.001193164571556985
0.0006291315639541196
-0.000845744188685475
0.0006681750663891884
0.0005098884990099857
0.0003421191178454567
-0.0004367016563708489
6.526140107233186e-05
-0.0004563581980243986
0.0002202495512882866
-0.0004571215540797024
-0.0003299428633282848
0.0002582317605223383
0.0003284961675347836
-0.000241324322498668
-3.85357476230912e-05
0.0002110898837226759
0.0002578546689351449
-0.0002003727332187487
-0.0001868800166886776
-0.0002141103060954172
-0.0001709637544166691
3.035042635961622e-06
-0.0001985271229406935
0.0001733414573749653
0.0001610519746779174
-0.0001709632580798486
-0.000148416241282909
-2.060427852606112e-05
0.0001488297383700843
0.0001583534699517143
0.0001287953930424321
-2.66255865376489e-05
-0.0001415282388750542
-0.0001344736715415707
-0.0001189153987411937
0.0001334993592362212
-1.123270897474881e-05
-0.0001231582133346074
-0.000113089839215628
-0.0001200796258008614
-2.805165841786346e-05
0.0001062364067505027
-0.0001093632306932824
-0.0001109433659428117
4.083468292031007e-05
9.477943373351295e-05
9.789601971332427e-05
9.831564367213725e-05
3.921726851559163e-05
8.712948786919502e-05
-9.836399279963823e-05
8.948248006923664e-05
3.502596540105371e-05
-8.526198849612389e-05
8.605423771132359e-05
8.524046770128267e-05
-2.438094883982857e-05
8.600035650773133e-05
8.85705468682775e-05

0.004314763192056884
0.002565622322676235
0.0007881213766075511
-0.0007894088726871534
-0.0008671594832406592
0.0004572356696586092
-0.0006146638201444071
0.000485611422846852
0.0003705730607930082
0.0002486428481953025
-0.0003173828587406151
4.743020718054506e-05
-0.0003316686973490815
0.0001600713695596098
-0.0003322234837197273
-0.0002397934783543092
0.0001876758037817146
0.0002387420592904805
-0.0001753879387469904
-2.800673083305311e-05
0.0001534143728785217
0.0001874017438962115
-0.0001456254400570515
-0.0001358193015136707
-0.0001556095335179756
-0.0001242517959943609
2.205786248228517e-06
-0.0001442841008209454
0.0001259798456849154
0.0001170481846895021
-0.0001242514352703339
-0.0001078648781260941
-1.49746279307351e-05
0.0001081653965365868
0.000115086985019589
9.360498051724184e-05
-1.935075044412289e-05
-0.0001028588657528122
-9.773179853243876e-05
-8.642447000183868e-05
9.702369491004328e-05
-8.163626663187282e-06
-8.950803198310953e-05
-8.219061215171392e-05
-8.727059849024494e-05
-2.038718060990832e-05
7.720972427038004e-05
-7.948221467032978e-05
-8.063061389291599e-05
2.96775343348224e-05
6.888310861503705e-05
7.114815834259418e-05
7.145312959629182e-05
2.85020416384915e-05
6.332333650928268e-05
-7.14882684241239e-05
6.503342709436141e-05
2.545591679572959e-05
-6.196608887565993e-05
6.254187400739204e-05
6.195044814863519e-05
-1.771940895736114e-05
6.250271461749097e-05
6.437065890450657e-05

-0.002782163235572857
-0.001654315610102308
-0.0005081813813569941
0.0005090115600014772
0.0005591452244919058
-0.0002948259761878392
0.0003963357909864292
-0.0003131226876844929
-0.0002389458470698883
-0.0001603251349485133
0.0002046487563477604
-3.058304078339157e-05
0.0002138602780921991
-0.0001032141648646203
0.0002142180048491742
0.0001546190532161966
-0.0001210135291895965
-0.0001539410972463086
0.0001130903026249984
1.805876554610858e-05
-9.892172734232322e-05
-0.0001208368151258629
9.389941636586669e-05
8.75764093029247e-05
0.0001003371689216931
8.011767120984425e-05
-1.422292981606726e-06
9.303451960491032e-05
-8.123191922399833e-05
-7.547277608033456e-05
8.011743861469145e-05
6.955137164526027e-05
9.655653726715303e-06
-6.974514619003617e-05
-7.420819274716982e-05
-6.035657668098163e-05
1.247738150856612e-05
6.632349030811973e-05
6.301755269535913e-05
5.572657696157867e-05
-6.256096683478885e-05
5.263913906811413e-06
5.771486053519663e-05
5.299658156414956e-05
5.62721613814108e-05
1.314567262331078e-05
-4.978490052230558e-05
5.125020440169587e-05
5.199069326621388e-05
-1.913610116560961e-05
-4.441589116491263e-05
-4.587639729196746e-05
-4.60730430340748e-05
-1.837814240452049e-05
-4.083094504800029e-05
4.609570058227526e-05
-4.19336130145862e-05
-1.64139983318825e-05
3.995579053785633e-05
-4.032705731511185e-05
-3.994570538280739e-05
1.142549103227652e-05
-4.030180730484735e-05
-4.150625948220824e-05

-0.003884813617056483
-0.002309967915204557
-0.000709588109348326
0.000710747311390123
0.000780750372315508
-0.0004116738918518172
0.0005534149319721615
-0.0004372221102529799
-0.000333646879006742
-0.0002238665436449944
0.00028575687623494
-4.270396925929366e-05
0.000298619185911462
-0.0001441208725685265
0.0002991186899518481
0.0002158989795098076
-0.0001689746309751697
-0.0002149523303162752
0.0001579112044818322
2.521596770588153e-05
-0.0001381272200308911
-0.0001687278801043153
0.0001311144244404285
0.0001222854299282527
0.0001401036413463293
0.0001118705818922148
-1.985988123104161e-06
0.0001299067445058394
-0.0001134264380701571
-0.0001053847827780007
0.0001118702571129262
9.711655743186278e-05
1.348246378914832e-05
-9.738713033730195e-05
-0.0001036190091203555
-8.427760383396369e-05
1.742252250690048e-05
9.260937495876786e-05
8.799320028896043e-05
7.781260360428008e-05
-8.735565647205218e-05
7.3501526304138e-06
8.058890048102585e-05
7.400063342267096e-05
7.857441863964745e-05
1.835567638857519e-05
-6.951607188242027e-05
7.156211734478914e-05
7.259608299695091e-05
-2.672028205783521e-05
-6.201917148673024e-05
-6.405851771113196e-05
-6.4333099751089e-05
-2.566192269251788e-05
-5.701340931097305e-05
6.436473712971596e-05
-5.855309593931469e-05
-2.29193324872967e-05
5.579140618955196e-05
-5.630981654505663e-05
-5.577732400090053e-05
1.595373793177417e-05
-5.627455923791705e-05
-5.795637005326001e-05

0.002719100405975485
0.001616817514345052
0.000496662518823012
-0.0004974738799468125
-0.0005464711730336041
0.0002881432050046624
-0.0003873521137776082
0.0003060251879964241
0.0002335297014447587
0.0001566910718797697
-0.0002000100171522861
2.988982010357567e-05
-0.0002090127428711454
0.0001008746266204928
-0.000209362361095502
-0.0001511143289494554
0.0001182705357258308
0.0001504517400943965
-0.0001105269036150323
-1.764943052225765e-05
9.667948506292571e-05
0.0001180978272102626
-9.177101397093893e-05
-8.559132945350563e-05
-9.806284306432715e-05
-7.830165733160494e-05
1.390054104034285e-06
-9.092572168046628e-05
7.939064887202855e-05
7.376204726457183e-05
-7.830143000863221e-05
-6.797486231529081e-05
-9.436790635635801e-06
6.816424460479595e-05
7.252612803069396e-05
5.898848423345903e-05
-1.219455878491975e-05
-6.482014682555971e-05
-6.158914434874506e-05
-5.446343194473285e-05
6.114290784365606e-05
-5.144597649059308e-06
-5.640664742653638e-05
-5.179531689723483e-05
-5.49966496936373e-05
-1.284770185653536e-05
4.865643449339855e-05
-5.008852457437134e-05
-5.081222890143559e-05
1.870234635512101e-05
4.340912357479869e-05
4.483652465328726e-05
4.502871305919148e-05
1.796156811873793e-05
3.9905436833035e-05
-4.505085703252056e-05
4.0983110808905e-05
1.60419449718978e-05
-3.905011930405478e-05
3.941297063927542e-05
3.904026274754843e-05
-1.116651133445686e-05
3.938829296677272e-05
4.056544402769518e-05

0.0005291404511718709
0.0003146347766794591
9.665116768472004e-05
-9.680905960752561e-05
-0.000106343996130173
5.607303987848118e-05
-7.537922167048189e-05
5.955289686628481e-05
4.544518154346202e-05
3.049228498022702e-05
-3.892220768387335e-05
5.816597599806644e-06
-4.06741497372846e-05
1.963033263660918e-05
-4.07421858953931e-05
-2.94070436026801e-05
2.301559901822818e-05
2.927810295568385e-05
-2.150867820727211e-05
-3.434601976790179e-06
1.881395267078161e-05
2.298198971800263e-05
-1.78587578561846e-05
-1.665618326700485e-05
-1.908315592470899e-05
-1.523760365628266e-05
2.705063241296268e-07
-1.76942628846166e-05
1.544952281665594e-05
1.435418967358026e-05
-1.52375594189144e-05
-1.322799600734639e-05
-1.836411646873309e-06
1.326485004548206e-05
1.411367819426948e-05
1.147923522521905e-05
-2.373076890834477e-06
-1.261408429821834e-05
-1.198532704284027e-05
-1.059865420496767e-05
1.189848884256212e-05
-1.001145347607074e-06
-1.0976806447733e-05
-1.007943557041376e-05
-1.070241906767978e-05
-2.500179376214464e-06
9.46860500025134e-06
-9.747291579781006e-06
-9.888125376629337e-06
3.63950075787673e-06
8.447471517726835e-06
8.725245611321024e-06
8.762645723360184e-06
3.495344356243417e-06
7.765649552184735e-06
-8.766954969159769e-06
7.975366299883242e-06
3.121783212362753e-06
-7.59920365624142e-06
7.669814994782126e-06
7.597285557626691e-06
-2.17301752908664e-06
7.66501268783736e-06
7.894087804772275e-06

-0.002243826646954826
-0.001334212673418874
-0.0004098504754844782
0.00041052001814127
0.0004509530347431069
-0.0002377784211674509
0.0003196465245412262
-0.000252534797890091
-0.0001927108560631641
-0.0001293029127027501
0.0001650501044970696
-2.466535427442171e-05
0.0001724792365066074
-8.324266905162625e-05
0.0001727677446787606
0.0001247009331793951
-9.759793313556787e-05
-0.0001241541587661763
9.12078167440495e-05
1.45644722873786e-05
-7.978079967970834e-05
-9.745541248112179e-05
7.573028421958285e-05
7.063075175674623e-05
8.092235941725074e-05
6.461524732052222e-05
-1.14708542299055e-06
7.503274125219235e-05
-6.551389314888315e-05
-6.086911936848337e-05
6.461505973152224e-05
5.609348115684387e-05
7.787326368472461e-06
-5.624976116281788e-05
-5.984922745704342e-05
-4.867783936763372e-05
1.006306199261236e-05
5.349018093892136e-05
5.082392799809976e-05
4.494372462807616e-05
-5.045568953262685e-05
4.245369265310839e-06
4.654728390423865e-05
4.274197156755127e-05
4.538374081539353e-05
1.060204165851236e-05
-4.015173695763397e-05
4.133351085516322e-05
4.193071831759815e-05
-1.543334811027693e-05
-3.582160775823341e-05
-3.699951224781086e-05
-3.71581078868128e-05
-1.482205110092954e-05
-3.29303332556561e-05
3.71763812971395e-05
-3.381963972571588e-05
-1.323796043640993e-05
3.222451736930654e-05
-3.25239456261784e-05
-3.221638364827401e-05
9.214707787442693e-06
-3.250358138401196e-05
-3.347497725898474e-05

-0.003088529449489424
-0.0018364855143014
-0.0005641412919032907
0.0005650628881488504
0.0006207171708338944
-0.0003272916190851159
0.0004399794903103377
-0.0003476031276135023
-0.0002652580826576042
-0.0001779798160115638
0.0002271842653585005
-3.395078365879442e-05
0.0002374101413310406
-0.0001145799008888538
0.0002378072602383842
0.0001716453920473896
-0.0001343392953762528
-0.0001708927809312022
0.0001255435790548964
2.004736044865927e-05
-0.0001098147887889532
-0.0001341431219155839
0.0001042394310396666
9.72201471696491e-05
0.0001113860959452493
8.894006785515555e-05
-1.578913021106618e-06
0.0001032792935887583
-9.017701461718443e-05
-8.378368622598257e-05
8.893980964703996e-05
7.721022865663951e-05
1.071891487448259e-05
-7.742534126410347e-05
-8.237984952225863e-05
-6.700292138360763e-05
1.385136563841812e-05
7.362689952566351e-05
6.995691871909881e-05
6.186307541707814e-05
-6.945005454285607e-05
5.843565507905629e-06
6.407030477467704e-05
5.883245842305385e-05
6.246873849482955e-05
1.459324762518907e-05
-5.526711353127138e-05
5.689377372360844e-05
5.771580373102937e-05
-2.124333009747321e-05
-4.930687967337209e-05
-5.092821379456091e-05
-5.114651376987442e-05
-2.040190644369161e-05
-4.532716650796713e-05
5.117166632164082e-05
-4.65512580509301e-05
-1.822147478037618e-05
4.435564174515503e-05
-4.47677916724685e-05
-4.434444603317037e-05
1.268364310076094e-05
-4.473976118191373e-05
-4.607684520798877e-05

0.00189409225559273
0.001126255406345985
0.0003459690670041779
-0.0003465342512900322
-0.0003806651694336772
0.0002007170503530426
-0.0002698247689866225
0.0002131734221092263
0.0001626739483342906
0.0001091490939855911
-0.0001393245441384307
2.082088497167694e-05
-0.000145595733325061
7.02680374170279e-05
-0.0001458392731258174
-0.0001052644027206008
8.238581601871029e-05
0.0001048028513868279
-7.699169611826978e-05
-1.229437853577342e-05
6.734575285634916e-05
8.226550936838106e-05
-6.392657162210804e-05
-5.962187858438447e-05
-6.830938320681463e-05
-5.454398168819942e-05
9.682947740808152e-07
-6.333775129845821e-05
5.530255994393522e-05
5.138174455547266e-05
-5.454382333779042e-05
-4.735046194081396e-05
-6.573553525765042e-06
4.748238333919863e-05
5.052081825636155e-05
4.109066031921094e-05
-8.494581260821907e-06
-4.515292551862711e-05
-4.290224850954524e-05
-3.793856395771714e-05
4.25914055901021e-05
-3.583664120607659e-06
-3.929218421642991e-05
-3.607998748242653e-05
-3.830999695315896e-05
-8.949552776775493e-06
3.389348019521452e-05
-3.48910567193165e-05
-3.53951803471896e-05
1.302782689260465e-05
3.02382672608966e-05
3.123257748293151e-05
3.136645358784909e-05
1.251180978725326e-05
2.779764171098721e-05
-3.138187881021654e-05
2.854833628896907e-05
1.117462366198211e-05
-2.720183792818774e-05
2.745459575295782e-05
2.719497197085779e-05
-7.778455916560851e-06
2.743740558658463e-05
2.82573946915315e-05

0.001960576913468054
0.00116578817205479
0.0003581129501689418
-0.0003586979730258894
-0.0003940269227907732
0.0002077624328485472
-0.0002792959060969464
0.000220656036535826
0.0001683839773829361
0.0001129803435720801
-0.0001442149842019052
2.155172023585866e-05
-0.0001507062988160774
7.273452045840684e-05
-0.0001509583871235342
-0.0001089592955013783
8.52776460104182e-05
0.0001084815432236331
-7.96941867496148e-05
-1.272592433209133e-05
6.970966059356889e-05
8.515311646836189e-05
-6.617046245207281e-05
-6.171467009854676e-05
-7.070711539687531e-05
-5.645853360665854e-05
1.002282953160786e-06
-6.55609739071864e-05
5.724373876806401e-05
5.318529857863176e-05
-5.645836969798381e-05
-4.901251364556988e-05
-6.804292264015559e-06
4.914906562570715e-05
5.229415284840613e-05
4.253298631210979e-05
-8.792750120998458e-06
-4.673784135168882e-05
-4.440816317965285e-05
-3.927024800719005e-05
4.408640934228171e-05
-3.709454552565621e-06
-4.067138178037856e-05
-3.734643351578289e-05
-3.965471869684682e-05
-9.263691622306666e-06
3.508317749128015e-05
-3.61157700151131e-05
-3.663758891988136e-05
1.348511750833632e-05
3.129966268535417e-05
3.23288742564297e-05
3.246744955538294e-05
1.295098765235e-05
2.877336857616098e-05
-3.248341621950384e-05
2.955041333430711e-05
1.156686486821556e-05
-2.815665144526601e-05
2.84182813392071e-05
2.814954448551305e-05
-8.051488013538171e-06
2.840048777966818e-05
2.924925937656541e-05

0.002772618053313581
0.001648639902864641
0.0005064378877168306
-0.0005072652181438349
-0.0005572268815957743
0.0002938144727496781
-0.0003949760226906108
0.0003120484109901401
0.0002381260599232239
0.0001597750836018873
-0.0002039466373441403
3.047811498513445e-05
-0.0002131265557474324
0.0001028600526389113
-0.0002134830551979955
-0.0001540885785749624
0.0001205983500306837
0.0001534129485697892
-0.0001127023068608743
-1.799680864640083e-05
9.858234182205726e-05
0.0001204222422462155
-9.357726163677083e-05
-8.727594785697133e-05
-9.99929272349821e-05
-7.984279956886594e-05
1.417413308995819e-06
-9.271533220607308e-05
8.095322476620183e-05
7.521384037368744e-05
-7.984256777167006e-05
-6.931275138375391e-05
-9.622526635721601e-06
6.950586111726368e-05
7.395359563510943e-05
6.01495023735789e-05
-1.243457349531622e-05
-6.609594442044858e-05
-6.280134898076918e-05
-5.553538748456889e-05
6.234632959740063e-05
-5.245854212469435e-06
-5.751684955730051e-05
-5.281475828942818e-05
-5.607910008664934e-05
-1.31005718040872e-05
4.96140960406424e-05
-5.107437268350724e-05
-5.181232104249695e-05
1.907044808994444e-05
4.426350694424059e-05
4.57190022951391e-05
4.591497337538922e-05
1.831508977100401e-05
4.069086023651586e-05
-4.593755318893568e-05
4.17897451156899e-05
1.635768438031921e-05
-3.981870824940386e-05
4.018870126641934e-05
3.980865769503053e-05
-1.138629189654301e-05
4.016353788513114e-05
4.136385776879207e-05

0.001837862611450338
0.001092820424219198
0.0003356983331133806
-0.0003362467388546576
-0.0003693644173444773
0.000194758392171902
-0.0002618145199102741
0.0002068449734128546
0.0001578446702465737
0.0001059088005441856
-0.0001351884364519821
2.020277835663429e-05
-0.0001412734537479742
6.818200030512507e-05
-0.0001415097636176883
-0.0001021394335495866
7.99400401577939e-05
0.000101691584223803
-7.470605471835619e-05
-1.192939708992604e-05
6.534646918555524e-05
7.982330503366004e-05
-6.202879269242117e-05
-5.785189245725831e-05
-6.628149238050433e-05
-5.292474235528297e-05
9.395491465060552e-07
-6.145745259295956e-05
5.366080080754562e-05
4.985638210112293e-05
-5.292458870580472e-05
-4.594477559315206e-05
-6.378405388491348e-06
4.607278065997802e-05
4.902101399713255e-05
3.987080780121135e-05
-8.242403849704693e-06
-4.381247711840137e-05
-4.162861563370865e-05
-3.681228727066509e-05
4.132700066327387e-05
-3.477276399718346e-06
-3.812572279960497e-05
-3.500888608765524e-05
-3.717269358823427e-05
-8.683868691756638e-06
3.288728932753617e-05
-3.385525094097053e-05
-3.434440872326539e-05
1.264107167096621e-05
2.934058817344224e-05
3.030538045104327e-05
3.043528219529936e-05
1.214037349114158e-05
2.697241712291387e-05
-3.045024949131949e-05
2.770082593902054e-05
1.084288421788561e-05
-2.63943008812446e-05
2.663955512086029e-05
2.63876387526006e-05
-7.547538015454974e-06
2.662287527647788e-05
2.741852148290621e-05

-0.0001847562961524859
-0.0001098588396545963
-3.374701692277986e-05
3.380214694881308e-05
3.713139450882222e-05
-1.95786338750033e-05
2.631963927883273e-05
-2.0793671369824e-05
-1.58677783967371e-05
-1.064677936015652e-05
1.359019691997228e-05
-2.030940984323241e-06
1.420191035850805e-05
-6.854186902824527e-06
1.422566607130742e-05
1.026785316597758e-05
-8.036196852679569e-06
-1.022283185584403e-05
7.510035779547902e-06
1.199236116957933e-06
-6.569137180378767e-06
-8.024461726757634e-06
6.235618441344829e-06
5.81572382461114e-06
6.663133010786783e-06
5.320408234782169e-06
-9.445081437501294e-08
6.178182874631507e-06
-5.394402576104032e-06
-5.011952710255714e-06
5.320392788721822e-06
4.618727489880138e-06
6.412070998083459e-07
-4.631595558398172e-06
-4.927974987513521e-06
-4.008124833725942e-06
8.285907755944991e-07
4.404372202372826e-06
4.184833398586857e-06
3.700658475022221e-06
-4.154512707338619e-06
3.495629674962962e-07
3.832695267150339e-06
3.519366510667864e-06
3.736889331436424e-06
8.729702676152018e-07
-3.306087043052971e-06
3.403394100388349e-06
3.452568059064988e-06
-1.270779201210657e-06
-2.949544957319604e-06
-3.046533408278155e-06
-3.059592145636529e-06
-1.22044511170163e-06
-2.71147791725294e-06
3.061096775057292e-06
-2.78470325744282e-06
-1.0900113616893e-06
2.653361159827453e-06
-2.678016030471797e-06
-2.652691430659411e-06
7.587374377803604e-07
-2.676339242313225e-06
-2.756323809832111e-06

0.002216167053904276
0.001317765868296929
0.0004047982592718174
-0.0004054595484936932
-0.0004453941483453237
0.0002348473327186097
-0.0003157062500992454
0.0002494218079670461
0.0001903353143240184
0.0001277089990415873
-0.0001630155361271284
2.436130509012647e-05
-0.0001703530894185203
8.221653882286352e-05
-0.0001706380411579556
-0.0001231637480008013
9.639484593769281e-05
0.0001226237136616758
-9.008350034566883e-05
-1.438493641412592e-05
7.879734382515999e-05
9.625408213165092e-05
-7.479675896438631e-05
-6.976008830633711e-05
-7.992483158536497e-05
-6.381873683774882e-05
1.132945330644465e-06
-7.410781459110486e-05
6.470630508221572e-05
6.011878730810828e-05
-6.381855156112813e-05
-5.540201826521518e-05
-7.69133219770988e-06
5.555637181156306e-05
5.911146757787919e-05
4.807778890054941e-05
-9.939014887658032e-06
-5.283080886176471e-05
-5.019742275197166e-05
-4.438970449681004e-05
4.983372355254275e-05
-4.193036708163212e-06
-4.59734967392721e-05
-4.221509238933279e-05
-4.482429661601059e-05
-1.047135056515595e-05
3.965678753447795e-05
-4.082399373572022e-05
-4.141383943722968e-05
1.524310162722151e-05
3.538003572574605e-05
3.654342021713943e-05
3.670006085180933e-05
1.463934006030533e-05
3.252440188918985e-05
-3.671810900626481e-05
3.340274590139272e-05
1.307477644044937e-05
-3.182728657699803e-05
3.212302378951833e-05
3.181925312015381e-05
-9.101118322842291e-06
3.210291057684411e-05
3.306233207997269e-05

-0.00156042952496102
-0.0009278545876104569
-0.0002850232586519306
0.0002854888802414191
0.0003136073059559434
-0.0001653587942240181
0.0002222925176158631
-0.0001756208552217993
-0.0001340173537868947
-8.992142192383387e-05
0.0001147811737170444
-1.715308404312594e-05
0.0001199476320743608
-5.788964076211455e-05
0.000120148269975987
8.672105672126042e-05
-6.787275507515558e-05
-8.634081213372526e-05
6.342886173838916e-05
1.012860445504468e-05
-5.548214498393971e-05
-6.777364160869112e-05
5.266528570300775e-05
4.911890611557065e-05
5.627602249733563e-05
4.493553003232194e-05
-7.977202535300396e-07
5.218019179313373e-05
-4.556047736725346e-05
-4.233035165610745e-05
4.493539957687171e-05
3.900921859260539e-05
5.415558284041567e-06
-3.911790075653e-05
-4.162108587880519e-05
-3.385214177023546e-05
6.998178342382494e-06
3.719879953554798e-05
3.534460112163194e-05
3.125531776998846e-05
-3.508851619879199e-05
2.952366910760339e-06
3.237048468493447e-05
2.97241475759932e-05
3.156131923899834e-05
7.373002210868733e-06
-2.792281476475669e-05
2.874465850390006e-05
2.915997586283632e-05
-1.073284876661606e-05
-2.491150305811983e-05
-2.573065588599761e-05
-2.584094841593424e-05
-1.030773308167777e-05
-2.290081738206208e-05
2.585365633569463e-05
-2.351926982557406e-05
-9.206105268102352e-06
2.24099702171294e-05
-2.261820229837416e-05
-2.240431376481248e-05
6.408205426621028e-06
-2.260404034661775e-05
-2.327958041375206e-05

-0.001233757821700875
-0.0007336107376551935
-0.0002253544098618289
0.0002257225548301123
0.0002479544641245165
-0.0001307413776127286
0.0001757561799025171
-0.0001388551038786268
-0.0001059611830161774
-7.109661529877947e-05
9.075204524919454e-05
-1.356213226293012e-05
9.483691951417494e-05
-4.577060094240159e-05
9.499555441339363e-05
6.856623790088704e-05
-5.366377725804076e-05
-6.826559648996071e-05
5.015020097962416e-05
8.008208489672628e-06
-4.386710789800243e-05
-5.358541292788784e-05
4.163995049365056e-05
3.88359958870971e-05
4.449478929979324e-05
3.552839827934757e-05
-6.30719674665696e-07
4.12564096826178e-05
-3.602251457892079e-05
-3.346860695447564e-05
3.552829513439056e-05
3.08427441209037e-05
4.281825795356618e-06
-3.092867396757621e-05
-3.290782405052794e-05
-2.676528739188259e-05
5.5331286222553e-06
2.941133139993142e-05
2.794530441213312e-05
2.471210147695797e-05
-2.774283017570174e-05
2.334296878145132e-06
2.559381121251867e-05
2.350147762437171e-05
2.495404236553585e-05
5.829484127010809e-06
-2.207724896822347e-05
2.272704194199488e-05
2.305541373442496e-05
-8.485955887869852e-06
-1.969634722789102e-05
-2.034401262539845e-05
-2.043121571230632e-05
-8.149837022498112e-06
-1.810659316329752e-05
2.044126326341873e-05
-1.859557425941729e-05
-7.278832014029997e-06
1.771850352560248e-05
-1.788314278348098e-05
-1.771403123628795e-05
5.066664941729301e-06
-1.787194559804467e-05
-1.840606317808821e-05

0.001576655130248098
0.0009375025736693251
0.0002879869778192211
-0.0002884574410193691
-0.0003168682467930359
0.0001670782224216997
-0.0002246039521224298
0.0001774469900336186
0.0001354108884831998
9.085643979908024e-05
-0.0001159746874190685
1.733144465901992e-05
-0.0001211948674682038
5.849158685846409e-05
-0.000121397591636078
-8.762279666774785e-05
6.857850725169446e-05
8.723859823389217e-05
-6.408840557416315e-05
-1.02339233658717e-05
5.60590575394523e-05
6.847836318694161e-05
-5.321290808802735e-05
-4.962965265681764e-05
-5.686118992306307e-05
-4.540277713447673e-05
8.060150811755452e-07
-5.272277009112719e-05
4.60342227755505e-05
4.277050968094995e-05
-4.54026453225087e-05
-3.941484292443565e-05
-5.471870158252355e-06
3.952465518353246e-05
4.205386884033392e-05
3.420414196100391e-05
-7.070946562728745e-06
-3.758559882943676e-05
-3.571212015253717e-05
-3.158031575363089e-05
3.545337241615252e-05
-2.98306611209536e-06
-3.270707835933273e-05
-3.003322419773159e-05
-3.18894990767489e-05
-7.449667912034658e-06
2.821316082884777e-05
-2.904355023563829e-05
-2.946318613344184e-05
1.084445071011747e-05
2.517053700310648e-05
2.599820751809382e-05
2.610964688807286e-05
1.041491460170689e-05
2.313894388353939e-05
-2.612248694688577e-05
2.37638270982448e-05
9.301831879218987e-06
-2.264299280827786e-05
2.28533901212903e-05
2.263727753923916e-05
-6.47483901063576e-06
2.283908091120845e-05
2.352164535611929e-05

0.0008102251344247355
0.000481771906996085
0.0001479932315823822
-0.0001482349972685973
-0.0001628349871367743
8.585959771678777e-05
-0.0001154214157614817
9.118798943097028e-05
6.958611507300636e-05
4.669009077340283e-05
-5.959807246449637e-05
8.906432236977593e-06
-6.228066360372008e-05
3.005816104990996e-05
-6.238484124723969e-05
-4.502835835616465e-05
3.524171468488889e-05
4.483092315185458e-05
-3.293430251500609e-05
-5.259096790245634e-06
2.880811190683425e-05
3.519025178932596e-05
-2.734550808331003e-05
-2.550411388255578e-05
-2.922031861320353e-05
-2.333197063917931e-05
4.142019804874942e-07
-2.709363174282212e-05
2.36564633704111e-05
2.197927834112238e-05
-2.333190290252471e-05
-2.025483937110007e-05
-2.811931822927336e-06
2.031127064176832e-05
2.16110047660815e-05
1.757711942616892e-05
-3.63367899510224e-06
-1.931481164129077e-05
-1.835205226310135e-05
-1.622876498848753e-05
1.821908474504858e-05
-1.532963737790059e-06
-1.680779547279227e-05
-1.543373223858719e-05
-1.638765078075456e-05
-3.828299587939852e-06
1.449842237948276e-05
-1.492515004861295e-05
-1.514079616244243e-05
5.572839846717089e-06
1.293485261021175e-05
1.336018307177228e-05
1.341745049619596e-05
5.352106127272008e-06
1.189084001873718e-05
-1.342404885635034e-05
1.221196039371064e-05
4.780105579303938e-06
-1.163597640341742e-05
1.174409718894986e-05
1.163303939167122e-05
-3.327346105767823e-06
1.173674384868031e-05
1.20875059516456e-05

0.0001655739077632843
9.845270641789747e-05
3.024322084632682e-05
-3.029262697768574e-05
-3.327621422163458e-05
1.754587522524863e-05
-2.358699333710884e-05
1.863476101850309e-05
1.422030064137048e-05
9.541373693233471e-06
-1.217918987433301e-05
1.820077811772941e-06
-1.272739194679649e-05
6.142548501354462e-06
-1.274868121417249e-05
-9.201789646416501e-06
7.201835846289776e-06
9.161442689839616e-06
-6.730303634370708e-06
-1.074724999103675e-06
5.887094168085042e-06
7.191319124009007e-06
-5.588203131153758e-06
-5.211904222866031e-06
-5.971330847836629e-06
-4.768014950923557e-06
8.464442486279232e-08
-5.536730832661933e-06
4.834326803362654e-06
4.491584931325493e-06
-4.768001108577467e-06
-4.139186459792046e-06
-5.746335438197871e-07
4.150718496522037e-06
4.41632622562212e-06
3.591979842351691e-06
-7.425620425917004e-07
-3.94708668651006e-06
-3.750341577394223e-06
-3.316436288083293e-06
3.723168942733041e-06
-3.132694676348395e-07
-3.434764313124047e-06
-3.153967026628667e-06
-3.348905462870811e-06
-7.823338180134182e-07
2.962831375852378e-06
-3.050035493236205e-06
-3.094103948092127e-06
1.138840097101067e-06
2.64330739941461e-06
2.730225989841798e-06
2.741928899123825e-06
1.093731962397234e-06
2.429957754755455e-06
-2.743277309872108e-06
2.495580447867835e-06
9.76840543028673e-07
-2.377874990423855e-06
2.399970060308113e-06
2.377274796113982e-06
-6.799612525041262e-07
2.398467365274701e-06
2.470147506532782e-06

-0.0009977985874847911
-0.0005933058700182041
-0.0001822548217231149
0.0001825525580558602
0.0002005325597230233
-0.0001057367658491755
0.0001421423758891874
-0.000112298721903245
-8.569584474529018e-05
-5.749921181635891e-05
7.339549218512924e-05
-1.096834093142895e-05
7.669912414593448e-05
-3.701686033138522e-05
7.682741972840693e-05
5.545277535288904e-05
-4.340044715854105e-05
-5.520963235521939e-05
4.05588510316867e-05
6.476618813457375e-06
-3.547741503865478e-05
-4.333707020030126e-05
3.367620699516323e-05
3.140851564068267e-05
3.598505082022976e-05
2.873350425438846e-05
-5.100929772527041e-07
3.336601931265406e-05
-2.913311958982698e-05
-2.706765311381604e-05
2.873342083616112e-05
2.494399304035397e-05
3.46291602396696e-06
-2.501348859136717e-05
-2.661412132694656e-05
-2.164635999342727e-05
4.474904091020329e-06
2.378634154184369e-05
2.260069584062789e-05
1.998585096181527e-05
-2.243694530259034e-05
1.887856827989076e-06
2.069893153017345e-05
1.900676191464746e-05
2.01815200571885e-05
4.714580872668512e-06
-1.7854920510797e-05
1.838043897153653e-05
1.86460088466728e-05
-6.862995840383181e-06
-1.59293721157572e-05
-1.645316990445457e-05
-1.652369518535677e-05
-6.591160539164133e-06
-1.464366244713372e-05
1.653182111747371e-05
-1.503912469947655e-05
-5.886737392371716e-06
1.432979591230997e-05
-1.446294750500111e-05
-1.432617895938643e-05
4.097652742859188e-06
-1.445389180896777e-05
-1.488585808107189e-05

-0.001560957330163299
-0.0009281684284284541
-0.0002851196659270229
0.0002855854450100559
0.0003137133816002688
-0.0001654147257674194
0.000222367706623273
-0.0001756802578410302
-0.0001340626842906963
-8.995183726361283e-05
0.0001148199977072341
-1.715888596294311e-05
0.0001199882035857057
-5.790922155895097e-05
0.0001201889093518394
8.6750389558188e-05
-6.789571259590966e-05
-8.637001635540072e-05
6.345031614092809e-05
1.01320303900394e-05
-5.550091146088631e-05
-6.779656560494512e-05
5.268309939551203e-05
4.913552026809946e-05
5.629505749823433e-05
4.495072918494099e-05
-7.979900772498003e-07
5.219784140575168e-05
-4.557588790425991e-05
-4.23446696239765e-05
4.495059868534556e-05
3.902241320868223e-05
5.417390061631544e-06
-3.91311321336305e-05
-4.163516394210559e-05
-3.386359203839808e-05
7.000545430977016e-06
3.721138178908685e-05
3.535655620452963e-05
3.126588967921072e-05
-3.510038466262037e-05
2.953365529787381e-06
3.238143379217768e-05
2.973420157679582e-05
3.157199465126788e-05
7.375496081214894e-06
-2.793225947638622e-05
2.875438119885454e-05
2.916983903621637e-05
-1.073647908334074e-05
-2.491992921302923e-05
-2.573935911405486e-05
-2.584968894973291e-05
-1.031121960577324e-05
-2.290856343553344e-05
2.586240116785514e-05
-2.352722506658603e-05
-9.209219173712986e-06
2.241755024470541e-05
-2.262585275912293e-05
-2.241189187914083e-05
6.410372960692084e-06
-2.261168601717693e-05
-2.328745458136786e-05

-0.001007569813861933
-0.000599115986448036
-0.0001840396038863408
0.000184340255886779
0.000202496331832613
-0.0001067722231934564
0.0001435343455211781
-0.0001133984390679789
-8.653504567130567e-05
-5.806228919714351e-05
7.411423841128159e-05
-1.107575152868725e-05
7.745022212740973e-05
-3.737935846138291e-05
7.757977408083378e-05
5.599581242273204e-05
-4.382545837762764e-05
-5.575028837811516e-05
4.095603511273107e-05
6.540042944721499e-06
-3.58248377129096e-05
-4.376146078250504e-05
3.400599082750447e-05
3.17160924606465e-05
3.633744466221008e-05
2.901488526475032e-05
-5.150882077699428e-07
3.369276554391393e-05
-2.941841394699119e-05
-2.733272080322807e-05
2.9014801029637e-05
2.518826418465981e-05
3.496827613761238e-06
-2.525844029062036e-05
-2.687474767737911e-05
-2.185833812849222e-05
4.518725861705577e-06
2.401927605468812e-05
2.282201958083037e-05
2.018156809004892e-05
-2.265666546908343e-05
1.906344202761715e-06
2.090163170261859e-05
1.919289103499378e-05
2.03791533306654e-05
4.76074974638613e-06
-1.802976989668536e-05
1.856043464637693e-05
1.882860519002254e-05
-6.930203678543932e-06
-1.608536502148345e-05
-1.661429224896211e-05
-1.66855081687287e-05
-6.655706352844288e-06
-1.478706467535889e-05
1.669371367634978e-05
-1.518639960425343e-05
-5.944384942093254e-06
1.447012451325219e-05
-1.460458003077126e-05
-1.446647214028307e-05
4.137780172450834e-06
-1.459543565425581e-05
-1.503163207890779e-05

0.0001503521386756608
8.940161628305469e-05
2.746285931223311e-05
-2.750772337092329e-05
-3.021701935305102e-05
1.593282359934881e-05
-2.141856130028989e-05
1.692160444050228e-05
1.291298032959024e-05
8.664202953582561e-06
-1.105951577562927e-05
1.652751905494331e-06
-1.155731977830209e-05
5.577843251827973e-06
-1.157665185137103e-05
-8.355838016199096e-06
6.539746730070912e-06
8.319200291748088e-06
-6.111564068474791e-06
-9.759218966684029e-07
5.345873699015248e-06
6.530196845617926e-06
-5.074460725559819e-06
-4.732756248042493e-06
-5.422366216026402e-06
-4.329675217507336e-06
7.686277673208377e-08
-5.027720449473663e-06
4.389890797169127e-06
4.07865834412074e-06
-4.329662647726858e-06
-3.758657055412786e-06
-5.21805539503284e-07
3.769128913015342e-06
4.010318425656061e-06
3.261756992224094e-06
-6.742958036749454e-07
-3.584217663710223e-06
-3.405559997599581e-06
-3.011545088411674e-06
3.380885435104526e-06
-2.844695464215791e-07
-3.118994818091665e-06
-2.864012175415131e-06
-3.041029262202407e-06
-7.104112253281541e-07
2.690448271179142e-06
-2.76963541924441e-06
-2.809652512067443e-06
1.034142676956229e-06
2.400299214096267e-06
2.479227084662165e-06
2.489854105932547e-06
9.931814855711265e-07
2.206563523528569e-06
-2.491078552719716e-06
2.266153300615023e-06
8.870362895547987e-07
-2.159268903792303e-06
2.179332699211603e-06
2.158723887377398e-06
-6.174501158525773e-07
2.177968152013939e-06
2.243058495558635e-06

0.001336685140134411
0.0007948128509652666
0.000244154797341511
-0.0002445536551237583
-0.000268640280770888
0.0001416485906566084
-0.0001904187919461192
0.0001504392115872494
0.0001148010867915002
7.702791221428262e-05
-9.832311348925977e-05
1.469356493270084e-05
-0.000102748771939634
4.95890531014788e-05
-0.0001029206410932373
-7.428643588302264e-05
5.814072451057496e-05
7.3960713201147e-05
-5.43340250777674e-05
-8.676300242198131e-06
4.752675949567728e-05
5.805582256806503e-05
-4.511379954943909e-05
-4.207592259314296e-05
-4.820680576389224e-05
-3.849238578061464e-05
6.833380116309782e-07
-4.469826151293304e-05
3.902772416186869e-05
3.626075457446788e-05
-3.849227403068394e-05
-3.341582685208796e-05
-4.639040833318733e-06
3.350892547088122e-05
3.565318786942986e-05
2.899820475205989e-05
-5.994734685953415e-06
-3.186499728095437e-05
-3.027666571768461e-05
-2.67737300179201e-05
3.005729989212606e-05
-2.529037623750519e-06
-2.772899715440832e-05
-2.546210881837968e-05
-2.703585503540879e-05
-6.315813906232054e-06
2.391906264891871e-05
-2.462306516620394e-05
-2.497883166078765e-05
9.193904132258404e-06
2.133953211185894e-05
2.204122955798205e-05
2.21357076382039e-05
8.829744258453601e-06
1.961715143289782e-05
-2.214659341498826e-05
2.014692620189371e-05
7.886074900238056e-06
-1.919668507990743e-05
1.937505951096432e-05
1.919183968598048e-05
-5.489355867517857e-06
1.936292819060349e-05
1.994160499391582e-05

0.0008691396191617453
0.0005168033352441883
0.0001587543702002094
-0.0001590137155692065
-0.0001746753250338029
9.210276858899378e-05
-0.0001238141364365651
9.781860749407401e-05
7.464598046125702e-05
5.008510102839458e-05
-6.393167010466145e-05
9.554052069775256e-06
-6.680932242875994e-05
3.224380179979845e-05
-6.692107521644087e-05
-4.830253786303474e-05
3.780427090992997e-05
4.809074641028682e-05
-3.532907821424778e-05
-5.641505289332378e-06
3.090285693154009e-05
3.774906595570651e-05
-2.933390174099915e-05
-2.735861291524673e-05
-3.134503672153736e-05
-2.502852505313134e-05
4.443201479208104e-07
-2.906371053444693e-05
2.537661285843015e-05
2.357747346410348e-05
-2.502845239108016e-05
-2.172764411915684e-05
-3.016397850238428e-06
2.178817871751696e-05
2.318242134691133e-05
1.885521719202718e-05
-3.897897317392217e-06
-2.071926347484865e-05
-1.968649827940588e-05
-1.740881888534125e-05
1.954386219828366e-05
-1.644431236013801e-06
-1.802995283100132e-05
-1.655597634552102e-05
-1.757925785485954e-05
-4.106669497806405e-06
1.555265662585681e-05
-1.601041325185172e-05
-1.624173979713984e-05
5.978061771018522e-06
1.387539387991478e-05
1.433165170218031e-05
1.439308325415415e-05
5.741277681383734e-06
1.275546724767041e-05
-1.440016140562786e-05
1.309993748014541e-05
5.127684844902673e-06
-1.248207155041363e-05
1.259805420063681e-05
1.247892097761914e-05
-3.569289823673487e-06
1.259016617162962e-05
1.296643349244487e-05

0.0006255849026516145
0.0003719820809464639
0.0001142674146221493
-0.0001144540849151801
-0.0001257269186651427
6.629326318976334e-05
-8.911831054752588e-05
7.040738069880674e-05
5.372830485537392e-05
3.604999974732249e-05
-4.601641294107999e-05
6.876767094988082e-06
-4.808767492171844e-05
2.320827996486378e-05
-4.816811177587668e-05
-3.476695548184319e-05
2.721056619168826e-05
3.461451330519012e-05
-2.54289845591916e-05
-4.060614036490168e-06
2.224310147526723e-05
2.717083105000117e-05
-2.111380687345135e-05
-1.969204351055386e-05
-2.256137139965701e-05
-1.80149046984941e-05
3.19810500356065e-07
-2.091933001850486e-05
1.826544957183338e-05
1.697047415241227e-05
-1.801485239818139e-05
-1.56390133776754e-05
-2.17112753106406e-06
1.568258466356741e-05
1.668612554508937e-05
1.357151250674007e-05
-2.805608742356376e-06
-1.491320627683439e-05
-1.416984778758437e-05
-1.253043127659976e-05
1.406718191324465e-05
-1.183620366646709e-06
-1.297750791463944e-05
-1.191657660297763e-05
-1.265310897278728e-05
-2.955877722484959e-06
1.119441222878623e-05
-1.152389396911764e-05
-1.169039701548736e-05
4.302858952257243e-06
9.987160564599906e-06
1.031556350359015e-05
1.035978039419556e-05
4.132427702318841e-06
9.181065458862461e-06
-1.036487507013309e-05
9.429006493994579e-06
3.690778965548675e-06
-8.984282091863321e-06
9.067763495017876e-06
8.982014388567167e-06
-2.569085308793029e-06
9.062085889544435e-06
9.3329136714985e-06

-0.001197008238698733
-0.0007117588894070638
-0.0002186418440367744
0.0002189990231787601
0.0002405687171001748
-0.0001268470224775155
0.0001705209820314202
-0.0001347190675548026
-0.0001028049482821198
-6.897888123523816e-05
8.804884064866621e-05
-1.315816100007363e-05
9.201203995993793e-05
-4.440724545330081e-05
9.216594964791362e-05
6.652387544802026e-05
-5.206531003709013e-05
-6.62321891548042e-05
4.865639162652757e-05
7.769670328114069e-06
-4.256045119888502e-05
-5.198927992227655e-05
4.039963348005727e-05
3.767919944839125e-05
4.316943603855365e-05
3.447012428216538e-05
-6.119326123845997e-07
4.002751708685536e-05
-3.494952248419014e-05
-3.247168735840333e-05
3.447002420954191e-05
2.992404033223041e-05
4.154284304068286e-06
-3.000741061170429e-05
-3.192760833062275e-05
-2.596803761295191e-05
5.368314940028397e-06
2.853526468288565e-05
2.711290581172074e-05
2.39760093457133e-05
-2.691646261608889e-05
2.264765860495587e-06
2.483145585155501e-05
2.280144599136675e-05
2.421074361191426e-05
5.655842990135121e-06
-2.141964041720676e-05
2.205007819791613e-05
2.23686688759209e-05
-8.233187204437225e-06
-1.910965789991581e-05
-1.973803147784998e-05
-1.982263707194944e-05
-7.907080213300904e-06
-1.756725737417434e-05
1.983238533958644e-05
-1.804167333355239e-05
-7.062019576001304e-06
1.719072764887361e-05
-1.735046284540063e-05
-1.718638857434132e-05
4.915745676582901e-06
-1.733959918724827e-05
-1.785780716331373e-05

-5.000260733480521e-05
-2.973229349099059e-05
-9.133322495970821e-06
9.148242934947079e-06
1.004927343801129e-05
-5.298778781545363e-06
7.123170443803009e-06
-5.627617603372976e-06
-4.294469574101553e-06
-2.881453778941481e-06
3.678062909600941e-06
-5.496556635664723e-07
3.843617575438099e-06
-1.855023203217603e-06
3.850046842523609e-06
2.778900858736056e-06
-2.174923421069488e-06
-2.76671625154503e-06
2.032522723055636e-06
3.245623229475223e-07
-1.777877094324524e-06
-2.171747416212125e-06
1.687613287921117e-06
1.57397263761476e-06
1.803316208963199e-06
1.439919988471823e-06
-2.556225190719427e-08
1.672068875369916e-06
-1.459945882431944e-06
-1.356439312609619e-06
1.439915808143486e-06
1.250016491309965e-06
1.73536856387609e-07
-1.253499116756907e-06
-1.333711507482427e-06
-1.084762448615054e-06
2.242505400701583e-07
1.192003186785952e-06
1.132587010836769e-06
1.001549481462908e-06
-1.124380992148132e-06
9.460603057426427e-08
1.037284035613349e-06
9.524844639472326e-07
1.011355032466713e-06
2.362614450270258e-07
-8.947623202680203e-07
9.210975882968153e-07
9.344060719458749e-07
-3.439248065213444e-07
-7.982674549618823e-07
-8.245164950784489e-07
-8.280507232978435e-07
-3.303023440356832e-07
-7.338367807621872e-07
8.284579375403077e-07
-7.536545515718733e-07
-2.950016386137375e-07
7.181080101556597e-07
-7.247806261398384e-07
-7.179267540574252e-07
2.053453709662387e-07
-7.243268187075352e-07
-7.459739127793041e-07

0.0006567785148313592
0.0003905302663672764
0.0001199651439013492
-0.0001201611221567855
-0.0001319960545166153
6.959885182094804e-05
-9.356202714862913e-05
7.391811204604355e-05
5.640736551944212e-05
3.784756504408683e-05
-4.83109346488343e-05
7.219664126072153e-06
-5.048547620459429e-05
2.436551710647034e-05
-5.056992389090266e-05
-3.650054419436395e-05
2.856736979319674e-05
3.634050077587439e-05
-2.669695295020324e-05
-4.263088902696506e-06
2.335221181048608e-05
2.852565333355775e-05
-2.216660706164542e-05
-2.067395014814228e-05
-2.368635166483902e-05
-1.891318396999539e-05
3.357572482343129e-07
-2.196243298483993e-05
1.917622179126012e-05
1.781667486308879e-05
-1.891312906182263e-05
-1.641882330612114e-05
-2.279386713645654e-06
1.646456719206739e-05
1.751814774835256e-05
1.424823040071674e-05
-2.945505134781418e-06
-1.565682520207471e-05
-1.48764005427034e-05
-1.315523761707656e-05
1.476861542802573e-05
-1.242639365552534e-06
-1.362460688910543e-05
-1.251077423703867e-05
-1.328403240539083e-05
-3.103266994403646e-06
1.17526004973362e-05
-1.209851122370094e-05
-1.227331663068627e-05
4.51741290464683e-06
1.04851515041302e-05
1.082992963675843e-05
1.087635131928047e-05
4.3384834216297e-06
9.638861985129096e-06
-1.088170003163016e-05
9.899166132703227e-06
3.87481270294295e-06
-9.432266386394812e-06
9.519910432389836e-06
9.429885608349561e-06
-2.697187905962182e-06
9.513949723818528e-06
9.798281822710561e-06

0.0004820762291048713
0.0002866496907408988
8.805456160644256e-05
-8.819840988440224e-05
-9.688526463817585e-05
5.108564192983004e-05
-6.867464178058301e-05
5.425598419105397e-05
4.140307493209813e-05
2.778015879819747e-05
-3.546028482071644e-05
5.299242253980556e-06
-3.705640096878977e-05
1.788431920598903e-05
-3.711838567330116e-05
-2.679144385533827e-05
2.096848419118408e-05
2.667397179141398e-05
-1.959559595236148e-05
-3.129112442234285e-06
1.714055188566947e-05
2.093786425904497e-05
-1.627031655728779e-05
-1.517470456639675e-05
-1.738581094537241e-05
-1.388230004899609e-05
2.464462287793738e-07
-1.612045253645592e-05
1.407537012989016e-05
1.307746103021107e-05
-1.388225974633187e-05
-1.205143628638268e-05
-1.673072621549247e-06
1.208501235433339e-05
1.285834176472284e-05
1.045821845246967e-05
-2.162004353247377e-06
-1.149212875075238e-05
-1.091929610109556e-05
-9.655960419242916e-06
1.084018169576061e-05
-9.120988064548603e-07
-1.000047803607386e-05
-9.182923514062181e-06
-9.750495950588943e-06
-2.277801750186816e-06
8.626423066515047e-06
-8.880321960599057e-06
-9.008629342040479e-06
3.315786569147346e-06
7.69611396317213e-06
7.949181532074327e-06
7.983255103534486e-06
3.184452110877246e-06
7.074936426395495e-06
-7.987181064909106e-06
7.265999987471578e-06
2.844117239130654e-06
-6.923295005524018e-06
6.987625841935058e-06
6.921547511540436e-06
-1.979739205122076e-06
6.983250674591901e-06
7.191950781174531e-06

0.0007118052465455696
0.0004232499788858499
0.000130016157506979
-0.0001302285553660639
-0.0001430550512942425
7.543003731231673e-05
-0.0001014009141558055
8.011117717910719e-05
6.113333157808315e-05
4.101853936901533e-05
-5.235855919765486e-05
7.824547678073321e-06
-5.471528989645987e-05
2.640692793615402e-05
-5.48068128449643e-05
-3.955866136387716e-05
3.09608235342726e-05
3.938520906242146e-05
-2.893369796300767e-05
-4.620262354663488e-06
2.530872510255391e-05
3.09156119535449e-05
-2.402378708845644e-05
-2.240607122484375e-05
-2.567086012379345e-05
-2.049778315627786e-05
3.638879248661795e-07
-2.380250673929781e-05
2.078285901820842e-05
1.930940546493521e-05
-2.049772364773558e-05
-1.779443801446296e-05
-2.470360075793963e-06
1.784401445046304e-05
1.898586691775747e-05
1.54419867949179e-05
-3.192287751984002e-06
-1.69685975887057e-05
-1.612278677953157e-05
-1.425742003418408e-05
1.600597112799278e-05
-1.346751149725347e-06
-1.476611437003642e-05
-1.35589617186987e-05
-1.439700560830292e-05
-3.363267339239969e-06
1.273726607317583e-05
-1.311215816282178e-05
-1.330160925327579e-05
4.895894329251121e-06
1.136362667615242e-05
1.173729128020996e-05
1.178760230048387e-05
4.701973636207598e-06
1.044643266611883e-05
-1.179339914283221e-05
1.072854581957355e-05
4.199455294368254e-06
-1.022252791318235e-05
1.031751502126388e-05
1.021994766693431e-05
-2.923165814697525e-06
1.031105490794333e-05
1.061920914133819e-05

1.136275713052543e-05
6.756464270152204e-06
2.075486276667726e-06
-2.078876846318582e-06
-2.283629984638483e-06
1.204111937257339e-06
-1.61869270562201e-06
1.278838353868108e-06
9.758894061121372e-07
6.547910443087573e-07
-8.358151260677039e-07
1.249055628019838e-07
-8.734363134572367e-07
4.215415806102404e-07
-8.748973212438428e-07
-6.314865810593543e-07
4.942367594251041e-07
6.28717710782432e-07
-4.618771559363492e-07
-7.375461093181134e-08
4.040106448171479e-07
4.935150336229921e-07
-3.834988002382751e-07
-3.576747246856336e-07
-4.097915129799625e-07
-3.272121593061691e-07
5.808850290581622e-09
-3.799664367520632e-07
3.317629093932342e-07
3.082417356529973e-07
-3.272112093642601e-07
-2.840578633266893e-07
-3.943508663800216e-08
2.848492666101407e-07
3.030769943847316e-07
2.465049905511349e-07
-5.095943110050133e-08
-2.708747289873703e-07
-2.573728015361403e-07
-2.275954019081602e-07
2.555080388282695e-07
-2.149858589027168e-08
-2.357158396432496e-07
-2.164457057729636e-07
-2.298236475894831e-07
-5.368882868996449e-08
2.033287357821138e-07
-2.093132488037289e-07
-2.123375124428968e-07
7.815460545359284e-08
1.814009248648164e-07
1.873658431702896e-07
1.881689728234446e-07
7.505899222326288e-08
1.66759486314998e-07
-1.882615095360439e-07
1.712629418077709e-07
6.703714368865505e-08
-1.631852286998582e-07
1.647015359186352e-07
1.631440394607605e-07
-4.666335822464275e-08
1.645984112212343e-07
1.695175681589369e-07

-0.000420168039884435
-0.0002498381613125714
-7.67466021333203e-05
7.687197742740459e-05
8.444326701667203e-05
-4.452522804483273e-05
5.985544999861224e-05
-4.728843521672831e-05
-3.608609549512101e-05
-2.421263311735289e-05
3.090647799524622e-05
-4.618714004757093e-06
3.229762104041886e-05
-1.558761642198563e-05
3.235164567433797e-05
2.335088886516925e-05
-1.827571319646895e-05
-2.324850255391564e-05
1.707913115101576e-05
2.727272082824922e-06
-1.493936363904338e-05
-1.82490254734651e-05
1.418088385910499e-05
1.322597026890234e-05
1.515312655070953e-05
1.20995362320655e-05
-2.147976245900969e-07
1.405026536335735e-05
-1.226781226924172e-05
-1.13980545730904e-05
1.209950110506603e-05
1.050379184147533e-05
1.458216774732528e-06
-1.05330560735709e-05
-1.120707458544301e-05
-9.115174909195275e-06
1.884359934137265e-06
1.001631053302299e-05
9.517041004557962e-06
8.415942785825832e-06
-9.448086464572205e-06
7.949671536399338e-07
8.716217478978486e-06
8.003653240639466e-06
8.49833807210783e-06
1.985286638999287e-06
-7.518618534252742e-06
7.739911753488003e-06
7.851741911685793e-06
-2.889973533895177e-06
-6.707779648535504e-06
-6.92834830130155e-06
-6.958046147550425e-06
-2.77550503582634e-06
-6.166373679333185e-06
6.961467937290909e-06
-6.332900873798187e-06
-2.478875939985109e-06
6.03420603710903e-06
-6.090275512863572e-06
-6.032682956158165e-06
1.725501261165486e-06
-6.086462204144948e-06
-6.268361060410416e-06

0.0005598066662672526
0.0003328693639554107
0.0001022525642344855
-0.000102419606747856
-0.0001125071383589161
5.932274021460616e-05
-7.974780740306279e-05
6.30042715265343e-05
4.807894675491127e-05
3.22594584554548e-05
-4.11779354215727e-05
6.153697197327279e-06
-4.303141088018417e-05
2.076800412196465e-05
-4.31033900584043e-05
-3.11113221594959e-05
2.434946285057608e-05
3.097490878645095e-05
-2.275520878506845e-05
-3.633653557058922e-06
1.990431103997847e-05
2.431390573097691e-05
-1.889375812606991e-05
-1.762148859873786e-05
-2.018911590754883e-05
-1.612069552770245e-05
2.861834569256026e-07
-1.871972988565787e-05
1.634489641505863e-05
1.518608348756254e-05
-1.612064872658413e-05
-1.39946215222714e-05
-1.942840468261617e-06
1.403361142786373e-05
1.493163321990201e-05
1.21445117047902e-05
-2.51060802498459e-06
-1.334513069896859e-05
-1.267993395916291e-05
-1.121289681080774e-05
1.258806307064261e-05
-1.059166499654121e-06
-1.161296478120375e-05
-1.06635869777935e-05
-1.132267534262649e-05
-2.645076706138569e-06
1.00173558601679e-05
-1.031219365735016e-05
-1.04611894450087e-05
3.850427200635403e-06
8.937042817756305e-06
9.23091524608498e-06
9.270482873147298e-06
3.697916247366221e-06
8.21570601450873e-06
-9.27504186032187e-06
8.437576848858706e-06
3.302705451929623e-06
-8.039613784351288e-06
8.114317387017369e-06
8.03758452275677e-06
-2.298954268198144e-06
8.10923676346308e-06
8.351587876959994e-06

0.0002774670231902553
0.0001649860158754325
5.068127323478807e-05
-5.076406751308619e-05
-5.576393181649494e-05
2.940319422170228e-05
-3.952683678034976e-05
3.122793764732623e-05
2.383023111025913e-05
1.598933425902196e-05
-2.04097590311657e-05
3.050067364047009e-06
-2.132843033153514e-05
1.029361854469531e-05
-2.13641066632199e-05
-1.542026286446696e-05
1.206876120015581e-05
1.535264985657071e-05
-1.127857245032645e-05
-1.801012914879371e-06
9.865530844334893e-06
1.205113738693544e-05
-9.364652370218207e-06
-8.734054594743951e-06
-1.000669379138958e-05
-7.990189594664451e-06
1.418462420410963e-07
-9.27839563065809e-06
8.101314303531819e-06
7.526951058497825e-06
-7.990166397794362e-06
-6.936405385012645e-06
-9.629648836746913e-07
6.955730651560212e-06
7.400833306475262e-06
6.019402257746802e-06
-1.244377705852919e-06
-6.614486593770976e-06
-6.284783197315003e-06
-5.557649250916563e-06
6.239247580302797e-06
-5.249736979404825e-07
-5.755942117912019e-06
-5.285384961547643e-06
-5.612060754503453e-06
-1.311026831203264e-06
4.965081836723956e-06
-5.111217584723726e-06
-5.185067040540294e-06
1.908456325639168e-06
4.429626898342107e-06
4.575284163250523e-06
4.594895776253991e-06
1.832864585208246e-06
4.072097794858418e-06
-4.597155428875815e-06
4.182067617744519e-06
1.636979166989565e-06
-3.98481804302635e-06
4.021844730093731e-06
3.983812243686001e-06
-1.139471956454076e-06
4.019326529474732e-06
4.139447360614259e-06

-0.0003271553399017224
-0.0001945314274905471
-5.975718837178554e-05
5.985480930692072e-05
6.57500406998776e-05
-3.466866761018769e-05
4.660523464521338e-05
-3.682018294627606e-05
-2.809770786152419e-05
-1.885267670425799e-05
2.406470353258762e-05
-3.596268175344622e-06
2.514788890746716e-05
-1.213698202791709e-05
2.518995409522784e-05
1.818169698430692e-05
-1.423001417331409e-05
-1.810197595541131e-05
1.329831978287528e-05
2.123535206306133e-06
-1.163223311934495e-05
-1.420923431796396e-05
1.104165819061146e-05
1.029813405140069e-05
1.179867528388871e-05
9.421058988062224e-06
-1.672478228044036e-07
1.093995474266093e-05
-9.552083718431956e-06
-8.874864492544734e-06
9.421031637120444e-06
8.17856491677891e-06
1.135410976805249e-06
-8.201350918769315e-06
-8.726161790662506e-06
-7.097346448566948e-06
1.467218722581048e-06
7.798997462756511e-06
7.410251349807214e-06
6.552903508416097e-06
-7.356561292913543e-06
6.189850837561839e-07
6.786706320581901e-06
6.231882598948935e-06
6.617058930386744e-06
1.545803258528877e-06
-5.85422014210596e-06
6.026525628203734e-06
6.113599917408077e-06
-2.250219398044074e-06
-5.222876855420242e-06
-5.394618172504548e-06
-5.417741799397643e-06
-2.161090818908599e-06
-4.801322055754493e-06
5.420406106711508e-06
-4.930985085152642e-06
-1.93012657731584e-06
4.698412396247857e-06
-4.742069758689134e-06
-4.697226480101391e-06
1.34352663223101e-06
-4.739100603039727e-06
-4.880732465766778e-06

-0.0002322339239429579
-0.0001380897427807198
-4.241913441974981e-05
4.248843144792583e-05
4.667321021196154e-05
-2.460984044899367e-05
3.308311128658854e-05
-2.613711140555974e-05
-1.994539032269534e-05
-1.338272848975107e-05
1.708252884268375e-05
-2.552840709139064e-06
1.785143694011218e-05
-8.615537077969249e-06
1.788129726151754e-05
1.290642798585182e-05
-1.010129325791555e-05
-1.284983735409026e-05
9.439922288786218e-06
1.507409030039019e-06
-8.257236890425445e-06
-1.008654250572794e-05
7.838012392589205e-06
7.310215632654764e-06
8.375387237562468e-06
6.68761664461477e-06
-1.187222503311079e-07
7.765817358872602e-06
-6.780625633183943e-06
-6.299895964375477e-06
6.687597229339674e-06
5.805621951394874e-06
8.05980872912043e-07
-5.821796783386485e-06
-6.194338121522541e-06
-5.038110078943458e-06
1.041517345647196e-06
5.536182854735079e-06
5.260228211133964e-06
4.65163275477425e-06
-5.22211588017416e-06
4.393916813531124e-07
4.817599614766614e-06
4.423753407011365e-06
4.697174011669092e-06
1.097301228464789e-06
-4.155666588353814e-06
4.277979062811752e-06
4.339789467187775e-06
-1.597336851355723e-06
-3.707502334431971e-06
-3.8294143288455e-06
-3.845828826645879e-06
-1.534068192267926e-06
-3.408258173195732e-06
3.847720107240174e-06
-3.50030054706246e-06
-1.37011631505569e-06
3.335206900237916e-06
-3.366197440043548e-06
-3.33436506784196e-06
9.537134922477941e-07
-3.364089760346881e-06
-3.464628309551493e-06

-0.0008290615258630264
-0.0004929723053033179
-0.0001514338289197558
0.0001516812152575171
0.0001666206306907322
-8.785569105247888e-05
0.0001181047723684112
-9.330795904232875e-05
-7.120387691040557e-05
-4.777555799564714e-05
6.098362886625308e-05
-9.113492024191661e-06
6.372858580312596e-05
-3.075696347329402e-05
6.383518540421641e-05
4.60751930539929e-05
-3.606102613864114e-05
-4.587316780845968e-05
3.369997046029688e-05
5.381362073733185e-06
-2.947785275958304e-05
-3.600836681603921e-05
2.798124582141404e-05
2.609704225757331e-05
2.989964258865867e-05
2.387440028410438e-05
-4.238314899991772e-07
2.772351377348575e-05
-2.420643693349152e-05
-2.249026013218842e-05
2.387433097266601e-05
2.07257308143477e-05
2.877304577071306e-06
-2.078347401851314e-05
-2.21134248069348e-05
-1.798575831898115e-05
3.718156008961138e-06
1.976384899791099e-05
1.877870705993155e-05
1.660605687549377e-05
-1.864264826747588e-05
1.568602603826935e-06
1.719854885883754e-05
1.579254093191397e-05
1.676863649910359e-05
3.917301208002317e-06
-1.4835486668858e-05
1.527213504899304e-05
1.549279457755206e-05
-5.702399136239965e-06
-1.323556649405185e-05
-1.367078518385979e-05
-1.372938398098718e-05
-5.476533723683725e-06
-1.216728234025771e-05
1.373613574206988e-05
-1.249586823169998e-05
-4.891235111062877e-06
1.19064935683036e-05
-1.20171279829082e-05
-1.190348827591101e-05
3.404701387696952e-06
-1.200960368966353e-05
-1.236852043013582e-05

-0.000580478195122344
-0.0003451609622457225
-0.0001060283621295358
0.0001062015728869358
0.000116661598634552
-6.151330315361135e-05
8.269259030977545e-05
-6.533077940034727e-05
-4.985431920947827e-05
-3.345067743607536e-05
4.269847980155103e-05
-6.38092980609704e-06
4.46203970522102e-05
-2.153488744499212e-05
4.469503414739387e-05
3.226014483796495e-05
-2.524859580890292e-05
-3.211869423839802e-05
2.359547201049741e-05
3.767830548656728e-06
-2.063930146579567e-05
-2.521172570025149e-05
1.95914326802129e-05
1.827218308309406e-05
2.093462309279276e-05
1.671597143785659e-05
-2.967511224149767e-07
1.941097823945457e-05
-1.694845121039776e-05
-1.574684773338502e-05
1.671592290856194e-05
1.451138961391939e-05
2.01458216985487e-06
-1.455181926828792e-05
-1.54830015860989e-05
-1.259296228473235e-05
2.603315220809439e-06
1.383791556728857e-05
1.314815564446863e-05
1.162694639961801e-05
-1.305289231380693e-05
1.09827748596354e-06
1.204178735699077e-05
1.105735264583497e-05
1.17407786346492e-05
2.742749318400863e-06
-1.038725867340364e-05
1.069298370791493e-05
1.084748134273966e-05
-3.992608817577221e-06
-9.267053783365846e-06
-9.571777801623954e-06
-9.612806510507898e-06
-3.834466215451598e-06
-8.519080758293842e-06
9.617533843727062e-06
-8.749144437836509e-06
-3.42466179000847e-06
8.336486112508865e-06
-8.413948234799914e-06
-8.334381918004023e-06
2.383845896604527e-06
-8.408680003158484e-06
-8.659980220587734e-06

-3.818596777574344e-05
-2.270594398291734e-05
-6.974931450778047e-06
6.986325884600945e-06
7.674424437687682e-06
-4.046568900905522e-06
5.439819471985563e-06
-4.297696378494716e-06
-3.279598515194022e-06
-2.200507273841192e-06
2.808861362038359e-06
-4.197607799990473e-07
2.935292071793041e-06
-1.416643251976061e-06
2.940201971450585e-06
2.122189707727006e-06
-1.66094450067346e-06
-2.112884572594098e-06
1.552196002239451e-06
2.478616029443925e-07
-1.357728347631611e-06
-1.658519050774359e-06
1.288795726184827e-06
1.20201068752396e-06
1.377155678790757e-06
1.099637423138977e-06
-1.952136857744318e-08
1.276924776481213e-06
-1.114930788470711e-06
-1.035884939651543e-06
1.099634230714729e-06
9.546120092682659e-07
1.325265452973122e-07
-9.572716190474664e-07
-1.018528180065649e-06
-8.28410879259652e-07
1.712555475269229e-07
9.103084360060958e-07
8.649335185620813e-07
7.648628394389353e-07
-8.586667500489719e-07
7.224868916788446e-08
7.921525870270461e-07
7.273928898173251e-07
7.723511380301023e-07
1.804280298048051e-07
-6.833116701343846e-07
7.034233753039717e-07
7.135867918646066e-07
-2.626483353432173e-07
-6.096205165398473e-07
-6.296663712165356e-07
-6.323653889674993e-07
-2.522451395634494e-07
-5.604161294117234e-07
6.326763701538262e-07
-5.755505553516623e-07
-2.252867133602186e-07
5.484043892386895e-07
-5.535001294852925e-07
-5.482659676616619e-07
1.568180568287634e-07
-5.531535660377607e-07
-5.696850087130286e-07

-0.0005850741405249635
-0.0003478937796898893
-0.0001068678433839892
0.0001070424255403593
0.0001175852687092484
-6.200033571603272e-05
8.334731021730429e-05
-6.584803689206614e-05
-5.0249041579911e-05
-3.371552371014011e-05
4.303654569891877e-05
-6.431450919983723e-06
4.497367976015724e-05
-2.170539026106751e-05
4.504890779577398e-05
3.251556505112163e-05
-2.54485019704028e-05
-3.23729945141874e-05
2.378228953785833e-05
3.797662407340551e-06
-2.080271346554072e-05
-2.541133994207546e-05
1.974654816207742e-05
1.841685338515519e-05
2.110037330625269e-05
1.68483204093076e-05
-2.99100654177041e-07
1.956466497039313e-05
-1.708264084416249e-05
-1.587152365238809e-05
1.68482714957705e-05
1.46262837734901e-05
2.030532656434678e-06
-1.466703353028392e-05
-1.560558849900835e-05
-1.269266726520758e-05
2.62392701074363e-06
1.394747748531606e-05
1.32522563772585e-05
1.171900293385587e-05
-1.315623879765462e-05
1.106973115540273e-06
1.213712840115937e-05
1.11448994124106e-05
1.183373643744421e-05
2.764465080035441e-06
-1.046949996022966e-05
1.077764557759252e-05
1.093336644991891e-05
-4.02422036180306e-06
-9.340425830045106e-06
-9.647562505595003e-06
-9.688916059941351e-06
-3.864825663094405e-06
-8.586530716571776e-06
9.693680821890103e-06
-8.818415928978858e-06
-3.45177660455471e-06
8.402490374749167e-06
-8.480565804641485e-06
-8.400369520256141e-06
2.402720034652306e-06
-8.475255861693963e-06
-8.7285457526126e-06

0.0004258486917639178
0.0002532159613494703
7.778421253736213e-05
-7.791128289946412e-05
-8.558493596318948e-05
4.512720700646346e-05
-6.06646928306113e-05
4.792777260766834e-05
3.657397778680975e-05
2.453998676341277e-05
-3.13243321051228e-05
4.681158798031241e-06
-3.273428333798551e-05
1.579836025329587e-05
-3.27890383824034e-05
-2.366659176999479e-05
1.852279996809013e-05
2.356282120070607e-05
-1.731004019039436e-05
-2.764144671435763e-06
1.514134312361194e-05
1.849575142834207e-05
-1.437260873319315e-05
-1.340478475674787e-05
-1.535799609966948e-05
-1.226312138541158e-05
2.177016782398702e-07
-1.424022428160408e-05
1.243367250658411e-05
1.155215572782943e-05
-1.22630857834877e-05
-1.064580260669137e-05
-1.477931796046604e-06
1.06754624898042e-05
1.135859369984388e-05
9.238411639648797e-06
-1.909836390661095e-06
-1.015173057417823e-05
-9.645710945473819e-06
-8.529725931284811e-06
9.575824143395256e-06
-8.05715071679016e-07
-8.834060323990541e-06
-8.111862251093863e-06
-8.613235197923732e-06
-2.012127619764144e-06
7.620269898590569e-06
-7.844554991603265e-06
-7.957897088214806e-06
2.929045838371725e-06
6.798468509775033e-06
7.022019240214678e-06
7.05211859993411e-06
2.813029731663936e-06
6.249742757664144e-06
-7.055586652103401e-06
6.418521391863483e-06
2.512390224582277e-06
-6.115788215209681e-06
6.172615747611474e-06
6.114244542283112e-06
-1.748829956001153e-06
6.168750883142225e-06
6.353109003273479e-06

-7.235289607161429e-05
-4.302210735771737e-05
-1.321575750872692e-05
1.323734712229322e-05
1.454112246166697e-05
-7.667239988542954e-06
1.030710273508283e-05
-8.143063997872112e-06
-6.214022174820958e-06
-4.169413094941612e-06
5.32209253933762e-06
-7.953421075619003e-07
5.561647237964836e-06
-2.684186049230257e-06
5.570950274716252e-06
4.021020817568654e-06
-3.147076055346508e-06
-4.003389904606217e-06
2.94102474216583e-06
4.696359904547682e-07
-2.572556982332792e-06
-3.142480432015898e-06
2.441946837147055e-06
2.277510808724285e-06
2.609366935163777e-06
2.083538975875478e-06
-3.698813030320668e-08
2.419454344739489e-06
-2.112516093301969e-06
-1.962743901642229e-06
2.083532927016019e-06
1.808751945233625e-06
2.511047884112015e-07
-1.81379124319361e-06
-1.929857166132444e-06
-1.569632243004532e-06
3.244865994907332e-07
1.724807710784636e-06
1.638833545988171e-06
1.449224538588284e-06
-1.626959580831028e-06
1.368932674260211e-07
1.500931811874307e-06
1.378228318546049e-06
1.463412998955624e-06
3.418661683641947e-07
-1.294705388736266e-06
1.332812059814721e-06
1.352069202301117e-06
-4.976531646871773e-07
-1.155079010570422e-06
-1.193060911371875e-06
-1.198174877638152e-06
-4.779417003241932e-07
-1.061848954728165e-06
1.198764109506112e-06
-1.090524921604972e-06
-4.26862198537785e-07
1.039089699448103e-06
-1.048744857776543e-06
-1.038827425051099e-06
2.971311512771182e-07
-1.048088206381366e-06
-1.07941117194427e-06

-0.0002234903185081645
-0.0001328906650362653
-4.082205433770745e-05
4.088874233338256e-05
4.491596420931208e-05
-2.368328014688649e-05
3.183753240318266e-05
-2.515304936379185e-05
-1.919444653173867e-05
-1.287886886584445e-05
1.643937176423544e-05
-2.456726276235321e-06
1.717933047774171e-05
-8.291162173777195e-06
1.720806655835548e-05
1.242050107221177e-05
-9.72097964508223e-06
-1.236604107733735e-05
9.084509287808736e-06
1.450655091743914e-06
-7.946351985509749e-06
-9.706784258598118e-06
7.542911286776193e-06
7.034986070761169e-06
8.060053973012949e-06
6.435827929800783e-06
-1.14252358526378e-07
7.473434395511238e-06
-6.525335130662111e-06
-6.062704930164213e-06
6.435809245487041e-06
5.587040329947338e-06
7.756356992975382e-07
-5.602606179618831e-06
-5.96112133927212e-06
-4.848425273528724e-06
1.002304225658164e-06
5.327745613194353e-06
5.062180659769522e-06
4.476498817611131e-06
-5.025503257777863e-06
4.228485879577898e-07
4.636217026634885e-06
4.257199125527672e-06
4.520325446571057e-06
1.055987845721056e-06
-3.999205773522792e-06
4.116913184257307e-06
4.176396427402724e-06
-1.537197131283021e-06
-3.567914900292351e-06
-3.685236909057815e-06
-3.701033401152682e-06
-1.476310536723045e-06
-3.279937279401782e-06
3.702853475030913e-06
-3.368514258604421e-06
-1.318531446421483e-06
3.209636386287981e-06
-3.239460132529958e-06
-3.208826248891045e-06
9.178061866615483e-07
-3.237431806961113e-06
-3.334185080558095e-06

0.0002674053452339252
0.0001590031926197511
4.884343807923614e-05
-4.892323002109664e-05
-5.374178620404228e-05
2.833695770913502e-05
-3.809349058391865e-05
3.009553117883322e-05
2.296608477567485e-05
1.54095192950418e-05
-1.966964793550178e-05
2.939463966173031e-06
-2.055500581842455e-05
9.920345088211719e-06
-2.058938843328496e-05
-1.486108391350795e-05
1.163111644102806e-05
1.479592272964389e-05
-1.086958199625294e-05
-1.735703489143313e-06
9.507780964414633e-06
1.16141317132353e-05
-9.025065650172645e-06
-8.417334994774183e-06
-9.64382497483172e-06
-7.700444479769406e-06
1.367025273380344e-07
-8.941936804961475e-06
7.807539516856986e-06
7.254004181156171e-06
-7.700422124070808e-06
-6.684873234065133e-06
-9.280452653663877e-07
6.703497716038995e-06
7.132459787764327e-06
5.801123031940976e-06
-1.199253324624418e-06
-6.374628057835515e-06
-6.056880566467256e-06
-5.35611439348956e-06
6.012996189695553e-06
-5.059367824050738e-07
-5.547216643941815e-06
-5.093723117378847e-06
-5.408552794049849e-06
-1.263485578854342e-06
4.785035019286688e-06
-4.925871503905417e-06
-4.997042985845823e-06
1.83925072159121e-06
4.268997073556844e-06
4.409372426132286e-06
4.428272870896791e-06
1.766400134829972e-06
3.924432907879623e-06
-4.430450582619258e-06
4.030414938163167e-06
1.577618032789989e-06
-3.840318147488449e-06
3.876002150315813e-06
3.839348821059029e-06
-1.09815173131813e-06
3.873575266218432e-06
3.989340202717634e-06

0.0001728400370907205
0.0001027732549096492
3.15704296855105e-05
-3.162200398063844e-05
-3.473652448003598e-05
1.831586731068183e-05
-2.46220969130821e-05
1.945253832026241e-05
1.484435152550923e-05
9.960092174558147e-06
-1.27136676185534e-05
1.899951029383017e-06
-1.328592726875397e-05
6.412111214514776e-06
-1.33081508051827e-05
-9.605605649230244e-06
7.517884862447986e-06
9.563488086381441e-06
-7.025659691830854e-06
-1.121888775929258e-06
6.145446393744251e-06
7.50690661898768e-06
-5.83343867099958e-06
-5.440626070606123e-06
-6.233379758679818e-06
-4.97725693677804e-06
8.835900372434188e-08
-5.77970753605338e-06
5.04647885216368e-06
4.688695922024224e-06
-4.97724248694791e-06
-4.320832617278776e-06
-5.998510536406586e-07
4.332870731740337e-06
4.610134525115048e-06
3.749612107152963e-06
-7.751490118030825e-07
-4.120302640140594e-06
-3.914923468883347e-06
-3.461976459823117e-06
3.886558376546087e-06
-3.270171438043315e-07
-3.585497251933714e-06
-3.292377314916221e-06
-3.495870528365379e-06
-8.16666151985178e-07
3.092853770328456e-06
-3.183884797412803e-06
-3.229887174696848e-06
1.18881753339731e-06
2.759307641690428e-06
2.850040611610413e-06
2.862257097307078e-06
1.141729850438432e-06
2.536595253037918e-06
-2.863664682384626e-06
2.605097765689082e-06
1.019708708753779e-06
-2.482226862252597e-06
2.505291563403723e-06
2.481600328721888e-06
-7.098010169021204e-07
2.503722923342133e-06
2.578548712259614e-06

4.944640846321212e-05
2.94015693753241e-05
9.031728920331594e-06
-9.046483393363987e-06
-9.937491376050753e-06
5.23983835946198e-06
-7.043936588270949e-06
5.565019376402953e-06
4.2467004824637e-06
2.849402223480826e-06
-3.637150354238207e-06
5.435416251936288e-07
-3.800863489733259e-06
1.834389042955535e-06
-3.807221241559021e-06
-2.747990040162102e-06
2.150730883565412e-06
2.735940967213951e-06
-2.009914165099733e-06
-3.209520872505315e-07
1.758101060886255e-06
2.147590206671064e-06
-1.668841294676283e-06
-1.556464714484576e-06
-1.783257206151119e-06
-1.423903186230832e-06
2.527791282087596e-08
-1.653469788798696e-06
1.443706324208838e-06
1.341351099098785e-06
-1.423899052393273e-06
-1.236112061134701e-06
-1.716065369730174e-07
1.239555947946587e-06
1.31887610437864e-06
1.072696204821806e-06
-2.217561121978332e-07
-1.17874406165193e-06
-1.119988795435403e-06
-9.904088485701715e-07
1.111874055555753e-06
-9.355369010091697e-08
-1.025745913081614e-06
-9.418896007427105e-07
-1.000105328544125e-06
-2.336334150859056e-07
8.848095234098677e-07
-9.108518537833909e-07
-9.240123018837955e-07
3.400991942247074e-07
7.893880088382536e-07
8.153450704484911e-07
8.188399860491632e-07
3.266282598035231e-07
7.256740226309427e-07
-8.192426706787314e-07
7.452713524992545e-07
2.917202181579212e-07
-7.101202093827904e-07
7.1671860321562e-07
7.099409694731531e-07
-2.030612328030776e-07
7.162698436650092e-07
7.376761485041193e-07

4.131948951132403e-05
2.456918257922726e-05
7.54729089510964e-06
-7.559620350631521e-06
-8.304183932475477e-06
4.378628354674232e-06
-5.886208382407215e-06
4.650363229568792e-06
3.54872075637864e-06
2.381079818418335e-06
-3.039355143958942e-06
4.542061431562868e-07
-3.176160695548805e-06
1.532892300479346e-06
-3.181473499239032e-06
-2.296335551340145e-06
1.797240789500043e-06
2.286266841434659e-06
-1.679568442765306e-06
-2.68201004174435e-07
1.469142868049567e-06
1.794616308376417e-06
-1.394553669602715e-06
-1.300647093356588e-06
-1.49016439646742e-06
-1.189873129248999e-06
2.112328248145256e-08
-1.381708595597716e-06
1.206421460605198e-06
1.120889148316628e-06
-1.189869674834639e-06
-1.032947001249213e-06
-1.43401608425342e-07
1.035824857276933e-06
1.102108101573573e-06
8.963898685658685e-07
-1.853086935277075e-07
-9.850078985603307e-07
-9.359095376918328e-07
-8.276271078483836e-07
9.291285212416942e-07
-7.81773810674035e-08
-8.571562387226831e-07
-7.870823925922367e-07
-8.357298925697515e-07
-1.952338651901638e-07
7.393838897098301e-07
-7.611459515095582e-07
-7.721433730450582e-07
2.842011285592735e-07
6.596456763011085e-07
6.813364839510872e-07
6.842569817823091e-07
2.729442516533684e-07
6.064036013620834e-07
-6.845934819152768e-07
6.22779950848552e-07
2.437736302595845e-07
-5.934061836833258e-07
5.989200778851975e-07
5.932564033144252e-07
-1.696864694453405e-07
5.98545075616669e-07
6.164330803372102e-07

-0.0004436887933447643
-0.0002638239509000499
-8.104283063312345e-05
8.117522436058882e-05
8.917035017458788e-05
-4.701772345659768e-05
6.320612198937035e-05
-4.99356132994372e-05
-3.810617335662103e-05
-2.556804171606768e-05
3.263660399303063e-05
-4.877266829094003e-06
3.410562238684822e-05
-1.646020178804487e-05
3.416267128721711e-05
2.465805754037269e-05
-1.929877659871666e-05
-2.454993970518743e-05
1.803521061204003e-05
2.879943129141819e-06
-1.577566020528307e-05
-1.927059491307197e-05
1.497472118472338e-05
1.396635210766942e-05
1.600138943583051e-05
1.277686097283696e-05
-2.268218660652373e-07
1.483679074435946e-05
-1.295455700107729e-05
-1.203611079367021e-05
1.277682387943784e-05
1.109178777368884e-05
1.539846870299459e-06
-1.112269019984106e-05
-1.183443986149478e-05
-9.625436903043854e-06
1.989845266749622e-06
1.057701755560629e-05
1.00497992200517e-05
8.887062187125768e-06
-9.976984646505421e-06
8.394689354384321e-07
9.204146076509841e-06
8.451692921862915e-06
8.974069911855418e-06
2.096421787679279e-06
-7.939506265150885e-06
8.173187345328474e-06
8.291277688341765e-06
-3.051752509312782e-06
-7.083277107649371e-06
-7.316193060564621e-06
-7.347553374339047e-06
-2.93087613376201e-06
-6.511563558823791e-06
7.351166713800284e-06
-6.687412845198944e-06
-2.617641920041795e-06
6.371997251693688e-06
-6.431205462893142e-06
-6.370388909596495e-06
1.822093781078516e-06
-6.427178687453339e-06
-6.619260131981819e-06

-0.0003621704195382187
-0.0002153519142581735
-6.615293514563743e-05
6.626100434307601e-05
7.278719592998956e-05
-3.837921733756314e-05
5.159334213901504e-05
-4.076100701626785e-05
-3.110497492516103e-05
-2.087045815442018e-05
2.664032253633825e-05
-3.981172840489657e-06
2.783944006190992e-05
-1.343598999272245e-05
2.788600744085452e-05
2.012766420599022e-05
-1.575303708855056e-05
-2.003941072219634e-05
1.472162446246375e-05
2.35081486612535e-06
-1.287721835833001e-05
-1.573003318792138e-05
1.222343483832048e-05
1.140033212046063e-05
1.306147464641598e-05
1.042938466854841e-05
-1.851481750847992e-07
1.211084618113136e-05
-1.057443283308166e-05
-9.824731571183369e-06
1.042935439027565e-05
9.053907810346972e-06
1.256932776771371e-06
-9.079132573318679e-06
-9.660113381113152e-06
-7.856967707334825e-06
1.624253544117486e-06
8.633715665206178e-06
8.203362479284103e-06
7.254253632401889e-06
-8.14392603408842e-06
6.852343829673787e-07
7.513080104844938e-06
6.898874204702617e-06
7.325275539280477e-06
1.711248897339947e-06
-6.480790946513176e-06
6.671538101086687e-06
6.767931856602554e-06
-2.491057928900208e-06
-5.781875675615925e-06
-5.971998278780082e-06
-5.997596802263559e-06
-2.392390015032201e-06
-5.315202324972158e-06
6.000546267494928e-06
-5.458743047156824e-06
-2.136705922264985e-06
5.201278356724013e-06
-5.249608319097581e-06
-5.199965513257545e-06
1.487322824081986e-06
-5.246321377952058e-06
-5.403111944662227e-06

