-0.1437451969363878
-0.08547188622199682
-0.02625654027908906
0.02629820256148082
0.02888963371801838
-0.0152320201019446
0.02047789861721999
-0.01617732728840299
-0.01234603139406883
-0.008282882438734139
0.01057399647565897
-0.001580005873509803
0.01104891441502494
-0.005333172196246544
0.01106740975062306
0.007989064998509777
-0.006251913818560955
-0.007953994378416209
0.005842572297632005
0.0009331209490226492
-0.005111312918473169
-0.00624283902516366
0.004851807219730182
0.004524414104839963
0.005184395314136364
0.004139074453357635
-7.348106147594343e-05
0.004807070006318564
-0.004196667253890074
-0.00389969402586118
0.004139105715103188
0.003593732168297411
0.0004989341036640352
-0.003603226279660632
-0.003834319315176089
-0.003118169670904907
0.0006447234314524377
0.00342692227767432
0.003255668922909634
0.002879409161749258
-0.003232095775052206
0.000272022537380438
0.002982116965359942
0.002737948674575326
0.002907569473647274
0.0006791246875060923
-0.00257203639488401
0.002648091182611349
0.002686002216534619
-0.0009887414116610798
-0.002294971134068778
-0.002370109310813541
-0.002380584063395868
-0.0009494357116927621
-0.002109470474164971
0.00238174720263797
-0.00216641848619287
-0.0008481094079163564
0.002064500892006503
-0.002083420571541548
-0.002063979236062777
0.0005903529423311167
-0.002082124443027955
-0.002144603584052413

-0.08555978766471159
-0.05087444027568724
-0.01562837617512924
0.01565317433263732
0.01719564186705837
-0.009066378796677
0.01218882226920934
-0.009629043037807938
-0.007348585184707292
-0.00493012412111596
0.006293837376878051
-0.0009404485849104519
0.006576517277968376
-0.003174402278582455
0.006587526042221966
0.004755238571304886
-0.003721254206855673
-0.00473436389255606
0.003477606597336857
0.0005554107682586628
-0.003042347551871572
-0.003715852722749994
0.002887884982303608
0.002693014572784627
0.003085847539270602
0.00246365331785759
-4.373728062753117e-05
0.002861256569237135
-0.00249793361305608
-0.002321169680250351
0.002463671925420936
0.002139055549658523
0.0002969747642218163
-0.002144706619535066
-0.002282257448858134
-0.001855991995777047
0.000383751256203838
0.002039767231674275
0.001937834082027071
0.001713877344980922
-0.001923802910422926
0.0001619128223715211
0.001775010920613464
0.001629677458628583
0.001730638881077075
0.000404227517157896
-0.001530923415201481
0.00157619262507522
0.001598757970434751
-0.0005885170916317871
-0.00136600907100178
-0.001410732697143965
-0.0014169674627289
-0.0005651216153666268
-0.001255595663031856
0.001417659784619078
-0.001289492168241914
-0.0005048103338714237
0.001228828939807464
-0.001240090281391684
-0.001228518440586514
0.000351388940080442
-0.001239318801836993
-0.001276507536859531

-0.02580823303109806
-0.01534575348765969
-0.004714139495130984
0.004721619605181123
0.005186889127914736
-0.002734780241035019
0.00367663331203082
-0.002904502142526441
-0.002216625403969367
-0.00148712141138931
0.001898471538039907
-0.0002836766768078177
0.001983739032968867
-0.0009575259123029948
0.001987059713872801
0.001434368977720122
-0.001122478191680141
-0.001428072344824742
0.001048984387458846
0.0001675339657383466
-0.0009176929574439011
-0.001120848889361188
0.0008711009064488013
0.0008123202446795926
0.0009308142828035637
0.000743135772897885
-1.319290242988381e-05
0.0008630687185666259
-0.0007534760725985157
-0.0007001570439536552
0.0007431413856776809
0.0006452241829816689
8.957939387865905e-05
-0.0006469287702911315
-0.0006884195681730767
-0.0005598409631237913
0.0001157546332967803
0.0006152748794859608
0.0005845277896264142
0.0005169735352696999
-0.0005802954305201937
4.883934339412173e-05
0.0005354138517900444
0.0004915755025312013
0.0005220294808413802
0.0001219310875487273
-0.0004617873574808594
0.0004754423506665959
0.0004822489558178534
-0.0001775201488709549
-0.0004120426357901874
-0.0004255330592350134
-0.0004274137123728336
-0.0001704631432403091
-0.000378737562923549
0.000427622544174871
-0.0003889620963082767
-0.0001522708633186706
0.0003706636551996867
-0.0003740605234688043
-0.0003705699962924054
0.0001059928723254901
-0.0003738278145684059
-0.0003850454153334438

0.02578236055204339
0.01533036953305925
0.004709413620437334
-0.004716886231757254
-0.00518168932673904
0.002732038652937867
-0.003672947526248272
0.002901590410027004
0.002214403260583367
0.001485630587994158
-0.001896568340520224
0.0002833922939574321
-0.001981750355689846
0.0009565660027616933
-0.001985067707648286
-0.001432931038080083
0.001121352919234371
0.001426640717491658
-0.001047932791769316
-0.0001673660147199461
0.0009167729800166901
0.001119725250273761
-0.0008702276370567592
-0.0008115059022765279
-0.0009298811513868057
-0.0007423907871906227
1.317967668554637e-05
-0.0008622035013577079
0.0007527207208510669
0.0006994551439652539
-0.0007423963943442794
-0.0006445773526019331
-8.948959148924285e-05
0.0006462802310808637
0.0006877294348795618
0.0005592797285140277
-0.0001156385905083317
-0.0006146580729647006
-0.0005839418067354709
-0.0005164552748004269
0.0005797136905243791
-4.87903824719401e-05
-0.0005348771050995133
-0.0004910827033197127
-0.0005215061518402075
-0.0001218088529305802
0.0004613244205673898
-0.0004749657247677973
-0.0004817655063699547
0.0001773421868102822
0.0004116295674310172
0.0004251064668701415
0.000426985234672856
0.0001702922557525874
0.0003783578825455282
-0.000427193857123626
0.0003885721659445591
0.0001521182133980365
-0.0003702920688285452
0.0003736855317734776
0.0003701985038131184
-0.0001058866155985875
0.0003734530561612902
0.0003846594114010146

0.0279326383150495
0.01660893953208008
0.005102183993979892
-0.005110279829458811
-0.005613848023441354
0.002959893738247422
-0.003979275466020915
0.003143586301886092
0.002399086974083377
0.001609533843902348
-0.002054744265506243
0.0003070275288566793
-0.002147030556199171
0.001036344679366849
-0.002150624579029902
-0.001552439092468379
0.001214875009340834
0.001545624152093517
-0.001135331560967258
-0.0001813245279060817
0.00099323287393041
0.001213111590964665
-0.0009428055972065773
-0.0008791864039392509
-0.001007434281482318
-0.0008043070108011848
1.427887649090488e-05
-0.0009341122395981365
0.0008154984725056112
0.0007577904868153709
-0.0008043130855979779
-0.0006983358261538324
-9.695312370585447e-05
0.0007001807266061499
0.0007450868404511538
0.0006059242846280644
-0.0001252829785469519
-0.0006659212450656972
-0.0006326432078108247
-0.0005595282234839042
0.0006280624619694597
-5.285955504696111e-05
-0.0005794864550739716
-0.0005320395511081324
-0.0005650003493285538
-0.0001319678477698791
0.0004997993942251354
-0.0005145783984831585
-0.0005219452894909667
0.0001921327239285793
0.0004459599346467208
0.0004605608226019926
0.0004625962817449309
0.0001844948207200333
0.0004099133539558102
-0.0004628223035420111
0.000420979520037118
0.000164805042866457
-0.0004011748423361288
0.0004048513238934771
0.0004010734738934005
-0.0001147176780011956
0.0004045994595546941
0.0004167404373798153

-0.01452971365348898
-0.008639468021864279
-0.002654001802615959
0.002658213011380057
0.002920153955916063
-0.001539647203262317
0.002069898747749002
-0.001635198519247511
-0.001247932485650041
-0.0008372308266676952
0.001068815822988886
-0.0001597064347345419
0.001116820360291694
-0.0005390751588761012
0.001118689862268817
0.0008075318637510862
-0.0006319412370366714
-0.0008039869378804875
0.0005905651409139849
9.431953541639545e-05
-0.0005166497015667291
-0.0006310239601302712
0.0004904189573437632
0.0004573261771122161
0.0005240368442665914
0.0004183761814634123
-7.427439698551932e-06
0.000485896935638672
-0.0004241976413659194
-0.0003941796925368576
0.0004183793413886459
0.0003632531762144116
5.043208269011621e-05
-0.0003642128376322838
-0.0003875716399089303
-0.0003151834872182679
6.51684163670214e-05
0.0003463920914827646
0.0003290818629676878
0.0002910496594188376
-0.0003266990975215761
2.749594184483806e-05
0.0003014313278730127
0.0002767508834194147
0.0002938960937839734
6.864568315882124e-05
-0.0002599805288846185
0.0002676681199213551
0.0002715001538185278
-9.994163210294199e-05
-0.0002319748703387145
-0.0002395698106619174
-0.0002406285949474897
-9.5968625855593e-05
-0.0002132245292604413
0.0002407461646504253
-0.0002189808141693464
-8.572659891609696e-05
0.0002086790198041571
-0.0002105914143183515
-0.000208626291006183
5.967266656128265e-05
-0.0002104604021067287
-0.0002167757715782689

0.02015963554319881
0.01198705843498435
0.003682365003722135
-0.003688207956716571
-0.00405164484897594
0.002136224238350099
-0.002871935769767481
0.002268799439202077
0.001731476937067355
0.001161638056582324
-0.001482956785530956
0.0002215889173685618
-0.001549561950607616
0.0007479540886015904
-0.001552155840579032
-0.001120431444899261
0.0008768035852044762
0.001115512943730193
-0.0008193952261736824
-0.0001308661343192714
0.0007168392946673499
0.0008755308850971299
-0.0006804447547489197
-0.0006345293014587458
-0.0007270887812078071
-0.0005804870997041984
1.030539767766567e-05
-0.0006741705561193764
0.0005885642382334758
0.0005469150411069558
-0.0005804914840265712
-0.0005040052279785961
-6.9973327139374e-05
0.0005053367355974556
0.0005377465236943464
0.0004373096664590324
-9.041964309945826e-05
-0.0004806108699644314
-0.0004565933355272907
-0.0004038245486997478
0.0004532873045810956
-3.814997182518895e-05
-0.0004182288692084691
-0.0003839853337136012
-0.0004077739093520331
-9.524426888911908e-05
0.0003607168617101941
-0.0003713832132439103
-0.0003767000700381323
0.000138666661080693
0.000321859669965401
0.0003323974708156861
0.0003338665090791847
0.0001331542084701423
0.0002958440132591227
-0.0003340296342735009
0.0003038307230193507
0.000118943637274642
-0.0002895372259282356
0.0002921906282829096
0.0002894640659625876
-8.27944196599577e-05
0.0002920088519244025
0.0003007712783494989

-0.01526674622759316
-0.009077712677398025
-0.002788628391061082
0.002793053217114321
0.003068281347702035
-0.001617747169200805
0.002174896192197458
-0.001718145410187836
-0.001311234964565953
-0.0008797001007364747
0.001123032450793929
-0.0001678076848693151
0.001173472060701744
-0.0005664202230293269
0.001175436394820793
0.0008484946316630747
-0.0006639970151285795
-0.0008447698862924246
0.0006205220799399161
9.910397725977892e-05
-0.0005428572145664235
-0.0006630332085398648
0.000515295892646088
0.0004805244518724704
0.0005506190766122571
0.0004395986832495697
-7.804203145551049e-06
0.0005105444873910468
-0.0004457154418539486
-0.0004141748060248226
0.0004396020034650001
0.0003816795148127444
5.29902946830597e-05
-0.0003826878559047039
-0.0004072315540835603
-0.0003311714483328992
6.847414191746517e-05
0.0003639631366473724
0.000345774831482935
0.00030581341077622
-0.0003432711981523821
2.889069781034459e-05
0.0003167216985435346
0.0002907893167195532
0.0003088042330415348
7.212779614233142e-05
-0.0002731682711200527
0.0002812458220107391
0.0002852722392161426
-0.0001050112597725349
-0.0002437420007783486
-0.0002517222011659654
-0.0002528346932207136
-0.0001008367192697997
-0.0002240405320674116
0.0002529582267508013
-0.0002300888096188275
-9.007515645649855e-05
0.0002192644476243906
-0.0002212738500415083
-0.0002192090441114405
6.26996153428002e-05
-0.0002211361921195499
-0.0002277719142923955

-0.01221854205532621
-0.00726522943798354
-0.002231842513453754
0.00223538386551509
0.002455659125106016
-0.0012947429352062
0.00174064991938514
-0.001375095363385434
-0.001049429873275909
-0.0007040565498819891
0.0008988044357951402
-0.000134302701061253
0.0009391731224637238
-0.0004533270687084672
0.0009407452517629488
0.0006790816580127486
-0.0005314213869156913
-0.0006761006064330832
0.0004966267871997244
7.931658101514162e-05
-0.000434468720926807
-0.0005306500168305991
0.0004124103749004591
0.000384581503896603
0.0004406808264022636
0.0003518270965323088
-6.245992624798182e-06
0.0004086076494169095
-0.0003567225648354911
-0.0003314794266065403
0.0003518297538236235
0.0003054722423411085
4.241009409973946e-05
-0.0003062792550375041
-0.0003259224850958346
-0.000265048767344095
5.480239012609955e-05
0.0002912931691807659
0.000276736395376144
0.0002447537913414562
-0.0002747326449579005
2.312229475363151e-05
0.0002534840977766991
0.0002327294527995721
0.0002471474570959846
5.772654483049026e-05
-0.0002186266778200467
0.0002250914407623889
0.0002283139314766954
-8.404439784912707e-05
-0.0001950757445470314
-0.0002014625942786877
-0.0002023529628454032
-8.070335857761273e-05
-0.0001793079299513634
0.0002024518313017339
-0.000184148590333264
-7.209048155358566e-05
0.0001754854528002894
-0.0001770936519262474
-0.0001754411113183129
5.018082278291713e-05
-0.0001769834791963763
-0.0001822942932511469

-0.0087003025999671
-0.005173259975079668
-0.0015891998517166
0.001591721497458563
0.001748570113689205
-0.0009219312152346918
0.001239442557932513
-0.0009791467518050234
-0.0007472542479786479
-0.0005013286367331823
0.0006400002990700046
-9.563122457119936e-05
0.0006687451188689022
-0.0003227948683779349
0.0006698645650814802
0.0004835450815690144
-0.0003784025011597621
-0.000481422401899907
0.0003536267509104433
5.64779539900792e-05
-0.0003093666433497831
-0.0003778532414259564
0.0002936598360715804
0.0002738440841059558
0.0003137900186735586
0.000250521067803351
-4.447504917268374e-06
0.0002909520774648474
-0.0002540069219594701
-0.0002360323600051299
0.0002505229599470513
0.0002175137534596132
3.019841895129956e-05
-0.0002180883927765773
-0.0002320754989939344
-0.0001887299212295896
3.902244434234792e-05
0.0002074174402887712
0.0001970521826004116
0.0001742787345264035
-0.0001956253974000872
1.646439978283437e-05
0.000180495213336513
0.000165716715964285
0.0001759831618053651
4.110461017376604e-05
-0.0001556747314735358
0.0001602780134018811
0.0001625726115800864
-5.984443068644787e-05
-0.0001389051164851473
-0.0001434529197397077
-0.0001440869132162901
-5.746541913755011e-05
-0.0001276775283080032
0.0001441573132266529
-0.0001311243560813283
-5.13325568020956e-05
0.0001249557053813437
-0.0001261008353791381
-0.0001249241317034776
3.573162337616653e-05
-0.0001260223860777474
-0.0001298039902265419

0.01065619723898713
0.00633624842694815
0.001946464146215669
-0.001949552677227342
-0.002141662063309466
0.001129188411257896
-0.001518078734844517
0.001199266438524326
0.000915242724334561
0.0006140311527325234
-0.0007838772665134217
0.0001171298560627681
-0.0008190841418895956
0.0003953616262934929
-0.0008204552481820941
-0.0005922497182065704
0.0004634702806887831
0.0005896498438951902
-0.0004331247520859837
-6.917463047491072e-05
0.0003789146334646696
0.0004627975431613195
-0.0003596768156498858
-0.0003354063309216148
-0.000384332417429093
-0.0003068401219795027
5.447338075338228e-06
-0.0003563603321762715
0.0003111096228397467
0.0002890942417344763
-0.0003068424394917284
-0.0002664125106483872
-3.698725474810407e-05
0.0002671163332835589
0.0002842478480718414
0.000231157852547347
-4.779498860890083e-05
-0.0002540464689734863
-0.0002413510219944322
-0.0002134579284267088
0.0002396034845567653
-2.016572291497483e-05
-0.0002210719192702533
-0.0002029711025361161
-0.0002155455240080125
-5.034524126147326e-05
0.0001906716030444471
-0.0001963097379957751
-0.0001991201794131824
7.329791690832008e-05
0.0001701320502088486
0.0001757022344556976
0.0001764787545199925
7.038408534811663e-05
0.0001563804142445274
-0.0001765649809917493
0.0001606021152922584
6.287250860290949e-05
-0.0001530467046841794
0.0001544492686732431
0.0001530080330017478
-4.376436589309095e-05
0.0001543531833682467
0.0001589849210838479

-0.001541068910716091
-0.0009163302107073896
-0.0002814921040107875
0.0002819387585738766
0.0003097210711295818
-0.0001633000136825447
0.0002195402252624376
-0.0001734344985013562
-0.0001323597974585896
-8.879943740392431e-05
0.0001133620988940911
-1.693898636134109e-05
0.0001184536169909521
-5.717607295612078e-05
0.0001186519024799353
8.564946834591849e-05
-6.702575267631275e-05
-8.527348192381975e-05
6.263726871152251e-05
1.000383814642259e-05
-5.479755567130389e-05
-6.692846329012499e-05
5.201543722140015e-05
4.850550880848825e-05
5.55810601659489e-05
4.437434498800598e-05
-7.877785260346899e-07
5.153581682215953e-05
-4.499178804882078e-05
-4.180798630247791e-05
4.437468014002173e-05
3.852781891874166e-05
5.348991493560037e-06
-3.862960374473586e-05
-4.110711464676217e-05
-3.342939062026071e-05
6.911975199156737e-06
3.673947717295374e-05
3.490349776976641e-05
3.086967797862834e-05
-3.465077388008577e-05
2.916309444112701e-06
3.197079166039918e-05
2.9353103070181e-05
3.117158010903357e-05
7.280785478210276e-06
-2.757438446551345e-05
2.838975549263329e-05
2.879619353020259e-05
-1.060013609305119e-05
-2.460401280243096e-05
-2.540955699209357e-05
-2.552185511334404e-05
-1.017874606734493e-05
-2.261529035475039e-05
2.553432494023616e-05
-2.32258207427539e-05
-9.092443220946105e-06
2.213317876788624e-05
-2.233601357944072e-05
-2.21275861792575e-05
6.329078015589203e-06
-2.23221179961489e-05
-2.299194671984407e-05

0.01110222093270046
0.006601457193668075
0.002027934966312563
-0.002031152770270364
-0.002231303048994779
0.001176451499092413
-0.001581619139500733
0.00124946269847156
0.0009535509436171988
0.0006397319197747353
-0.0008166870790561229
0.0001220324202583868
-0.0008533675664764637
0.000411909804687503
-0.0008547960615240763
-0.0006170388058137151
0.0004828692015122906
0.000614330111674849
-0.0004512535364385334
-7.206999018942806e-05
0.0003947744097647135
0.000482168306015379
-0.0003747313776348554
-0.0003494450322760993
-0.0004004189594280983
-0.00031968316171632
5.675340785382768e-06
-0.0003712760800818946
0.0003241313659640698
0.0003011945134015164
-0.0003196855762299736
-0.0002775634202445476
-3.853538600103094e-05
0.0002782967019413779
0.0002961452700398574
0.0002408331501147235
-4.979548624254583e-05
-0.000264679787963842
-0.0002514529628554131
-0.0002223923814547878
0.0002496322808348326
-2.100977544320728e-05
-0.0002303250620000584
-0.0002114666210443226
-0.0002245673550256392
-5.245248176806641e-05
0.0001986523161232155
-0.0002045264397411483
-0.0002074545144412271
7.636586008802868e-05
0.0001772530638078551
0.000183056392589969
0.0001838654145251624
7.333006776767654e-05
0.000162925842075947
-0.0001839552500751841
0.0001673242458116163
6.55040879450609e-05
-0.0001594525974246185
0.0001609138668558858
0.0001594123071078325
-4.559615857587516e-05
0.0001608137598232757
0.0001656393626408129

-0.004445361962832183
-0.002643242904809049
-0.0008119911337550778
0.0008132795519375127
0.0008934203130790676
-0.0004710546454519525
0.0006332849620852289
-0.0005002885447365007
-0.0003818046064906943
-0.0002561505449963366
0.0003270039119900276
-4.886214051559559e-05
0.0003416908871956003
-0.0001649298990691812
0.0003422628608199685
0.0002470641553234991
-0.0001933422505675606
-0.0002459795862122429
0.0001806832451486393
2.885703635262973e-05
-0.0001580688364703196
-0.0001930616099461145
0.0001500435473692362
0.0001399188202070127
0.0001603289307815727
0.0001280020795721711
-2.272423167077521e-06
0.0001486600360515058
-0.0001297831536548983
-0.0001205991703287082
0.0001280030463502959
0.0001111372110236632
1.542968206005681e-05
-0.0001114308191749574
-0.0001185774384143611
-9.643030267543666e-05
1.993825936318066e-05
0.0001059785667100032
0.0001006825069772343
8.904656458695369e-05
-9.995350053338463e-05
8.412375971356609e-06
9.222283324288315e-05
8.467185793686482e-05
8.991743041121975e-05
2.100212819775005e-05
-7.95409725025169e-05
8.18929889010801e-05
8.306539863557249e-05
-3.057711531341813e-05
-7.097264884430323e-05
-7.329631878214049e-05
-7.362025354802226e-05
-2.936157512653947e-05
-6.523598706231251e-05
7.365622396679617e-05
-6.699712087340483e-05
-2.622802975428012e-05
6.384528967340253e-05
-6.443038625782339e-05
-6.382915731196105e-05
1.825683619639634e-05
-6.439030310710472e-05
-6.632248868898834e-05

0.01023120625850528
0.006083545856683343
0.001868835167751686
-0.001871800521818349
-0.002056248191950067
0.001084154063705327
-0.00145753464434942
0.001151437235654242
0.0008787409691518368
0.0005895423322090497
-0.0007526146349572504
0.0001124584774034457
-0.0007864173880040434
0.0003795937945393889
-0.0007877338117682934
-0.0005686295859225656
0.000444986136242404
0.0005661333999256961
-0.0004158508494983745
-6.641580447247325e-05
0.0003638027414844358
0.0004443402288660398
-0.0003453321672624149
-0.0003220296391955429
-0.0003690044531232445
-0.0002946027091981988
5.230087071275101e-06
-0.0003421479519452235
0.0002987019336159561
0.0002775645710188043
-0.0002946049342833622
-0.0002557874338434327
-3.551212724171228e-05
0.0002564631865897652
0.0002729114614656836
0.0002219388037443672
-4.58888265310469e-05
-0.0002439145752485589
-0.0002317254487080138
-0.0002049447888649397
0.0002300476066441528
-1.936147256547623e-05
-0.0002122551181525229
-0.0001948761990784456
-0.000206949126856849
-4.833736988235099e-05
0.0001830672288280441
-0.0001884805034050422
-0.0001911788586601361
7.037464579429505e-05
0.0001633468354452004
0.0001686948693310065
0.0001694404201839978
6.75770238071388e-05
0.0001501436429002768
-0.0001695232077674257
0.0001541969738599795
6.036502413378566e-05
-0.0001469428885080499
0.0001482895153713854
0.0001469057591315214
-4.201895330791338e-05
0.0001481972621452299
0.0001526442766702722

0.007436551864887434
0.004421825065645527
0.001358362767865971
-0.001360518135352249
-0.001494583917102843
0.0007880173383829424
-0.0010594089986765
0.0008369221092563913
0.0006387128387201249
0.0004285088208808668
-0.0005470379176922823
8.174043985886456e-05
-0.0005716074474095013
0.0002759077345679075
-0.000572564289970471
-0.0004133083920683001
0.0003234381555520224
0.0004114940393751871
-0.0003022611735328518
-4.827432485756777e-05
0.000264430008278712
0.0003229686778009659
-0.0002510046721350267
-0.0002340672305299388
-0.0002682108721779812
-0.0002141319675447697
3.801488581182115e-06
-0.0002486902253574712
0.0002171114886508554
0.0002017477974819556
-0.0002141335848477438
-0.0001859190861861538
-2.581198828300261e-05
0.0001864102570431338
0.0001983656849871035
0.0001613162107355995
-3.335429175160786e-05
-0.0001772892993854265
-0.00016842963324089
-0.0001489641116916616
0.0001672100938029969
-1.407288556949057e-05
-0.0001542776242456333
-0.0001416457576029976
-0.0001504209646819998
-3.513401538979795e-05
0.0001330624080430523
-0.0001369970464554605
-0.0001389583458660413
5.115180851595929e-05
0.0001187286408916185
0.0001226158591102282
0.0001231577627183109
4.911835708511834e-05
0.0001091319009118472
-0.0001232179368700304
0.0001120780643597794
4.387631540739699e-05
-0.0001068054327082076
0.0001077842283906424
0.0001067784452223769
-3.054147455221864e-05
0.0001077171741368456
0.0001109494864687322

-0.004794383465505632
-0.002850773499231477
-0.0008757435048848388
0.000877133081455499
0.0009635659846337293
-0.000508038855415355
0.0006830064630416167
-0.0005395680142406431
-0.0004117814719514387
-0.0002762618540126871
0.0003526781760201467
-5.269848451845222e-05
0.0003685182789567402
-0.0001778791440779083
0.0003691351603065817
0.0002664620589069506
-0.0002085222524183389
-0.0002652923363379912
0.0001948693425366355
3.112270701672406e-05
-0.0001704793945512588
-0.0002082195776830913
0.0001618240108740466
0.000150904354633492
0.0001729169370700869
0.000138051987437995
-2.450839357953833e-06
0.0001603318750611267
-0.0001399729001116778
-0.0001300678489202312
0.0001380530301215131
0.0001198629968468768
1.664112240246184e-05
-0.0001201796572398076
-0.0001278873834951039
-0.0001040013957437177
2.150368447406383e-05
0.0001142993286442137
0.0001085874560391431
9.603793357782222e-05
-0.0001078012126534107
9.072862142586398e-06
9.946358261453953e-05
9.13197528301808e-05
9.697717423877341e-05
2.265108151225813e-05
-8.578602295701381e-05
8.832270470005668e-05
8.958716457822935e-05
-3.297783561996159e-05
-7.654496910867138e-05
-7.905107880742926e-05
-7.94004468675155e-05
-3.166685896102528e-05
-7.03579011882776e-05
7.943924145445194e-05
-7.22573080071713e-05
-2.828728756802419e-05
6.885801509973612e-05
-6.94890497406829e-05
-6.884061612800843e-05
1.969024667153605e-05
-6.944581951631284e-05
-7.152970800131166e-05

-0.006695529922565522
-0.00398120830423732
-0.001223007480239318
0.001224948074181477
0.001345654749749576
-0.0007094946373675383
0.0009538432300007965
-0.0007535262480775431
-0.0005750677197275862
-0.0003858096715276331
0.0004925278291919865
-7.359533973572825e-05
0.0005146491058794197
-0.0002484146585985968
0.0005155106029973562
0.0003721239032040055
-0.0002912088677580096
-0.0003704903433273604
0.0002721420852820716
4.346398605805704e-05
-0.000238080640735372
-0.0002907861715424932
0.0002259930843646225
0.0002107433894605029
0.000241484757028819
0.0001927945938012995
-3.422685810311015e-06
0.000223909262731333
-0.0001954772178296735
-0.0001816444555748925
0.0001927960499467177
0.0001673930105446953
2.323992934490922e-05
-0.0001678352382370191
-0.0001785993567411403
-0.0001452417108895289
3.003067315690749e-05
0.0001596231466616294
0.0001516463099700305
0.000134120447936258
-0.0001505482926434055
1.267058014780264e-05
0.0001389044907218479
0.0001275313378655339
0.0001354321314915497
3.163305462212006e-05
-0.0001198032839422757
0.0001233458517483899
0.0001251117157037811
-4.60547402525434e-05
-0.0001068978179939139
-0.0001103976908343617
-0.0001108855959668613
-4.422391393024424e-05
-9.82573538566259e-05
0.0001109397740107659
-0.0001009099441808673
-3.950422024072262e-05
9.616270868314977e-05
-9.704397138377689e-05
-9.613841038976185e-05
2.749814167358447e-05
-9.698359881180601e-05
-9.989382445540964e-05

0.004685723644078694
0.002786163619445886
0.0008558956696958434
-0.0008572537529278818
-0.0009417277423284531
0.0004965246718494022
-0.0006675268167342771
0.000527339254380962
0.000402448864008952
0.0002700006602762014
-0.000344685084123565
5.150412700441027e-05
-0.0003601661872493047
0.0001738476943263556
-0.0003607690876113501
-0.000260422967552275
0.000203796307805349
0.0002592797555546689
-0.0001904528272299395
-3.041734253949943e-05
0.0001666156525910575
0.0002035004928849225
-0.0001581564343752501
-0.0001474842610291852
-0.0001689979506896548
-0.0001349231796547042
2.395293578418635e-06
-0.0001566981163018382
0.0001368005567978263
0.0001271199935100918
-0.0001349241987069171
-0.0001171464240222941
-1.626396830087482e-05
0.0001174559076297065
0.0001249889461144813
0.0001016443099638632
-2.101632535233531e-05
-0.0001117088506966337
-0.0001061264318704798
-9.386133156261462e-05
0.0001053580078908282
-8.86723495666358e-06
-9.720934175060299e-05
-8.925008357939078e-05
-9.477928528992483e-05
-2.213771780449992e-05
8.384177006137889e-05
-8.632096049464596e-05
-8.755676267666241e-05
3.223042654113657e-05
7.481015529280009e-05
7.725946656602105e-05
7.760091655459499e-05
3.094916183382639e-05
6.876331096948311e-05
-7.763883190172401e-05
7.061966966609665e-05
2.764618498665156e-05
-6.729741827255562e-05
6.791415115564844e-05
6.728041363079654e-05
-1.924398727184931e-05
6.787190070030883e-05
6.990855997382027e-05

0.0009120142916993488
0.0005422899925309642
0.0001665888008467664
-0.0001668531338316364
-0.0001832948814592355
9.664197705736854e-05
-0.0001299252886421195
0.0001026396290308838
7.833136214035245e-05
5.255206658440401e-05
-6.708840442474637e-05
1.002459886188714e-05
-7.01015969161459e-05
3.383716024420688e-05
-7.021894351801664e-05
-5.068789504794778e-05
3.966626276581943e-05
5.046538391417303e-05
-3.706913030343787e-05
-5.920334449641026e-06
3.242953872787982e-05
3.960868629404228e-05
-3.078306349897335e-05
-2.870586574803465e-05
-3.289322162468221e-05
-2.626101696837349e-05
4.662122955312018e-07
-3.049922112460544e-05
2.662642366233858e-05
2.474222972761099e-05
-2.626121531350772e-05
-2.280100600146018e-05
-3.165566870100324e-06
2.286124290282846e-05
2.432744946550691e-05
1.978372400899856e-05
-4.090550475495078e-06
-2.174265408787954e-05
-2.065610990849186e-05
-1.826886993885533e-05
2.050654631815671e-05
-1.725890304809149e-06
-1.892051595388321e-05
-1.737135135206356e-05
-1.844753752189538e-05
-4.308814722522294e-06
1.631869447396485e-05
-1.680123618553728e-05
-1.704176877715048e-05
6.273227331756452e-06
1.456080980733577e-05
1.503753593456874e-05
1.510399467030313e-05
6.023846059335442e-06
1.338387133176752e-05
-1.511137439244299e-05
1.374518706238503e-05
5.380965189999062e-06
-1.309855465688627e-05
1.321859357643632e-05
1.309524492767968e-05
-3.745588249402067e-06
1.321037008268432e-05
1.360677894198775e-05

-0.003867410981784457
-0.002299589262484379
-0.0007064224362497511
0.0007075433444390727
0.0007772648344584298
-0.0004098118272647264
0.0005509502347489043
-0.0004352449650111675
-0.0003321653760443201
-0.0002228478668307795
0.0002844894366062741
-4.250946951081591e-05
0.0002972669268696337
-0.0001434870114555649
0.0002977645369845045
0.0002149428180411672
-0.000168205412593979
-0.0002139992560708738
0.000157192231443642
2.510527156730981e-05
-0.000137517970224756
-0.000167961258657719
0.0001305360660600973
0.000121727676250267
0.0001394842248586736
0.0001113602564575939
-1.976980589002649e-06
0.000129332427996797
-0.0001129097693037818
-0.0001049198152192735
0.0001113610975429718
9.6688025405232e-05
1.342363621757427e-05
-9.69434609351323e-05
-0.000103160932978993
-8.389319354908407e-05
1.734604377855149e-05
9.220006743092332e-05
8.759255970893598e-05
7.746943098295015e-05
-8.695833294625775e-05
7.318665046070858e-06
8.023274618284002e-05
7.366348926622038e-05
7.822707368565729e-05
1.827159675901279e-05
-6.919968117997434e-05
7.124590691493619e-05
7.226588916166738e-05
-2.660171939723613e-05
-6.174534353813326e-05
-6.376690819609415e-05
-6.404872751278795e-05
-2.554421418011817e-05
-5.675451737820106e-05
6.408002134080412e-05
-5.828668242989884e-05
-2.281806771872747e-05
5.554462752022188e-05
-5.605365445096393e-05
-5.553059256143248e-05
1.58832260204936e-05
-5.601878259608e-05
-5.769976061331827e-05

-0.005322433030280949
-0.003164755415025299
-0.0009721971949029172
0.0009737398183270798
0.001069692372411562
-0.0005639938490910742
0.000758232249243852
-0.0005989956042814817
-0.0004571347543099097
-0.0003066891139146359
0.0003915218685811947
-5.850265350380026e-05
0.0004091065878005715
-0.000197470610903437
0.0004097914119696592
0.0002958099772051304
-0.000231488726716368
-0.0002945114223266949
0.0002163320962472836
3.455053710437837e-05
-0.0001892558588752945
-0.0002311527156275697
0.0001796471781544264
0.0001675248396990432
0.0001919618703798
0.0001532569230479145
-2.720772846922526e-06
0.0001779906996951414
-0.0001553894035089944
-0.0001443934178922753
0.0001532580805719023
0.0001330646115639987
1.847396232968429e-05
-0.0001334161486796144
-0.0001419727977470863
-0.0001154560263867418
2.387208310326813e-05
0.0001268881653901695
0.0001205471916994356
0.0001066154748597694
-0.0001196743520953014
1.007213993088248e-05
0.0001104184221447043
0.0001013776374538916
0.0001076581627367016
2.514585353461254e-05
-9.523442699307179e-05
9.805049683688587e-05
9.945422331588098e-05
-3.660998808996842e-05
-8.497557085635723e-05
-8.775770147532135e-05
-8.81455486543932e-05
-3.515462150909846e-05
-7.810706421787524e-05
8.81886160461845e-05
-8.021567018645538e-05
-3.140282682272793e-05
7.644198187384065e-05
-7.714251816602382e-05
-7.642266659322521e-05
2.185891470988363e-05
-7.709452659927462e-05
-7.940793289724911e-05

0.003264654781533883
0.001941186265616369
0.0005963228100525401
-0.000597269018846281
-0.0006561240505041637
0.0003459405136175926
-0.0004650817631568158
0.0003674097640139034
0.0002803956673523118
0.0001881158628939039
-0.0002401502720778908
3.588414666881965e-05
-0.000250936323749354
0.0001211238113153149
-0.0002513563787289188
-0.0001814428572447012
0.0001419897205368667
0.0001806463543355276
-0.0001326930011885415
-2.119248387356938e-05
0.0001160850763354721
0.000141783619266757
-0.0001101913384000127
-0.000102755782146558
-0.0001177448799153333
-9.400417887560881e-05
1.668857838819555e-06
-0.0001091752936152372
9.531219205190183e-05
8.856751404145245e-05
-9.400488887343359e-05
-8.161869166297108e-05
-1.133149240401065e-05
8.1834316231452e-05
8.708276278462555e-05
7.081800117653039e-05
-1.464257226063243e-05
-7.783020537868986e-05
-7.394080179930313e-05
-6.539541555640295e-05
7.340542259002915e-05
-6.178012874668881e-06
-6.772805365012582e-05
-6.218264973392063e-05
-6.603497568687675e-05
-1.542387297510598e-05
5.841454945152395e-05
-6.014186021865425e-05
-6.100287290506164e-05
2.24557024935436e-05
5.212200926373454e-05
5.382850251150742e-05
5.406639881580688e-05
2.15630149876572e-05
4.790902942694021e-05
-5.409281533728919e-05
4.920239855313164e-05
1.926175269041309e-05
-4.688770722235108e-05
4.731739964738893e-05
4.687585968518929e-05
-1.340774229018273e-05
4.728796275321639e-05
4.870695156705058e-05

0.003378530775915513
0.002008897717843269
0.0006171234329395978
-0.0006181026468975807
-0.00067901062923566
0.000358007431139154
-0.0004813045039341628
0.0003802255607894681
0.0002901762835511748
0.000194677622828533
-0.0002485270692781916
3.713583885617033e-05
-0.0002596893544082068
0.0001253487892624036
-0.0002601240615276608
-0.0001877718528582743
0.0001469425323041638
0.0001869475667478401
-0.0001373215296146552
-2.193170910135243e-05
0.0001201342957430884
0.0001467292419164566
-0.0001140349754986287
-0.0001063400560295283
-0.000121851995730305
-9.728318387361727e-05
1.727070072147033e-06
-0.0001129834895668229
9.863682248692723e-05
9.165688011727716e-05
-9.728391863722492e-05
-8.446567252165827e-05
-1.172675164324994e-05
8.468881839446667e-05
9.012033853741271e-05
7.328823795308751e-05
-1.515332686963829e-05
-8.054503822428261e-05
-7.651996648706721e-05
-6.767650451460196e-05
7.596591245796468e-05
-6.393511114600259e-06
-7.009050848013819e-05
-6.435167266149715e-05
-6.833837344973947e-05
-1.596188051029366e-05
6.045213545992751e-05
-6.223969738511503e-05
-6.313074346935229e-05
2.323899065786945e-05
5.394010214988778e-05
5.570612040981109e-05
5.595231488956367e-05
2.231516488952929e-05
4.958016733612782e-05
-5.597965285844295e-05
5.091865109317973e-05
1.993363115472984e-05
-4.852321990026335e-05
4.896790063355749e-05
4.851095910345229e-05
-1.387542420079196e-05
4.893743693690968e-05
5.040592218237133e-05

0.004778686576047394
0.00284144002042133
0.0008728763064038006
-0.0008742613334782898
-0.0009604112539248305
0.0005063755279382713
-0.0006807702887707954
0.0005378014597846429
0.000410433292713475
0.0002753573682084039
-0.0003515235019348127
5.252594882287887e-05
-0.000367311744116354
0.0001772967648666248
-0.0003679266057867623
-0.0002655896577915749
0.0002078395471717792
0.0002644237649131404
-0.0001942313371391515
-3.102081076766341e-05
0.0001699212422402079
0.0002075378633985571
-0.0001612941964299222
-0.0001504102913215899
-0.00017235080420512
-0.0001376000029852225
2.442815270026103e-06
-0.0001598069458939614
0.0001395146265596477
0.0001296420046669814
-0.0001376010422551142
-0.0001194705634453442
-1.658663909700737e-05
0.0001197861870869836
0.0001274686781210726
0.0001036608934821925
-2.143328106128199e-05
-0.0001139251107828826
-0.0001082319389416249
-9.572350382102109e-05
0.0001074482697295221
-9.04315744433775e-06
-9.913793722706032e-05
-9.102077047396519e-05
-9.665966939269969e-05
-2.257692150289901e-05
8.550515812225658e-05
-8.803353472808682e-05
-8.929385474403467e-05
3.286986564968323e-05
7.62943596345718e-05
7.879226428946369e-05
7.914048851278853e-05
3.1563181149632e-05
7.012754827517229e-05
-7.917915608565446e-05
7.202073640528157e-05
2.819467452834653e-05
-6.863257283815682e-05
6.926154146142175e-05
6.861523083090126e-05
-1.962578048362226e-05
6.921845277350714e-05
7.129551857370992e-05

0.003167070468740014
0.001883161959705956
0.0005784980305532019
-0.0005794159560701933
-0.0006365117426614003
0.0003355999509707336
-0.0004511799305626648
0.000356427460605324
0.0002720143160793512
0.0001824928618617689
-0.000232971902285013
3.481152796111201e-05
-0.0002434355463788109
0.0001175032803002158
-0.0002438430454284691
-0.000176019320080583
0.0001377454833266515
0.000175246625565947
-0.0001287266536877945
-2.05590159838274e-05
0.0001126151589451531
0.0001375455426622039
-0.0001068975916631678
-9.968429279855685e-05
-0.000114225349073516
-9.119428508616124e-05
1.618973745017941e-06
-0.0001059119176338855
9.246320023357118e-05
8.59201284610632e-05
-9.119497386133144e-05
-7.917901443213792e-05
-1.099278097105011e-05
7.938819373250749e-05
8.447975813905112e-05
6.87011690945175e-05
-1.420488881561212e-05
-7.550377039099813e-05
-7.173062558961892e-05
-6.34406708394319e-05
7.121124948501684e-05
-5.993344913997127e-06
-6.57035836787036e-05
-6.032393830865667e-05
-6.40611137768333e-05
-1.496283554676532e-05
5.666847090820721e-05
-5.83441503558049e-05
-5.917942637572007e-05
2.178447553609432e-05
5.056402203513665e-05
5.22195062231413e-05
5.245029153135152e-05
2.09184714937391e-05
4.64769730454633e-05
-5.247591843240254e-05
4.773168187038608e-05
1.868599659205528e-05
-4.548617934453156e-05
4.590302776529364e-05
4.547468594397436e-05
-1.300696934325375e-05
4.587447077397583e-05
4.725104436857697e-05

-0.0003184069461143401
-0.0001893269677917764
-5.816030715440172e-05
5.825259239515162e-05
6.399281675182144e-05
-3.374012563325111e-05
4.536016020368831e-05
-3.583405559262151e-05
-2.734743307322311e-05
-1.834723774114144e-05
2.342223599671629e-05
-3.499837599790314e-06
2.447421668160153e-05
-1.18133969572538e-05
2.45151853084114e-05
1.769640894235521e-05
-1.384848209723185e-05
-1.761872475337282e-05
1.294175835011145e-05
2.066936482510282e-06
-1.132196116246913e-05
-1.382838071427651e-05
1.074713557665405e-05
1.00219340108899e-05
1.148384443170042e-05
9.168376297223937e-06
-1.627663454531459e-07
1.064803912123766e-05
-9.29594889183926e-06
-8.638129774195084e-06
9.168445544465147e-06
7.960400133342653e-06
1.105178382622406e-06
-7.981430338662183e-06
-8.493319634961709e-06
-6.906991701561152e-06
1.4281132397616e-06
7.590903071968831e-06
7.21156338712982e-06
6.37811834653579e-06
-7.159347005790053e-06
6.02551370393488e-07
6.605624230460466e-06
6.064772212707962e-06
6.440495657936858e-06
1.504314734600659e-06
-5.697263430313228e-06
5.865730782367142e-06
5.949706711948941e-06
-2.190140193158133e-06
-5.083542029870782e-06
-5.249979016320825e-06
-5.273181419264358e-06
-2.103074968309171e-06
-4.672643440692841e-06
5.275757864409302e-06
-4.798787777924599e-06
-1.878629215449242e-06
4.573032270182992e-06
-4.614940852246918e-06
-4.571876761129785e-06
1.307678319021605e-06
-4.612069825386147e-06
-4.750466049492363e-06

0.00381967043405231
0.002271202403299881
0.0006977021336505445
-0.000698809204993771
-0.0007676700308272429
0.0004047529800946605
-0.0005441491303139417
0.0004298721631224172
0.0003280650212940199
0.0002200969620849435
-0.0002809776087733133
4.198471913704109e-05
-0.0002935973696441657
0.0001417157622784177
-0.000294088837102062
-0.0002122894957249229
0.0001661290316335264
0.0002113575813827525
-0.0001552518006842199
-2.479536413279222e-05
0.0001358204047856151
0.0001658878916108992
-0.0001289246874602933
-0.0001202250312079478
-0.0001377623873487019
-0.0001099855901332086
1.95257611359989e-06
-0.0001277359074869982
0.0001115159753014233
0.0001036246517442337
-0.0001099864208360392
-9.54944777544293e-05
-1.32579305947152e-05
9.574676010713865e-05
0.0001018874817041342
8.285758936064753e-05
-1.713191871274057e-05
-9.10619205567191e-05
-8.651128937136445e-05
-7.651312375700283e-05
8.588489170499125e-05
-7.228321123581573e-06
-7.924232771766052e-05
-7.275416379193584e-05
-7.72614138778573e-05
-1.80460463736623e-05
6.834545836833356e-05
-7.036642484390441e-05
-7.137381610627664e-05
2.627333933610336e-05
6.098313943455794e-05
6.297974925725989e-05
6.325808970689963e-05
2.522888829876119e-05
5.605392161559776e-05
-6.328899723399401e-05
5.756717313598396e-05
2.25363942539079e-05
-5.485896702179073e-05
5.536171036266435e-05
5.484510531495588e-05
-1.568715844103227e-05
5.532726897701423e-05
5.698749646846858e-05

-0.002688963309415369
-0.0015988761428953
-0.0004911668351179273
0.0004919461888014932
0.0005404226836509277
-0.0002849371252420766
0.0003830689248004647
-0.0003026204732403838
-0.0002309505022993816
-0.0001549433821002387
0.0001978020077394319
-2.955631153649956e-05
0.0002066860396321654
-9.976475502576832e-05
0.0002070320218274054
0.000149447098862106
-0.0001169511554475573
-0.0001487910518243605
0.0001092938259905448
1.745538667479677e-05
-9.561455404179001e-05
-0.0001167813982173246
9.076012191210302e-05
8.463575676829194e-05
9.698166671547344e-05
7.742741724421283e-05
-1.37457029839664e-06
8.992324716431129e-05
-7.850477447634924e-05
-7.294945763045761e-05
7.742800204055429e-05
6.722599537495314e-05
9.333289230962397e-06
-6.740359655855089e-05
-7.172652843260793e-05
-5.832990608591698e-05
1.206049098575789e-05
6.41055733706744e-05
6.090202989660293e-05
5.386354294787852e-05
-6.046105982573768e-05
5.088577830355929e-06
5.578484203397184e-05
5.121731846274959e-05
5.439032260455247e-05
1.270401659425894e-05
-4.811368757873352e-05
4.953640317582681e-05
5.02455842922434e-05
-1.849584845351348e-05
-4.293077826051502e-05
-4.433634731394523e-05
-4.453229282012881e-05
-1.776057807708819e-05
-3.946071818907142e-05
4.455405103402203e-05
-4.052601371297951e-05
-1.586512195791868e-05
3.861949664529639e-05
-3.897341681223504e-05
-3.860973831098657e-05
1.104341178256439e-05
-3.894917084025112e-05
-4.011793418957175e-05

-0.00212655408726535
-0.001264463737678932
-0.0003884369998995368
0.0003890533481239269
0.0004273907578972864
-0.0002253411960570468
0.000302948271880998
-0.000239325989315744
-0.000182646127190026
-0.0001225362508094882
0.0001564307949293138
-2.337447107676959e-05
0.0001634566901011604
-7.889849103639129e-05
0.0001637303085060017
0.0001181895408547673
-9.249027562278892e-05
-0.000117670709115924
8.643451234876932e-05
1.380451110958436e-05
-7.561632395193405e-05
-9.235602390931289e-05
7.177721895166646e-05
6.6933793352337e-05
7.669749863134161e-05
6.12331116719184e-05
-1.087072507108656e-06
7.11153804620058e-05
-6.20851346122883e-05
-5.769173820433373e-05
6.123357415536553e-05
5.316536478371171e-05
7.381188241669142e-06
-5.330581985112369e-05
-5.672459035408142e-05
-4.612993407626534e-05
9.537983025052137e-06
5.069759360069158e-05
4.81640861911022e-05
4.25977316274034e-05
-4.781534706800228e-05
4.024278035189691e-06
4.411718204537056e-05
4.050497733991027e-05
4.301433286106568e-05
1.004691225001776e-05
-3.805048533601084e-05
3.917563332795604e-05
3.973648590502641e-05
-1.462735545276286e-05
-3.395160568376866e-05
-3.506319341165896e-05
-3.521815600100078e-05
-1.404587030614492e-05
-3.120732486664402e-05
3.523536338293859e-05
-3.204980886133727e-05
-1.254685767799358e-05
3.054204873366171e-05
-3.082194484638663e-05
-3.053433140050585e-05
8.73363068262625e-06
-3.080277003256782e-05
-3.172708107424082e-05

0.002716946309747975
0.001615515028030906
0.0004962782182530121
-0.0004970656823687162
-0.0005460466533358427
0.0002879023556126684
-0.0003870553748247343
0.0003057697273688051
0.0002333539147817547
0.000156555817903115
-0.0001998604566699596
2.986389263017665e-05
-0.0002088369412436871
0.0001008029682149796
-0.0002091865239417675
-0.0001510023369728788
0.0001181682208535131
0.0001503394627074961
-0.0001104312045327893
-1.763703812739044e-05
9.660957769575738e-05
0.0001179966970255007
-9.170462736991859e-05
-8.551652832866494e-05
-9.799091738185131e-05
-7.823317440526555e-05
1.388874919430933e-06
-9.085904359056342e-05
7.932174327713229e-05
7.370861439915397e-05
-7.823376528739688e-05
-6.792559028736822e-05
-9.430417159313254e-06
6.810503969774303e-05
7.247295865048576e-05
5.893692284054083e-05
-1.218599984714018e-05
-6.477269525912537e-05
-6.153581374812262e-05
-5.442407999015367e-05
6.10902546724265e-05
-5.14153269017804e-06
-5.636537329214618e-05
-5.175031727111362e-05
-5.495634163878409e-05
-1.283622237755351e-05
4.86143881017695e-05
-5.00519093494076e-05
-5.076847063919832e-05
1.868832758910217e-05
4.337754225245667e-05
4.479773851898103e-05
4.499572315419303e-05
1.794540553846704e-05
3.98713706090146e-05
-4.501770779740582e-05
4.094775225110452e-05
1.603022414114931e-05
-3.902139479826934e-05
3.937899807539391e-05
3.901153491274216e-05
-1.115833629436494e-05
3.935449978495981e-05
4.053542600206357e-05

0.001396610030590893
0.0008304339635356856
0.0002551052021488142
-0.0002555099875797012
-0.0002806880027344275
0.0001479923678420434
-0.000198960655547328
0.0001571768521012549
0.0001199524690247553
8.04754311288852e-05
-0.0001027356033875884
1.535113588742602e-05
-0.0001073498456162301
5.181642199450136e-05
-0.0001075295439418073
-7.762073829070957e-05
6.074279861510615e-05
7.727999661149918e-05
-5.676568851852928e-05
-9.066084327927094e-06
4.966086550071714e-05
6.065462907792796e-05
-4.713954117420005e-05
-4.395863135631472e-05
-5.037092475155861e-05
-4.021472036730238e-05
7.139326370766746e-07
-4.67048801049996e-05
4.077428468401234e-05
3.788893061356323e-05
-4.021502410234254e-05
-3.491624416307506e-05
-4.847580222729974e-06
3.500848774022162e-05
3.72537582486551e-05
3.029573949104105e-05
-6.26405076840644e-06
-3.329554050543839e-05
-3.163166471595896e-05
-2.797597278503171e-05
3.140263101289445e-05
-2.642936337001145e-06
-2.897386872730893e-05
-2.660156070354142e-05
-2.824957478989039e-05
-6.598288991975158e-06
2.498957811953695e-05
-2.572851675309386e-05
-2.609685553154699e-05
9.606485660854519e-06
2.229764732370014e-05
2.302768028168811e-05
2.312945164407357e-05
9.224596484714538e-06
2.04953465315896e-05
-2.314075255682988e-05
2.104864616531976e-05
8.240123018933789e-06
-2.00584277971878e-05
2.024224899453678e-05
2.005335945448355e-05
-5.735794019006603e-06
2.022965597493328e-05
2.083669535376552e-05

0.0002854124042415056
0.0001697081854670578
5.213351435621697e-05
-5.221623664840301e-05
-5.736163706941848e-05
3.024384516081442e-05
-4.065976744076662e-05
3.212079411341115e-05
2.451358777984465e-05
1.644602700667433e-05
-2.099513459147066e-05
3.137171082478634e-06
-2.193810502662572e-05
1.058924771890985e-05
-2.197482832804894e-05
-1.586263956959221e-05
1.241344957674672e-05
1.579300531254792e-05
-1.160068400171098e-05
-1.852752642766504e-06
1.014873637509585e-05
1.239543117572189e-05
-9.633476408372371e-06
-8.983422994082539e-06
-1.029384468272197e-05
-8.218314185455418e-06
1.458998760939501e-07
-9.544648705521973e-06
8.332667221349318e-06
7.743013828987047e-06
-8.218376256994001e-06
-7.135513117757236e-06
-9.906555844644429e-07
7.154364093012915e-06
7.613209468570332e-06
6.191262884428751e-06
-1.280126700327434e-06
-6.804304750812438e-06
-6.464273690582666e-06
-5.717193403082159e-06
6.417468169770883e-06
-5.401126998083205e-07
-5.921124259825711e-06
-5.436317390443925e-06
-5.773106939657918e-06
-1.348431905709654e-06
5.106891269481891e-06
-5.257901392104882e-06
-5.333175415656047e-06
1.963189515126865e-06
4.556766020725855e-06
4.705956171978896e-06
4.726754253468651e-06
1.885146320874533e-06
4.188446310158765e-06
-4.72906371753229e-06
4.301519090151178e-06
1.683958492757158e-06
-4.099157228936856e-06
4.136723083927785e-06
4.098121458147734e-06
-1.17217170530241e-06
4.134149563813228e-06
4.258204643465338e-06

-0.001719359512316178
-0.001022343032973684
-0.0003140587181451152
0.0003145570474323656
0.0003455535739566751
-0.0001821926520832781
0.0002449394521012103
-0.000193499623987309
-0.000147672875123389
-9.907289435737879e-05
0.0001264772793184891
-1.889870539003726e-05
0.0001321578494806075
-6.379093383195013e-05
0.0001323790751761728
9.555849650936855e-05
-7.478015073357456e-05
-9.51390111594257e-05
6.988395070184985e-05
1.116121035024396e-05
-6.113723918507427e-05
-7.467160566434773e-05
5.803324961785892e-05
5.411724770365224e-05
6.201138952089831e-05
4.950813790832299e-05
-8.789188419271045e-07
5.749814058412888e-05
-5.019701469542337e-05
-4.664486996012969e-05
4.950851183500124e-05
4.298521077551778e-05
5.967831381062525e-06
-4.309877137463485e-05
-4.58629124890745e-05
-3.72969309511115e-05
7.711641072587967e-06
4.098997073758372e-05
3.894158170751337e-05
3.44410779463641e-05
-3.86596194794176e-05
3.253705495403986e-06
3.566958257047414e-05
3.274904621640259e-05
3.477790798433196e-05
8.123120051316796e-06
-3.076454264789135e-05
3.167424624503613e-05
3.212770624361655e-05
-1.182649568536564e-05
-2.745052032317106e-05
-2.834926018836749e-05
-2.847455039548005e-05
-1.135635386104209e-05
-2.523171697570517e-05
2.848846289175676e-05
-2.591288134341442e-05
-1.014437357954893e-05
2.46938285418237e-05
-2.492012988386937e-05
-2.468758893087279e-05
7.061306872538234e-06
-2.490462668141671e-05
-2.565194977625895e-05

-0.002690414561151675
-0.001599739067194484
-0.0004914319211902988
0.0004922116954963418
0.000540714353438661
-0.0002850909077412085
0.0003832756696973958
-0.0003027837995623716
-0.0002310751478518617
-0.0001550270060944398
0.0001979087628246976
-2.957226327830769e-05
0.0002067975894895476
-9.981859874075267e-05
0.0002071437584137868
0.0001495277564750438
-0.0001170142747793873
-0.000148871355364217
0.0001093528126097381
1.746480746537891e-05
-9.566615786511234e-05
-0.000116844425930028
9.080910576547319e-05
8.468143526027753e-05
9.703400837876854e-05
7.746920534641526e-05
-1.375312163309554e-06
8.997177935070373e-05
-7.85471440355864e-05
-7.298882894752277e-05
7.74697904584135e-05
6.726227770063166e-05
9.33832647046466e-06
-6.743997473678925e-05
-7.176523972646967e-05
-5.836138713185028e-05
1.206700011454417e-05
6.414017158342647e-05
6.09348991352098e-05
5.389261346735336e-05
-6.049369106981168e-05
5.091324170324368e-06
5.581494949159309e-05
5.124496079694345e-05
5.441967743055801e-05
1.271087303817746e-05
-4.813965486222969e-05
4.956313830860808e-05
5.02727021748778e-05
-1.850583078837626e-05
-4.295394829270989e-05
-4.436027594130938e-05
-4.455632720059687e-05
-1.777016358153331e-05
-3.948201540630007e-05
4.457809715755545e-05
-4.054788587744129e-05
-1.587368447184056e-05
3.864033984957655e-05
-3.899445102963117e-05
-3.863057624861865e-05
1.10493719868071e-05
-3.897019197192727e-05
-4.013958611075718e-05

-0.001736216521087491
-0.00103236632673542
-0.0003171378243638551
0.0003176410393896743
0.0003489414632175386
-0.0001839789120901603
0.0002473408966292713
-0.0001953967402305693
-0.0001491206950432294
-0.0001000442285299272
0.000127717292585989
-1.908399278353798e-05
0.0001334535564063656
-6.441635528886605e-05
0.0001336769510511276
9.649537469120909e-05
-7.551331308143493e-05
-9.607177660732917e-05
7.056910954242207e-05
1.127063750577857e-05
-6.173664318978914e-05
-7.540370381057752e-05
5.860222137208696e-05
5.46478260455811e-05
6.261936390299563e-05
4.999352744379654e-05
-8.875359708764886e-07
5.806186600237012e-05
-5.068915814242947e-05
-4.710218733700362e-05
4.999390503653449e-05
4.340664798507261e-05
6.026341416466751e-06
-4.352132195926271e-05
-4.631256336928768e-05
-3.766259891507557e-05
7.787247832124497e-06
4.139184614020595e-05
3.932337421787849e-05
3.477874644959352e-05
-3.903864756516784e-05
3.285605596391513e-06
3.601929562464726e-05
3.307012563892354e-05
3.511887884921756e-05
8.202761048430397e-06
-3.10661655263917e-05
3.198478807352524e-05
3.244269390156525e-05
-1.194244545623933e-05
-2.771965174017308e-05
-2.862720306433026e-05
-2.875372164637566e-05
-1.146769424988083e-05
-2.547909471802537e-05
2.876777054406237e-05
-2.616693738287637e-05
-1.024383142602493e-05
2.493593269825644e-05
-2.516445275237545e-05
-2.492963191268005e-05
7.130537601212168e-06
-2.514879755284465e-05
-2.590344758069263e-05

0.0002591798041756006
0.0001541101004115483
4.734185985272392e-05
-4.741697903875786e-05
-5.208945946948543e-05
2.746409668888484e-05
-3.692267892535022e-05
2.916853298791318e-05
2.226051421030965e-05
1.493445272772855e-05
-1.90654463197622e-05
2.848829885243698e-06
-1.992174719906045e-05
9.615977124217827e-06
-1.995509521735149e-05
-1.440468513723129e-05
1.127251437789957e-05
1.43414510491474e-05
-1.053445107214976e-05
-1.682463901364806e-06
9.215953712021402e-06
1.125615206996624e-05
-8.748051913455675e-06
-8.1577456965172e-06
-9.347724939175279e-06
-7.462958965977264e-06
1.324900416144894e-07
-8.667388472460611e-06
7.566801675720875e-06
7.031344041468322e-06
-7.463015332459022e-06
-6.479679457054016e-06
-8.996032287706067e-07
6.496797816322227e-06
6.913470157171295e-06
5.622216407340426e-06
-1.162468703461836e-06
-6.178912852623433e-06
-5.870134459342137e-06
-5.191719226721082e-06
5.827630890691551e-06
-4.904702868154852e-07
-5.376906551203743e-06
-4.93665886890219e-06
-5.24249368236108e-06
-1.224495894613553e-06
4.637510702049426e-06
-4.774641301247853e-06
-4.842996798043242e-06
1.78275038690888e-06
4.137948131803052e-06
4.273426035403444e-06
4.292312540003772e-06
1.711880237246479e-06
3.803481132326003e-06
-4.294409738430063e-06
3.906161256041682e-06
1.529183826301834e-06
-3.722398718807989e-06
3.756511850528904e-06
3.721458146963991e-06
-1.064435982899268e-06
3.754174865768379e-06
3.866827892660932e-06

0.002303879256994505
0.001369902507491342
0.0004208272679622203
-0.0004214950110954969
-0.0004630292300801551
0.0002441315320645295
-0.0003282099635784187
0.0002592824634680549
0.0001978762855471939
0.0001327540776697444
-0.0001694749575151106
2.53235783559332e-05
-0.0001770867150739175
8.547753287606011e-05
-0.0001773831494656605
-0.0001280449122830748
0.000100202684125026
0.000127482817160123
-9.364195403317597e-05
-1.495561621910843e-05
8.192167849680342e-05
0.0001000572376772973
-7.776244529011215e-05
-7.251514505078628e-05
-8.309300817609382e-05
-6.633910544144634e-05
1.1777193041896e-06
-7.704541863326594e-05
6.726217529921053e-05
6.250243045537403e-05
-6.633960648965497e-05
-5.759862015701438e-05
-7.996677151916672e-06
5.775078723251059e-05
6.145463586410024e-05
4.997653193080071e-05
-1.033331876041624e-05
-5.492507102246267e-05
-5.218030417013539e-05
-4.614979269941924e-05
5.180248503231077e-05
-4.359847109072635e-06
-4.779594424615943e-05
-4.388253167758179e-05
-4.660113270830426e-05
-1.088468563685249e-05
4.122336902179382e-05
-4.244233877914386e-05
-4.30499586963988e-05
1.584707438861604e-05
3.678269955364053e-05
3.798697830864426e-05
3.815486263253448e-05
1.521710143115098e-05
3.380958370964903e-05
-3.817350487190703e-05
3.472231920571761e-05
1.359309190294245e-05
-3.30888327576361e-05
3.339206833113137e-05
3.308047190572657e-05
-9.461894568516417e-06
3.337129460330531e-05
3.437268038919838e-05

0.001497660763167372
0.0008905194265738267
0.0002735631589131431
-0.0002739972323080739
-0.0003009969849702731
0.0001587002511155669
-0.0002133563132875721
0.0001685492722479032
0.0001286315452191038
8.629817412215641e-05
-0.0001101689654261361
1.646185648467989e-05
-0.0001151170678929266
5.556556261884952e-05
-0.0001153097681639757
-8.323693199950622e-05
6.513780091665499e-05
8.287153619667804e-05
-6.087292982739657e-05
-9.722054457650245e-06
5.325404235704258e-05
6.504325193486835e-05
-5.055028938925828e-05
-4.71392270876412e-05
-5.401547744358094e-05
-4.31244280626769e-05
7.655887289037773e-07
-5.008417872531843e-05
4.37244792604116e-05
4.063035743363616e-05
-4.312475377427295e-05
-3.744258435412659e-05
-5.198323466728644e-06
3.754150215015882e-05
3.994922762077062e-05
3.248776632921438e-05
-6.717281738526033e-06
-3.570461582775942e-05
-3.392035148044666e-05
-3.000015454125318e-05
3.367474620552457e-05
-2.834164129411071e-06
-3.107025253978945e-05
-2.852629784412342e-05
-3.029355282596409e-05
-7.075703532745001e-06
2.679768139850121e-05
-2.75900854151128e-05
-2.798507508578436e-05
1.030155614742807e-05
2.391097785079034e-05
2.469383182796164e-05
2.48029667854008e-05
9.892035649608948e-06
2.19782728575147e-05
-2.481508536772403e-05
2.257160609555012e-05
8.836331301376901e-06
-2.150974117661487e-05
2.170686262690228e-05
2.150430611755051e-05
-6.150803345041879e-06
2.169335844825235e-05
2.234431973269332e-05

0.00107835422675925
0.0006411968659885232
0.0001969725026885941
-0.0001972850466849695
-0.0002167255622682604
0.0001142682580641943
-0.0001536220270289222
0.0001213598063164508
9.26180173060574e-05
6.213690250484923e-05
-7.932448552213273e-05
1.185295960015139e-05
-8.288724642288147e-05
4.000863265293814e-05
-8.302599556878846e-05
-5.99327295283311e-05
4.69008901533425e-05
5.966963516272758e-05
-4.38300733977807e-05
-7.000128984496626e-06
3.834427867782771e-05
4.683281245733989e-05
-3.639750707733076e-05
-3.394145458456144e-05
-3.889253150262218e-05
-3.10506961400549e-05
5.512435539987374e-07
-3.606189542417229e-05
3.148274841868196e-05
2.925490121050192e-05
-3.105093066075614e-05
-2.695962269431173e-05
-3.742926449213999e-06
2.703084604881039e-05
2.876447024594155e-05
2.33920264192496e-05
-4.836615429354394e-06
-2.570824070416011e-05
-2.442352453351854e-05
-2.160088202121784e-05
2.424668242558357e-05
-2.040670987344935e-06
-2.237138007268237e-05
-2.053966733356533e-05
-2.181213632408584e-05
-5.094688329616801e-06
1.929501908184163e-05
-1.986557033190602e-05
-2.014997304270248e-05
7.417385089452905e-06
1.721651836349328e-05
1.778019333981261e-05
1.785877331302268e-05
7.12251980979638e-06
1.582492111408643e-05
-1.786749900363513e-05
1.625213628913785e-05
6.362385556350274e-06
-1.548756626650558e-05
1.5629498775075e-05
1.548365288435055e-05
-4.42873643231716e-06
1.561977541950591e-05
1.608848426852892e-05

-0.002062729479430681
-0.001226513185345907
-0.0003767787781146072
0.0003773766277812174
0.0004145634107450356
-0.000218577994710133
0.0002938558369587841
-0.0002321430601327067
-0.000177164339771387
-0.0001188585507216143
0.0001517358124695068
-2.267292933901677e-05
0.0001585508383260649
-7.653049800989937e-05
0.0001588162445780097
0.0001146422992678808
-8.971435019229795e-05
-0.000114139039308911
8.384033950968198e-05
1.339019411045488e-05
-7.334683913090155e-05
-8.958412779695783e-05
6.962295780282337e-05
6.492489871044151e-05
7.439556434177058e-05
5.939531250071709e-05
-1.054446026140874e-06
6.898098317757969e-05
-6.02217635403822e-05
-5.596022684129717e-05
5.939576110362454e-05
5.156970418988146e-05
7.159655458796286e-06
-5.170594375689474e-05
-5.502210615408128e-05
-4.47454289891283e-05
9.251718015496379e-06
4.917599861793525e-05
4.671852977130862e-05
4.13192390971498e-05
-4.638025741127846e-05
3.903496735079432e-06
4.279308600677341e-05
3.928929497871955e-05
4.172333681135643e-05
9.745372666256133e-06
-3.690847003571798e-05
3.799984878110767e-05
3.85438684001052e-05
-1.418834229480126e-05
-3.293261071385815e-05
-3.4010836181561e-05
-3.416114785391231e-05
-1.362430935485201e-05
-3.027069443566937e-05
3.417783878795642e-05
-3.108789282354425e-05
-1.217028683238564e-05
2.96253853416626e-05
-2.989688088760551e-05
-2.961789963004799e-05
8.471506828533395e-06
-2.987828157053786e-05
-3.077485111713027e-05

-8.61201601745304e-05
-5.120764163781439e-05
-1.573073398388296e-05
1.575569455654568e-05
1.730826445829002e-05
-9.125758904817113e-06
1.226865277270655e-05
-9.692108306690613e-06
-7.396714630063122e-06
-4.962413893020298e-06
6.335058767721456e-06
-9.466080384148493e-07
6.619590076470778e-06
-3.195192977345047e-06
6.630670942458116e-06
4.786382932991206e-06
-3.745626503907069e-06
-4.76537153586305e-06
3.500383128114836e-06
5.590484225204221e-07
-3.062273360246944e-06
-3.740189642856228e-06
2.906799140468263e-06
2.710652430201364e-06
3.106058250148318e-06
2.479788977275766e-06
-4.402373727258777e-08
2.879996325018394e-06
-2.514293790739611e-06
-2.3363721452769e-06
2.479807706704593e-06
2.153065260992233e-06
2.989197958602553e-07
-2.158753342464813e-06
-2.297205058829712e-06
-1.868147786732598e-06
3.862646291392982e-07
2.05312665570249e-06
1.950525896465304e-06
1.725102358220491e-06
-1.936402827915769e-06
1.629732679052693e-07
1.786636327269351e-06
1.640351006010034e-06
1.741973673746872e-06
4.068749990488738e-07
-1.540950174504614e-06
1.586515874365228e-06
1.609229011107602e-06
-5.923715752477613e-07
-1.374955726351845e-06
-1.419972269191078e-06
-1.426247869276871e-06
-5.688228706733447e-07
-1.263819167469122e-06
1.426944725517442e-06
-1.297937677315889e-06
-5.081165813692879e-07
1.236877135998633e-06
-1.248212233568429e-06
-1.236564603169013e-06
3.536903565251985e-07
-1.247435701217194e-06
-1.284868003290015e-06

0.001132093922754532
0.0006731508601366593
0.0002067886114877728
-0.0002071167310890285
-0.0002275260631998379
0.000119962807496942
-0.0001612777683668205
0.0001274077624848783
9.72336287351989e-05
6.523349003408554e-05
-8.327761486606172e-05
1.244365088669923e-05
-8.701792566917962e-05
4.200245963725638e-05
-8.716358936760612e-05
-6.291947227492862e-05
4.923819223480124e-05
6.264326662279522e-05
-4.601434157366953e-05
-7.348979848358475e-06
4.02551627159023e-05
4.916672189229943e-05
-3.821137390956586e-05
-3.563292423873124e-05
-4.08307376760343e-05
-3.25981050800731e-05
5.787147320921675e-07
-3.785903707671623e-05
3.305168864919548e-05
3.071281685492956e-05
-3.25983512881047e-05
-2.830315331884107e-05
-3.929454887200094e-06
2.837792608346854e-05
3.019794530275777e-05
2.455776617088499e-05
-5.077647769535164e-06
-2.698940880804425e-05
-2.564066891056086e-05
-2.267736023612045e-05
2.545501389042977e-05
-2.142367661558914e-06
-2.348625599589246e-05
-2.156326000002645e-05
-2.289914238014478e-05
-5.348581711984951e-06
2.025658480295747e-05
-2.085556942860126e-05
-2.115414532557308e-05
7.787029877682961e-06
1.807450216880504e-05
1.866626784214872e-05
1.874876384199027e-05
7.477470010572827e-06
1.661355478260751e-05
-1.875792437669529e-05
1.706206019148317e-05
6.67945452785943e-06
-1.625938788338833e-05
1.640839358708409e-05
1.625527947814446e-05
-4.649442155548156e-06
1.639818566887288e-05
1.689025258561815e-05

0.0008306196729381456
0.0004938921904326001
0.0001517212356580647
-0.0001519619776940385
-0.0001669363472423956
8.801696213100194e-05
-0.0001183298351139271
9.347934113759505e-05
7.134051625514075e-05
4.786194773035197e-05
-6.11009597638444e-05
9.129932615941871e-06
-6.384523360325193e-05
3.081729226281512e-05
-6.395210736267158e-05
-4.616414807286811e-05
3.612616436507038e-05
4.596149540967023e-05
-3.376081840929204e-05
-5.391961846434381e-06
2.953529686635525e-05
3.607372642567971e-05
-2.803576475532753e-05
-2.61439508525835e-05
-2.995759741538485e-05
-2.391729770453674e-05
4.246042062705901e-07
-2.777725448600555e-05
2.425009291548225e-05
2.253405780059097e-05
-2.391747834787613e-05
-2.076608263703584e-05
-2.883049248502221e-06
2.082094357044163e-05
2.215629546862268e-05
1.801808427283599e-05
-3.725480761670201e-06
-1.980218554869101e-05
-1.881261227211803e-05
-1.663842651552484e-05
1.86763967965288e-05
-1.571859622766553e-06
-1.723191502201321e-05
-1.582100884802833e-05
-1.68011485372869e-05
-3.9242655604779e-06
1.48622985299134e-05
-1.530177479936704e-05
-1.552084055787421e-05
5.713360066824526e-06
1.326129994889666e-05
1.369547965799144e-05
1.375600714518195e-05
5.486235346512413e-06
1.218939980376598e-05
-1.376272824860472e-05
1.251846915794727e-05
4.900729721997897e-06
-1.192954681093407e-05
1.203887260659657e-05
1.192653246543635e-05
-3.411305409350789e-06
1.203138303570707e-05
1.239241355909344e-05

0.001226919128069077
0.0007295345816966019
0.0002241094115971262
-0.0002244650147913293
-0.0002465838509182616
0.0001300110001621892
-0.0001747865393182658
0.0001380795512768308
0.0001053780049419024
7.069750583832386e-05
-9.025302279739927e-05
1.348594227832183e-05
-9.430662539778236e-05
4.552062343865493e-05
-9.446449001866092e-05
-6.818966387022365e-05
5.336242750726704e-05
6.789032298417695e-05
-4.986854421483339e-05
-7.964537011033229e-06
4.362697135542499e-05
5.328497074458987e-05
-4.141199296022624e-05
-3.861757002560234e-05
-4.425075699194312e-05
-3.532855168429414e-05
6.271883986192213e-07
-4.103014407732488e-05
3.582012782119397e-05
3.32853500215771e-05
-3.532881851495542e-05
-3.067385090016271e-05
-4.258589563186704e-06
3.075488669881564e-05
3.272735236504591e-05
2.661474675563048e-05
-5.50295611417101e-06
-2.925006596739871e-05
-2.778835440287925e-05
-2.457683632831068e-05
2.758714875126017e-05
-2.321814303999695e-06
-2.545348592453346e-05
-2.336941805429576e-05
-2.481719514419807e-05
-5.796583727349728e-06
2.195329456729898e-05
-2.260245068400533e-05
-2.292603556667964e-05
8.439278504851896e-06
1.958843872888059e-05
2.022977122734301e-05
2.031917716633182e-05
8.103789624809588e-06
1.800512107545554e-05
-2.032910499566939e-05
1.849119370083136e-05
7.238931647432719e-06
-1.762128883819171e-05
1.778277539366414e-05
1.761683630922251e-05
-5.038883612776277e-06
1.777171245104079e-05
1.830499533536016e-05

1.951758908375225e-05
1.160529317887021e-05
3.565088607164592e-06
-3.570745473089916e-06
-3.922607584280008e-06
2.068189515955932e-06
-2.780470019417244e-06
2.196542446078958e-06
1.676332654641679e-06
1.124642070265728e-06
-1.435727402263923e-06
2.145317272957189e-07
-1.500211318234988e-06
7.241331582347524e-07
-1.502722597653439e-06
-1.084747811583045e-06
8.488790408477765e-07
1.079985955449662e-06
-7.932990300149092e-07
-1.266982941825453e-07
6.94009311954718e-07
8.476468738275006e-07
-6.587738696672675e-07
-6.143207371523757e-07
-7.039323716518121e-07
-5.61999677858702e-07
9.977190152695726e-09
-6.526994924539952e-07
5.698195747144038e-07
5.294968261425369e-07
-5.620039225308596e-07
-4.879536098147508e-07
-6.774480833377452e-08
4.892427114218037e-07
5.20620308767063e-07
4.233821764367842e-07
-8.753994760426967e-08
-4.653043180852211e-07
-4.420516969332758e-07
-3.90963496664255e-07
4.388509568431024e-07
-3.693496700731552e-08
-4.049090666785774e-07
-3.717561233365031e-07
-3.947870776315787e-07
-9.221091814113533e-08
3.492287084153413e-07
-3.595553567047875e-07
-3.64702881616916e-07
1.342503888428424e-07
3.116090451099027e-07
3.218112368210855e-07
3.232334889827556e-07
1.289134974812531e-07
2.864219381187787e-07
-3.233914189426275e-07
2.941542861946575e-07
1.151555062376812e-07
-2.803160100820003e-07
2.828849065675599e-07
2.802451801285274e-07
-8.015757318246724e-08
2.827089194405415e-07
2.911922790760029e-07

-0.0007239502868603633
-0.0004304658372430122
-0.0001322369739798438
0.0001324467995735395
0.0001454981388125177
-7.671369588194331e-05
0.0001031337456430067
-8.147458823447808e-05
-6.217886343215153e-05
-4.171544681396344e-05
5.325428567325667e-05
-7.957453394942093e-06
5.564613587616918e-05
-2.685969078364822e-05
5.573928475202081e-05
4.023568105701971e-05
-3.148678981169306e-05
-4.005905334346238e-05
2.942520502265071e-05
4.699518266474564e-06
-2.574233109995089e-05
-3.144108602871427e-05
2.443537108285892e-05
2.278650667211142e-05
2.61103991984721e-05
2.084580355877239e-05
-3.700759167481907e-07
2.421005907818902e-05
-2.11358607248681e-05
-1.96402013344588e-05
2.084596100363752e-05
1.809927211195657e-05
2.512803872201977e-06
-1.814708772452695e-05
-1.931095179040736e-05
-1.570417569313075e-05
3.247049105595975e-06
1.72591600891541e-05
1.639666925155042e-05
1.450169559097342e-05
-1.627794676538146e-05
1.369999124606448e-06
1.501896744055508e-05
1.378925188882244e-05
1.464352061410303e-05
3.420305671516727e-06
-1.295366054366903e-05
1.333669863162627e-05
1.352763164691602e-05
-4.979642060106363e-06
-1.155826452819809e-05
-1.193668624777691e-05
-1.198944070705848e-05
-4.781685026603093e-06
-1.062401935819355e-05
1.199529867660989e-05
-1.091082914746068e-05
-4.271370885685646e-06
1.039753706451644e-05
-1.049282308254453e-05
-1.039490982564734e-05
2.973220608816565e-06
-1.04862953332388e-05
-1.080096179188937e-05

0.0009649517089041042
0.0005737669461724944
0.0001762583651641991
-0.0001765380412260526
-0.0001939341419398875
0.0001022515126814134
-0.0001374667375787117
0.0001085972953889651
8.287806720367606e-05
5.560242522366437e-05
-7.098251758383128e-05
1.060647173064241e-05
-7.417060933899758e-05
3.580122142739773e-05
-7.429476726613012e-05
-5.363004877487244e-05
4.196867131368231e-05
5.339462209275847e-05
-3.922078958569025e-05
-6.263977326297648e-06
3.431189521837289e-05
4.1907752844163e-05
-3.256985115145939e-05
-3.03720834873363e-05
-3.480249235895184e-05
-2.778532467295546e-05
4.9327335698555e-07
-3.226953328725224e-05
2.817194121720038e-05
2.617838018006643e-05
-2.778553453088713e-05
-2.4124479085561e-05
-3.349310628961517e-06
2.418821240799967e-05
2.573952420340532e-05
2.093206045643218e-05
-4.327984448942522e-06
-2.300469566011286e-05
-2.185508356275034e-05
-1.93292774331274e-05
2.169683862799885e-05
-1.826068751514255e-06
-2.001874791787796e-05
-1.837966282510856e-05
-1.95183156874269e-05
-4.558917735934357e-06
1.726590500070368e-05
-1.777645560655295e-05
-1.803094979314452e-05
6.637353700720171e-06
1.540598479048845e-05
1.591038224930238e-05
1.598069854940737e-05
6.373497216042805e-06
1.416073150487687e-05
-1.598850662384939e-05
1.454301962784914e-05
5.693300645513986e-06
-1.385885376509381e-05
1.398586028418904e-05
1.385535192431155e-05
-3.962999061535152e-06
1.397715946182283e-05
1.439657767674669e-05

0.000478018455581668
0.0002842330729530506
8.73149927832292e-05
-8.745353890724074e-05
-9.607123150235485e-05
5.0653426199289e-05
-6.809836905296379e-05
5.379700449583888e-05
4.105619516578537e-05
2.75443684764513e-05
-3.516336943664564e-05
5.254241418578971e-06
-3.674268857046866e-05
1.77352342264781e-05
-3.680419401163966e-05
-2.656729124531081e-05
2.079046988472585e-05
2.64506654101303e-05
-1.942922230350269e-05
-3.103053489294823e-06
1.699745076258716e-05
2.076029205048765e-05
-1.61344757486732e-05
-1.504574405895388e-05
-1.724048311880899e-05
-1.376431365990904e-05
2.443581021829154e-07
-1.598570407408241e-05
1.395583603524351e-05
1.296826436788202e-05
-1.376441761946193e-05
-1.195080140050465e-05
-1.659183852773311e-06
1.198237365855793e-05
1.275086358581221e-05
1.03693388168549e-05
-2.143999977382472e-06
-1.13960823003924e-05
-1.082658665182733e-05
-9.575351036564924e-06
1.074819516485653e-05
-9.04599221215481e-07
-9.916901409762038e-06
-9.104930284790512e-06
-9.668996939816387e-06
-2.25839987135934e-06
8.553196151175412e-06
-8.806113069026345e-06
-8.932184578004128e-06
3.28801694000963e-06
7.631827570557728e-06
7.88169633811438e-06
7.916529676271771e-06
3.157307529233402e-06
7.014953122954531e-06
-7.920397645672116e-06
7.204331281921952e-06
2.820351274183462e-06
-6.86540871609767e-06
6.928325294767385e-06
6.863673971755107e-06
-1.963193259710356e-06
6.924015075271762e-06
7.131786765286502e-06

-0.0005638698031528252
-0.0003352808767614741
-0.0001029966253773017
0.0001031600541628905
0.0001133254705195474
-5.975070026376141e-05
8.032872686094834e-05
-6.345886017804219e-05
-4.842982193676481e-05
-3.24912928557559e-05
4.147865416266383e-05
-6.19789474614925e-06
4.334161647857675e-05
-2.092045383477026e-05
4.341416819831677e-05
3.133873412185917e-05
-2.452440491462444e-05
-3.120116247377176e-05
2.291867945215636e-05
3.660356916663339e-06
-2.005016564461338e-05
-2.448880718979132e-05
1.903220170296183e-05
1.774793554880903e-05
2.033684622201959e-05
1.623636230630966e-05
-2.882444252258848e-07
1.885671087434304e-05
-1.646228179294836e-05
-1.52973438388488e-05
1.62364849368648e-05
1.409714615521248e-05
1.957170610325311e-06
-1.413438874014337e-05
-1.50408982251475e-05
-1.223165542921523e-05
2.529058932953172e-06
1.34428003948375e-05
1.277102424162681e-05
1.129506871767227e-05
-1.26785537693916e-05
1.067063789781661e-06
1.169796098982102e-05
1.074016115375308e-05
1.140553327485657e-05
2.664004864314734e-06
-1.008933645502967e-05
1.038767684551435e-05
1.053639059519963e-05
-3.878539506325674e-06
-9.002491555817405e-06
-9.297236353089352e-06
-9.338325702876275e-06
-3.724354895110396e-06
-8.27482744728458e-06
9.342888353379563e-06
-8.498217619729715e-06
-3.326881837350194e-06
8.098425104943513e-06
-8.172641400182204e-06
-8.096378803290566e-06
2.315779618920068e-06
-8.16755707218211e-06
-8.41264422431845e-06

-0.000400394413937256
-0.0002380772820331712
-7.313616232838381e-05
7.32522103459214e-05
8.047050063543901e-05
-4.242796205912979e-05
5.704007083550227e-05
-4.506106372083293e-05
-3.438919775995775e-05
-2.307151773039845e-05
2.945329104607112e-05
-4.401020272149323e-06
3.077614908982627e-05
-1.485526056835542e-05
3.082766683935502e-05
2.225310525954056e-05
-1.74143652986153e-05
-2.215541795819254e-05
1.627416679551882e-05
2.599157561292347e-06
-1.423728363841602e-05
-1.738908795604622e-05
1.351444465406629e-05
1.26025089709217e-05
1.444085066957653e-05
1.152916636745775e-05
-2.046774930381086e-07
1.338983158365942e-05
-1.168958797530198e-05
-1.086238522955252e-05
1.152925344530468e-05
1.001014514599664e-05
1.389753760735381e-06
-1.003659047590226e-05
-1.068028753497841e-05
-8.685491721110939e-06
1.795841989785571e-06
9.545505284509105e-06
9.06848839575739e-06
8.020437331992209e-06
-9.002826676806331e-06
7.577039564007068e-07
8.306524322798296e-06
7.626406852594303e-06
8.098876346461852e-06
1.89166481413213e-06
-7.164267237501562e-06
7.376113704747336e-06
7.481712824117312e-06
-2.754085329422422e-06
-6.392517049721463e-06
-6.601810347031508e-06
-6.630987199633189e-06
-2.644601443788092e-06
-5.875815068790785e-06
6.634227060608213e-06
-6.034440653399617e-06
-2.362362545501854e-06
5.750554747886222e-06
-5.803254484370414e-06
-5.749101703688284e-06
1.644395954777879e-06
-5.799644189016548e-06
-5.973676432092156e-06

-0.001428652303800546
-0.0008494865203408795
-0.0002609580532708534
0.0002613721256502038
0.000287127797289157
-0.0001513877407661507
0.0002035253883957232
-0.0001607829436565023
-0.0001227045255762629
-8.23217702603018e-05
0.0001050926552489379
-1.570333534140105e-05
0.000109812761538951
-5.300524057232454e-05
0.0001099965826638413
7.940158251253888e-05
-6.213641408837914e-05
-7.905302323369973e-05
5.806805758406559e-05
9.274086522252016e-06
-5.080022937849126e-05
-6.204622168701484e-05
4.822105858005092e-05
4.496716949150971e-05
5.152657944208835e-05
4.113736235666314e-05
-7.303123165212257e-07
4.777642512884661e-05
-4.170976469713807e-05
-3.875821225965841e-05
4.113767306031199e-05
3.571732378475917e-05
4.958797732629113e-06
-3.581168369633141e-05
-3.81084672037029e-05
-3.099081137266078e-05
6.407766209169454e-06
3.405943649799391e-05
3.235738658584681e-05
2.861782250948312e-05
-3.212309818725111e-05
2.703572940155466e-06
2.963861307067418e-05
2.721187743995553e-05
2.889770173559206e-05
6.749672824226271e-06
-2.556291131343229e-05
2.63188033363403e-05
2.669559287163486e-05
-9.826886224640907e-06
-2.28092198398768e-05
-2.355600186525054e-05
-2.366010815700347e-05
-9.436235406339793e-06
-2.09655690551855e-05
2.367166834538923e-05
-2.153156298271584e-05
-8.429175272077891e-06
2.051862614143171e-05
-2.07066647286781e-05
-2.051344151627785e-05
5.867389722178804e-06
-2.069378278878029e-05
-2.131474940656922e-05

-0.001000555569053119
-0.000594937247153314
-0.0001827617768121737
0.00018305177209236
0.0002010897374004064
-0.0001060242906597908
0.0001425388530584661
-0.0001126042139548623
-8.593602242252857e-05
-5.765399003604751e-05
7.360156225287364e-05
-1.099781912418146e-05
7.690728515166511e-05
-3.712218046514787e-05
7.703602413853301e-05
5.560883873786153e-05
-4.351719098603317e-05
-5.536472550847067e-05
4.06679205607155e-05
6.495099537540363e-06
-3.557790252996842e-05
-4.345402480540863e-05
3.377158219643048e-05
3.14927234146445e-05
3.608660125203971e-05
2.881052086127003e-05
-5.114736829246233e-07
3.346018349248514e-05
-2.921140241093724e-05
-2.714428487588381e-05
2.881073846231919e-05
2.501460091405427e-05
3.472890271476186e-06
-2.508068580732755e-05
-2.668923641345397e-05
-2.170439149253354e-05
4.487674256864529e-06
2.385350079667691e-05
2.266147141774963e-05
2.004247052264622e-05
-2.249738771357672e-05
1.893445280155595e-06
2.075738042628311e-05
1.90578179480703e-05
2.023848372866944e-05
4.727128298189257e-06
-1.790296575859745e-05
1.84323541696865e-05
1.869623843802522e-05
-6.882252394342976e-06
-1.597442000117749e-05
-1.649742823232966e-05
-1.657033899565409e-05
-6.608660386853851e-06
-1.468322055740413e-05
1.657843516491172e-05
-1.507961397988203e-05
-5.90336657741646e-06
1.437020442308764e-05
-1.450189710658098e-05
-1.436657337475701e-05
4.109221989642833e-06
-1.449287524964035e-05
-1.492776875449742e-05

-6.571303629646479e-05
-3.907342493055665e-05
-1.20031626875543e-05
1.202220857661268e-05
1.320687987899596e-05
-6.963309461214867e-06
9.361459887317597e-06
-7.395456112210122e-06
-5.643981339305178e-06
-3.786515069317695e-06
4.833896568461841e-06
-7.222988004294956e-07
5.051005038612198e-06
-2.438056683455712e-06
5.059460170883962e-06
3.652196590966721e-06
-2.858058901726646e-06
-3.636164076661054e-06
2.670928654610361e-06
4.265757193923806e-07
-2.336633838863387e-06
-2.853910364996256e-06
2.218000953992627e-06
2.068333374812956e-06
2.370043415136017e-06
1.892175568916005e-06
-3.359182611194459e-08
2.197549361924553e-06
-1.918504085418917e-06
-1.782742940492173e-06
1.89218986018193e-06
1.642872648607289e-06
2.280874461373828e-07
-1.647212876302955e-06
-1.752856928118432e-06
-1.425469519197934e-06
2.947349557095825e-07
1.566615600509008e-06
1.488327225265794e-06
1.316320286108065e-06
-1.477550773916401e-06
1.243549506589969e-07
1.363273101031906e-06
1.251651703590338e-06
1.329193756947045e-06
3.104614706548024e-07
-1.175804997858175e-06
1.210573401465271e-06
1.227904409398952e-06
-4.520025827442802e-07
-1.049144769000715e-06
-1.08349414441885e-06
-1.088282671701548e-06
-4.340340040174678e-07
-9.643432461899804e-07
1.088814400149768e-06
-9.903769979946269e-07
-3.877127409766743e-07
9.437854268689419e-07
-9.524345477768051e-07
-9.435469521527569e-07
2.698795170489067e-07
-9.51842023351406e-07
-9.804043276912472e-07

-0.001008203790539406
-0.0005994849324368896
-0.0001841588032158157
0.0001844510152126178
0.0002026268622715581
-0.0001068347376583929
0.000143628416449319
-0.0001134649577208707
-8.659291520632257e-05
-5.809469567896606e-05
7.416417073486614e-05
-1.108188617565898e-05
7.749516249588561e-05
-3.740594147456699e-05
7.762488556035176e-05
5.60339112959874e-05
-4.384983529425991e-05
-5.57879320712118e-05
4.09787851178153e-05
6.544747914275941e-06
-3.584985911786658e-05
-4.378618627295094e-05
3.402973131733104e-05
3.173345299661833e-05
3.636244632009785e-05
2.903074775468005e-05
-5.153833748319689e-07
3.371595228956597e-05
-2.943469363279433e-05
-2.735177510354404e-05
2.903096701908408e-05
2.52058118913323e-05
3.49943695695232e-06
-2.527240193586072e-05
-2.689324826216096e-05
-2.187029931263755e-05
4.521977925480782e-06
2.403583635399792e-05
2.283469513261723e-05
2.019567466086153e-05
-2.266935717675993e-05
1.907918728029698e-06
2.091604931772952e-05
1.920349542689397e-05
2.039318618686147e-05
4.763262347445386e-06
-1.803981557644033e-05
1.857325061917938e-05
1.883915201219853e-05
-6.934860157734598e-06
-1.609652806398626e-05
-1.662353415685251e-05
-1.669700224820412e-05
-6.659176819848162e-06
-1.479545872429254e-05
1.67051603043809e-05
-1.519488216808119e-05
-5.948491762355918e-06
1.448004990256853e-05
-1.461274924160443e-05
-1.447639109858986e-05
4.140632778692909e-06
-1.46036584218183e-05
-1.504187624163573e-05

0.0007340582067897668
0.0004364760761975644
0.0001340832896301795
-0.0001342960448453422
-0.0001475296091546201
7.778478585804675e-05
-0.0001045737169530363
8.261215061838609e-05
6.304701554737184e-05
4.229788514411976e-05
-5.399783128027966e-05
8.06855674446655e-06
-5.642307691202507e-05
2.723471046207046e-05
-5.651752634872904e-05
-4.079745864012673e-05
3.192641385221215e-05
4.061836481967274e-05
-2.983604485747112e-05
-4.765133758596647e-06
2.610175000794947e-05
3.18800719450679e-05
-2.477654198758061e-05
-2.310465584490984e-05
-2.647495713732783e-05
-2.113685629684826e-05
3.752429811199574e-07
-2.454808413747963e-05
2.143096329159504e-05
1.991442124442256e-05
-2.113701594000268e-05
-1.835197729987825e-05
-2.547888077290335e-06
1.840046052235289e-05
1.958057466091641e-05
1.592344012791702e-05
-3.292384970448619e-06
-1.75001354867623e-05
-1.66256024019429e-05
-1.470417078925178e-05
1.650522229176227e-05
-1.389127290871289e-06
-1.522866487843925e-05
-1.398177982411406e-05
-1.484797599803321e-05
-3.468060574702914e-06
1.313452180712112e-05
-1.352290793955331e-05
-1.371650679483847e-05
5.049168689398765e-06
1.171964302957889e-05
1.210334833908788e-05
1.215683936530844e-05
4.848447745330095e-06
1.077235376587577e-05
-1.216277912485183e-05
1.106316804335449e-05
4.331008509542625e-06
-1.054270928699812e-05
1.063932570499666e-05
1.054004536615879e-05
-3.014733232530317e-06
1.063270681412296e-05
1.095176670064239e-05

-0.0001245525128979279
-7.405978382554669e-05
-2.275079892382947e-05
2.27868985088919e-05
2.503232492621187e-05
-1.319825928548342e-05
1.7743714475387e-05
-1.401735020499669e-05
-1.069760428332183e-05
-7.17696203959967e-06
9.162169314066624e-06
-1.369045409051742e-06
9.573676787279767e-06
-4.621093524624472e-06
9.589702648114381e-06
6.922374746939642e-06
-5.41716588185269e-06
-6.891986713454858e-06
5.062479143426534e-06
8.085317736909234e-07
-4.428856628066389e-06
-5.409302743839778e-06
4.203999814918638e-06
3.9203198309183e-06
4.492181151070436e-06
3.586430261523878e-06
-6.366995943050185e-08
4.16523585988109e-06
-3.636333341295536e-06
-3.379011617828286e-06
3.586457349217209e-06
3.113901415724071e-06
4.323170283692325e-07
-3.122127884874323e-06
-3.322365659091573e-06
-2.701835445159251e-06
5.586407422527125e-07
2.969363779019567e-06
2.820975964102645e-06
2.49495394907324e-06
-2.80055027430267e-06
2.357024187087866e-07
2.583948331542242e-06
2.372381094255373e-06
2.519354330355613e-06
5.884487843987752e-07
-2.228621220589885e-06
2.294521265454529e-06
2.327370464191569e-06
-8.567258597385455e-07
-1.988549376745878e-06
-2.053655195418526e-06
-2.062731371769391e-06
-8.226682090766264e-07
-1.827816539565134e-06
2.063739210069507e-06
-1.877160922213888e-06
-7.348708702642674e-07
1.788851241362804e-06
-1.805244788276009e-06
-1.78839923629381e-06
5.11529734775361e-07
-1.804121717265116e-06
-1.858258719296788e-06

-0.0003852218684089183
-0.0002290555817418748
-7.03647406649368e-05
7.047639115906736e-05
7.74211515632071e-05
-4.082019690650482e-05
5.487859444723101e-05
-4.335351981644269e-05
-3.30860535337326e-05
-2.21972456601125e-05
2.833718806412661e-05
-4.234248014281228e-06
2.960991772631274e-05
-1.429233533899624e-05
2.965948326235289e-05
2.14098461107456e-05
-1.675446535706189e-05
-2.131586057183011e-05
1.565747353494211e-05
2.500665087215528e-06
-1.369777602619552e-05
-1.673014587410709e-05
1.300232830157969e-05
1.212494950834796e-05
1.389362908844512e-05
1.109228014838886e-05
-1.969214443174384e-07
1.288243731875162e-05
-1.124662274001292e-05
-1.045076601431608e-05
1.109236392655771e-05
9.630820715663806e-06
1.337090433090209e-06
-9.656263926262654e-06
-1.027556872957974e-05
-8.356363706350598e-06
1.727790355184797e-06
9.183787916626459e-06
8.724847105382711e-06
7.716510887619604e-06
-8.661673571554687e-06
7.28991523419435e-07
7.991756898263318e-06
7.337411798843031e-06
7.791977534113164e-06
1.819982069516898e-06
-6.892784501800896e-06
7.09660325926375e-06
7.198200805703104e-06
-2.649722022655783e-06
-6.15027901488694e-06
-6.351641352219489e-06
-6.379712577184742e-06
-2.544386919263148e-06
-5.653156938310342e-06
6.382829666881896e-06
-5.805771565188953e-06
-2.272843181514882e-06
5.532643231914927e-06
-5.583345964632968e-06
-5.531245249360171e-06
1.58208321608088e-06
-5.579872477811098e-06
-5.747309943233133e-06

0.0004609764570655196
0.0002740997830123812
8.420209628297486e-05
-8.433570305202428e-05
-9.264616335775351e-05
4.884756367654678e-05
-6.567057094014695e-05
5.187906919421116e-05
3.959248679022e-05
2.656237482905922e-05
-3.390974819513066e-05
5.066920670996247e-06
-3.543276248539554e-05
1.710294935998906e-05
-3.549207517518516e-05
-2.562013171060596e-05
2.004926177280159e-05
2.550766374270733e-05
-1.873654449200796e-05
-2.992425474114932e-06
1.639146886524725e-05
2.002015981879726e-05
-1.555926006701606e-05
-1.450934312100953e-05
-1.662583679228956e-05
-1.32735974328681e-05
2.356464083847814e-07
-1.541579230199096e-05
1.345829177888278e-05
1.250592836487612e-05
-1.327369768614288e-05
-1.152473931575795e-05
-1.600031725011474e-06
1.15551859804986e-05
1.229627821200744e-05
9.999657992465303e-06
-2.067563505094521e-06
-1.098979669491623e-05
-1.044060432938058e-05
-9.233976940547981e-06
1.036500760397136e-05
-8.72349046759311e-07
-9.563350585238926e-06
-8.78032731897387e-06
-9.324284241845597e-06
-2.177884889546081e-06
8.248263246553241e-06
-8.492163337372532e-06
-8.613740228109299e-06
3.170794729950451e-06
7.359742690533608e-06
7.600703301694697e-06
7.634294784662482e-06
3.044745284823669e-06
6.764860643634803e-06
-7.63802485577516e-06
6.947487217463338e-06
2.719801971808685e-06
-6.620647695289671e-06
6.681321213620019e-06
6.618974796901576e-06
-1.893202789199935e-06
6.677164659222122e-06
6.877529010062486e-06

0.0002980081449228038
0.0001771976998114196
5.443425608251247e-05
-5.452062905185408e-05
-5.989310485008461e-05
3.157855810664997e-05
-4.245415296580193e-05
3.353834004735833e-05
2.559541460388307e-05
1.717181848707276e-05
-2.192168602006955e-05
3.275619842380895e-06
-2.290627136355888e-05
1.105656944810542e-05
-2.294461532751548e-05
-1.656268515830037e-05
1.296127647389434e-05
1.648997782156997e-05
-1.211264215503577e-05
-1.934517806045687e-06
1.05966175804016e-05
1.294246288983609e-05
-1.005861830440621e-05
-9.379876914027625e-06
-1.074812976739781e-05
-8.581002536644165e-06
1.523386887639339e-07
-9.965870482134356e-06
8.700402168867627e-06
8.084726357348068e-06
-8.581067347547357e-06
-7.450415594046568e-06
-1.034374920627636e-06
7.47009849528572e-06
7.94919350705487e-06
6.464493972567607e-06
-1.336620895099935e-06
-7.104590431750175e-06
-6.74955321553132e-06
-5.969502989006399e-06
6.700682086529822e-06
-5.639488029492025e-07
-6.182433665478381e-06
-5.676231434473485e-06
-6.027884086168919e-06
-1.407940526767057e-06
5.332267171694876e-06
-5.489941630995414e-06
-5.568537626772736e-06
2.049828447679466e-06
4.75786394878922e-06
4.913638118237255e-06
4.935354054850202e-06
1.968341072920933e-06
4.373289655398493e-06
-4.937765439545145e-06
4.491352531816999e-06
1.758274479644035e-06
-4.280060093351332e-06
4.319283794184747e-06
4.278978612205494e-06
-1.22390166032267e-06
4.316596700200187e-06
4.446126544047933e-06

8.508931172455849e-05
5.059469203448023e-05
1.554243890045646e-05
-1.556710069792051e-05
-1.710108651578471e-05
9.016524616295294e-06
-1.212179840467324e-05
9.576094880737942e-06
7.308176803387637e-06
4.903014367270967e-06
-6.259228840120162e-06
9.352772486530148e-07
-6.540354341664871e-06
3.15694688351346e-06
-6.551302570966449e-06
-4.729090477702047e-06
3.700791783800195e-06
4.708330584568464e-06
-3.458483943131696e-06
-5.523566769559478e-07
3.025618298982535e-06
3.695420001363262e-06
-2.872005087788679e-06
-2.678206231182749e-06
-3.068879088755856e-06
-2.450106187318967e-06
4.349677818127802e-08
-2.845523098972359e-06
2.484197982124285e-06
2.308406038384263e-06
-2.450124692577605e-06
-2.127293316510114e-06
-2.95341760152816e-07
2.132913312297846e-06
2.269707777464629e-06
1.845786271765531e-06
-3.816410857835128e-07
-2.028550964868924e-06
-1.927178324963002e-06
-1.704453080649993e-06
1.913224307931191e-06
-1.61022496560486e-07
-1.765250495132789e-06
-1.620716192422562e-06
-1.721122448449037e-06
-4.020047519254687e-07
1.522505177456186e-06
-1.567525461124923e-06
-1.589966724221204e-06
5.852809553635395e-07
1.358497663833906e-06
1.402975363819995e-06
1.409175845686963e-06
5.620141260799638e-07
1.248691396823195e-06
-1.40986436064278e-06
1.28240151202341e-06
5.020344841045007e-07
-1.222071858396037e-06
1.233271276143032e-06
1.221763066542981e-06
-3.494567234810694e-07
1.232504038799245e-06
1.269488280499822e-06

7.124893800944298e-05
4.236511029766182e-05
1.301435213524481e-05
-1.303500251830413e-05
-1.431947477722567e-05
7.549923608752452e-06
-1.015010282243725e-05
8.018475842630825e-06
6.119450556956314e-06
4.105504670699674e-06
-5.24112134152711e-06
7.831478403131651e-07
-5.476519807237048e-06
2.643447317218675e-06
-5.485687230235158e-06
-3.959870722400167e-06
3.098832027704407e-06
3.942487571558833e-06
-2.89593725786973e-06
-4.625119869665988e-07
2.533480248630613e-06
3.094334003396112e-06
-2.404853304294073e-06
-2.242577191823931e-06
-2.569704367326611e-06
-2.051579220910391e-06
3.642172194629039e-08
-2.382678796815838e-06
2.08012574603485e-06
1.932927595666163e-06
-2.051594716162902e-06
-1.781274129069979e-06
-2.473023501325932e-07
1.785979993100808e-06
1.900523878469861e-06
1.545556180793514e-06
-3.19564484792552e-07
-1.698592913909248e-06
-1.613709245316518e-06
-1.427211825102362e-06
1.602024947094821e-06
-1.348310574257543e-07
-1.478120113427709e-06
-1.357095329418638e-06
-1.441169803222632e-06
-3.366158577234501e-07
1.274859025277084e-06
-1.312556443860074e-06
-1.33134747801861e-06
4.900809004276979e-07
1.137528484757251e-06
1.174771574700571e-06
1.17996350467897e-06
4.70598584212008e-07
1.045582977709582e-06
-1.180540027846565e-06
1.073809906093379e-06
4.203750519476924e-07
-1.02329329403394e-06
1.032671047883745e-06
1.023034729343098e-06
-2.926151348919318e-07
1.032028607082288e-06
1.06299710230813e-06

-0.0007645316471216739
-0.0004545957941454722
-0.0001396495772736721
0.0001398711647357805
0.0001536541026895431
-8.101391674801976e-05
0.0001089149543295411
-8.604168307135273e-05
-6.566432770136775e-05
-4.40538250235066e-05
5.623947870599062e-05
-8.403512038533106e-06
5.87654051520954e-05
-2.836532288019775e-05
5.886377553027822e-05
4.24911103288709e-05
-3.325179603381768e-05
-4.230458166904486e-05
3.107464817842277e-05
4.962951885173928e-06
-2.718532909481987e-05
-3.320353030464632e-05
2.580510684375302e-05
2.406381459385547e-05
2.757402941681275e-05
2.20143244910601e-05
-3.908206893851854e-07
2.556716487291229e-05
-2.232064094260116e-05
-2.07411416896423e-05
2.20144907615925e-05
1.911383498370774e-05
2.653660228023605e-06
-1.916433092203082e-05
-2.039343591370249e-05
-1.658448035350794e-05
3.429063909555667e-06
1.822663010207097e-05
1.731579195106883e-05
1.531459468620172e-05
-1.719041442233028e-05
1.446795044218652e-06
1.586086244290583e-05
1.456221463060244e-05
1.546436977503894e-05
3.612032450519031e-06
-1.367978383521572e-05
1.408429329618765e-05
1.428592914787096e-05
-5.258778144560322e-06
-1.220616826595405e-05
-1.260580258592675e-05
-1.266151422023828e-05
-5.049724540143245e-06
-1.121955356104199e-05
1.26677005609213e-05
-1.152244060257633e-05
-4.510804509601632e-06
1.098037570012612e-05
-1.108100301892741e-05
-1.097760119019024e-05
3.139885832730843e-06
-1.107410935368591e-05
-1.140641458277633e-05

-0.0006242909558553086
-0.0003712077111826887
-0.0001140331710390384
0.0001142141119445299
0.0001254687977931934
-6.615325305972338e-05
8.893630656275572e-05
-7.025875877113835e-05
-5.361929236106456e-05
-3.597287913007887e-05
4.59232761002704e-05
-6.862026683692443e-06
4.79858630990305e-05
-2.316217333931196e-05
4.806618905759083e-05
3.469681861101086e-05
-2.715230377710586e-05
-3.454450555011064e-05
2.537451770272247e-05
4.05258041040461e-06
-2.219862990596204e-05
-2.711289159801462e-05
2.107158660873534e-05
1.964970563466038e-05
2.251602957996718e-05
1.79761606086399e-05
-3.191310950475156e-07
2.087729115873625e-05
-1.822628837122312e-05
-1.693652214360245e-05
1.797629637957802e-05
1.560771794989168e-05
2.166890130062502e-06
-1.564895124314081e-05
-1.665259724391795e-05
-1.354233161078141e-05
2.80005882535489e-06
1.488325613633489e-05
1.413949618596644e-05
1.250538547511888e-05
-1.403711709210543e-05
1.181404412077158e-06
1.295144944287339e-05
1.189101710220807e-05
1.262768680003185e-05
2.949464812353684e-06
-1.117045364772125e-05
1.150076253550562e-05
1.166541162368469e-05
-4.294142233167596e-06
-9.967148492515404e-06
-1.029347650332135e-05
-1.033896875935855e-05
-4.12343605636562e-06
-9.161511944298342e-06
1.034402031811461e-05
-9.408839365450895e-06
-3.683371995887315e-06
8.966207307821803e-06
-9.0483762085799e-06
-8.963941735869749e-06
2.563925685970197e-06
-9.042747072260397e-06
-9.314096400814248e-06

