-0.1039665065641227
-0.06181963133956226
-0.01899037042905809
0.01902096610790141
0.02089482192977511
-0.01101710440428849
0.01481083677713066
-0.01170082506820731
-0.008929323868643721
-0.005990976652637769
0.007647671710010879
-0.0011428146251916
0.007991545087924094
-0.003857156339130214
0.008004917401689585
0.005778092998938235
-0.00452198942388057
-0.005752743595062299
0.004225915653043622
0.0006748662630391402
-0.003696723554081627
-0.004515405078524903
0.003509038324195907
0.00327250940322282
0.003749600146714325
0.002993794218552176
-5.314815470977465e-05
0.003476700365833672
-0.003035440585396339
-0.002820430055993646
0.002993800572784035
0.002599145621151116
0.0003608418745160892
-0.002606206834595537
-0.002773160747687711
-0.00225537277912228
0.0004662868525597765
0.002478510615473331
0.002354816000173945
0.00208251320611134
-0.002337759825919754
0.0001967255003249845
0.002156806226540439
0.001980353401576634
0.002102891304419208
0.0004912159861109185
-0.001860344849884071
0.001915222473425577
0.001942772924479361
-0.0007151105870827937
-0.001659826657233441
-0.001714292511606717
-0.00172175036610904
-0.0006867362423019437
-0.001525764243940593
0.001722594446872357
-0.001566961716053801
-0.0006133919757229871
0.001493146430060968
-0.001506929037710841
-0.00149276935357042
0.0004269708958984608
-0.001505988411275106
-0.001551084107663847

-0.06188320728120459
-0.03679643749381249
-0.0113034963705943
0.01132170760799794
0.0124370688149055
-0.006557628778925129
0.008815743767658084
-0.006964594723700375
-0.00531493476222296
-0.003565964292390862
0.00455206651921037
-0.0006802290148232957
0.004756747701900408
-0.002295866362531573
0.004764707204357909
0.003439251145007605
-0.002691589994598825
-0.0034241626086561
0.002515360215061233
0.0004016956058541162
-0.002200373153997809
-0.002687670843885226
0.002088658676247346
0.00194787133300942
0.002231846493349899
0.001781973775080178
-3.163497921799933e-05
0.002069410394789173
-0.001806762631000634
-0.001678783519283524
0.001781977557264093
0.001547070037681821
0.0002147812142043644
-0.001551273031026156
-0.001650647761906664
-0.001342448696213969
0.0002775444410233795
0.001475265364154493
0.001401639542039585
0.001239558783484391
-0.00139148732281294
0.0001170954504142199
0.001283779663213524
0.001178750965960801
0.001251688286757826
0.0002923828230166958
-0.001107319171958747
0.001139983569993189
0.001156382219227939
-0.0004256499343102671
-0.0009879662256161467
-0.001020385529362071
-0.001024824612403157
-0.0004087608849652237
-0.0009081692565279894
0.001025327028292078
-0.0009326909201909572
-0.0003651047249039624
0.0008887543987618112
-0.0008969581173848401
-0.0008885299543369182
0.0002541426977510019
-0.0008963982353354684
-0.0009232402099225896

-0.01866612284182992
-0.01109908249066972
-0.003409526769305596
0.003415019910486683
0.003751451556742991
-0.001978008408361611
0.002659134252066494
-0.002100763460198102
-0.001603168767855454
-0.001075618579834011
0.001373061232034881
-0.0002051806767799007
0.001434800179761163
-0.0006925129681257196
0.001437201041919401
0.001037397497269981
-0.0008118769483088041
-0.00103284627109136
0.0007587199311180424
0.0001211653347219935
-0.0006637089025415284
-0.0008106947964474252
0.0006300119392383391
0.0005875455907900036
0.0006732023539064652
0.0005375051301950489
-9.542207557192788e-06
0.0006242059895793274
-0.0005449823093851291
-0.0005063793680474283
0.0005375062710330875
0.000466650011158716
6.478546773170445e-05
-0.0004679177798067229
-0.000497892647230149
-0.0004049291136206401
8.371703500541336e-05
0.0004449912297931244
0.0004227831268149408
0.0003738939453647109
-0.0004197208651846649
3.532005139485182e-05
0.0003872324972831516
0.0003555521973927932
0.0003775526244809696
8.819280594938134e-05
-0.0003340058894326404
0.0003438586054284509
0.0003488050071183875
-0.0001283907914686091
-0.0002980048989241372
-0.0003077836859768799
-0.0003091226674714817
-0.0001232964680874466
-0.0002739353638621925
0.0003092742135390771
-0.0002813319485950826
-0.0001101282552183114
0.0002680791690079271
-0.0002705536952377504
-0.0002680114687807001
7.665825712650836e-05
-0.0002703848153816144
-0.0002784812864112873

0.01864787164120992
0.01108823012550179
0.003406193031622077
-0.003411680801769458
-0.003747783494790226
0.001976074368357438
-0.002656534226709039
0.002098709393817201
0.001601601235322618
0.001074566870774323
-0.001371718692063784
0.0002049800569871985
-0.00143339727321391
0.0006918358487678582
-0.001435795787878456
-0.001036383159691926
0.0008110831182677483
0.001031836383571111
-0.0007579780764867226
-0.0001210468627258423
0.000663059946974631
0.000809902122280535
-0.0006293959315969551
-0.0005869711055291832
-0.000672544115913875
-0.0005369795730639783
9.532877459773218e-06
-0.0006235956588293402
0.0005444494412827441
0.0005058842447955489
-0.0005369807127865509
-0.0004661937341346908
-6.472212235582173e-05
0.0004674602631952512
0.0004974058220513101
0.0004045331855238862
-8.363517888488274e-05
-0.00044455613010578
-0.0004223697415750826
-0.0003735283625670025
0.0004193104741366271
-3.528551645959767e-05
-0.0003868538724312245
-0.0003552045486312032
-0.0003771834643313053
-8.810657354802505e-05
0.0003336793080343549
-0.0003435223903265891
-0.0003484639555662867
0.0001282652546276959
0.0002977135182638407
0.00030748274389888
0.0003088204161754748
0.0001231759123301545
0.0002736675177042382
-0.0003089718140654229
0.0002810568702685102
0.000110020574962633
-0.0002678170488699775
0.0002702891555786035
0.0002677494148380999
-7.65833028769215e-05
0.0002701204408487191
0.0002782089953806234

0.02020265478384136
0.01201272132816722
0.003690187452431918
-0.003696132770374524
-0.004060258329027009
0.002140831353798559
-0.00287802516749707
0.002273691185282133
0.001735136185037737
0.001164159854276585
-0.001486086977082149
0.0002220704543961337
-0.001552908065650204
0.0007495182875912653
-0.001555506558641214
-0.001122792541792292
0.0008787079059014599
0.001117866674104802
-0.0008211751832924478
-0.0001311392542467193
0.0007183431689929753
0.0008774284433070883
-0.0006818723859242871
-0.0006359103516613248
-0.0007286180890845745
-0.0005817507300196732
1.032768972898498e-05
-0.0006755885101756816
0.0005898434052486791
0.0005480628006684145
-0.0005817519647674424
-0.0005050630578290598
-7.011838777046699e-05
0.0005064351848942127
0.0005388774817695125
0.0004382615052801506
-9.060833747171149e-05
-0.0004816213990191686
-0.0004575852003035727
-0.0004046716272026729
0.0004542708636792374
-3.82274782676705e-05
-0.0004191081634887498
-0.0003848200487281047
-0.0004086314763781569
-9.54525387038781e-05
0.0003615001217527237
-0.0003721638799224217
-0.0003775174526276414
0.0001389594860937518
0.0003225356517723057
0.0003331193954193749
0.0003345685973302219
0.0001334458152849736
0.0002964847941954952
-0.0003347326181560294
0.0003044902407046765
0.000119193639781228
-0.0002901465372375129
0.0002928247580759815
0.0002900732641571862
-8.296850493164277e-05
0.0002926419766031479
0.0003014049216755652

-0.01050914557603902
-0.006248853853756335
-0.001919585200829172
0.001922677874161779
0.002112091025293502
-0.001113631282202
0.001497109453205446
-0.001182743155132945
-0.0009025941866511587
-0.0006055800840670537
0.0007730421842040669
-0.0001155180226735476
0.0008078016034397333
-0.0003898891942905897
0.0008091533040657198
0.0005840613721130733
-0.0004570918723672372
-0.0005814990029021328
0.0004271641344656725
6.821685210969841e-05
-0.0003736723226364245
-0.0004564263133697064
0.0003547007185261235
0.0003307918949475893
0.0003790171959801786
0.0003026187981806156
-5.372323389546114e-06
0.0003514319320357635
-0.0003068284974990884
-0.0002850947966326515
0.00030261944047973
0.0002627269166650411
3.647462932575826e-05
-0.0002634406784565476
-0.0002803167189737116
-0.0002279776597998431
4.713322180087756e-05
0.000250532885355187
0.0002380295824922244
0.0002105046631874945
-0.0002363055097677612
1.988541300231443e-05
0.0002180143525360858
0.0002001781427211146
0.000212564522740237
4.965310923616343e-05
-0.0001880474346518433
0.0001935945762621952
0.0001963794317929923
-7.228483009566319e-05
-0.000167778648608736
-0.0001732841677552113
-0.0001740380228309377
-6.941669371416641e-05
-0.0001542273476739677
0.0001741233442282775
-0.0001583916718019013
-6.200290633096549e-05
0.0001509302728200026
-0.0001523234467854123
-0.0001508921571624845
4.315908507482977e-05
-0.0001522283663551968
-0.0001567867309080792

0.01458064658191249
0.008669813252122268
0.002663279635305655
-0.002667570486219232
-0.002930366942376385
0.001545079381654961
-0.002077126410865655
0.001640966890921531
0.001252281334122272
0.0008401966762126858
-0.001072537705299103
0.0001602725407367602
-0.001120763776924512
0.0005409418403164375
-0.001122639159559068
-0.0008103410869432347
0.0006341804857710415
0.0008067859929900346
-0.0005926580074514952
-9.464573540680828e-05
0.0005184421544436785
0.0006332570728778882
-0.0004921204851293708
-0.0004589487963120731
-0.0005258577629423999
-0.0004198607501807386
7.453693366399126e-06
-0.0004875852905009791
0.0004257013903677229
0.0003955475202017105
-0.0004198616413220743
-0.0003645137743814649
-5.060579621407957e-05
0.0003655040650148971
0.000388918297951383
0.000316301802278823
-6.539378909280976e-05
-0.0003475954759668768
-0.0003302480866066785
-0.0002920593377998969
0.0003278560657812054
-2.758951020557501e-05
-0.0003024784651723684
-0.000277732069778545
-0.0002949172375147324
-6.888994278615902e-05
0.0002609016275826487
-0.0002685978680406932
-0.0002724616449749511
0.0001002897479373577
0.0002327802162080201
0.0002404187086379701
0.0002414646256777641
9.631042510617076e-05
0.0002139788085936348
-0.0002415830026791521
0.0002197564941270446
8.602435447501312e-05
-0.0002094043659949735
0.0002113372897582868
0.000209351483396127
-5.987997423018883e-05
0.0002112053728352182
0.0002175297597281353

-0.01104222713434992
-0.0065658300271205
-0.002016957100643072
0.002020206651347218
0.00221922787737354
-0.001170120774616499
0.001573051063729612
-0.001242738381162866
-0.0009483787189960715
-0.000636298430535843
0.0008122551277503754
-0.0001213777309718404
0.0008487777355573412
-0.0004096665146975363
0.0008501980018600918
0.0006136881713752451
-0.00048027808154573
-0.000610995824730097
0.0004488322444760633
7.167718535586228e-05
-0.0003926270342833052
-0.0004795787617420176
0.0003726930862592257
0.0003475714758906492
0.0003982430289460595
0.0003179692849867053
-5.644837125653613e-06
0.0003692584889726959
-0.000322392523365837
-0.0002995563698742694
0.0003179699598667083
0.0002760538682360969
3.832482276909504e-05
-0.000276803835944398
-0.0002945359218850992
-0.0002395419382910712
4.952407756969577e-05
0.0002632412887136105
0.0002501037496869806
0.0002211826153646687
-0.0002482922225289084
2.089411031973615e-05
0.000229073237384826
0.0002103322770880434
0.0002233469623023794
5.217178752972866e-05
-0.0001975862329085173
0.0002034147559949436
0.0002063408746869446
-7.595151351827607e-05
-0.0001762893027626472
-0.000182074092065364
-0.000182866186809121
-7.293788951358606e-05
-0.0001620506054485126
0.0001829558361761282
-0.0001664261669581866
-6.51480341329774e-05
0.0001585862848572264
-0.000160050128254592
-0.000158546235764381
4.534835081108229e-05
-0.0001599502248230283
-0.0001647398146512101

-0.008837114853285078
-0.0052546459469486
-0.001614174508064274
0.001616775129519711
0.001776052185790549
-0.0009364498258990488
0.001258915683505046
-0.0009945658310863341
-0.0007589892475683194
-0.0005092308139647675
0.0006500492850548668
-9.713882319015544e-05
0.0006792783958135102
-0.0003278568714335655
0.000680415037569466
0.0004911357816282675
-0.0003843674393304103
-0.0004889810916150368
0.0003592012776076144
5.736338436466545e-05
-0.0003142201436585513
-0.0003838077723946044
0.0002982669680876172
0.0002781620967219557
0.0003187146346019286
0.0002544714084447014
-4.517573619935627e-06
0.0002955182535097744
-0.0002580113343223617
-0.0002397355183336718
0.0002544719485523635
0.0002209264226875725
3.067142673497985e-05
-0.0002215266232353637
-0.000235717644497625
-0.0001917058574416702
3.963421112076225e-05
0.0002106724915349681
0.0002001584946885468
0.0001770128572565433
-0.0001987087261445164
1.67215952367327e-05
0.0001833277366923625
0.0001683293114119378
0.0001787449881245453
4.175317831191894e-05
-0.0001581286286177064
0.0001627932064527014
0.0001651349846683763
-6.078413711974253e-05
-0.0001410846559270812
-0.0001457142335339132
-0.0001463481484262517
-5.837232824008244e-05
-0.0001296894000611151
0.0001464198949809225
-0.0001331911700517515
-5.213809253278645e-05
0.0001269168978673716
-0.000128088414452975
-0.0001268848465041397
3.629236925202238e-05
-0.0001280084615514172
-0.0001318415791731774

-0.006292884168889689
-0.003741818324380737
-0.001149449042619579
0.001151300937706909
0.001264721673151921
-0.0006668432381151605
0.0008964702514591073
-0.0007082274789081646
-0.000540474068706412
-0.0003626218036896166
0.0004628982335112074
-6.917227769316715e-05
0.0004837121995415894
-0.000233465938845337
0.0004845215988795789
0.0003497363830044791
-0.0002737069523431836
-0.0003482020344194229
0.000255786200680832
4.084830166129437e-05
-0.000223755264065646
-0.0002733084151215784
0.0002123950534471091
0.0001980784321475791
0.0002269557781898567
0.0001812083608986165
-3.216951232010324e-06
0.0002104377016712205
-0.0001837291319742966
-0.0001707149757685663
0.0001812087455078162
0.0001573210726466295
2.184103510503331e-05
-0.0001577484737371046
-0.000167853859321052
-0.0001365131918512767
2.82234081879858e-05
0.0001500192776501672
0.0001425322906181739
0.0001260503485145708
-0.0001414999145915135
1.190740006108722e-05
0.0001305471560688082
0.0001198668203967752
0.0001272837939431673
2.97323186540177e-05
-0.0001126029434037404
0.0001159245759160994
0.0001175921494743718
-4.32842098977947e-05
-0.0001004659792813795
-0.0001037626882315052
-0.0001042140972102048
-4.156676770435702e-05
-9.235145022634787e-05
0.0001042651877262337
-9.484505060416164e-05
-3.712738631814455e-05
9.037715935731259e-05
-9.121139296158788e-05
-9.035433567335839e-05
2.584369216755318e-05
-9.115445872941313e-05
-9.388401080606901e-05

0.007707125548517988
0.004582741844878265
0.001407772310014119
-0.001410040393703628
-0.001548950919373854
0.0008167073188381426
-0.001097939925966356
0.0008673921131170466
0.0006619383722063017
0.0004441161942058455
-0.0005669284077234025
8.471782005678465e-05
-0.0005924200336702124
0.0002859342796866832
-0.0005934113346618455
-0.0004283349479124335
0.0003352189216574906
0.0004264557750460263
-0.0003132707212333057
-5.002841001009802e-05
0.0002740412608929414
0.0003347308185366099
-0.0002601279951875306
-0.0002425939051225857
-0.0002779610476731775
-0.0002219325114533713
3.939917907774335e-06
-0.0002577307548325119
0.0002250197920448911
0.0002090808786478171
-0.0002219329824982366
-0.0001926768753045111
-2.674951503100348e-05
0.0001932003290620989
0.0002055767646234562
0.000167192702167938
-3.456624092767888e-05
-0.0001837340997413302
-0.0001745645127146443
-0.0001543784750144984
0.0001733001240119093
-1.458342864165609e-05
-0.0001598858798002868
-0.0001468052818239791
-0.0001558891207725027
-3.641425879850489e-05
0.000137908945827335
-0.0001419770707303117
-0.0001440194090969217
5.301175597668107e-05
0.0001230443616782198
0.0001270819617824009
0.000127634818879246
5.090834166745376e-05
0.0001131062009691464
-0.000127697391304043
0.0001161602046126247
4.547126881133929e-05
-0.0001106882146868101
0.0001117099311131758
0.0001106602616857625
-3.165171562464523e-05
0.0001116402016754231
0.0001149831839997812

-0.001114652521159552
-0.0006627846814043146
-0.0002036008035288387
0.000203928827924789
0.0002240189337209609
-0.0001181173014844412
0.0001587909135326686
-0.0001254476522580672
-9.573365203242455e-05
-6.423085136514996e-05
8.199271894662921e-05
-1.225241902691113e-05
8.567947673344392e-05
-4.135359723055244e-05
8.582284485980117e-05
6.194846919071544e-05
-4.848144925285798e-05
-6.167669150135479e-05
4.530716374476417e-05
7.235420390690856e-06
-3.96335547452988e-05
-4.841085673806894e-05
3.762133156320047e-05
3.508544220027871e-05
4.020045873427608e-05
3.209726270338627e-05
-5.698154780815141e-07
3.727462772546676e-05
-3.254376445987647e-05
-3.02385794864703e-05
3.209733082883321e-05
2.786613030699236e-05
3.868681544293266e-06
-2.794183545113237e-05
-2.973179268156868e-05
-2.418045039201311e-05
4.999185150740957e-06
2.657277038117198e-05
2.524660756821501e-05
2.232717701358678e-05
-2.506374379541451e-05
2.10914632183457e-06
2.312369221122716e-05
2.123189462459354e-05
2.254565601618289e-05
5.266457010515355e-06
-1.994525107826536e-05
2.053360865087038e-05
2.082898435158869e-05
-7.66689047408356e-06
-1.779544229501775e-05
-1.83793851810147e-05
-1.845934281930338e-05
-7.362681589972886e-06
-1.635812356700212e-05
1.84683924332775e-05
-1.679981260390629e-05
-6.576338234251507e-06
1.600841932398652e-05
-1.615618632005191e-05
-1.600437658679843e-05
4.577668340542645e-06
-1.614610161426303e-05
-1.662958454867067e-05

0.008030099642850959
0.004774785803107666
0.001466766286949806
-0.001469129416746303
-0.00161386111412857
0.0008509321806205751
-0.001143950095515029
0.0009037409672260824
0.0006896775007467119
0.0004627272865902914
-0.0005906860574312031
8.826799723172707e-05
-0.0006172459331101863
0.000297916615310923
-0.0006182787754700302
-0.0004462847128413863
0.0003492665749549291
0.0004443267915295275
-0.0003263986152625826
-5.212489595834224e-05
0.0002855252087655703
0.0003487580174295883
-0.0002710288950271535
-0.0002527600229968083
-0.000289609257770007
-0.0002312327948649118
4.105023745222162e-06
-0.0002685311961383579
0.0002344494507529948
0.0002178426027170994
-0.0002312332856493183
-0.0002007511747185305
-2.78704777474683e-05
0.000201296564281177
0.0002141916456127661
0.0001741990641665355
-3.601477064057948e-05
-0.0001914336440251383
-0.0001818797971279648
-0.0001608478451886781
0.0001805624230685685
-1.519456046092572e-05
-0.0001665860427728593
-0.0001529572904608741
-0.0001624217959288253
-3.794023137830936e-05
0.0001436881454262508
-0.0001479267487972485
-0.0001500546732075732
5.523326174659447e-05
0.0001282006473810245
0.0001324074467838411
0.0001329834718593046
5.304170195080619e-05
0.0001178460190234
-0.0001330486664383781
0.0001210280034626804
4.737678361968991e-05
-0.0001153267048303287
0.0001163912372112841
0.0001152975804334172
-3.297810950827343e-05
0.0001163185856981393
0.0001198016587322819

-0.003215028939728261
-0.001911691662713665
-0.0005872524962462045
0.0005881986278027335
0.0006461451809307374
-0.0003406896188239051
0.0004580058562488686
-0.0003618327907351881
-0.0002761277222699031
-0.0001852631578382685
0.0002364942968831576
-3.534005531356774e-05
0.0002471281336647301
-0.0001192775410581427
0.0002475416550684514
0.0001786800078401619
-0.0001398366391580019
-0.0001778961105093517
0.0001306809430304328
2.086936108392686e-05
-0.0001143163659270801
-0.0001396330268450092
0.0001085124443993653
0.0001011980952770198
0.0001159515057541453
9.257919084066308e-05
-1.643537530810886e-06
0.0001075124351132699
-9.386705054707836e-05
-8.721812968599936e-05
9.25793873372043e-05
8.037519646216877e-05
1.115856546088181e-05
-8.059355530011356e-05
-8.5756387830915e-05
-6.974446862162964e-05
1.441931420743113e-05
7.664471587563538e-05
7.281962084233777e-05
6.439901124205928e-05
-7.229218084607362e-05
6.083480128646944e-06
6.669642623255537e-05
6.123985221184581e-05
6.502917741743365e-05
1.519021522604604e-05
-5.752874389959617e-05
5.922576300365401e-05
6.007772485535045e-05
-2.211386444116098e-05
-5.13279796956897e-05
-5.301226537386759e-05
-5.324288982071357e-05
-2.123642474799309e-05
-4.7182273999516e-05
5.326899192002797e-05
-4.845625222053743e-05
-1.896834873578155e-05
4.617361054582274e-05
-4.659981975423435e-05
-4.616194994590614e-05
1.32035194035378e-05
-4.657073210548812e-05
-4.796525784019184e-05

0.007400114804567537
0.004400189870828642
0.001351694175371811
-0.001353871910714014
-0.001487248982496812
0.0007841740585497485
-0.001054203859729655
0.0008328398411615581
0.000635570280649821
0.0004264249755633438
-0.0005443450060223847
8.13431142994036e-05
-0.0005688211816567709
0.0002745441841997201
-0.0005697729945080955
-0.000411272369887765
0.0003218655890983562
0.0004094680532377363
-0.0003007916878273497
-4.80355451891883e-05
0.0002631249197940369
0.0003213969294004953
-0.0002497658843301443
-0.0002329302588227213
-0.0002668885631913107
-0.0002130919047940783
3.782972608212239e-06
-0.0002474641372353114
0.000216056204605719
0.0002007522124420297
-0.0002130923570749788
-0.0001850016570331727
-2.568395713159523e-05
0.0001855042591870969
0.0001973876836167
0.0001605326373288758
-3.318930639144838e-05
-0.0001764151139150399
-0.0001676107942915236
-0.0001482288605874523
0.0001663967720858643
-1.400250268574079e-05
-0.000153516879763163
-0.0001409573429906032
-0.0001496793302816979
-3.496370909435518e-05
0.0001324153895345847
-0.0001363214620556591
-0.0001382824445629867
5.090005057650855e-05
0.0001181429310760687
0.000122019694743445
0.0001225505289644698
4.888042506609573e-05
0.0001086006536432911
-0.0001226106088378516
0.0001115330020828244
4.365993617140065e-05
-0.0001062789870281007
0.0001072600037255918
0.0001062521475254472
-3.039088021978511e-05
0.0001071930519364757
0.0001104028676886785

0.005378476372717968
0.003198101364740816
0.0009824246484520613
-0.0009840074479609939
-0.001080947218247069
0.0005699454342795435
-0.0007662057550897925
0.000605316204713795
0.0004619387439188415
0.0003099298749242425
-0.0003956353152375476
5.912097716005397e-05
-0.0004134248409165519
0.0001995414188809586
-0.0004141166278776414
-0.0002989168117806794
0.0002339350823433052
0.0002976054166569885
-0.0002186183632030776
-3.49127076638455e-05
0.0001912417849668963
0.0002335944558559514
-0.0001815323063301717
-0.0001692960077856853
-0.0001939772380811457
-0.0001548772965582958
2.749501775209846e-06
-0.0001798593738564421
0.0001570317788763673
0.0001459086865414517
-0.0001548776252805624
-0.0001344610276387246
-1.866735317469883e-05
0.0001348263238376265
0.0001434633138316629
0.0001166767029601623
-2.412231498667784e-05
-0.0001282202434747404
-0.0001218211772002724
-0.0001077341967630802
0.0001209388138962435
-1.017715695541715e-05
-0.0001115775812166963
-0.0001024491861083529
-0.0001087884124321741
-2.541196835900417e-05
9.624081015021714e-05
-9.907978215530078e-05
-0.0001005050435683526
3.699465841083903e-05
8.586744667858206e-05
8.868511671990682e-05
8.907093226348582e-05
3.552677468518797e-05
7.893202539531214e-05
-8.911459890757357e-05
8.106328514127332e-05
3.173247190534661e-05
-7.724461521790456e-05
7.79576278221828e-05
7.722510800282558e-05
-2.208839126487173e-05
7.790896660197305e-05
8.024189232541898e-05

-0.003467798952844785
-0.002061991500045535
-0.0006334230981161704
0.0006344436158424525
0.0006969460069643018
-0.0003674751069278223
0.0004940149088767229
-0.0003902805841994459
-0.0002978372649484193
-0.000199828803036005
0.0002550878049495352
-3.81185392440744e-05
0.0002665576886574866
-0.0001286553059812028
0.0002670037216847977
0.0001927280766981699
-0.0001508307887525088
-0.000191882548276881
0.0001409552591573377
2.251013905941838e-05
-0.0001233040764132119
-0.0001506111681584312
0.0001170438425634248
0.0001091544292167769
0.0001250677731905073
9.985789461651709e-05
-1.772754720143813e-06
0.0001159652111669524
-0.0001012470076308065
-9.407533943368488e-05
9.985810656183027e-05
8.669440535414595e-05
1.203586728017554e-05
-8.69299318653947e-05
-9.249867341625778e-05
-7.522787501661871e-05
1.555298059415382e-05
8.267062923446769e-05
7.854479994972265e-05
6.946215039925913e-05
-7.797589189291718e-05
6.561771733710057e-06
7.1940191327577e-05
6.605461392531517e-05
7.014186110915161e-05
1.638449091495745e-05
-6.205173315492092e-05
6.38821742434484e-05
6.480111851191319e-05
-2.385248698845167e-05
-5.536345631003588e-05
-5.718016285321078e-05
-5.742891931236998e-05
-2.290606177544152e-05
-5.089180950952901e-05
5.745707359476695e-05
-5.226594965685122e-05
-2.045966649639731e-05
4.980384354280482e-05
-5.026356190748893e-05
-4.979126617045658e-05
1.424159832455564e-05
-5.023218734768193e-05
-5.173635262057374e-05

-0.004842532519739355
-0.002879423239402168
-0.0008845299260683503
0.0008859550058800982
0.0009732351122775538
-0.0005131526307293276
0.0006898563884475211
-0.0005449988440815327
-0.0004159083789790872
-0.0002790465912934357
0.0003562118241725546
-5.322980611173946e-05
0.0003722286941263944
-0.0001796579073708305
0.0003728515472586648
0.0002691309362419834
-0.0002106243785882585
-0.0002679502164445559
0.0001968339098026121
3.143379472147025e-05
-0.0001721852990807548
-0.0002103176941803228
0.0001634433315066742
0.0001524263316136837
0.0001746481751340954
0.0001394443878116125
-2.475524820945392e-06
0.000161937100123315
-0.0001413841845060054
-0.0001313694642359003
0.0001394446837779789
0.0001210625191701012
1.680722541879574e-05
-0.0001213914150506407
-0.0001291677632244221
-0.000105050331957668
2.171862190691979e-05
0.0001154436044127281
0.0001096821797298464
9.699891105954762e-05
-0.0001088877404318314
9.163043601917341e-06
0.0001004593174856168
9.22405307694348e-05
9.794807831557705e-05
2.287976643222541e-05
-8.665079486867905e-05
8.920687456571875e-05
9.049011432796415e-05
-3.330828732832875e-05
-7.731109595221273e-05
-7.984799634177086e-05
-8.019536689559146e-05
-3.198667239799381e-05
-7.106676191132154e-05
8.02346823316687e-05
-7.298565007084803e-05
-2.857045685146365e-05
6.954749547005779e-05
-7.018945919433932e-05
-6.952993207166679e-05
1.98873706225465e-05
-7.014564687186633e-05
-7.22461057935107e-05

0.003389199684860268
0.002015255508513572
0.000619066270481719
-0.0006200636577016598
-0.0006811494032058724
0.0003591461135808036
-0.0004828178323624458
0.0003814346941567474
0.00029108664551467
0.0001952995907447061
-0.0002493061218088382
3.725456491281635e-05
-0.0002605160352949012
0.0001257392739360898
-0.0002609519587772895
-0.0001883598056552278
0.000147412139128723
0.0001875334415268208
-0.0001377604429817325
-2.199993634110017e-05
0.0001205093324625539
0.0001471974963370653
-0.0001143909897098422
-0.0001066803935675412
-0.0001222330542362128
-9.759456922595126e-05
1.732574414072231e-06
-0.0001133368059931341
9.895219735098492e-05
9.194307833219653e-05
-9.759477636740201e-05
-8.472943653908965e-05
-1.176306877869368e-05
8.495962473298167e-05
9.040214817966386e-05
7.352280041778371e-05
-1.520046509186932e-05
-8.079686116715388e-05
-7.676454571237648e-05
-6.78877586169558e-05
7.620853221994512e-05
-6.413046140916664e-06
-7.030963360093164e-05
-6.455745553402921e-05
-6.855206336906087e-05
-1.601312884646808e-05
6.064530190861502e-05
-6.243425520284721e-05
-6.333237117421839e-05
2.331185933315738e-05
5.410861795340305e-05
5.588414800212363e-05
5.612726628099865e-05
2.238688528556193e-05
4.97383230968803e-05
-5.615478243356011e-05
5.108131772189184e-05
1.999593868757588e-05
-4.867501638226487e-05
4.912431501746484e-05
4.866272408188174e-05
-1.391880590825055e-05
4.909365157659332e-05
5.056372424751481e-05

0.0006596004918993751
0.0003922057265190161
0.0001204816636657457
-0.0001206757735332534
-0.0001325641812782218
6.989642842229632e-05
-9.396521578430422e-05
7.423419547003855e-05
5.66508062137722e-05
3.800888649269764e-05
-4.851954911745493e-05
7.250422408503645e-06
-5.070120412078193e-05
2.447117155998302e-05
-5.078604283499336e-05
-3.665827688449133e-05
2.868910908837264e-05
3.649745125113874e-05
-2.68107117916377e-05
-4.281591579616392e-06
2.345332891593589e-05
2.864733565981191e-05
-2.226258706986611e-05
-2.076196347696281e-05
-2.378879682442564e-05
-1.899369522419039e-05
3.371907948883673e-07
-2.205742356146946e-05
1.925791458641038e-05
1.789381132234137e-05
-1.899373553769636e-05
-1.648990417093469e-05
-2.289309180375378e-06
1.65347030202539e-05
1.759391801977048e-05
1.430888700302964e-05
-2.958289621138889e-06
-1.572455279273785e-05
-1.493979016299437e-05
-1.321220439672167e-05
1.483157972773195e-05
-1.248096536777611e-06
-1.368354573961174e-05
-1.25640662650293e-05
-1.334149029957537e-05
-3.116448910089818e-06
1.180268933369608e-05
-1.215085249391755e-05
-1.23256423533396e-05
4.536915883689314e-06
1.053053060798771e-05
1.087608135816357e-05
1.092339663940639e-05
4.356898949453284e-06
9.679990980605349e-06
-1.092875178795285e-05
9.941362395008898e-06
3.891576838397284e-06
-9.473051969280401e-06
9.560493733802334e-06
9.470659661918694e-06
-2.708855209900362e-06
9.5545260651782e-06
9.84062920072849e-06

-0.002797045133167067
-0.001663153881831111
-0.0005109041838679571
0.0005117273094812423
0.0005621402691931095
-0.0002963967846375083
0.0003984608148785571
-0.0003147911466173738
-0.0002402285379653885
-0.0001611772160378213
0.0002057478282525469
-3.074551787052706e-05
0.0002149991668796178
-0.0001037703460737279
0.000215358926636535
0.000155449937059088
-0.0001216565692961758
-0.0001547679537065642
0.0001136911992250704
1.815614911914113e-05
-9.945417007186599e-05
-0.0001214794284866404
9.440481258019543e-05
8.804139719632942e-05
0.0001008767264409994
8.054303088024064e-05
-1.429862292971041e-06
9.353481384643629e-05
-8.166345678984963e-05
-7.587895777469466e-05
8.054320183033622e-05
6.992566981707631e-05
9.707847674343008e-06
-7.011563996556992e-05
-7.460725602074632e-05
-6.067703593979364e-05
1.25446686121845e-05
6.668018656803265e-05
6.335238963455925e-05
5.602653797279068e-05
-6.289352176674549e-05
5.292570861892579e-06
5.802526754523536e-05
5.327809913878484e-05
5.657477665643199e-05
1.321534529431222e-05
-5.004946958737371e-05
5.15258603493127e-05
5.226705919869885e-05
-1.923885541006985e-05
-4.465486267600509e-05
-4.612017547646237e-05
-4.632081658999427e-05
-1.847549107668863e-05
-4.104813746191779e-05
4.63435251724749e-05
-4.215648660892718e-05
-1.650228614119168e-05
4.01706096831663e-05
-4.054140771155293e-05
-4.016046507023113e-05
1.14869384943829e-05
-4.051610172900472e-05
-4.172932608636011e-05

-0.003849701351274181
-0.002289074877748525
-0.0007031808331172539
0.000704313738607195
0.0007736994045098955
-0.0004079444728302928
0.000548419873272063
-0.0004332614758809009
-0.0003306375418307111
-0.0002218355860682036
0.0002831801614686218
-4.231646471781433e-05
0.0002959132026310997
-0.0001428238810897552
0.0002964083564654367
0.000213952869639419
-0.0001674415094905978
-0.0002130142247090581
0.000156478405762868
2.498913977792436e-05
-0.0001368833303315426
-0.0001671977024795266
0.0001299336683012704
0.0001211754081962213
0.0001388412598305988
0.0001108550631302384
-1.96798497675724e-06
0.0001287362491888178
-0.000112397156637133
-0.0001044356856507642
0.0001108552984166525
9.624190271061099e-05
1.336135547715279e-05
-9.650336732868533e-05
-0.0001026853842693185
-8.351258421925848e-05
1.726580209055138e-05
9.177499543720297e-05
8.719479606910123e-05
7.711189082487619e-05
-8.656323520159795e-05
7.284407733410803e-06
7.986283389857759e-05
7.332908854982114e-05
7.786645684032756e-05
1.81888851323e-05
-6.88853777925439e-05
7.091740203265631e-05
7.193754796385921e-05
-2.647931804562926e-05
-6.146053316988666e-05
-6.347731030414855e-05
-6.375346186017754e-05
-2.54286647433705e-05
-5.649643203127153e-05
6.37847167225424e-05
-5.802190373653202e-05
-2.271285239680965e-05
5.528865034926393e-05
-5.579899666221834e-05
-5.527468785376175e-05
1.580999967410117e-05
-5.576416687918532e-05
-5.743398314081274e-05

0.002361096611960807
0.001403934083506974
0.0004312744629191126
-0.000431969295860353
-0.0004745248724448024
0.0002502002687426089
-0.0003363565603046502
0.0002657276784489846
0.000202786426418548
0.0001360560736756028
-0.0001736798932719919
2.59535097293484e-05
-0.000181489314732306
8.759666035823246e-05
-0.0001817930021963216
-0.0001312214505827763
0.0001026951300076839
0.000130645761415688
-9.597124555373008e-05
-1.532632479294878e-05
8.395320519412977e-05
0.0001025455984322838
-7.969084248687171e-05
-7.431923145164319e-05
-8.515404138504369e-05
-6.798956336934659e-05
1.207003410660526e-06
-7.895644208756041e-05
6.893535926936697e-05
6.405243447683692e-05
-6.798970767509313e-05
-5.902702825078583e-05
-8.19477883339285e-06
5.918738957948406e-05
6.297894064325646e-05
5.121988997690737e-05
-1.058945177794184e-05
-5.628738725871626e-05
-5.347826202446909e-05
-4.729422039667441e-05
5.309091347753989e-05
-4.46766874885104e-06
-4.898142721566897e-05
-4.497415428754716e-05
-4.775701038999539e-05
-1.11555965366053e-05
4.224874016937023e-05
-4.349502010408008e-05
-4.412069541811616e-05
1.624028006844666e-05
3.769493874862648e-05
3.893186733715664e-05
3.910123645021518e-05
1.559589399120084e-05
3.46503591019622e-05
-3.912040566436787e-05
3.558596052821028e-05
1.393023352950083e-05
-3.390960313747929e-05
3.422260844374689e-05
3.390103966778762e-05
-9.696579879703127e-06
3.420124666128999e-05
3.522537740759974e-05

0.002443724399801803
0.001453065477371737
0.0004463671341138141
-0.0004470862830905373
-0.0004911311139205647
0.0002589561555702619
-0.0003481275307778708
0.0002750269549491994
0.0002098830414974372
0.0001408174258088461
-0.0001797579102835912
2.686176612376476e-05
-0.0001878406264563485
9.066215044915064e-05
-0.0001881549416190326
-0.0001358136125993892
0.0001062889987937388
0.0001352177768943816
-9.93298085520878e-05
-1.586267739578654e-05
8.689119070147343e-05
0.0001061342342841077
-8.247966442347999e-05
-7.692007110292745e-05
-8.813405077124126e-05
-7.036889303718633e-05
1.24924311454831e-06
-8.171956330524157e-05
7.134778755019852e-05
6.62939822982291e-05
-7.036904239299106e-05
-6.109270940185755e-05
-8.481559324889343e-06
6.125868265757159e-05
6.518292099694969e-05
5.30123563168341e-05
-1.096003507827307e-05
-5.825719326706347e-05
-5.534976125337655e-05
-4.894930591467004e-05
5.494885724523159e-05
-4.624017109885708e-06
-5.069555740230805e-05
-4.654804790120961e-05
-4.942829148134339e-05
-1.154599236335738e-05
4.372725651706461e-05
-4.501715065777873e-05
-4.566472180057847e-05
1.680861700526605e-05
3.901409247822256e-05
4.02943080176024e-05
4.046960428969998e-05
1.614168030649652e-05
3.586296620409487e-05
-4.048944434034312e-05
3.683130948248239e-05
1.441772920198723e-05
-3.509628710442652e-05
3.542024619204354e-05
3.508742395171575e-05
-1.003591666966147e-05
3.53981368430455e-05
3.645810757048828e-05

0.003456162862858559
0.002055072552617364
0.0006312976668928982
-0.0006323147603046451
-0.0006946074266249048
0.0003662420557994406
-0.0004923572574348186
0.0003889710100112598
0.000296837881401871
0.0001991582837914658
-0.0002542318658672671
3.799063368818865e-05
-0.000265663262742371
0.0001282236071606888
-0.0002661077991199685
-0.0001920813837169638
0.0001503246807991634
0.0001912386924394606
-0.0001404822882320338
-2.243460699793219e-05
0.0001228903334747483
0.0001501057971350883
-0.0001166511056420556
-0.0001087881649730916
-0.000124648112223101
-9.952282460139501e-05
1.766806297605709e-06
-0.0001155760935592772
0.0001009072764908336
9.375967260002346e-05
-9.952303583547629e-05
-8.640350501194224e-05
-1.199548130721831e-05
8.663824122144957e-05
9.218829703569649e-05
7.497545025522838e-05
-1.550079305842212e-05
-8.239323054608038e-05
-7.828124535135794e-05
-6.922907234493833e-05
7.771424624760493e-05
-6.539753915664203e-06
-7.169879828511536e-05
-6.583296975212869e-05
-6.990650230694824e-05
-1.632951327256809e-05
6.184352052186118e-05
-6.36678196230888e-05
-6.458368040303158e-05
2.37724507208431e-05
5.517768597892371e-05
5.698829662065922e-05
5.723621838532236e-05
2.282920120778466e-05
5.072104364819634e-05
-5.726427819691858e-05
5.20905729116353e-05
2.03910147309117e-05
-4.963672831697621e-05
5.009490411117334e-05
4.962419314761894e-05
-1.419381109065766e-05
5.006363482774931e-05
5.156275292150332e-05

0.002290771201659174
0.001362117818997434
0.0004184289260598556
-0.0004191030633584564
-0.0004603911194318947
0.0002427480380851672
-0.0003263381591129484
0.0002578129629220179
0.0001967464200210229
0.000132003635009291
-0.0001685068267851795
2.518048281836434e-05
-0.0001760836441387453
8.498758834926161e-05
-0.0001763782862526335
-0.0001273130114677378
9.963634913562034e-05
0.0001267544692385126
-9.311273600080289e-05
-1.486982925015393e-05
8.145265372517464e-05
9.949127136755539e-05
-7.731724575782103e-05
-7.210562849332711e-05
-8.26177229350127e-05
-6.596448997084778e-05
1.171052738562005e-06
-7.660471952034406e-05
6.688211528081765e-05
6.214462870871269e-05
-6.596462997844302e-05
-5.726890452150884e-05
-7.95069683316114e-06
5.742448947799593e-05
6.110310895613441e-05
4.969430234954245e-05
-1.027404429424262e-05
-5.461086390778364e-05
-5.188540864438222e-05
-4.588555908335504e-05
5.150959729815487e-05
-4.334598955662077e-06
-4.752251234169118e-05
-4.363459628844539e-05
-4.633456484777299e-05
-1.08233263958517e-05
4.09903588002733e-05
-4.219951820915941e-05
-4.280655774482535e-05
1.575656231059137e-05
3.657219263974702e-05
3.777227923287564e-05
3.793660367630301e-05
1.513136931296805e-05
3.361829598832532e-05
-3.795520193421913e-05
3.452603046756136e-05
1.351532065232626e-05
-3.289960348659305e-05
3.320328591022865e-05
3.289129508037281e-05
-9.407766641352316e-06
3.318256038979756e-05
3.417618733775812e-05

-0.0002302960416735106
-0.0001369365660702036
-4.206553903032131e-05
4.213331146944674e-05
4.628408649023074e-05
-2.440397026754046e-05
3.280746075218765e-05
-2.59184788118041e-05
-1.977933095694217e-05
-1.327060275906245e-05
1.69403453192513e-05
-2.531446840390634e-06
1.770205868625524e-05
-8.543980810489403e-06
1.773167967700031e-05
1.279904451975898e-05
-1.001665150850376e-05
-1.274289309593238e-05
9.360818974345239e-06
1.494895175119438e-06
-8.18860640605576e-06
-1.000206653568148e-05
7.772865154831232e-06
7.248930321965988e-06
8.305733261445941e-06
6.631548764142087e-06
-1.177283921178022e-07
7.7012333952169e-06
-6.723799564441154e-06
-6.24753008615633e-06
6.631562839386824e-06
5.757363290017597e-06
7.993002565675459e-07
-5.773004572581268e-06
-6.142823917266738e-06
-4.995872619895252e-06
1.032871258039416e-06
5.490144882735415e-06
5.216149139094724e-06
4.612971657407066e-06
-5.178368034906804e-06
4.357663397406449e-07
4.777538007614567e-06
4.386677638494425e-06
4.658111150228587e-06
1.088091741720048e-06
-4.120846888429604e-06
4.242406224180377e-06
4.303433184048523e-06
-1.58404031265857e-06
-3.676679362009359e-06
-3.79732658854239e-06
-3.813846470065878e-06
-1.521188347117605e-06
-3.379717925689703e-06
3.81571619200735e-06
-3.470974379988696e-06
-1.35872358004159e-06
3.307466258566022e-06
-3.33799609062807e-06
-3.306630997040328e-06
9.457825455979036e-07
-3.335912510525223e-06
-3.435803915151631e-06

0.002762542712270895
0.001642638361875515
0.00050460202199675
-0.000505414994100138
-0.0005552060942882667
0.0002927406381940658
-0.0003935456769057479
0.0003109081000027102
0.0002372652442988371
0.0001591890449923419
-0.0002032098648550844
3.036626235346347e-05
-0.0002123470853453962
0.0001024903066083731
-0.0002127024073539282
-0.0001535324137796219
0.0001201558977092521
0.0001528588429035755
-0.0001122887829532335
-1.793218737774916e-05
9.822737197876473e-05
0.0001199809419866756
-9.324029988080028e-05
-8.695537920315454e-05
-9.963238067300784e-05
-7.95495075656726e-05
1.412224497258659e-06
-9.23810328517984e-05
8.06561126735473e-05
7.49429672512192e-05
-7.95496764070224e-05
-6.906311495054966e-05
-9.588098356577261e-06
6.925074175824774e-05
7.368695233360398e-05
5.992856584613953e-05
-1.23899262266088e-05
-6.585766574589895e-05
-6.257091822172673e-05
-5.533543321670715e-05
6.211771063165912e-05
-5.22728535565047e-06
-5.730950783878706e-05
-5.262089722978602e-05
-5.587690920580517e-05
-1.305232990344545e-05
4.943209382718112e-05
-5.089027285029846e-05
-5.162232878153893e-05
1.900153815013361e-05
4.410403106842372e-05
4.555126878017218e-05
4.574943492319951e-05
1.824759015301962e-05
4.054179593064685e-05
-4.577186338826561e-05
4.163647324652813e-05
1.629872531356882e-05
-3.967509272975003e-05
4.004131684922338e-05
3.966507325377869e-05
-1.134524353849917e-05
4.001632302385069e-05
4.121458188174208e-05

-0.001944961121543129
-0.001156495331786971
-0.0003552637612720887
0.0003558361321992364
0.000390891428768784
-0.0002061032965948588
0.0002770748259323665
-0.0002188940515534272
-0.0001670459875986343
-0.0001120766394345455
0.000143069384919082
-2.137928924020598e-05
0.0001495024216043057
-7.215803788405316e-05
0.0001497525851544148
0.0001080941027161574
-8.459545205602469e-05
-0.0001076198768659756
7.905663006016772e-05
1.262511059794169e-05
-6.915672967568328e-05
-8.447227492760492e-05
6.564559433731459e-05
6.122071203024409e-05
7.014592244856861e-05
5.600662707073635e-05
-9.942730405068963e-07
6.504062958616304e-05
-5.678572956284104e-05
-5.276340415996866e-05
5.600674594307283e-05
4.862370920632313e-05
6.750476092275595e-06
-4.875580737974787e-05
-5.187911007394147e-05
-4.219255330347169e-05
8.723095828530576e-06
4.636692090313425e-05
4.405289472628406e-05
3.895877003899366e-05
-4.37338150831802e-05
3.680256867266935e-06
4.034861222093979e-05
3.704760792948834e-05
3.933999482237426e-05
9.189459440755133e-06
-3.480253906059379e-05
3.582916626733258e-05
3.634456837089012e-05
-1.337798427056838e-05
-3.105133012077079e-05
-3.207025412525142e-05
-3.220977249074678e-05
-1.284716911410248e-05
-2.854334759510351e-05
3.222556319413124e-05
-2.931405235581004e-05
-1.147507581504546e-05
2.793314742618426e-05
-2.819098657958201e-05
-2.792609323977969e-05
7.987589657459304e-06
-2.817338974083101e-05
-2.901702082092157e-05

-0.001537968843593217
-0.0009144932350308909
-0.0002809231454769114
0.0002813757450909172
0.0003090955556977732
-0.0001629752107709168
0.0002190956132274063
-0.000173089439993512
-0.000132090827692268
-8.862407460781928e-05
0.0001131314420840519
-1.690557224275474e-05
0.0001182183355350077
-5.705862849969629e-05
0.0001184161511836775
8.547490246061235e-05
-6.689345515997415e-05
-8.509991060381337e-05
6.251365776172192e-05
9.983246724822057e-06
-5.468535817394341e-05
-6.679605342599796e-05
5.190894444709636e-05
4.840998960965678e-05
5.546755769873309e-05
4.428697649297616e-05
-7.862167224766474e-07
5.143057142028357e-05
-4.490304811803061e-05
-4.172241325603665e-05
4.428707049071516e-05
3.844896897472128e-05
5.33790716654652e-06
-3.855342498300345e-05
-4.102316187367126e-05
-3.336356274355629e-05
6.897746929415073e-06
3.666442425635057e-05
3.483461895904234e-05
3.080646386244249e-05
-3.458230823454057e-05
2.910145779050423e-06
3.190547501987477e-05
2.92952214283839e-05
3.110791556384558e-05
7.266521758610407e-06
-2.751994379746693e-05
2.833174442446205e-05
2.873929620964184e-05
-1.057857803444892e-05
-2.455369300131914e-05
-2.535940235741801e-05
-2.546972584762584e-05
-1.015883845029447e-05
-2.25705176349659e-05
2.548221227193091e-05
-2.317994879348433e-05
-9.073862138388276e-06
2.208800472621937e-05
-2.229188982201536e-05
-2.208242666155646e-05
6.316148889820254e-06
-2.227797520467781e-05
-2.29450725066719e-05

0.001965193046642953
0.001168525457567717
0.0003589592951975777
-0.0003595376200566634
-0.0003949575697427344
0.0002082472296603164
-0.0002799570208838162
0.0002211710369422684
0.0001687836377099101
0.0001132424859645022
-0.0001445576249911456
2.160168143807736e-05
-0.0001510575795777075
7.290864210006108e-05
-0.0001513103453856052
-0.0001092185219992522
8.547543306481032e-05
0.0001087393631445575
-7.987899499092068e-05
-1.275643985134256e-05
6.987611360549919e-05
8.53509746200674e-05
-6.632845464388067e-05
-6.185754371115969e-05
-7.087559618512857e-05
-5.658922066165294e-05
1.004615693355232e-06
-6.571719691269717e-05
5.737642755395039e-05
5.331226101326352e-05
-5.658934077050715e-05
-4.912950401724016e-05
-6.820696070029988e-06
4.926297630573568e-05
5.241876830033813e-05
4.26314497774103e-05
-8.813835442542825e-06
-4.684924009214123e-05
-4.451114289209313e-05
-3.936402796865796e-05
4.418874411044858e-05
-3.718539730847849e-06
-4.076832760306133e-05
-3.743298551901261e-05
-3.974921833837481e-05
-9.285050274445487e-06
3.51645629364117e-05
-3.620186935135574e-05
-3.672263278405479e-05
1.351714508604613e-05
3.13743330735115e-05
3.240385615575792e-05
3.254482582280503e-05
1.298080827037242e-05
2.88402619468748e-05
-3.256078078465496e-05
2.961898375267083e-05
1.15944421467564e-05
-2.822371433791614e-05
2.84842355924453e-05
2.821658677227619e-05
-8.070678370073593e-06
2.84664557074117e-05
2.93188624286352e-05

0.001010030185488161
0.0006005750868449169
0.0001844906403117434
-0.0001847878760287755
-0.0002029923055694539
0.0001070307002971103
-0.0001438866488027931
0.0001136730174418111
8.674800126874421e-05
5.820208314865706e-05
-7.429680510676104e-05
1.110239543490368e-05
-7.763752033464927e-05
3.747210963819965e-05
-7.7767431793611e-05
-5.613392751517922e-05
4.393093475504564e-05
5.58876591357866e-05
-4.105459067499008e-05
-6.556297016841688e-06
3.591351196092569e-05
4.386696812018152e-05
-3.409015794228342e-05
-3.179228954384063e-05
-3.642720580745743e-05
-2.908458338948644e-05
5.16332060525831e-07
-3.377599605335958e-05
2.948917607048011e-05
2.740035793023722e-05
-2.908464512061698e-05
-2.525058906566542e-05
-3.505563450133947e-06
2.531918845365524e-05
2.694113861225526e-05
2.191085053952852e-05
-4.52995692311438e-06
-2.407862512087518e-05
-2.287693719881258e-05
-2.023152714623414e-05
2.271123719199497e-05
-1.911179861189242e-06
-2.095328067707699e-05
-1.923904899405813e-05
-2.042949950383766e-05
-4.772142394352352e-06
1.807317102305051e-05
-1.860630479963873e-05
-1.887395625883433e-05
6.947268911749998e-06
1.612514531738226e-05
1.665427877400122e-05
1.672673151304658e-05
6.671613360074025e-06
1.482273467917064e-05
-1.673493172172419e-05
1.522296636698284e-05
5.959076932481691e-06
-1.450585400583508e-05
1.463975145244961e-05
1.450219072376823e-05
-4.148004077802057e-06
1.46306133066437e-05
1.506871607737308e-05

0.0002064077827031339
0.0001227323438482913
3.770214449374367e-05
-3.776288700033966e-05
-4.14831084262253e-05
2.18725834602637e-05
-2.940439262776569e-05
2.322999433134471e-05
1.772765096833953e-05
1.189406327060948e-05
-1.518314900323594e-05
2.268863700646615e-06
-1.586585099841556e-05
7.657726644966818e-06
-1.589239944872428e-05
-1.147141905191483e-05
8.977639445976972e-06
1.142109213016521e-05
-8.389835425480368e-06
-1.339831966841136e-06
7.339214688278962e-06
8.964567350253201e-06
-6.966597646263042e-06
-6.497009778605208e-06
-7.444192152693829e-06
-5.943668273010802e-06
1.055166046352517e-07
-6.902396140368653e-06
6.026350037748964e-06
5.599483269822174e-06
-5.943680888269961e-06
-5.16016073170566e-06
-7.163900537468116e-07
5.174179567746946e-06
5.505638112952481e-06
4.477658333372537e-06
-9.257330896403725e-07
-4.920660484365668e-06
-4.67508590346403e-06
-4.134475106739364e-06
4.641223775883113e-06
-3.905649585161456e-07
-4.281971239127145e-06
-3.931654223055437e-06
-4.174932348473966e-06
-9.752256363385172e-07
3.693397693340656e-06
-3.802347863631899e-06
-3.857044589556211e-06
1.419730214523841e-06
3.29530299049928e-06
3.403435663261761e-06
3.418241962553064e-06
1.363397787997682e-06
3.029144913376422e-06
-3.419917741073116e-06
3.110935474128267e-06
1.217785244702401e-06
-2.96438780205027e-06
2.991750820959482e-06
2.963639180924539e-06
-8.476779571985529e-07
2.989883367449471e-06
3.079413188242133e-06

-0.001243659594117241
-0.0007394937096672088
-0.000227165047287769
0.0002275310364003532
0.0002499463203977497
-0.0001317879002054291
0.000177168973581196
-0.0001399666472991694
-0.0001068136235910921
-7.166476818754901e-05
9.148234954840117e-05
-1.367048311890733e-05
9.559580338779675e-05
-4.613975832893408e-05
9.575576457969843e-05
6.911822885372792e-05
-5.409256997625003e-05
-6.881499629971693e-05
5.055090066525013e-05
8.072829707497677e-06
-4.422064246234966e-05
-5.401380726174735e-05
4.197552964161634e-05
3.914614283635594e-05
4.485315848994576e-05
3.58121189771663e-05
-6.357644851108482e-07
4.158869917568212e-05
-3.63102977213925e-05
-3.37383164501358e-05
3.581219498728644e-05
3.109128598314963e-05
4.316432993969743e-06
-3.117575304983179e-05
-3.31728754179552e-05
-2.697903476576074e-05
5.577778238029489e-06
2.964823583985497e-05
2.816858628593335e-05
2.491126819828355e-05
-2.79645583210384e-05
2.353253600339588e-06
2.579997005702338e-05
2.368922058660112e-05
2.515503340989645e-05
5.87598346910857e-06
-2.225366415962317e-05
2.291011675453694e-05
2.323967849426246e-05
-8.554237050682538e-06
-1.985504192708852e-05
-2.050656889069469e-05
-2.059578062448177e-05
-8.214819797180513e-06
-1.825137155271733e-05
2.060587761796112e-05
-1.874418056533039e-05
-7.337467043701513e-06
1.786119342215923e-05
-1.802606259785397e-05
-1.785668278875639e-05
5.107476134787296e-06
-1.801481071363674e-05
-1.855425074409968e-05

-0.001945807323879189
-0.001156998493027809
-0.0003554183273562386
0.0003559909473074222
0.0003910614955308555
-0.0002061929668145672
0.0002771953740308978
-0.0002189892867000383
-0.0001671186649922049
-0.0001121254010848673
0.0001431316307122246
-2.138859081662128e-05
0.0001495674662455559
-7.218943198212484e-05
0.0001498177386353812
0.0001081411316676787
-8.463225735169379e-05
-0.0001076666994940193
7.909102555749597e-05
1.263060345739084e-05
-6.918681798211329e-05
-8.450902663209684e-05
6.567415503943806e-05
6.124734758041512e-05
7.017644112720142e-05
5.603099410725176e-05
-9.947056230195692e-07
6.506892708377019e-05
-5.6810435566735e-05
-5.278636015397075e-05
5.603111303128355e-05
4.864486412599587e-05
6.753413050025486e-06
-4.877701977194439e-05
-5.190168133443931e-05
-4.221091019336347e-05
8.726891022163025e-06
4.638709395251716e-05
4.407206100266552e-05
3.897571999333222e-05
-4.375284253626469e-05
3.681858051950212e-06
4.036616685972055e-05
3.706372638656802e-05
3.935711063775959e-05
9.193457537144482e-06
-3.481768074620901e-05
3.58447546119297e-05
3.636038095362045e-05
-1.338380468590432e-05
-3.106483975228048e-05
-3.208420706429161e-05
-3.222378613060915e-05
-1.28527585854789e-05
-2.85557660682177e-05
3.22395837041246e-05
-2.932680614266232e-05
-1.148006832407202e-05
2.794530041697606e-05
-2.820325174952172e-05
-2.793824316148247e-05
7.991064851358328e-06
-2.818564725485271e-05
-2.902964537702643e-05

-0.001255845330226481
-0.0007467394827415918
-0.000229390876069781
0.0002297604512493958
0.000252395366677179
-0.0001330791961371447
0.0001789049263845641
-0.0001413380809585032
-0.0001078602143431953
-7.236696029671699e-05
9.237872004685491e-05
-1.380443046315016e-05
9.653247869571657e-05
-4.65918490150058e-05
9.669400723358968e-05
6.979546923456505e-05
-5.462258460912471e-05
-6.948926552038076e-05
5.104621299871896e-05
8.15192962594776e-06
-4.465392909655902e-05
-5.454305015478949e-05
4.238681801160376e-05
3.952970805674334e-05
4.529264269899099e-05
3.61630164682774e-05
-6.419938892662465e-07
4.199619726896342e-05
-3.66660765118035e-05
-3.406889422478011e-05
3.616309322316965e-05
3.139592738831143e-05
4.35872665185416e-06
-3.148122208771916e-05
-3.34979128379593e-05
-2.724338314508891e-05
5.632430921132703e-06
2.993873782268429e-05
2.844459023482915e-05
2.515535600322047e-05
-2.823856314497139e-05
2.376311459184576e-06
2.605276561959634e-05
2.39213344158827e-05
2.540150969682793e-05
5.93355805324631e-06
-2.247171199216775e-05
2.313459669931261e-05
2.34673875802074e-05
-8.638053937402951e-06
-2.004958736582168e-05
-2.07074981788917e-05
-2.079758403503265e-05
-8.295310975561248e-06
-1.843020376567335e-05
2.080777996177336e-05
-1.892784146340802e-05
-7.409361666256722e-06
1.803620255703313e-05
-1.82026871685559e-05
-1.803164772713528e-05
5.157520661969973e-06
-1.819132503512523e-05
-1.873605065489775e-05

0.0001874342170663099
0.0001114504524812433
3.423646067192329e-05
-3.429161956191376e-05
-3.766986810051607e-05
1.986199600812747e-05
-2.670146076042528e-05
2.109462997433253e-05
1.609807700154938e-05
1.080072857557986e-05
-1.378747258824889e-05
2.060303568944624e-06
-1.440741875637202e-05
6.953807552259929e-06
-1.443152680081131e-05
-1.041693496475428e-05
8.152390373185464e-06
1.037123423072024e-05
-7.618618899425764e-06
-1.216670962772565e-06
6.664574082257813e-06
8.140519900113752e-06
-6.326209013737937e-06
-5.899786942029866e-06
-6.759901732182693e-06
-5.397310094918852e-06
9.581723091198112e-08
-6.267909085151906e-06
5.472391526629084e-06
5.084763514775286e-06
-5.397321550545737e-06
-4.685824701068947e-06
-6.505375285744345e-07
4.69855488751843e-06
4.999544860359913e-06
4.066059782312708e-06
-8.406371823613215e-07
-4.468339968854363e-06
-4.245339272375402e-06
-3.754422892697569e-06
4.214589843800198e-06
-3.546631636380754e-07
-3.888360778823185e-06
-3.570245857120683e-06
-3.791161194562797e-06
-8.855802393494327e-07
3.353890516623882e-06
-3.452825690485627e-06
-3.502494544368647e-06
1.289224745887179e-06
2.992389763267314e-06
3.090582586204912e-06
3.104027850129647e-06
1.238070549456882e-06
2.750697661604787e-06
-3.105549586522806e-06
2.824969811219528e-06
1.105843107785894e-06
-2.69189320035176e-06
2.716740936024417e-06
2.691213394521551e-06
-7.697570903144248e-07
2.715045143931217e-06
2.796345139719243e-06

0.001666245870538955
0.0009907681698843381
0.0003043540400960837
-0.0003048443895861235
-0.0003348762203011993
0.000176568448105137
-0.0002373696725483896
0.0001875262726058528
0.0001431080981225218
9.601592318386245e-05
-0.0001225673712350391
1.831561156517408e-05
-0.000128078546082242
6.181770489842916e-05
-0.0001282928608969378
-9.260408873240465e-05
7.247282276927115e-05
9.219782001272847e-05
-6.77277205787947e-05
-1.081591717484878e-05
5.924648773990236e-05
7.236729707043827e-05
-5.623850228779852e-05
-5.244771089866778e-05
-6.009392800732511e-05
-4.798081053949008e-05
8.517925266382623e-07
-5.572022970783288e-05
4.864826671423699e-05
4.520234534424064e-05
-4.798091237726278e-05
-4.165587362024916e-05
-5.783124808172097e-06
4.176904196771373e-05
4.444477165659368e-05
3.614631003709149e-05
-7.47306578090785e-06
-3.972248577551486e-05
-3.774006231276599e-05
-3.337593177555747e-05
3.746670716351037e-05
-3.152871663953761e-06
-3.456660791337015e-05
-3.173864147827283e-05
-3.370252659229037e-05
-7.87259893066013e-06
2.981529365890996e-05
-3.069480396113324e-05
-3.113634832785481e-05
1.146090315125755e-05
2.660163743910838e-05
2.747454841716544e-05
2.759407363428873e-05
1.100615444050913e-05
2.445305180390823e-05
-2.760760151102641e-05
2.51133136521905e-05
9.830683749485476e-06
-2.393029404778045e-05
2.415118454263258e-05
2.392425073471726e-05
-6.84295852234725e-06
2.413610935189303e-05
2.48588470909099e-05

0.001083298725482604
0.0006441413687268767
0.0001978737649474803
-0.0001981925624231703
-0.0002177175584113001
0.0001147948080020525
-0.0001543243216901594
0.0001219189650821369
9.304078290213474e-05
6.242411702270493e-05
-7.96863652551848e-05
1.190777364601641e-05
-8.326941910901344e-05
4.019037172892431e-05
-8.340875446743743e-05
-6.020593543365366e-05
4.711772609686202e-05
5.994180251428834e-05
-4.403272931090012e-05
-7.03189697127492e-06
3.851871190966351e-05
4.704911926212934e-05
-3.656309007490178e-05
-3.409853214077653e-05
-3.906966959115767e-05
-3.11944064342913e-05
5.537872740141276e-07
-3.622613858696517e-05
3.16283486490603e-05
2.93880056755435e-05
-3.119447264345451e-05
-2.708229055481245e-05
-3.75986032119832e-06
2.715586620695577e-05
2.889547415615539e-05
2.350028425362172e-05
-4.85856426056089e-06
-2.582531124275951e-05
-2.453645174816644e-05
-2.169914116130304e-05
2.4358731706942e-05
-2.049818646552509e-06
-2.247325137237522e-05
-2.063466771014394e-05
-2.191147461999564e-05
-5.118318093754778e-06
1.938421585413911e-05
-1.995602365651026e-05
-2.024309080438737e-05
7.451230335305774e-06
1.729487853087995e-05
1.786239582631238e-05
1.794010435521091e-05
7.155578470547605e-06
1.589798979953331e-05
-1.79488994147414e-05
1.632725467056297e-05
6.39135398006905e-06
-1.555812230400389e-05
1.570173279737701e-05
1.555419328400945e-05
-4.448904196469813e-06
1.569193176188092e-05
1.616181491980919e-05

0.0007798618224066813
0.0004637144398735026
0.0001424484228666664
-0.0001426779237184937
-0.0001567338794725103
8.264025985205481e-05
-0.0001110973768581864
8.77689081121781e-05
6.697963618471981e-05
4.493883775388549e-05
-5.736585169635459e-05
8.5723520557546e-06
-5.994527585930801e-05
2.893286570217099e-05
-6.004558274972613e-05
-4.334197892280359e-05
3.391983658541047e-05
4.315183083624325e-05
-3.169896143894031e-05
-5.062230627615031e-06
2.772944540596511e-05
3.387044683731435e-05
-2.632160214712271e-05
-2.454737810648388e-05
-2.812607733348426e-05
-2.245671122699877e-05
3.986689382893486e-07
-2.607903230440968e-05
2.276910425253994e-05
2.115629154166752e-05
-2.245675889067865e-05
-1.949641771951208e-05
-2.706706334189778e-06
1.954938449664383e-05
2.080172034235714e-05
1.691774768491363e-05
-3.497658299960766e-06
-1.85915240332548e-05
-1.766367994866057e-05
-1.562111296971579e-05
1.753574009978469e-05
-1.475655114974256e-06
-1.617839138770611e-05
-1.485480337662257e-05
-1.577397086030822e-05
-3.684653902344744e-06
1.395460877626456e-05
-1.436625061090421e-05
-1.457290894422723e-05
5.364106808004376e-06
1.245050434577715e-05
1.285905746399392e-05
1.291499948030312e-05
5.151268376069552e-06
1.14448905052897e-05
-1.29213310036358e-05
1.175391633236478e-05
4.601106643343347e-06
-1.120022144198685e-05
1.130360598259902e-05
1.119739295836892e-05
-3.202745884175503e-06
1.129655026174313e-05
1.163481700871134e-05

-0.001491990400096578
-0.0008871539454802388
-0.000272524790058194
0.0002729638589524243
0.0002998549702322432
-0.000158102975191536
0.0002125456266557733
-0.0001679148338434034
-0.0001281418981136544
-8.597460805733329e-05
0.0001097493140004566
-1.640017065326837e-05
0.0001146841319109982
-5.535282871226513e-05
0.0001148760337496016
8.29195821825285e-05
-6.489363769866948e-05
-8.255580091810565e-05
6.064477680674735e-05
9.684791949639172e-06
-5.305050863759409e-05
-6.479914784431469e-05
5.035709736046338e-05
4.696274574564847e-05
5.380932386768777e-05
4.296299242477457e-05
-7.627123314083267e-07
4.989302556433422e-05
-4.356064624214783e-05
-4.047509824804057e-05
4.296308361238014e-05
3.729951542442558e-05
5.178327429890677e-06
-3.740084866161349e-05
-3.979675137900041e-05
-3.236614027245172e-05
6.691534905828875e-06
3.556832067398707e-05
3.379321843509208e-05
2.988548730044461e-05
-3.354845068159445e-05
2.82314533438843e-06
3.09516429012784e-05
2.8419424308837e-05
3.017792693369341e-05
7.049285004112637e-06
-2.669721960106906e-05
2.748475099178849e-05
2.78801187871491e-05
-1.026232549496547e-05
-2.381964654061463e-05
-2.460126876242135e-05
-2.470829406982956e-05
-9.855134261734041e-06
-2.189575931713861e-05
2.472040720546204e-05
-2.248697118845219e-05
-8.802593926833826e-06
2.142767140315966e-05
-2.162546123934882e-05
-2.142226009787967e-05
6.127324066704814e-06
-2.161196260733256e-05
-2.225911666032216e-05

-6.230882868887941e-05
-3.704951667657921e-05
-1.138123975609823e-05
1.139957624702774e-05
1.252260870476588e-05
-6.602730953069931e-06
8.876376844671483e-06
-7.012495935376599e-06
-5.35148991369242e-06
-3.590490344103567e-06
4.583374802109135e-06
-6.849075058637614e-07
4.789463744620549e-06
-2.311656912441383e-06
4.797477991089411e-06
3.462905686809456e-06
-2.710102259438715e-06
-3.447713374271425e-06
2.532660403638508e-06
4.044583949336797e-07
-2.215506919046278e-06
-2.706156153522881e-06
2.103024089505451e-06
1.96126843660583e-06
2.247196726282051e-06
1.794229865542763e-06
-3.185255883263058e-08
2.083643421874786e-06
-1.819189214690187e-06
-1.690329885997769e-06
1.794233673744894e-06
1.557710503101028e-06
2.162584402044826e-07
-1.561942403868363e-06
-1.662000616017221e-06
-1.351681813388353e-06
2.794533410452944e-07
1.485411970137067e-06
1.411279763051162e-06
1.248084242612921e-06
-1.401057718712494e-06
1.179008115556604e-07
1.292609265480282e-06
1.186858200018069e-06
1.26029717039822e-06
2.943937787221141e-07
-1.114935111169808e-06
1.147824168972893e-06
1.164335605125008e-06
-4.285774768898718e-07
-9.94761277042905e-07
-1.027403554840946e-06
-1.031873169086116e-06
-4.11572267744246e-07
-9.144154789593234e-07
1.03237904049778e-06
-9.391057981505157e-07
-3.676158485808131e-07
8.948670893458917e-07
-9.031272316470392e-07
-8.946411012294589e-07
2.55890644852512e-07
-9.025634988317635e-07
-9.295900876208837e-07

0.0008187375920216565
0.0004868304012063715
0.0001495494142349662
-0.0001497903556035938
-0.0001645469945836693
8.675984054011144e-05
-0.0001166355323409889
9.214414966534322e-05
7.031854165540972e-05
4.717901909510948e-05
-6.02255142291745e-05
8.999680043872742e-06
-6.293352155472377e-05
3.037515636062137e-05
-6.303882869960342e-05
-4.550255755207249e-05
3.561072555393079e-05
4.530293066682852e-05
-3.327914075601695e-05
-5.314580602910107e-06
2.911174609075759e-05
3.555887374856851e-05
-2.763372246326895e-05
-2.577105413280515e-05
-2.952814994580515e-05
-2.357616842683927e-05
4.185424099125398e-07
-2.737906062035368e-05
2.390413410761781e-05
2.221092339086384e-05
-2.357621846652936e-05
-2.046830558708434e-05
-2.84163445714779e-06
2.052391273481905e-05
2.183867697286553e-05
1.776108998288014e-05
-3.672015031313172e-06
-1.951830334766588e-05
-1.854420664263275e-05
-1.639981859614086e-05
1.840988904843465e-05
-1.549215874884444e-06
-1.698487709871404e-05
-1.559530880611689e-05
-1.656029638549698e-05
-3.868332282414319e-06
1.465023989996632e-05
-1.508240189942118e-05
-1.529936205996874e-05
5.631505178417528e-06
1.307115652367565e-05
1.350007583555144e-05
1.355880653681981e-05
5.408056844051391e-06
1.201541327454108e-05
-1.356545368381036e-05
1.233984390348592e-05
4.830469790378958e-06
-1.175854756580247e-05
1.186708578039436e-05
1.175557808351989e-05
-3.362401361019389e-06
1.185967833495439e-05
1.22148075308133e-05

0.0006008366594544216
0.000357264103703089
0.0001097479477526115
-0.000109924764364498
-0.0001207540334196573
6.36693530050371e-05
-8.559385120255049e-05
6.762066822471407e-05
5.160378377352519e-05
3.462267337626589e-05
-4.419694067550153e-05
6.604482005481843e-06
-4.618423195308237e-05
2.229103397226277e-05
-4.626151238306094e-05
-3.339238962841239e-05
2.613319528878241e-05
3.324589195682952e-05
-2.442214447730611e-05
-3.900144425968424e-06
2.136387096733296e-05
2.609514345651625e-05
-2.027921235682293e-05
-1.891227937578626e-05
-2.16694520273542e-05
-1.730154620766376e-05
3.071504543853519e-07
-2.00923268730242e-05
1.754222625701864e-05
1.629965100370143e-05
-1.730158292966432e-05
-1.502081799281916e-05
-2.085354540039163e-06
1.506162571095992e-05
1.602647520664324e-05
1.303410772581258e-05
-2.694735488366856e-06
-1.432365179748297e-05
-1.360880369970334e-05
-1.203512861383717e-05
1.351023373615369e-05
-1.136903569727294e-06
-1.246447813888174e-05
-1.144473313249052e-05
-1.21528964307939e-05
-2.838804360364811e-06
1.075118730039821e-05
-1.106833259166761e-05
-1.122755041599715e-05
4.132721878258125e-06
9.592365243055939e-06
9.907130863973753e-06
9.950230825064061e-06
3.968742659409848e-06
8.817600222817992e-06
-9.955108883225172e-06
9.055686048141531e-06
3.5448761126028e-06
-8.629097415725217e-06
8.708748990191403e-06
8.626918239109906e-06
-2.467523198136315e-06
8.703312981369189e-06
8.963927177899943e-06

0.0008873250932162036
0.000527613285795494
0.0001620775071518289
-0.0001623386327244025
-0.0001783314687516767
9.402790875229057e-05
-0.000126406354875205
9.986327363958213e-05
7.620928504716593e-05
5.113131230854195e-05
-6.527074186909208e-05
9.753603610806272e-06
-6.82056050975513e-05
3.291975195933799e-05
-6.831973406032802e-05
-4.931440978761721e-05
3.859391663403407e-05
4.909805970631343e-05
-3.606700970034971e-05
-5.759795048905988e-06
3.155050295160629e-05
3.853772108557809e-05
-2.994866193949664e-05
-2.792995366708972e-05
-3.200178990005447e-05
-2.555119741768206e-05
4.536046549094492e-07
-2.967266649761381e-05
2.590663752586198e-05
2.407158271497528e-05
-2.555125164929956e-05
-2.21829818735781e-05
-3.079684607309637e-06
2.224324735794709e-05
2.366815237201621e-05
1.924897669076292e-05
-3.979628041634852e-06
-2.115339579634515e-05
-2.009769680558884e-05
-1.777366851888711e-05
1.995212712251805e-05
-1.67899719518078e-06
-1.840773869643437e-05
-1.690176312284108e-05
-1.794758989587218e-05
-4.192391233198746e-06
1.587752365537774e-05
-1.634588884367697e-05
-1.658102424793289e-05
6.103269113424373e-06
1.416615689059428e-05
1.463100774404192e-05
1.469465844908055e-05
5.861102006342907e-06
1.302197163993951e-05
-1.470186244261852e-05
1.337358055698449e-05
5.235129177886388e-06
-1.274358770939902e-05
1.286121841588654e-05
1.274036946686835e-05
-3.644077333408421e-06
1.285319043198455e-05
1.323806960436824e-05

1.414096324321005e-05
8.408372690235991e-06
2.582967718176944e-06
-2.587129177165872e-06
-2.842000935116457e-06
1.498487095266613e-06
-2.014490102537223e-06
1.591483090838293e-06
1.214518452017878e-06
8.148603183514703e-07
-1.040195040925173e-06
1.554394789503884e-07
-1.08696684231059e-06
5.246295929150478e-07
-1.088785672273268e-06
-7.859050324177406e-07
6.150566018070783e-07
7.824571433340704e-07
-5.747862450471043e-07
-9.179166767679273e-08
5.028083911470942e-07
6.141610346796091e-07
-4.772804589015155e-07
-4.451090713106152e-07
-5.100003799737533e-07
-4.07199735774425e-07
7.228925228537626e-09
-4.728820242815455e-07
4.128642498676371e-07
3.836196778238794e-07
-4.072006000552796e-07
-3.535217629927845e-07
-4.907976475142384e-08
3.544821911370432e-07
3.771903615573558e-07
3.067636359425068e-07
-6.342182170884933e-08
-3.371136404458943e-07
-3.202893662971611e-07
-2.83252209531382e-07
3.179694775020664e-07
-2.675754106846402e-08
-2.933571452958173e-07
-2.693569841561477e-07
-2.860239285142005e-07
-6.681254794392253e-08
2.530340684900753e-07
-2.604982267335797e-07
-2.642454904319106e-07
9.72654834833576e-08
2.257606658804297e-07
2.331688174947947e-07
2.341831946286111e-07
9.340615820512801e-08
2.075262197890769e-07
-2.34298001937573e-07
2.131296776504685e-07
8.343026681527261e-08
-2.030897207436862e-07
2.049643566677042e-07
2.030384328256001e-07
-5.807427742355077e-08
2.048364177317971e-07
2.109700910277054e-07

-0.0005236768218159467
-0.0003113840133290522
-9.565404436553425e-05
9.580815407225085e-05
0.0001052467212970763
-5.549289295867085e-05
7.460183272677841e-05
-5.893677768785616e-05
-4.497679203651347e-05
-3.017640696710496e-05
3.852114058410396e-05
-5.756330097287367e-06
4.025322261321593e-05
-1.942840477840231e-05
4.032057863972093e-05
2.910411706457045e-05
-2.277715322023207e-05
-2.8976432719995e-05
2.128583667550926e-05
3.399285322350713e-06
-1.862030865429393e-05
-2.274398802920295e-05
1.767494261350778e-05
1.648355206188496e-05
1.888664679429134e-05
1.507967030300375e-05
-2.67705991704724e-07
1.751205708603836e-05
-1.528944206266011e-05
-1.420643913784605e-05
1.507970230913897e-05
1.309183470046221e-05
1.817551943116554e-06
-1.312740186468976e-05
-1.396834475570613e-05
-1.13602590681752e-05
2.3486757906276e-06
1.248419904490348e-05
1.186115220840229e-05
1.048956950856082e-05
-1.177524066418202e-05
9.909016680947023e-07
1.086378168617551e-05
9.974993001917479e-06
1.059221350527088e-05
2.4742432436505e-06
-9.370512780180569e-06
9.646930065266605e-06
9.785701032233164e-06
-3.601995025769807e-06
-8.360507411017698e-06
-8.634850624579982e-06
-8.672415660414733e-06
-3.459074125690443e-06
-7.685238222514962e-06
8.676667275149838e-06
-7.892748910092786e-06
-3.089640798655903e-06
7.520943069469745e-06
-7.59036573653333e-06
-7.519043744143286e-06
2.150642251640001e-06
-7.585627823527696e-06
-7.81277377411407e-06

0.0006978559388753209
0.0004149528371696129
0.0001274693478057847
-0.0001276747156388517
-0.0001402526261323666
7.395027487046486e-05
-9.941500148665628e-05
7.853962332149612e-05
5.993643431725331e-05
4.021332229844718e-05
-5.133358134056636e-05
7.670931721951574e-06
-5.36417677644896e-05
2.589044825482692e-05
-5.373152694641549e-05
-3.878438016181683e-05
3.035301732524878e-05
3.861422697864992e-05
-2.836567691964012e-05
-4.529914923304859e-06
2.481357286929966e-05
3.030882112531068e-05
-2.355377049023595e-05
-2.196611387202073e-05
-2.516849721384918e-05
-2.009528976428894e-05
3.567471547351448e-07
-2.333670792805863e-05
2.037483329608428e-05
1.893161489988285e-05
-2.009533241591323e-05
-1.744628407422484e-05
-2.422084317805047e-06
1.749368116295638e-05
1.86143284138956e-05
1.513877247878833e-05
-3.12986422293416e-06
-1.663654391915505e-05
-1.580626670058273e-05
-1.397848457835025e-05
1.569178028672119e-05
-1.320483521732433e-06
-1.447716273188164e-05
-1.329275579256388e-05
-1.41152687927855e-05
-3.297196419376958e-06
1.248722059394878e-05
-1.285557648821568e-05
-1.304050379338698e-05
4.800047502227761e-06
1.114127932672992e-05
1.150687129663183e-05
1.155693076509881e-05
4.609589962856513e-06
1.024141018243646e-05
-1.156259650104243e-05
1.051794059141371e-05
4.117280143994135e-06
-1.002246914188723e-05
1.011498234560842e-05
1.001993808570676e-05
-2.865963138292406e-06
1.010866856468841e-05
1.041136508285659e-05

0.000345801211340005
0.0002056172137382534
6.316354482995394e-05
-6.326530859156651e-05
-6.949790824784988e-05
3.664380168541122e-05
-4.926206975448777e-05
3.891791323945841e-05
2.969967071386173e-05
1.992648451946089e-05
-2.543678948782904e-05
3.801096091311503e-06
-2.658054082233135e-05
1.282922143370795e-05
-2.662501824540146e-05
-1.921841585619305e-05
1.504051133506725e-05
1.913410163951952e-05
-1.405574545241488e-05
-2.244661083304903e-06
1.229560870357234e-05
1.50186112570887e-05
-1.167135208490322e-05
-1.088463730439831e-05
-1.247148062992218e-05
-9.957607516989568e-06
1.767751642959195e-07
-1.156379335714655e-05
1.009612678225138e-05
9.38098395430378e-06
-9.957628651705765e-06
-8.6449735972354e-06
-1.200189959570387e-06
8.668459777953026e-06
9.223762320030271e-06
7.501556653375086e-06
-1.550908689499923e-06
-8.243731577366036e-06
-7.832313042480607e-06
-6.926611397308581e-06
7.775582794315822e-06
-6.543253068903291e-07
-7.173716136196419e-06
-6.586819426549166e-06
-6.994390640002211e-06
-1.633825052324039e-06
6.18766104451218e-06
-6.370188565371967e-06
-6.461823647306828e-06
2.378517038108397e-06
5.520720928839836e-06
5.701878871334162e-06
5.726684313079485e-06
2.284141617402039e-06
5.074818239170968e-06
-5.729491795603185e-06
5.211844443388793e-06
2.040192512389735e-06
-4.966328688795795e-06
5.012170783319355e-06
4.965074501154048e-06
-1.420140561496389e-06
5.00904218188188e-06
5.159034202900183e-06

-0.0004078131312596829
-0.0002424901851863187
-7.449055166320264e-05
7.461056454044452e-05
8.196084527510861e-05
-4.321506986249501e-05
5.809614963769688e-05
-4.589699382123379e-05
-3.502566015967642e-05
-2.34998657621445e-05
2.999832397930101e-05
-4.482739933762514e-06
3.134718221872294e-05
-1.512986303381119e-05
3.139963569945089e-05
2.266482039725892e-05
-1.77376996440553e-05
-2.256538626110147e-05
1.657633743655717e-05
2.647192187243707e-06
-1.450055847612149e-05
-1.771187226381784e-05
1.376435502157008e-05
1.283656007025623e-05
1.470796920410416e-05
1.174328766988016e-05
-2.084759420044526e-07
1.363750797732256e-05
-1.190664735012095e-05
-1.106325922305205e-05
1.174331259463279e-05
1.019526142977691e-05
1.415417903315192e-06
-1.022295934576931e-05
-1.087784331104121e-05
-8.846797546713826e-06
1.829030403078452e-06
9.722065387792358e-06
9.236867894365359e-06
8.168748374268145e-06
-9.169964311087676e-06
7.716643074534235e-07
8.460165969156477e-06
7.768022110079464e-06
8.248682348726882e-06
1.926816010666327e-06
-7.297283361023631e-06
7.512543219531061e-06
7.620611058716193e-06
-2.805052293791438e-06
-6.510742053425433e-06
-6.724386729508946e-06
-6.753640487261683e-06
-2.693752695729305e-06
-5.98487642269515e-06
6.756951430665712e-06
-6.146475293884354e-06
-2.406056628967076e-06
5.856931633042204e-06
-5.910994509333896e-06
-5.855452534154471e-06
1.674811857852801e-06
-5.907304861339021e-06
-6.084194686327981e-06

-0.0002895335958205145
-0.0001721598690344057
-5.288578425892326e-05
5.297098936183899e-05
5.81894412660403e-05
-3.068124494242337e-05
4.124631067169196e-05
-3.258532067713285e-05
-2.486703971668132e-05
-1.668411366352464e-05
2.129780025352338e-05
-3.182594459723777e-06
2.225544419963742e-05
-1.074169346858342e-05
2.229268440531351e-05
1.609125956283027e-05
-1.259316967961155e-05
-1.60206646732682e-05
1.17686416048239e-05
1.879417345964697e-06
-1.029490841559421e-05
-1.257483310901095e-05
9.772228744188032e-06
9.113525559184558e-06
1.044216305083171e-05
8.337338955496039e-06
-1.480109013269578e-07
9.682171612549769e-06
-8.453318829612092e-06
-7.854541648653999e-06
8.33735665124663e-06
7.238292433049995e-06
1.004899067054866e-06
-7.257957021053964e-06
-7.722902592397387e-06
-6.28092846663774e-06
1.29855001930249e-06
6.902339171472684e-06
6.557865283335724e-06
5.79953637797476e-06
-6.510365991241817e-06
5.478556833451256e-07
6.006433060945708e-06
5.51503421922692e-06
5.856286809196538e-06
1.367974509136095e-06
-5.180825552906631e-06
5.333652806592515e-06
5.410377334752897e-06
-1.991492707892693e-06
-4.622407700237862e-06
-4.774088228760469e-06
-4.79485741206702e-06
-1.912473739716025e-06
-4.24906080354612e-06
4.797208070431021e-06
-4.363790562512916e-06
-1.708219216437603e-06
4.158224309630253e-06
-4.196607131994095e-06
-4.157174199200911e-06
1.189060043333408e-06
-4.193987606104713e-06
-4.319573427571471e-06

-0.001033363407429614
-0.0006144492779288539
-0.0001887526525943872
0.0001890567549053456
0.0002076817342482844
-0.0001095032710385369
0.0001472106475893237
-0.0001162990357358572
-8.875201104554013e-05
-5.954663912636142e-05
7.601317345690419e-05
-1.13588775286962e-05
7.943106424946082e-05
-3.833777193557285e-05
7.956397685922889e-05
5.743070597587312e-05
-4.494580566232147e-05
-5.717874842511901e-05
4.200301369215919e-05
6.707757374764879e-06
-3.674316829925044e-05
-4.488036130165512e-05
3.48776920503698e-05
3.252673942327714e-05
3.72687292490595e-05
2.975648116942256e-05
-5.282601105353694e-07
3.455627254759391e-05
-3.017042055210499e-05
-2.803334755970126e-05
2.975654432662517e-05
2.583391578924235e-05
3.586547257536727e-06
-2.590409992666138e-05
-2.756351958227571e-05
-2.241702426176375e-05
4.634605766078605e-06
2.463487770822078e-05
2.340542898120478e-05
2.069890596312349e-05
-2.323590105410344e-05
1.955331000939326e-06
2.143733309003683e-05
1.968350006747294e-05
2.090145178102059e-05
4.882386087283706e-06
-1.849068855541452e-05
1.903613852702356e-05
1.930997313894539e-05
-7.107761310624591e-06
-1.649766051536748e-05
-1.703901775358514e-05
-1.711314426025649e-05
-6.825737699600649e-06
-1.516516222540828e-05
1.712153390613572e-05
-1.557463986937428e-05
-6.096740604941437e-06
1.484096113019041e-05
-1.497795180993539e-05
-1.483721322077786e-05
4.243829233475947e-06
-1.496860255917754e-05
-1.541682616523076e-05

-0.0007236153214161051
-0.0004302696501015329
-0.0001321745190446227
0.000132387467451543
0.0001454296560143576
-7.66799405697691e-05
0.0001030846257041434
-8.143869186713e-05
-6.214881864145241e-05
-4.169768360374134e-05
5.322841562554933e-05
-7.954082518074105e-06
5.562180223730117e-05
-2.684612108584926e-05
5.571487462610746e-05
4.021599610077683e-05
-3.147341329953679e-05
-4.003956219308106e-05
2.941271583140275e-05
4.697123948677026e-06
-2.572949588455329e-05
-3.142758572160762e-05
2.442319145601609e-05
2.277693097430163e-05
2.60975212596467e-05
2.08370506743471e-05
-3.699154691642775e-07
2.419811664192419e-05
-2.112691276670096e-05
-1.963042203637228e-05
2.083709490034244e-05
1.809026441508688e-05
2.511488724950936e-06
-1.813941103357643e-05
-1.930142381517213e-05
-1.569757754120778e-05
3.245394327829921e-06
1.725063498738337e-05
1.63897104284435e-05
1.449446088741208e-05
-1.627099807170587e-05
1.369225444356634e-06
1.501154633763969e-05
1.378342035872258e-05
1.46362941051067e-05
3.418903120072247e-06
-1.294815110157494e-05
1.333010381412573e-05
1.352185718888257e-05
-4.977227709399407e-06
-1.15525282109061e-05
-1.19316149766152e-05
-1.198352224909116e-05
-4.779739967456886e-06
-1.061944293669911e-05
1.198939711968923e-05
-1.090618068531365e-05
-4.269257920996244e-06
1.03924203055154e-05
-1.048834837307078e-05
-1.038979582253348e-05
2.97175207941268e-06
-1.04818015367419e-05
-1.079567124262694e-05

-4.756479833578033e-05
-2.828255363236083e-05
-8.688116679546762e-06
8.702114238256284e-06
9.559405468072045e-06
-5.040338148811981e-06
6.775975145959426e-06
-5.353141152189143e-06
-4.085176112230568e-06
-2.740878824685693e-06
3.498818750866661e-06
-5.228390274791717e-07
3.65614122337769e-06
-1.764653535875748e-06
3.662259072558873e-06
2.643484304133623e-06
-2.068815449624113e-06
-2.63188692226404e-06
1.933361353227315e-06
3.087521045596838e-07
-1.691255349092232e-06
-2.065803103922355e-06
1.605389136952951e-06
1.49717687898021e-06
1.715446452065887e-06
1.36966435605321e-06
-2.43153429336132e-08
1.590594483170765e-06
-1.388717617578125e-06
-1.290350048950145e-06
1.369667263135421e-06
1.189112161227383e-06
1.650855795746741e-07
-1.192342674628709e-06
-1.268724285117025e-06
-1.031835683979481e-06
2.133267803428013e-07
1.133921505060324e-06
1.077331073904444e-06
9.527522271762589e-07
-1.069527854232258e-06
9.000214645795717e-08
9.867413708973401e-07
9.060139971366499e-07
9.6207523099014e-07
2.24731888096906e-07
-8.511099443924808e-07
8.762165213344754e-07
8.888208849143901e-07
-3.271639298721708e-07
-7.593726367644895e-07
-7.842908288221675e-07
-7.87702805985821e-07
-3.14182633950816e-07
-6.980389258996697e-07
7.880889739198211e-07
-7.168868175649118e-07
-2.806275462206386e-07
6.831162379032394e-07
-6.894217970226859e-07
-6.829437249617755e-07
1.953396841922566e-07
-6.889914593231888e-07
-7.096227931589131e-07

-0.0007292494082560644
-0.0004336197402688494
-0.0001332036331280338
0.0001334182395566758
0.0001465619749231364
-7.727697248889686e-05
0.0001038872451565947
-8.207277554183866e-05
-6.263271088482225e-05
-4.202234280247542e-05
5.364285338978033e-05
-8.016013201840485e-06
5.60548749690564e-05
-2.70551456504686e-05
5.614867202179732e-05
4.052911884388375e-05
-3.171846607610064e-05
-4.035131121736698e-05
2.964172396637165e-05
4.733695872238848e-06
-2.592982637766347e-05
-3.167228168351652e-05
2.4613351030431e-05
2.295427272378719e-05
2.630071720744859e-05
2.099928846770447e-05
-3.727956401817801e-07
2.438652377826131e-05
-2.129140743350817e-05
-1.978326498922311e-05
2.099933303803601e-05
1.823111566249896e-05
2.531043238454337e-06
-1.828064493778907e-05
-1.945170517971688e-05
-1.581979926927635e-05
3.270663048558833e-06
1.738494885924448e-05
1.651732112033937e-05
1.460731511937518e-05
-1.639768446625037e-05
1.379886267626235e-06
1.512842660974824e-05
1.389073841148865e-05
1.475025265401421e-05
3.445522784559669e-06
-1.30489657271913e-05
1.343389233303875e-05
1.36271387043246e-05
-5.015980527790086e-06
-1.164247648207701e-05
-1.202451482675762e-05
-1.207682625053939e-05
-4.816955141392344e-06
-1.070212618278644e-05
1.208274686302611e-05
-1.099109647862696e-05
-4.302498469056029e-06
1.04733359477684e-05
-1.057001091363499e-05
-1.04706910305022e-05
2.994890214808409e-06
-1.056341310348109e-05
-1.087972660667971e-05

0.0005308682060447066
0.0003156600896976051
9.696761211833735e-05
-9.712383813441637e-05
-0.0001066920203444007
5.625494829244214e-05
-7.562630129394292e-05
5.974612611780296e-05
4.559443516951608e-05
3.059080403052724e-05
-3.905013157878355e-05
5.835378815414513e-06
-4.080599939881196e-05
1.969520506035187e-05
-4.08742803909573e-05
-2.950378892274574e-05
2.308994014075e-05
2.93743511547548e-05
-2.157814411358538e-05
-3.445965957881999e-06
1.887601176814816e-05
2.305631950922955e-05
-1.791766350214631e-05
-1.670991219736077e-05
-1.914600739271538e-05
-1.528675165293963e-05
2.713822602856743e-07
-1.775254115157906e-05
1.549940410019883e-05
1.440152885368747e-05
-1.528678409859042e-05
-1.327161812731366e-05
-1.842511448357633e-06
1.330767371710493e-05
1.41601648439607e-05
1.151626365820509e-05
-2.380928946267031e-06
-1.26556381240759e-05
-1.202403530609193e-05
-1.063361736706175e-05
1.193694398285814e-05
-1.004509210630908e-06
-1.101296840788771e-05
-1.011197444613134e-05
-1.073767092093751e-05
-2.508220752484691e-06
9.499193208669887e-06
-9.779406390046591e-06
-9.920083027266518e-06
3.651459369312977e-06
8.475317955674037e-06
8.753428583375823e-06
8.791509480505938e-06
3.506575810083698e-06
7.790775643007345e-06
-8.795819480478196e-06
8.00113596804333e-06
3.132069245335164e-06
-7.62422430919774e-06
7.694600322010524e-06
7.622298901418217e-06
-2.180175914627083e-06
7.689797345689139e-06
7.920062574690274e-06

-9.01382810668179e-05
-5.359721596199531e-05
-1.646452693156857e-05
1.6491053184866e-05
1.811567392408999e-05
-9.551757447211605e-06
1.284089859679152e-05
-1.014453879014662e-05
-7.741665380592135e-06
-5.194137566286075e-06
6.630481343343343e-06
-9.908128040168799e-07
6.928617312437437e-06
-3.344129313427044e-06
6.940211020988086e-06
5.009568831139129e-06
-3.92053524871795e-06
-4.987591063847004e-06
3.663841226243126e-06
5.851046352408239e-07
-3.205035138293981e-06
-3.914826664363621e-06
3.042313271790281e-06
2.837244244610892e-06
3.250878798208028e-06
2.595600002789718e-06
-4.607910245083675e-08
3.014276473429096e-06
-2.631707130393526e-06
-2.44529440796369e-06
2.59560551187694e-06
2.253442250545074e-06
3.128475446631545e-07
-2.259564276402029e-06
-2.404312226884986e-06
-1.95539344538635e-06
4.042676508321979e-07
2.148852489792569e-06
2.041610067503283e-06
1.805525326392159e-06
-2.026822476001229e-06
1.705597218500902e-07
1.869936889091759e-06
1.716953444166711e-06
1.823193004322727e-06
4.258810465416482e-07
-1.612906814918102e-06
1.660485355528382e-06
1.684371416366677e-06
-6.199962009170607e-07
-1.43905885363535e-06
-1.486280393064124e-06
-1.492746304137396e-06
-5.953958296086218e-07
-1.322827618310899e-06
1.493478116635174e-06
-1.358545557124665e-06
-5.318068302873628e-07
1.294548187052426e-06
-1.306497617725342e-06
-1.294221264198886e-06
3.701809736022053e-07
-1.305682100753609e-06
-1.34477977451854e-06

-0.0002785986932518339
-0.0001656578553774744
-5.088843090665204e-05
5.097041804305668e-05
5.599178310158946e-05
-2.952249711844165e-05
3.968854882632545e-05
-3.135466105093092e-05
-2.392787873363449e-05
-1.605399971477114e-05
2.049343981286615e-05
-3.062396455641305e-06
2.141491613151267e-05
-1.03360086941726e-05
2.145074987513249e-05
1.548353611362072e-05
-1.211755964518274e-05
-1.5415607402434e-05
1.132417177068381e-05
1.808436824663647e-06
-9.906097506938858e-06
-1.209991559737244e-05
9.403158036162593e-06
8.769332292891716e-06
1.004779073197483e-05
8.022460162581295e-06
-1.424209290107703e-07
9.316502119375931e-06
-8.134059789859009e-06
-7.557896807111282e-06
8.02247718998967e-06
6.964921661353502e-06
9.669467411473759e-07
-6.983843570954359e-06
-7.431229402772651e-06
-6.043714748377369e-06
1.249507289382688e-06
6.641656447840925e-06
6.310192408858418e-06
5.580503539801719e-06
-6.264487036851453e-06
5.271646526471834e-07
5.779586293409594e-06
5.306746259814946e-06
5.635110660371499e-06
1.316309803583787e-06
-4.985159752918021e-06
5.132215133663757e-06
5.206041983441553e-06
-1.916279402624013e-06
-4.447831835571596e-06
-4.593783799886147e-06
-4.613768587171823e-06
-1.840244767635431e-06
-4.088585243648704e-06
4.616030467517673e-06
-4.198981969243539e-06
-1.643704386489705e-06
4.001179398978403e-06
-4.038112605719008e-06
-4.000168948397801e-06
1.144152454333071e-06
-4.035592012266134e-06
-4.156434796163698e-06

0.0003333631395128053
0.0001982213990634423
6.089162477383614e-05
-6.098972821005952e-05
-6.699814842553847e-05
3.532576628692538e-05
-4.749016976723976e-05
3.751808066403596e-05
2.863140771919692e-05
1.920975179096917e-05
-2.45218574276278e-05
3.664375036973367e-06
-2.56244693422046e-05
1.236776909505621e-05
-2.56673469635336e-05
-1.852715154311473e-05
1.449952144211597e-05
1.844587001180776e-05
-1.355017645558773e-05
-2.163923205973391e-06
1.185334980106776e-05
1.447840908475953e-05
-1.125154697492768e-05
-1.049312942020029e-05
-1.202289581650712e-05
-9.599443827961105e-06
1.70416764965012e-07
-1.114785701090175e-05
9.732980714585755e-06
9.043560751581201e-06
-9.599464202480573e-06
-8.3340238404912e-06
-1.157020507197653e-06
8.356665250307204e-06
8.891994198659483e-06
7.231734288931882e-06
-1.495124287811998e-06
-7.947214034560234e-06
-7.550593751160894e-06
-6.677469152415653e-06
7.495904024772669e-06
-6.307899782141414e-07
-6.915685818071665e-06
-6.349899108013623e-06
-6.742810453705956e-06
-1.575058244435126e-06
5.965097993858479e-06
-6.141060209741197e-06
-6.22939928317776e-06
2.292964516046793e-06
5.322146947023051e-06
5.496788846703069e-06
5.520702065233714e-06
2.201983670671459e-06
4.892282864221853e-06
-5.523408565839927e-06
5.024380393486568e-06
1.966809134371988e-06
-4.787695558190273e-06
4.831888765297796e-06
4.786486482236207e-06
-1.369059738960961e-06
4.828872696063271e-06
4.973469676604976e-06

0.0002154904157251397
0.0001281329776059463
3.936116499220522e-05
-3.942458037251446e-05
-4.330850398802185e-05
2.283505031213821e-05
-3.069828428228793e-05
2.425219180294044e-05
1.850772692272956e-05
1.241744184874496e-05
-1.58512583579327e-05
2.368701294465286e-06
-1.656400152506335e-05
7.994692237959329e-06
-1.659171819601934e-05
-1.197619987041286e-05
9.372685618283946e-06
1.192365839565532e-05
-8.759016254264131e-06
-1.398789056084748e-06
7.662164689538688e-06
9.359038306622614e-06
-7.273151250977607e-06
-6.782899946052281e-06
-7.771761513604546e-06
-6.205209562885571e-06
1.101596882682161e-07
-7.206124664036762e-06
6.291529601921235e-06
5.845879268004308e-06
-6.205222733241897e-06
-5.387225068362244e-06
-7.479136129535362e-07
5.40186078010161e-06
5.7479046102537e-06
4.674690281033474e-06
-9.664684428279286e-07
-5.137186008823299e-06
-4.880805324751835e-06
-4.316405844235921e-06
4.845453150263382e-06
-4.077511234123339e-07
-4.470392299940911e-06
-4.10466016308286e-06
-4.358643339954505e-06
-1.018138827167319e-06
3.85591954892123e-06
-3.969663891227697e-06
-4.026767456089417e-06
1.482203093983607e-06
3.440307347234717e-06
3.553198219398264e-06
3.568656045385599e-06
1.423391852220912e-06
3.162437424236109e-06
-3.570405563770994e-06
3.24782704331571e-06
1.271371869838601e-06
-3.094830783354659e-06
3.12339786664237e-06
3.094049220403338e-06
-8.849786234084258e-07
3.121448238937964e-06
3.214917671386163e-06

6.159039950237762e-05
3.662233075946738e-05
1.125001252878826e-05
-1.126813759761667e-05
-1.237822133990561e-05
6.526600575948156e-06
-8.774031024163213e-06
6.931640912753755e-06
5.289786514243704e-06
3.54909150687066e-06
-4.530527873332745e-06
6.770104300792166e-07
-4.734240582599116e-06
2.285003196902313e-06
-4.742162423723305e-06
-3.422977917871812e-06
2.678854415392323e-06
3.407960774711325e-06
-2.503458488086851e-06
-3.997949351661962e-07
2.189961825885317e-06
2.674953808611542e-06
-2.078775938506681e-06
-1.938654747387744e-06
-2.221286245374108e-06
-1.773542153549449e-06
3.148529453926231e-08
-2.059618732593774e-06
1.798213718043892e-06
1.670840154757047e-06
-1.773545917830403e-06
-1.539749891210509e-06
-2.137649512626835e-07
1.543932997591649e-06
1.642837525072863e-06
1.33609674003244e-06
-2.76231206385089e-07
-1.468284970057941e-06
-1.39500751730905e-06
-1.233693663200677e-06
1.384903334519422e-06
-1.16541399319331e-07
-1.277705306565923e-06
-1.173173565121331e-06
-1.245765774280456e-06
-2.909993788028283e-07
1.102079759174777e-06
-1.134589601714731e-06
-1.150910658781704e-06
4.236359208594762e-07
9.832915455369635e-07
1.015557453484164e-06
1.019975532470591e-06
4.068267840671865e-07
9.038721453311518e-07
-1.020475571119591e-06
9.282777818189824e-07
3.633771883351172e-07
-8.845491512824345e-07
8.927140530300976e-07
8.843257688443449e-07
-2.529401912531794e-07
8.921568201323914e-07
9.188717887143558e-07

5.151783762470471e-05
3.063307438718737e-05
9.410173069333773e-06
-9.425333944514306e-06
-1.035387336705099e-05
5.459233117975972e-06
-7.339116311426535e-06
5.79803271125049e-06
4.424688992295308e-06
2.968669166663189e-06
-3.789600347081138e-06
5.662913975030251e-07
-3.959997655149408e-06
1.911311253392694e-06
-3.966623949637197e-06
-2.86318033315348e-06
2.240751609139386e-06
2.850619110113866e-06
-2.094040125260639e-06
-3.344120304340913e-07
1.831813053028788e-06
2.237488911887235e-06
-1.738810628318448e-06
-1.621605011380282e-06
-1.858014642395316e-06
-1.483495113282625e-06
2.633615473721574e-08
-1.722786413000546e-06
1.504131862910035e-06
1.39758911266406e-06
-1.483498261942342e-06
-1.287937495432851e-06
-1.788055953190009e-07
1.291436491986168e-06
1.374166063934208e-06
1.117590005254233e-06
-2.310560501682501e-07
-1.228160026318378e-06
-1.166866449027262e-06
-1.031934040575195e-06
1.158414715441735e-06
-9.748209031216047e-08
-1.068747971236506e-06
-9.813114660899576e-07
-1.042031865285809e-06
-2.434090193769169e-07
9.218444196009285e-07
-9.490375666304733e-07
-9.626894600195881e-07
3.543540350273555e-07
8.22482961458012e-07
8.494720672347504e-07
8.531676087084426e-07
3.402938830117997e-07
7.560518975768647e-07
-8.535858704864978e-07
7.76466209351902e-07
3.039500820966296e-07
-7.398890072894527e-07
7.467186120012883e-07
7.397021570710607e-07
-2.115740733450406e-07
7.462525095862113e-07
7.685984827369307e-07

-0.0005530110761187055
-0.0003288264844339281
-0.0001010121964654156
0.0001011749387737516
0.0001111422163017533
-5.860138003741541e-05
7.878072520681913e-05
-6.223817723893856e-05
-4.749620973910806e-05
-3.186676704996575e-05
4.067893884219692e-05
-6.078776392198031e-06
4.25080450904548e-05
-2.051670531553019e-05
4.257917412873641e-05
3.073441181063433e-05
-2.405303708031363e-05
-3.059957510624358e-05
2.247818302363512e-05
3.589699516637669e-06
-1.966334291991494e-05
-2.401801410963644e-05
1.866502130289372e-05
1.740689387854416e-05
1.994460024364725e-05
1.59243723502264e-05
-2.827017969644566e-07
1.849301158798442e-05
-1.614589467414675e-05
-1.500222631238554e-05
1.59244061492071e-05
1.38251862493395e-05
1.919363840620978e-06
-1.386274574204595e-05
-1.475079484740876e-05
-1.199661476422146e-05
2.48023909464727e-06
1.318351330570142e-05
1.252556590919936e-05
1.107715270237679e-05
-1.243484194827434e-05
1.046407965700332e-06
1.14723267303652e-05
1.053375170422286e-05
1.118554639999653e-05
2.61284032775144e-06
-9.895410949028813e-06
1.018731201074608e-05
1.03338563651597e-05
-3.803764196528067e-06
-8.828829170306432e-06
-9.11853997942042e-06
-9.158209256391931e-06
-3.652837446556521e-06
-8.115734137177081e-06
9.162699029361625e-06
-8.334868732915349e-06
-3.262709961001316e-06
7.94223583517128e-06
-8.015547278829643e-06
-7.940230117336338e-06
2.27111251897915e-06
-8.010543967136081e-06
-8.250413713773489e-06

-0.00045148553355237
-0.0002684582772062976
-8.246768895949326e-05
8.260055392558821e-05
9.073797071003654e-05
-4.784293927490635e-05
6.431762271975116e-05
-5.081206845852669e-05
-3.877653183057317e-05
-2.601644875744971e-05
3.321082199007834e-05
-4.962793190398904e-06
3.470412844645991e-05
-1.67501087159617e-05
3.476219913108354e-05
2.50919790108456e-05
-1.963721659243666e-05
-2.498189654769201e-05
1.835148497737253e-05
2.93067801270317e-06
-1.605341240527628e-05
-1.960862337742557e-05
1.523836947508154e-05
1.421121765842672e-05
1.62830345925311e-05
1.300086753684907e-05
-2.308014742391447e-07
1.509793847601322e-05
-1.318172128268651e-05
-1.224801535379888e-05
1.300089513078521e-05
1.128706432799683e-05
1.566993944760839e-06
-1.131772839302701e-05
-1.204274339086461e-05
-9.794194459290224e-06
2.024899896840839e-06
1.07631940768654e-05
1.022603714784786e-05
9.043533509627099e-06
-1.015196891002446e-05
8.543012592505714e-07
9.366158796129083e-06
8.599893770428297e-06
9.132027553452116e-06
2.133157291789481e-06
-8.078743961875132e-06
8.317055837141019e-06
8.436696580157202e-06
-3.105443239636739e-06
-7.207972535698579e-06
-7.444496259858618e-06
-7.476882780588893e-06
-2.982224651110635e-06
-6.625792349062718e-06
7.480548290437898e-06
-6.804696722134636e-06
-2.663719428385278e-06
6.484146047865487e-06
-6.543998477023724e-06
-6.482508553380011e-06
1.854166203298468e-06
-6.539913707388599e-06
-6.735746531035522e-06

