-0.1447768152049345
-0.08608360753530078
-0.02644569535598244
0.02648583449202783
0.02909762362374923
-0.01534035253713799
0.02062565498489138
-0.01629240890847261
-0.01243535654060494
-0.008341456569192501
0.01065057851427826
-0.001591169286633235
0.01112741017287344
-0.005372092657847653
0.01114605712766902
0.008047004390120875
-0.006296107920554345
-0.008011618698794624
0.005883866301896495
0.0009399420464638466
-0.005148518173252232
-0.006287049957169675
0.004887121307058526
0.004556337497832817
0.005222052916958757
0.004168274856666474
-7.400231675897064e-05
0.00484198785205951
-0.004226315402847684
-0.003928072345058986
0.004168370324064528
0.003619881531388886
0.0005026010513871582
-0.003628678582327094
-0.00386217248546332
-0.003140170134688172
0.0006494366136477375
0.003451821403574897
0.0032786789473033
0.002900370714301341
-0.003254961956654956
0.000274053821838654
0.0030037856873798
0.00275728791475498
0.002928691383166493
0.0006838967889300269
-0.00259022142167462
0.002667335599782284
0.002705004829665601
-0.0009958997181766776
-0.002311661155649842
-0.002386863469721321
-0.00239787868798638
-0.0009560983390233336
-0.002124417725424467
0.002399039084695083
-0.002181740131064783
-0.0008542733249577546
0.002079490239426673
-0.002098157678287589
-0.002078963968967654
0.0005946422473794707
-0.002096864749305564
-0.002160160528231459

-0.0861721419347268
-0.05123754681495003
-0.01574065716636589
0.0157645482522297
0.01731910285027641
-0.009130681831112326
0.01227652968011706
-0.009697352237866195
-0.007401608519354344
-0.004964891501483343
0.00633929653805352
-0.0009470747468499402
0.006623109973960936
-0.00319750597043577
0.006634208767871388
0.004789631568247311
-0.00374748611922629
-0.004768569764858468
0.003502117112977011
0.0005594598784599217
-0.00306443292146113
-0.003742094758009027
0.002908847734545652
0.002711962968724393
0.003108201299452015
0.002480985453804577
-4.404668063887314e-05
0.00288198399614379
-0.002515531580382196
-0.002338015290426558
0.00248104227664585
0.002154578028726845
0.0002991515532050832
-0.002159814093087964
-0.002298791247220598
-0.001869050553175234
0.000386549075344612
0.002054547501277126
0.001951491937471094
0.001726320312420972
-0.001937375423846363
0.000163118692725759
0.001787873605507359
0.001641156460092548
0.001743176966532164
0.0004070600052984511
-0.001541717350772355
0.001587616232381256
0.00161003721339075
-0.0005927662640311523
-0.001375916391915691
-0.001420677319089233
-0.00142723365168054
-0.0005690762133228378
-0.001264467832813298
0.001427924327668683
-0.001298586517271608
-0.0005084692746218198
0.00123772668855802
-0.001248837674726804
-0.001237413448813405
0.0003539350970593771
-0.001248068114630287
-0.001285742191365163

-0.02599417192374227
-0.01545601131590801
-0.00474823231022478
0.004755439152005156
0.005224376775924752
-0.002754306762839919
0.003703264372542875
-0.002925245161797829
-0.002232724869602572
-0.001497679416743899
0.001912274203544812
-0.0002856888925069846
0.001997887663783841
-0.0009645404890333334
0.00200123565943869
0.001444811555581178
-0.001130444204797264
-0.001438458178190623
0.001056427660818783
0.0001687633142060477
-0.0009243984705590323
-0.001128817879082174
0.0008774655754642579
0.0008180744968987573
0.0009376013771691318
0.0007483992039492842
-1.32868577186501e-05
0.0008693620211273406
-0.0007588201814651073
-0.0007052716812564097
0.0007484163447870795
0.0006499370961941704
9.024026478491637e-05
-0.0006515165759906122
-0.0006934395914449927
-0.0005638065890278741
0.000116604077557762
0.0006197624867467022
0.0005886753629597626
0.0005207514399555819
-0.0005844170600570591
4.920540731024676e-05
0.0005393192374715215
0.0004950614226319095
0.000525836317216047
0.0001227912817699618
-0.000465065216832658
0.0004789107983959395
0.0004856741771633083
-0.0001788103188788134
-0.0004150506931961018
-0.0004285530062440452
-0.0004305307502429313
-0.000171664120151951
-0.0003814317887454805
0.0004307390954221385
-0.0003917238266333681
-0.0001533817942287446
0.0003733652154236619
-0.0003767168889261064
-0.0003732707253998387
0.0001067659403172571
-0.0003764847480388227
-0.0003878492842537008

0.02596629715248275
0.01543943710914338
0.004743140557731093
-0.004750339671283957
-0.00521877443136415
0.00275135319035191
-0.003699293188243781
0.002922108284037901
0.002230330613872973
0.001496073384772234
-0.001910223582112489
0.0002853825348911634
-0.001995745235018376
0.0009635061669708929
-0.001999089640462019
-0.001443262216300071
0.001129231976389242
0.00143691565193399
-0.001055294803827565
-0.0001685823413788004
0.0009234071946681722
0.001127607394659424
-0.0008765246279212248
-0.0008171972371977118
-0.000936595943181273
-0.0007475966603369589
1.327260959715304e-05
-0.0008684297634062564
0.0007580064629490809
0.000704515385311919
-0.0007476137827939052
-0.0006492401381241496
-9.014349591121665e-05
0.000650817924170075
0.0006926959836059463
0.0005632019927450983
-0.0001164790375295423
-0.0006190978863271914
-0.000588044098723197
-0.0005201930137311776
0.0005837903621987259
-4.91526420412398e-05
-0.00053874090012593
-0.000494530545019658
-0.0005252724382391207
-0.0001226596069119681
0.0004645665055606258
-0.0004783972398567058
-0.0004851533659351472
0.0001786185721767773
0.0004146056148462639
0.0004280934487300469
0.0004300690719008813
0.0001714800366544326
0.000381022761526061
-0.0004302771936619342
0.000391303762778073
0.0001532173157277331
-0.0003729648383695472
0.0003763129177147417
0.0003728704496716097
-0.000106651450185598
0.0003760810257633487
0.0003874333752520963

0.02813376601877358
0.01672820381510752
0.005139061833182757
-0.005146861873947535
-0.005654398002708678
0.002981015215139767
-0.004008082029628638
0.003166023644492285
0.002416501639288247
0.00162095420486557
-0.002069674508734484
0.000309204096961689
-0.00216233485835089
0.001043932328896562
-0.002165958429308251
-0.001563734761975404
0.001223491667606459
0.001556858434718007
-0.001143382782588276
-0.0001826543122185537
0.001000486199565134
0.001221731478158501
-0.0009496902329521061
-0.0008854106431693295
-0.001014775844429018
-0.0008100003398573614
1.438050603334696e-05
-0.0009409196707542668
0.0008212790735661578
0.0007633229678686188
-0.0008100188915666345
-0.0007034337637255731
-9.766798890068086e-05
0.0007051432513424328
0.0007505169724613871
0.0006102138087750852
-0.000126201821103174
-0.0006707754661500667
-0.000637129544696168
-0.0005636147675188192
0.0006325207386203441
-5.325553051604155e-05
-0.0005837108903085108
-0.0005358101912267516
-0.0005691181837269499
-0.000132898297379552
0.0005033449817990385
-0.0005183302005335395
-0.0005256502765984634
0.0001935282911815571
0.0004492137361619589
0.000463827431767204
0.0004659679649245945
0.0001857938850425376
0.0004128276418334702
-0.0004661934591063889
0.000423966822825031
0.0001660067311636887
-0.0004040971045778202
0.0004077246561055287
0.0004039948370296831
-0.000115553901561939
0.0004074734075790286
0.000419773364804587

-0.014633013571262
-0.008700720454057929
-0.002672943305861388
0.002677000285015576
0.002940981404898619
-0.001550494024517033
0.002084694907009673
-0.001646721129544609
-0.001256877634479935
-0.0008430952636188764
0.001076484931103806
-0.0001608241052446449
0.001124679692961958
-0.0005429730213165334
0.001126564394887155
0.0008133341259251524
-0.0006363659299813361
-0.0008097575912358071
0.0005946994712187411
9.500267499777261e-05
-0.0005203756982380282
-0.000635450415290969
0.0004939555571052186
0.0004605222759368125
0.0005278080685467276
0.000421299656716841
-7.479629275621666e-06
0.0004893937876080999
-0.00042716598344042
-0.0003970216906129785
0.0004213093058839534
0.0003658719491806191
5.079934929818553e-05
-0.0003667610926917695
-0.0003903610002358621
-0.0003173861238207836
6.564044641898487e-05
0.0003488856235206491
0.0003313856121488932
0.0002931488993176999
-0.0003289884669601701
2.769941643313092e-05
0.0003036013512687129
0.0002786871048338469
0.0002960113516466128
6.912343650886209e-05
-0.0002618012087245939
0.0002695953628724793
0.0002734027014396601
-0.0001006584795434436
-0.0002336463128780064
-0.0002412472293700461
-0.0002423605695010946
-9.663563845199785e-05
-0.000214721075077767
0.0002424778541695834
-0.0002205148172491932
-8.634388828068803e-05
0.0002101801234661149
-0.0002120668957775155
-0.0002101269317811328
6.010222053594124e-05
-0.0002119362156865781
-0.0002183337040601291

0.02030510835339474
0.01207332110449388
0.003709038003939286
-0.00371466756212794
-0.004080973874652602
0.002151501398929087
-0.002892770909041305
0.002285028357310002
0.001744072499541932
0.001169898503588769
-0.001493755408645425
0.0002231632511598104
-0.001560631575802166
0.0007534419330035909
-0.00156324683182112
-0.001128601260019109
0.0008830360949062708
0.001123638377697119
-0.000825218752241137
-0.0001318279109286937
0.0007220853644225964
0.0008817657055297582
-0.0006854241650188082
-0.0006390313701622462
-0.0007323986935054223
-0.0005846051558156489
1.037890671973642e-05
-0.0006790941480695639
0.0005927454065696991
0.0005509164880685249
-0.0005846185452234933
-0.0005076923858096477
-7.049035297879975e-05
0.0005089261819272836
0.0005416739599213296
0.0004404123322005653
-9.108420288224564e-05
-0.0004841217671280266
-0.0004598383462622022
-0.0004067801984421261
0.0004565120121096479
-3.843635142284517e-05
-0.0004212842627204148
-0.0003867126776575402
-0.0004107522035532133
-9.591728055434364e-05
0.0003632814173453658
-0.000374096766058549
-0.0003793799171855892
0.0001396760362358273
0.0003242130321448061
0.0003347602398137369
0.0003363051363506938
0.0001340938488174368
0.0002979519340961754
-0.0003364678832716675
0.0003059914648454847
0.0001198127780483367
-0.0002916508045268725
0.0002942689334605268
0.0002915769945134163
-8.339923244924416e-05
0.0002940875987414896
0.0003029649016963543

-0.01537530232290781
-0.009142081824552093
-0.002808533677595344
0.002812796455097273
0.003090168542941548
-0.001629145921358915
0.002190445207351119
-0.001730254337903217
-0.001320635255267958
-0.0008858629496939928
0.001131091772803065
-0.0001689822282269165
0.001181731309925282
-0.0005705164090271643
0.001183711617109157
0.0008545921190278577
-0.0006686468589542018
-0.000850834157495245
0.0006248667861019068
9.982187486270923e-05
-0.0005467727917385502
-0.0006676849029581882
0.0005190124363372256
0.0004838831854066152
0.0005545821838307844
0.0004426709207239897
-7.859048364569493e-06
0.0005142192619985362
-0.0004488348285520293
-0.0004171614064454823
0.0004426810593644306
0.0003844315323516512
5.337624744642681e-05
-0.0003853657794379094
-0.0004101628392859099
-0.000333486166952168
6.897018877128983e-05
0.000366583541498283
0.0003481958072025405
0.0003080194609734072
-0.0003456770620507358
2.910452448863295e-05
0.0003190021343632537
0.0002928240631669773
0.0003110271168966286
7.262986046898998e-05
-0.0002750815963533563
0.0002832711244906726
0.0002872715978880097
-0.0001057645813562559
-0.0002454984873509331
-0.0002534849754675034
-0.0002546547919935854
-0.0001015376736398877
-0.0002256132291782252
0.0002547780261604754
-0.0002317008704581173
-9.072385394745563e-05
0.0002208419287538183
-0.0002228244113476726
-0.0002207860388146355
6.315102535223904e-05
-0.0002226871022489493
-0.0002294091159593765

-0.0123069514974559
-0.00731765497924121
-0.002248052560087525
0.002251464642326309
0.00247348335520468
-0.001304027681236072
0.001753312055824728
-0.001384958537245374
-0.0010570845171741
-0.0007090769421186814
0.0009053670161868212
-0.0001352595248564606
0.0009459007445083266
-0.0004566620952838063
0.0009474858544430055
0.0006840466312855936
-0.0005352092784423445
-0.00068103862212024
0.0005001661149433877
7.990106122921468e-05
-0.000437656839958917
-0.000534439293856898
0.0004154364412765278
0.000387317710453183
0.0004439077615788589
0.0003543299140575484
-6.290668307369569e-06
0.0004115998101088756
-0.0003592637301920741
-0.0003339111705196433
0.0003543380293943131
0.0003077129882315115
4.272429085577902e-05
-0.0003084607935972363
-0.000328309262682345
-0.0002669344638276055
5.520624896683172e-05
0.0002934268068514067
0.0002787085951783493
0.0002465499856106767
-0.000276692499899927
2.329632053507803e-05
0.0002553409170592157
0.0002343870362350499
0.0002489574228623936
5.813558337172111e-05
-0.0002201853201364347
0.0002267405164802797
0.000229942640967576
-8.465781976599547e-05
-0.0001965059231404471
-0.0002028985988629921
-0.0002038349625808914
-8.127444900964076e-05
-0.0001805890388603608
0.0002039336036926233
-0.0001854618084743931
-7.261867420519798e-05
0.0001767699163696178
-0.0001783567675816893
-0.0001767251800284422
5.054837880272349e-05
-0.0001782468603823103
-0.0001836274047749937

-0.00876187119523786
-0.005209767048528924
-0.001600489526239449
0.001602918740743206
0.001760983828232884
-0.0009283958403814743
0.001248261553754732
-0.0009860141495314082
-0.0007525859173065744
-0.0005048237035500591
0.0006445714181847112
-9.62973271623319e-05
0.0006734291988210085
-0.000325118243900708
0.0006745577097344668
0.0004870035017283655
-0.0003810395093518653
-0.0004848619649823015
0.0003560907082685675
5.688515202144713e-05
-0.0003115875495427311
-0.0003804913227630427
0.0002957678503099919
0.000275748863666792
0.0003160378612301465
0.0002522633706839457
-4.478609138300635e-06
0.0002930363803662311
-0.0002557759758551997
-0.000237726350619785
0.0002522691483564435
0.0002190746886866085
3.041734043264302e-05
-0.0002196070848933539
-0.0002337381009765775
-0.0001900426267310262
3.930380669165404e-05
0.0002089037148958899
0.0001984251593469429
0.0001755300016868375
-0.0001969898106214245
1.65856962947742e-05
0.0001817886603850514
0.0001668706520660115
0.0001772439643293772
4.13893313440311e-05
-0.000156759812900561
0.0001614267514219428
0.0001637064875787978
-6.027170194116565e-05
-0.0001399013872781177
-0.000144452620074078
-0.0001451192594355772
-5.786292842979466e-05
-0.0001285694428951823
0.0001451894864707469
-0.000132038586308262
-5.17004938133118e-05
0.0001258504381644514
-0.0001269801887716152
-0.0001258185883550664
3.598765984321917e-05
-0.0001269019409029239
-0.0001307325919734893

0.01073336687885217
0.00638200902971583
0.001960613308287399
-0.001963589116756175
-0.002157220195889127
0.001137292815834675
-0.001529131040466781
0.001207875735540474
0.000921924161895472
0.0006184133387270417
-0.0007896054800209094
0.0001179650463759021
-0.0008249565072133238
0.0003982726192882676
-0.0008263389426991831
-0.0005965834396396095
0.0004667766460016244
0.000593960038876735
-0.0004362141520722156
-6.96847959756686e-05
0.0003816974033974397
0.0004661051127589037
-0.0003623181370290556
-0.0003377947077982779
-0.0003871490731380338
-0.000309024778761601
5.486334359090317e-06
-0.0003589720630715461
0.0003133277500291535
0.0002912168053050866
-0.0003090318564596626
-0.0002683683604960118
-3.726150123274376e-05
0.0002690205503861202
0.0002863311655061447
0.0002328038372023628
-4.81474981264605e-05
-0.0002559088309299551
-0.0002430725110891016
-0.0002150257478533104
0.0002413141966689445
-2.031761929686394e-05
-0.00022269265809206
-0.0002044179707766963
-0.0002171253666960007
-5.07022835974959e-05
0.000192032106639086
-0.0001977491460973591
-0.00020054184231629
7.383334848600745e-05
0.0001713803915916709
0.0001769556905502888
0.0001777723294488962
7.088258040808503e-05
0.0001574986631569868
-0.0001778583581654332
0.0001617483934004294
6.333354548940355e-05
-0.0001541678591917212
0.0001555518133126558
0.0001541288429038177
-4.408518997843822e-05
0.0001554559590067422
0.0001601485392112492

-0.001551953597747578
-0.0009227842471350237
-0.000283488015636959
0.0002839182922417401
0.0003119157000717855
-0.0001644428721341022
0.0002210993480858588
-0.0001746485622417056
-0.0001333023957956291
-8.941731115366691e-05
0.0001141702393434771
-1.705674279077262e-05
0.0001192816973281372
-5.758683471508609e-05
0.0001194815857461903
8.626089333903547e-05
-6.749193457033176e-05
-8.588157189235782e-05
6.307285778433757e-05
1.0075829051913e-05
-5.51901994164409e-05
-6.739483657267341e-05
5.238812225820161e-05
4.884224288472385e-05
5.597846451192731e-05
4.468235574218601e-05
-7.932773046092178e-07
5.190430841159898e-05
-4.530452880447108e-05
-4.210747418019813e-05
4.468337911715369e-05
3.880378331370017e-05
5.387696288439497e-06
-3.889808442702226e-05
-4.140105220200432e-05
-3.366145560789314e-05
6.961718888705576e-06
3.70022412668749e-05
3.514621854970739e-05
3.109089503377057e-05
-3.489198123338262e-05
2.93775501399916e-06
3.219946507176285e-05
2.955710065368823e-05
3.139448206788761e-05
7.331119147544595e-06
-2.776621000152752e-05
2.85928453020611e-05
2.899664543238368e-05
-1.067567447474442e-05
-2.478014758241005e-05
-2.558628841175601e-05
-2.570436745359544e-05
-1.024901849751476e-05
-2.277296767042695e-05
2.571680647460455e-05
-2.338744253327871e-05
-9.157492228658162e-06
2.229136173487404e-05
-2.249146973466805e-05
-2.228572031135702e-05
6.374343667431554e-06
-2.247761001696525e-05
-2.315611721915625e-05

0.0111811006825939
0.006648229425481864
0.002042398722323254
-0.002045498664259758
-0.002247206908792332
0.001184734074868356
-0.001592917517244368
0.001258261304544724
0.0009603814900037223
0.0006442099559077356
-0.0008225432402796506
0.0001228858638154291
-0.0008593689072611934
0.0004148862426529321
-0.000860809009936414
-0.0006214694400616897
0.0004862478599805155
0.0006187366062371091
-0.0004544104760922726
-7.259164143406352e-05
0.0003976196049053118
0.0004855483142663523
-0.0003774319479598083
-0.0003518855435177099
-0.000403298686683177
-0.0003219154999311075
5.715192403255566e-06
-0.0003739462952068051
0.0003263979661990787
0.0003033646811229848
-0.0003219228728696946
-0.0002795631317364746
-3.88158349165227e-05
0.0002802425272055112
0.0002982752407724376
0.0002425150628347757
-5.015593245281822e-05
-0.000266583862872534
-0.000253212086229286
-0.0002239953747257978
0.0002513804251311753
-2.116515251485902e-05
-0.0002319821039852609
-0.0002129451027234484
-0.0002261825774870823
-5.281728875381293e-05
0.0002000425721823399
-0.0002059980933632363
-0.0002089072846684379
7.691324749011434e-05
0.0001785293873801988
0.0001843372554700453
0.0001851879598062888
7.383939048487197e-05
0.0001640685937608288
-0.0001852775771418403
0.0001684955980980597
6.597545362004644e-05
-0.0001605988479755626
0.000162040532634315
0.0001605582041544506
-4.592416837362307e-05
0.00016194067984281
0.0001668290072725689

-0.004477916264927148
-0.002662547768993277
-0.0008179597624409992
0.0008192012574235721
0.0008999833427141609
-0.0004744738585285415
0.000637947145067194
-0.0005039207606742178
-0.00038462294694484
-0.0002579994869447798
0.0003294201401825848
-4.921452940369569e-05
0.0003441684425031597
-0.0001661576893733877
0.0003447451888691723
0.000248892143341859
-0.0001947372859617122
-0.0002477976713944429
0.0001819867399113598
2.907220864057703e-05
-0.0001592425778643251
-0.0001944571250705585
0.0001511576280948281
0.0001409265548573514
0.0001615169919302212
0.0001289238594657058
-2.288876001229199e-06
0.0001497616598803153
-0.0001307190412799787
-0.0001214944465996432
0.000128926812251996
0.0001119621699343021
1.554534418779517e-05
-0.0001122342608588002
-0.000119456177884171
-9.712479792344803e-05
2.008693706358964e-05
0.0001067641057363023
0.0001014088461940452
8.970785258328223e-05
-0.0001006752846909967
8.476426729930422e-06
9.290645582190246e-05
8.528233186443025e-05
9.058380487969691e-05
2.11527829946633e-05
-8.011500057842087e-05
8.250012579268193e-05
8.366522710375261e-05
-3.080296758797889e-05
-7.149919048338423e-05
-7.382518214749791e-05
-7.416588051815584e-05
-2.957191935128993e-05
-6.570779079992698e-05
7.420177134282489e-05
-6.748076067919186e-05
-2.6422493208683e-05
6.431819316297378e-05
-6.489557309782444e-05
-6.430191572908417e-05
1.839215890734626e-05
-6.485558307782494e-05
-6.681330812902181e-05

0.01030386078407839
0.006126626743235051
0.001882157463545442
-0.001885014192150523
-0.002070896935689211
0.001091782939813909
-0.001467941377520795
0.001159541415471249
0.0008850324716250715
0.0005936669286703906
-0.0007580086502504242
0.0001132445605338838
-0.0007919450717736797
0.0003823353538154129
-0.0007932721877617829
-0.0005727105741854956
0.0004480981254014775
0.0005701921513510599
-0.0004187586193343741
-6.689629122012435e-05
0.0003664234112785191
0.000447453464213312
-0.0003478196250657231
-0.0003242775246609426
-0.0003716569271623178
-0.0002966588522622604
5.266793364006505e-06
-0.0003446074475057324
0.0003007896359574949
0.0002795634821501781
-0.0002966656467394094
-0.0002576293400396594
-3.577044609036035e-05
0.0002582554319181665
0.0002748733459704302
0.0002234879656688495
-4.622082925110159e-05
-0.0002456683906439188
-0.0002333457286020589
-0.0002064212838227401
0.0002316577748402337
-1.950459003793804e-05
-0.0002137813952058343
-0.0001962379872430041
-0.000208436884379292
-4.867338250150616e-05
0.0001843477554821182
-0.000189836022056824
-0.0001925169658255927
7.087883537470732e-05
0.0001645224388593458
0.0001698746368181134
0.0001706585971184245
6.804614514578521e-05
0.0001511962012633568
-0.0001707411833123597
0.0001552758744257867
6.079919218737405e-05
-0.0001479986826520387
0.0001493272565053405
0.0001479612276387604
-4.232107830699255e-05
0.000149235237902569
0.0001537400399549724

0.00749052889113931
0.004453832945446809
0.001368259446997549
-0.001370336183920745
-0.001505466121138056
0.0007936861555976203
-0.00106713954402532
0.0008429440823269356
0.0006433861478940509
0.0004315740841327204
-0.0005510444884123156
8.232464221122142e-05
-0.0005757150222256817
0.000277943779896939
-0.0005766797868762977
-0.000416339583006417
0.0003257509029597316
0.0004145087819698556
-0.0003044221580889307
-4.863115026445885e-05
0.0002663763812503857
0.000325282257919217
-0.0002528521109762098
-0.0002357378673994808
-0.0002701809553563396
-0.0002156601054933457
3.828765613536171e-06
-0.000250516975698193
0.0002186630337413708
0.0002032323984025108
-0.0002156650448289878
-0.0001872870815329911
-2.600380240994318e-05
0.0001877422273664946
0.0001998228414127051
0.000162467554516233
-3.360084769513517e-05
-0.000178591909995663
-0.0001696337866305378
-0.000150060702742531
0.0001684067061522102
-1.417912161767113e-05
-0.0001554112337825603
-0.0001426578196062492
-0.0001515259704240771
-3.538376395966896e-05
0.0001340140571958523
-0.0001380038257109014
-0.000139952773505969
5.152631380314643e-05
0.0001196017791138357
0.0001234926307354854
0.0001240625411217405
4.946705189696033e-05
0.0001099140931274529
-0.000124122578255841
0.0001128798658926329
4.419878288157984e-05
-0.0001075896143675078
0.0001085554388328279
0.0001075623859465422
-3.076587178394918e-05
0.0001084885446834159
0.000111763370559811

-0.004828130261378069
-0.002870783349954604
-0.000881931695007739
0.0008832702862509921
0.0009703702692536028
-0.0005115820526920824
0.0006878404449811313
-0.0005433319718380584
-0.0004147039782563451
-0.0002781774058828605
0.000355183807249872
-5.306355560384958e-05
0.0003710855616652765
-0.0001791527399714122
0.0003717074148709959
0.0002683577847354889
-0.0002099675223350089
-0.0002671777150747188
0.0001962197669969597
3.134592118258137e-05
-0.0001716968035130923
-0.0002096654503004508
0.0001629795367455727
0.0001519483000313686
0.0001741490975553154
0.0001390068841115263
-2.467887033224775e-06
0.0001614743910524243
-0.0001409424655581688
-0.0001309964232273062
0.0001390100678327511
0.000120718635366911
1.676113224459326e-05
-0.0001210120062895904
-0.0001287987432610904
-0.0001047208451969206
2.165791921004795e-05
0.0001151140350192906
0.0001093399452142545
9.672382691321108e-05
-0.0001085490124941995
9.139360805755688e-06
0.0001001725901720174
9.195219000865587e-05
9.766828668862828e-05
2.280712403863884e-05
-8.638072616777798e-05
8.895238998261598e-05
9.020861286944476e-05
-3.321204130517909e-05
-7.709108094323551e-05
-7.959898642359421e-05
-7.996633052202463e-05
-3.188471384008394e-05
-7.084674085007566e-05
8.000502833737223e-05
-7.275837318528397e-05
-2.8488973775822e-05
6.934846397190056e-05
-6.997100029694216e-05
-6.933091349382132e-05
1.983059390551885e-05
-6.992788269176655e-05
-7.203871974272415e-05

-0.006744131140133291
-0.004010028383426065
-0.001231918503804452
0.001233788303168504
0.00135545314563744
-0.00071459887482586
0.0009608038543501088
-0.0007589484691444456
-0.0005792755916441594
-0.0003885696540756708
0.0004961353661283054
-7.412135927995056e-05
0.0005183475914267975
-0.0002502479235380246
0.0005192162215887302
0.0003748532029486345
-0.0002932912802961101
-0.0003732048330591005
0.000274087849596722
4.378527332922023e-05
-0.0002398331645062132
-0.0002928693336408922
0.0002276565273649366
0.0002122476417276909
0.0002432586297938405
0.0001941705391273992
-3.447246219565299e-06
0.0002255540778885845
-0.0001968742389867157
-0.0001829811975455596
0.00019417498628034
0.0001686247602896818
2.341263963379824e-05
-0.0001690345528735575
-0.0001799113876825907
-0.0001462783882951491
3.025267328502497e-05
0.0001607960237630702
0.0001527305373839835
0.0001351078238912441
-0.0001516257299951104
1.276623547298417e-05
0.0001399251984087947
0.0001284426049979036
0.0001364270841922474
3.185792990635764e-05
-0.0001206601549083177
0.0001242523608093254
0.0001260071046606801
-4.639194675121013e-05
-0.0001076839959713617
-0.0001111871416056223
-0.0001117002629671022
-4.453788109722988e-05
-9.896164462796547e-05
0.0001117543176689258
-0.0001016318913823481
-3.97945715609284e-05
9.686878979523307e-05
-9.773837416597898e-05
-9.684427456480916e-05
2.770019006227533e-05
-9.767814571981467e-05
-0.0001006266498231207

0.004718725808132318
0.002805731981042203
0.0008619473015324209
-0.0008632555605696539
-0.0009483818756091521
0.0004999897070560783
-0.0006722541198963799
0.0005310201794687215
0.0004053068701535683
0.0002718739622414232
-0.0003471354141596462
5.186114618780941e-05
-0.0003626768380427111
0.0001750931751910085
-0.0003632846001809195
-0.0002622768517191772
0.0002052097008312274
0.000261123522197792
-0.0001917734668430187
-3.063562896119448e-05
0.0001678061887418808
0.0002049144736877803
-0.0001592864534726507
-0.0001485051823467225
-0.0001702029142980488
-0.0001358570162888922
2.411965213197971e-06
-0.0001578154140758685
0.0001377487378522201
0.0001280280708248865
-0.0001358601278676701
-0.0001179831755545255
-1.638132838476978e-05
0.0001182698987515312
0.0001258801898413291
0.0001023478920676436
-2.116715514997966e-05
-0.0001125055743149287
-0.0001068623242147269
-9.453208459756276e-05
0.0001060893138698036
-8.932264742093313e-06
-9.790269957984663e-05
-8.98685720182223e-05
-9.545514310587075e-05
-2.229031923004326e-05
8.442335641887452e-05
-8.693674685285347e-05
-8.816450398363153e-05
3.245946318001766e-05
7.534421267244183e-05
7.779528952288099e-05
7.815430967846984e-05
3.116221268627922e-05
6.924136806033091e-05
-7.819213060917748e-05
7.110968319422863e-05
2.78434194036781e-05
-6.777704183257855e-05
6.83854716106376e-05
6.775988904476439e-05
-1.938123666652372e-05
6.834333104167017e-05
7.040633695283147e-05

0.0009186837802674808
0.0005462450177373564
0.0001678116164320957
-0.0001680663200128238
-0.0001846394730373274
9.734247185572218e-05
-0.0001308804497818231
0.0001033837619960697
7.890876960872447e-05
5.293085666427216e-05
-6.758342983078925e-05
1.009679217780814e-05
-7.060917335227874e-05
3.408870670259274e-05
-7.072749792589244e-05
-5.106240527863352e-05
3.995206150403726e-05
5.083786476342653e-05
-3.733617519601956e-05
-5.964418482719779e-06
3.267001095087637e-05
3.989458404099319e-05
-3.101131262377462e-05
-2.891231825176424e-05
-3.313662693655009e-05
-2.644986006284347e-05
4.695829785481822e-07
-3.072491750589637e-05
2.681815735062752e-05
2.492565087865155e-05
-2.645046585286471e-05
-2.297002074999355e-05
-3.18926364833425e-06
2.302584258860006e-05
2.45074821819083e-05
1.992600380063928e-05
-4.121011243584741e-06
-2.190359230761136e-05
-2.080491386226534e-05
-1.840435243874351e-05
2.065441728866097e-05
-1.739013257661461e-06
-1.906057393574189e-05
-1.749641806408307e-05
-1.858406173194892e-05
-4.339678880747114e-06
1.643629474806276e-05
-1.692562409651853e-05
-1.716465484505116e-05
6.319498854611216e-06
1.466868577100972e-05
1.514588335322185e-05
1.521578061088641e-05
6.066938516071996e-06
1.348052935200587e-05
-1.522314392823722e-05
1.38442696665865e-05
5.420806131441154e-06
-1.319544121399184e-05
1.331389576954762e-05
1.319210175570675e-05
-3.773312646475432e-06
1.330569146637407e-05
1.370733592426493e-05

-0.003895697585317617
-0.002316363303999898
-0.0007116086328780433
0.000712688708682087
0.0007829675071186104
-0.0004127827667174897
0.0005550012562898646
-0.0004384009826013014
-0.0003346142707950483
-0.0002244543932578701
0.0002865889330525087
-4.281565621538756e-05
0.0002994196610828148
-0.0001445538663470692
0.0002999214188857202
0.0002165311864839156
-0.0001694175437433284
-0.0002155790177811172
0.0001583248237099838
2.529224002868225e-05
-0.0001385378576471509
-0.0001691738093716647
0.0001315041130590155
0.000122603283979396
0.0001405165523926434
0.0001121611790608828
-1.991276340051691e-06
0.0001302896486338871
-0.0001137229513328996
-0.0001056977384670082
0.0001121637479259335
9.740484842830976e-05
1.352413851274363e-05
-9.764156209035719e-05
-0.0001039244854530662
-8.449663154895355e-05
1.747523347588813e-05
9.288263654525506e-05
8.822366785694714e-05
7.80440374533049e-05
-8.75854840216254e-05
7.374321713548892e-06
8.082675829394718e-05
7.41939229450434e-05
7.880609843079942e-05
1.840249811735329e-05
-6.969844808075513e-05
7.177345931105804e-05
7.278707414782481e-05
-2.679796569513459e-05
-6.220286562738225e-05
-6.422643185181249e-05
-6.452283261975682e-05
-2.572697835205072e-05
-5.716446373972526e-05
6.455405691936345e-05
-5.870691207254052e-05
-2.298704060129067e-05
5.595554158965617e-05
-5.645785058442283e-05
-5.594138054771924e-05
1.600081037811404e-05
-5.642306006691985e-05
-5.812624170396133e-05

-0.005360047047328361
-0.003187058547598006
-0.0009790944158205956
0.0009805804801262686
0.001077276298473845
-0.000567943224923525
0.0007636200654408791
-0.0006031910436770326
-0.000460392059416536
-0.0003088243071988059
0.0003943145305206034
-5.890958593438446e-05
0.0004119681867369312
-0.0001988900594885896
0.0004126585497263297
0.0002979228549827143
-0.000233099717115995
-0.0002966127766381785
0.0002178373668027996
3.479931219429005e-05
-0.0001906126999240832
-0.0002327643657006122
0.000180935048852452
0.000168688496962178
0.0001933351640516592
0.0001543213207605862
-2.73977500387528e-06
0.000179264080736068
-0.0001564701458867028
-0.0001454283446215955
0.0001543248552335066
0.0001340182493069432
1.860771199902994e-05
-0.0001343439410059214
-0.0001429885454910731
-0.0001162579770436919
2.4043979683344e-05
0.0001277961881945734
0.0001213859649125447
0.0001073799244812497
-0.0001205078948602996
1.014624735649982e-05
0.0001112086391847701
0.0001020825946834246
0.0001084284357177792
2.531979280657864e-05
-9.589732073829468e-05
9.875230564784345e-05
0.0001001469270458884
-3.687102341825425e-05
-8.558423207638617e-05
-8.836843437362702e-05
-8.877624889879597e-05
-3.539746382581949e-05
-7.865195086885e-05
8.881921006589914e-05
-8.077418840161218e-05
-3.162761390055282e-05
7.698860830721756e-05
-7.767972967510154e-05
-7.696912428685055e-05
2.201533731605023e-05
-7.763186178843561e-05
-7.997525048961251e-05

0.003288589560854569
0.001955379752625123
0.0006007110845351205
-0.0006016228406291416
-0.0006609493457867734
0.0003484544341029125
-0.0004685095025278863
0.0003700802906993716
0.00028246776700456
0.0001894752758370701
-0.0002419267288726758
3.614323673422209e-05
-0.0002527579079707573
0.0001220264985767441
-0.0002531814715140461
-0.0001827868267173127
0.0001430154044502174
0.0001819830445993216
-0.0001336513810617981
-2.135068102884578e-05
0.0001169480285530103
0.0001428096538002625
-0.0001110104272583275
-0.0001034967091236057
-0.0001186183622330851
-9.468190857087542e-05
1.680954550823305e-06
-0.0001099852257525571
9.600029324464935e-05
8.92257347281249e-05
-9.468407710233487e-05
-8.222521402207198e-05
-1.141652804370365e-05
8.242503807434311e-05
8.772882660764302e-05
7.132862198712449e-05
-1.475188181929246e-05
-7.840774655575039e-05
-7.447483455290903e-05
-6.588160431733381e-05
7.393610569810777e-05
-6.225102661192645e-06
-6.823066414728826e-05
-6.263149413740911e-05
-6.652490522056488e-05
-1.553464094093466e-05
5.883659697560102e-05
-6.058823711736549e-05
-6.14438895641855e-05
2.262175343622815e-05
5.25091309264905e-05
5.421734328528445e-05
5.446755276637306e-05
2.171766945148791e-05
4.825591683883228e-05
-5.44939110509889e-05
4.955798902856496e-05
1.940472536709926e-05
-4.723539389639491e-05
4.76594227334269e-05
4.722343972036912e-05
-1.350723376809348e-05
4.763005399261369e-05
4.906781070476707e-05

0.003402240732448996
0.00202295620012215
0.0006214712059438777
-0.0006224144716400637
-0.0006837912560109789
0.0003604967561836567
-0.000484700837104584
0.0003828699860515919
0.0002922296397051924
0.0001960233982733398
-0.0002502875339131039
3.739231969943969e-05
-0.0002614930303808399
0.0001262436422099644
-0.0002619312319603166
-0.0001891038014032786
0.0001479579088190656
0.0001882722411823069
-0.0001382702718542902
-2.208854444060897e-05
0.0001209896640976007
0.0001477450475820074
-0.0001148468637864108
-0.0001070734772274946
-0.0001227177232481753
-9.795404382482523e-05
1.739047070598921e-06
-0.0001137862320908428
9.931799087724434e-05
9.2309308734715e-05
-9.795628729910788e-05
-8.506685532003571e-05
-1.18110746308338e-05
8.527358514064904e-05
9.076066860010505e-05
7.379368529375684e-05
-1.526169571396095e-05
-8.111745906112789e-05
-7.704862858971817e-05
-6.815842280703688e-05
7.649128167256278e-05
-6.440237507803062e-06
-7.058866437063847e-05
-6.479599127385925e-05
-6.882395570364211e-05
-1.607150639968494e-05
6.08699453321449e-05
-6.268212083432821e-05
-6.356734398349201e-05
2.340354415044745e-05
5.432380683504072e-05
5.609105372287131e-05
5.634991025465527e-05
2.246821570598074e-05
4.992360488065708e-05
-5.637717946168201e-05
5.127067570190451e-05
2.007533802082844e-05
-4.886781343605586e-05
4.930649638945095e-05
4.885544613272844e-05
-1.397403356610311e-05
4.927611268713578e-05
5.076355718542983e-05

0.004813434612032205
0.002862045386565774
0.0008792473103212016
-0.0008805818272203161
-0.0009674166991464395
0.0005100249218668181
-0.0006857468266565832
0.0005416782020131565
0.0004134417206291259
0.0002773307017983319
-0.0003541027144866702
5.290204310023778e-05
-0.0003699560678453431
0.0001786074427851669
-0.0003705760282820258
-0.0002675409691793474
0.0002093284324771617
0.000266364491362598
-0.000195622521948796
-3.125051185407264e-05
0.0001711742003766196
0.0002090272798761044
-0.0001624834668401353
-0.0001514858065162204
-0.0001736190302346451
-0.0001385837811057518
2.460375387825513e-06
-0.000160982902442854
0.0001405134711151639
0.0001305977021080557
-0.0001385869551365462
-0.0001203511973238267
-1.671011545159945e-05
0.0001206436752970385
0.0001284067113429462
0.0001044021005199691
-2.159199779347105e-05
-0.0001147636560108415
-0.0001090071411250443
-9.642942320685387e-05
0.0001082186158110036
-9.111542823557413e-06
-9.986768927257498e-05
-9.167230999962489e-05
-9.737100827736852e-05
-2.273770472320951e-05
8.611780433400308e-05
-8.868164063227985e-05
-8.993403988340216e-05
3.311095196281055e-05
7.685643452066417e-05
7.935670654927238e-05
7.97229325419557e-05
3.178766455833368e-05
7.063110067377079e-05
-7.976151257061152e-05
7.253691446700034e-05
2.840226029746994e-05
-6.913738418450163e-05
6.975802566095256e-05
6.911988712576967e-05
-1.977023442088298e-05
6.971503929526692e-05
7.181945147375824e-05

0.003189303858203587
0.001896344944815716
0.0005825750353217118
-0.000583459264616512
-0.0006409946451472547
0.0003379342573853077
-0.0004543647470646517
0.0003589072084342437
0.0002739397916508579
0.000183754833821315
-0.0002346227267095172
3.50520374255718e-05
-0.0002451269020245308
0.0001183424004462023
-0.0002455376777743821
-0.0001772683154558305
0.0001386976309312135
0.0001764888002981168
-0.0001296163164745525
-2.070608329817814e-05
0.0001134172543491351
0.0001384980920925455
-0.0001076589149859722
-0.0001003720432760453
-0.0001150371590383062
-9.182337008594306e-05
1.630204905537645e-06
-0.0001066646653061819
9.310195145004549e-05
8.653192341384837e-05
-9.182547314734994e-05
-7.974275520536143e-05
-1.107185200928787e-05
7.993654637606211e-05
8.508020839873435e-05
6.917514183337988e-05
-1.430650822530871e-05
-7.604054077768726e-05
-7.222636719582828e-05
-6.389257490050232e-05
7.170390308671972e-05
-6.037160785091923e-06
-6.617071433997314e-05
-6.074058869345999e-05
-6.451645392665789e-05
-1.506563509124962e-05
5.706026315096108e-05
-5.875901958100636e-05
-5.958883905207223e-05
2.193878079900567e-05
5.092382942773361e-05
5.258046920162568e-05
5.282312461623908e-05
2.106199198504141e-05
4.67990239910748e-05
-5.28486871187288e-05
4.806178536081235e-05
1.881887792181091e-05
-4.580931162427923e-05
4.622053862019937e-05
4.57977183563993e-05
-1.309943730376484e-05
4.619205655010361e-05
4.758640599516506e-05

-0.0003206840621655466
-0.0001906772221174661
-5.857783928688277e-05
5.866674842056335e-05
6.445192298100656e-05
-3.397924287599307e-05
4.568631252186551e-05
-3.608807020541242e-05
-2.754460819069941e-05
-1.847652314494675e-05
2.359128274466037e-05
-3.524477518779933e-06
2.464747612087418e-05
-1.189931200938228e-05
2.468877956580054e-05
1.782430461972046e-05
-1.394602762146402e-05
-1.774592447840889e-05
1.303290270794621e-05
2.081993813949341e-06
-1.14040892500352e-05
-1.392596401881913e-05
1.082508902289466e-05
1.009239507951243e-05
1.156697044263244e-05
9.232827171712131e-06
-1.639168779500215e-07
1.072511735499992e-05
-9.361388351160253e-06
-8.700772940127236e-06
9.233038634254708e-06
8.018123015076019e-06
1.113273189352926e-06
-8.037608690492686e-06
-8.554803196000579e-06
-6.955550951003562e-06
1.438517424829813e-06
7.64586586603061e-06
7.262351239526658e-06
6.424389575994461e-06
-7.209817545561167e-06
6.070356825766311e-07
6.65345618177924e-06
6.107457798485778e-06
6.487120525850245e-06
1.514847526279642e-06
-5.737401573828031e-06
5.9082112981039e-06
5.991649531219397e-06
-2.205941377302755e-06
-5.120384011032495e-06
-5.286958911349977e-06
-5.31135787974351e-06
-2.117780383233107e-06
-4.705635394463283e-06
5.313928185837185e-06
-4.832605875665381e-06
-1.892235574178139e-06
4.606119952765632e-06
-4.647468770356135e-06
-4.604954251277645e-06
1.317146610491962e-06
-4.644604902154938e-06
-4.78480654614672e-06

0.003847508712120706
0.002287710428593086
0.0007028061995717531
-0.0007038729150897922
-0.0007732823811323485
0.0004076767398847002
-0.0005481360198132275
0.0004329780643954361
0.000330475170078864
0.0002216779446095234
-0.0002830438945960572
4.228603650465539e-05
-0.0002957159095043835
0.0001427657686359285
-0.0002962114606800836
-0.0002138527460607315
0.0001673218881247932
0.000212912355463473
-0.0001563663824587236
-2.497938090115986e-05
0.0001368241765647041
0.0001670811686906234
-0.0001298774377614374
-0.0001210867098676044
-0.0001387783953163
-0.0001107737713586483
1.966644714791267e-06
-0.0001286779959788129
0.0001123162248708104
0.0001043902820218394
-0.000110776308447458
-9.619997310446656e-05
-1.335684806434491e-05
9.643375867355396e-05
0.0001026389637353415
8.345142786611993e-05
-1.725906890161388e-05
-9.173369993077844e-05
-8.713236160175592e-05
-7.707865085893506e-05
8.650207195203864e-05
-7.283103068829138e-06
-7.982695008988005e-05
-7.327616137178602e-05
-7.783128531935734e-05
-1.817486349508055e-05
6.883629448616962e-05
-7.088563831010434e-05
-7.188671496703711e-05
2.646648109129071e-05
6.143343064464208e-05
6.343196582546732e-05
6.372470018481817e-05
2.540874161257826e-05
5.645735261671282e-05
-6.375553824710818e-05
5.798072122233067e-05
2.270269625462052e-05
-5.526338455250844e-05
5.575948010179285e-05
5.524939867935794e-05
-1.580288407468403e-05
5.572511993491918e-05
5.740723361117182e-05

-0.002707803989216935
-0.001610047406833058
-0.000494621734020232
0.0004953724682616097
0.0005442215399864695
-0.0002869151924446698
0.0003857677817358776
-0.0003047217869370753
-0.0002325821852092982
-0.0001560127520553931
0.0001992009490443285
-2.976011411612538e-05
0.0002081192738845232
-0.0001004758524959818
0.0002084680334457319
0.0001505055250594235
-0.0001177579857637042
-0.000149843695911922
0.0001100477077198613
1.758001665837979e-05
-9.629427217564733e-05
-0.000117588571970798
9.140528856288009e-05
8.521854024339358e-05
9.766961443666473e-05
7.796048883285377e-05
-1.384087419297396e-06
9.056114408217785e-05
-7.904603849263283e-05
-7.346790956022863e-05
7.796227438804582e-05
6.770372478019285e-05
9.400297485500988e-06
-6.786825864977809e-05
-7.22353648157133e-05
-5.873153933866993e-05
1.214660683541049e-05
6.456044604543008e-05
6.13221110044039e-05
5.424649920135641e-05
-6.08785250490443e-05
5.125710432189008e-06
5.61807003112042e-05
5.157037889270989e-05
5.47761891245882e-05
1.279112577976219e-05
-4.84456844049198e-05
4.988797389583513e-05
5.059251274630075e-05
-1.86266096951892e-05
-4.323568860204463e-05
-4.464221992922527e-05
-4.484824084441126e-05
-1.788219262058149e-05
-3.97336188361423e-05
4.486994409041994e-05
-4.080573689902436e-05
-1.597772898878541e-05
3.889332665510788e-05
-3.924246933624408e-05
-3.888348366164937e-05
1.112177144752275e-05
-3.921828729952436e-05
-4.040212714594628e-05

-0.00214222002117041
-0.001273753862423666
-0.0003913091884581584
0.0003919031154664331
0.0004305489923029102
-0.0002269866918287107
0.0003051917601304036
-0.0002410739903859125
-0.0001840023191143333
-0.0001234260834025954
0.0001575934827551331
-2.354406469070846e-05
0.0001646490207867022
-7.948927755413889e-05
0.0001649249343009524
0.000119069160974356
-9.316166006117023e-05
-0.0001185455692904617
8.706184188375459e-05
1.390804644947127e-05
-7.618111155761358e-05
-9.302763203681359e-05
7.231329888721752e-05
6.741878799621144e-05
7.726918356698803e-05
6.167673904871213e-05
-1.094990550452163e-06
7.164547240697062e-05
-6.253554796709153e-05
-5.812253301945689e-05
6.167815165172366e-05
5.356232404912686e-05
7.43684016959422e-06
-5.369249142865917e-05
-5.714743214833464e-05
-4.646417537845465e-05
9.609522866397041e-06
5.107558768838912e-05
4.85136496057977e-05
4.291593377153938e-05
-4.81627162596414e-05
4.055093926401253e-06
4.444613476060491e-05
4.079877960267729e-05
4.3334986392437e-05
1.011941996091227e-05
-3.83267457632845e-05
3.946778161228134e-05
4.002516214542891e-05
-1.473603568591197e-05
-3.420497130561618e-05
-3.531771786388809e-05
-3.548070681399897e-05
-1.414710636618639e-05
-3.14343852521435e-05
3.549787686334326e-05
-3.228256805581373e-05
-1.264043153378772e-05
3.076960643469e-05
-3.104582304592221e-05
-3.076181936526258e-05
8.798746718978517e-06
-3.102669195540523e-05
-3.196326100951033e-05

0.002736016639302173
0.001626822514739812
0.0004997752052322139
-0.0005005337613851677
-0.0005498917923153898
0.0002899045661071657
-0.0003897871019980038
0.0003078966877727554
0.0002350054624602979
0.0001576382512422217
-0.0002012764266986587
3.00701851882466e-05
-0.0002102876716981693
0.000101522711899294
-0.0002106400649905259
-0.0001520736443661184
0.0001189849079708852
0.0001514049196109512
-0.0001111942964253165
-1.776318311372022e-05
9.729756363137627e-05
0.0001188137290531601
-9.235764162555509e-05
-8.610643348315755e-05
-9.868723560387891e-05
-7.877276032688753e-05
1.398508246729527e-06
-9.150470199092142e-05
7.986962034473404e-05
7.423337280391841e-05
-7.877456448581832e-05
-6.840913089684459e-05
-9.498239324982491e-06
6.857537904724945e-05
7.298798615736241e-05
5.934346412158539e-05
-1.227316251290449e-05
-6.523310229413153e-05
-6.196102699210912e-05
-5.481169428431111e-05
6.151281930806996e-05
-5.179115285507922e-06
-5.676604786432388e-05
-5.210769143830957e-05
-5.53469030547429e-05
-1.292439670972775e-05
4.895044071212685e-05
-5.0407757438737e-05
-5.111963688995673e-05
1.882068061897546e-05
4.368616188538711e-05
4.510734788342095e-05
4.531551533357964e-05
1.806850745178033e-05
4.014760400247075e-05
-4.533744470603096e-05
4.123089247940508e-05
1.614420118503806e-05
-3.929855680469402e-05
3.965133720859994e-05
3.928861125692728e-05
-1.123764934984768e-05
3.962690321889051e-05
4.082307751030049e-05

0.00140700760640056
0.0008366000482681827
0.000257011417676101
-0.0002574015082409891
-0.0002827840749837325
0.0001490845939252746
-0.0002004495913915253
0.0001583371151545062
0.0001208525081601122
8.106610733700044e-05
-0.0001035072153020517
1.546371417410033e-05
-0.0001081412844357393
5.220846460246456e-05
-0.0001083225041094192
-7.820448577786643e-05
6.118846945485745e-05
7.786059137176706e-05
-5.718211600447431e-05
-9.134788654384441e-06
5.00356650420233e-05
6.110044000509843e-05
-4.749529020022196e-05
-4.42805811669888e-05
-5.07503094662093e-05
-4.050921012871156e-05
7.191885138768972e-07
-4.705666254845698e-05
4.107327482266534e-05
3.817481176232135e-05
-4.05101379247164e-05
-3.517967183989153e-05
-4.884507932330581e-06
3.526516562264876e-05
3.753436664972403e-05
3.051761608824083e-05
-6.311523388485687e-06
-3.354638630428611e-05
-3.186370836563962e-05
-2.818713514746837e-05
3.163321575400311e-05
-2.663380951877423e-06
-2.91921693688176e-05
-2.679659076357002e-05
-2.84623684191451e-05
-6.64642320427483e-06
2.517296182679319e-05
-2.592239283894532e-05
-2.628847972173628e-05
9.67861101724683e-06
2.246578517991478e-05
2.319663581897791e-05
2.330368677093538e-05
9.291802928302386e-06
2.06460674978319e-05
-2.331496403927352e-05
2.120315297205581e-05
8.302220659159841e-06
-2.020944154742263e-05
2.039086029488365e-05
2.020432700932225e-05
-5.779006562375176e-06
2.03782950169843e-05
2.099343247720176e-05

0.0002875484326455345
0.000170974933992019
5.252511073046834e-05
-5.260483306447953e-05
-5.779223734739436e-05
3.046823707260664e-05
-4.096563911019222e-05
3.235916357889836e-05
2.469848005414494e-05
1.656738172514694e-05
-2.115364365636993e-05
3.160300451406876e-06
-2.210070272704545e-05
1.066978038993906e-05
-2.213773837126395e-05
-1.598255560880558e-05
1.250501305584903e-05
1.591227432739657e-05
-1.168623947562582e-05
-1.866865643205864e-06
1.022572798735246e-05
1.248702258430269e-05
-9.706554671757131e-06
-9.04956849790342e-06
-1.03717789988392e-05
-8.278817987360881e-06
1.469796815603163e-07
-9.616912872230757e-06
8.394095202581236e-06
7.801739833431845e-06
-8.279007599895698e-06
-7.189626731599883e-06
-9.982409432580424e-07
7.207098991970476e-06
7.670852844977349e-06
6.236848069860972e-06
-1.289878355814691e-06
-6.855834153870844e-06
-6.511947310819951e-06
-5.760570515429079e-06
6.464841816218036e-06
-5.443119246591228e-07
-5.965968136445623e-06
-5.476386651541955e-06
-5.81681960429339e-06
-1.358321423704565e-06
5.144567581165707e-06
-5.297727885298734e-06
-5.372544616129194e-06
1.978005957843315e-06
4.591305183608242e-06
4.740668239497135e-06
4.762546112307947e-06
1.898954459326693e-06
4.21941169492241e-06
-4.764850833918708e-06
4.333262575494804e-06
1.696714734986605e-06
-4.130178980670541e-06
4.167255309364779e-06
4.12913372874157e-06
-1.181048539963566e-06
4.164687358805478e-06
4.290402253127689e-06

-0.001731307529185057
-0.001029427243956849
-0.0003162497491022164
0.0003167297512920225
0.0003479627231053046
-0.0001834469684272373
0.000246651038146063
-0.0001948320949861026
-0.0001487076945047421
-9.975096179709295e-05
0.0001273645006339545
-1.902793180150072e-05
0.0001330666722110106
-6.424194683969164e-05
0.0001332896610449805
9.622976764825088e-05
-7.529174496611594e-05
-9.580660932855465e-05
7.036197069790068e-05
1.124025790827381e-05
-6.15683406549999e-05
-7.518342568733819e-05
5.844243709161288e-05
5.448677265306984e-05
6.244770283232451e-05
4.984614168261942e-05
-8.849536301823946e-07
5.790271054531542e-05
-5.054021714257944e-05
-4.697368992793978e-05
4.984728332549992e-05
4.328820288787802e-05
6.010333790051554e-06
-4.339340205604051e-05
-4.618562919506177e-05
-3.755159408235553e-05
7.766260760358208e-06
4.127846283228786e-05
3.920794596293582e-05
3.468396267722122e-05
-3.892432731571721e-05
3.277261241585401e-06
3.592064633593063e-05
3.297291296394644e-05
3.502263421913652e-05
8.178351334677031e-06
-3.09750552480038e-05
3.189722194279389e-05
3.234768786325142e-05
-1.190942540039425e-05
-2.764390388089893e-05
-2.854320762905632e-05
-2.867493265902814e-05
-1.143346226153594e-05
-2.540476110040434e-05
2.868880921485079e-05
-2.609024870653668e-05
-1.021579206165696e-05
2.486749762582094e-05
-2.509073141785955e-05
-2.486120424241658e-05
7.111004608030836e-06
-2.507526998032142e-05
-2.583218992269158e-05

-0.002710066396485829
-0.001611392623462937
-0.0004950349972441578
0.0004957863587345075
0.000544676244526635
-0.0002871549140122638
0.0003860900959936815
-0.0003049763861579075
-0.0002327765108061305
-0.0001561431028436239
0.0001993673841618145
-2.978497909850474e-05
0.0002082931603843797
-0.0001005598014449842
0.0002086422113390622
0.0001506312744840987
-0.0001178563741714534
-0.000149968892369382
0.0001101396540848559
1.759470500274437e-05
-9.637472735715173e-05
-0.0001176868188309945
9.148165893171093e-05
8.528974149933729e-05
9.775121873541962e-05
7.802562588756367e-05
-1.385243843267321e-06
9.063680915672793e-05
-7.911208253892799e-05
-7.352929300350511e-05
7.802741293462496e-05
6.776029216826793e-05
9.408151562625128e-06
-6.792496350813032e-05
-7.229571845100393e-05
-5.878061034307104e-05
1.215675549155977e-05
6.461438718112101e-05
6.137334646689487e-05
5.429182289340118e-05
-6.09293898893965e-05
5.129993033361352e-06
5.622764005472941e-05
5.161346664961694e-05
5.482195537980764e-05
1.280181294029783e-05
-4.848616143685229e-05
4.992965598037759e-05
5.063478348266892e-05
-1.864217248236165e-05
-4.327181261120913e-05
-4.467951911456254e-05
-4.488571216303282e-05
-1.789713343710292e-05
-3.97668168181446e-05
4.490743354239619e-05
-4.083983065032465e-05
-1.599107859988714e-05
3.89258225615027e-05
-3.927525695610042e-05
-3.891597134408173e-05
1.113106383968705e-05
-3.925105471497031e-05
-4.043588367577348e-05

-0.001748310795305723
-0.001039537305332839
-0.0003193556552188487
0.0003198403715363572
0.0003513800840774511
-0.0001852486111571475
0.0002490734115083657
-0.0001967455516678684
-0.0001501681609217353
-0.0001007306214593085
0.0001286153543743435
-1.921480616246582e-05
0.0001343735272909074
-6.487287052009175e-05
0.0001345987061104323
9.717484546979984e-05
-7.603118931946419e-05
-9.674753128901791e-05
7.105299946799378e-05
1.13506490971656e-05
-6.21730067025377e-05
-7.592180623110149e-05
5.901640346896363e-05
5.502189023320402e-05
6.306100514400244e-05
5.033568337168021e-05
-8.936448082802031e-07
5.847137623866491e-05
-5.103657538476953e-05
-4.743502111091115e-05
5.033683622669654e-05
4.37133387006569e-05
6.069361607572677e-06
-4.381957103562176e-05
-4.663922079037468e-05
-3.792039034569211e-05
7.842533632879327e-06
4.168386087784155e-05
3.959300934884846e-05
3.502459577537511e-05
-3.930660526735436e-05
3.309447403834879e-06
3.627342497206653e-05
3.329674174909736e-05
3.536659342905821e-05
8.258671371314604e-06
-3.127926296304565e-05
3.221048630747717e-05
3.266537627843131e-05
-1.202638851989238e-05
-2.791539617581909e-05
-2.8823532035363e-05
-2.895655074408123e-05
-1.154575092096458e-05
-2.565426265136471e-05
2.897056358231724e-05
-2.634648246884303e-05
-1.031612191532577e-05
2.511172268275276e-05
-2.533714886610145e-05
-2.510536749168921e-05
7.180842173973098e-06
-2.532153558093355e-05
-2.608588927553742e-05

0.0002611288603165316
0.0001552659816131694
4.76991725423119e-05
-4.777157009309407e-05
-5.248236248350076e-05
2.76688554669656e-05
-3.72017699924618e-05
2.938604612938324e-05
2.242921614543264e-05
1.504519245163802e-05
-1.921007466014075e-05
2.869936196629734e-06
-2.007011918726234e-05
9.68945498126051e-06
-2.010375204515767e-05
-1.451409939074391e-05
1.135606888020356e-05
1.445027546117918e-05
-1.061252314117542e-05
-1.695340479824537e-06
9.286201530222298e-06
1.13397313495549e-05
-8.814729176990751e-06
-8.218106029903395e-06
-9.41883356659039e-06
-7.518171063971577e-06
1.334753814598829e-07
-8.733323548266632e-06
7.622856760055283e-06
7.08492622423633e-06
-7.518343255159022e-06
-6.529053270264123e-06
-9.065238764695127e-07
6.54492020229814e-06
6.966064960379006e-06
5.663814660594889e-06
-1.171366026593141e-06
-6.225929116175596e-06
-5.913638144617809e-06
-5.231296862332141e-06
5.870860640987977e-06
-4.943012599137869e-07
-5.417822819696977e-06
-4.973223438612308e-06
-5.282377858789793e-06
-1.233520635294992e-06
4.671891468620558e-06
-4.810979605167073e-06
-4.878922273030699e-06
1.796269368326623e-06
4.169462093494666e-06
4.305101867985735e-06
4.324969630570889e-06
1.724481017668024e-06
3.831737690117545e-06
-4.327062597389269e-06
3.935128101311885e-06
1.540822813579301e-06
-3.75070356045117e-06
3.784373364756463e-06
3.749754344897972e-06
-1.072535351286656e-06
3.782041354127757e-06
3.896205729065834e-06

0.002320726676540377
0.001379893072915081
0.000423916154015712
-0.0004245595717034584
-0.0004664257275725157
0.0002459010119132224
-0.0003306227428532675
0.0002611621752106546
0.0001993348424969508
0.0001337109174140042
-0.0001707254137597335
2.550594171557267e-05
-0.0001783688748259981
8.611295062866111e-05
-0.0001786677796288635
-0.0001289909418713204
0.000100924623800606
0.0001284237204018804
-9.431652069893899e-05
-1.50669744913533e-05
8.252912216913155e-05
0.0001007794275049636
-7.83390128641389e-05
-7.303665275117002e-05
-8.370786091358307e-05
-6.681613103126874e-05
1.18623379292571e-06
-7.761553781828877e-05
6.774650267713918e-05
6.296576054434074e-05
-6.681766134350766e-05
-5.802555902282702e-05
-8.056536303549715e-06
5.816657297428583e-05
6.190940658371524e-05
5.033593666316977e-05
-1.041026404593794e-05
-5.533160819010973e-05
-5.255618923542367e-05
-4.649202760128029e-05
5.217601335709079e-05
-4.39299631124403e-06
-4.814973699652645e-05
-4.419845546139185e-05
-4.694599898917681e-05
-1.096264978494772e-05
4.152043227998227e-05
-4.275654822863038e-05
-4.336037410059468e-05
1.596395831651322e-05
3.705519909007182e-05
3.826066846134081e-05
3.843723893530285e-05
1.532595476440938e-05
3.405374597118027e-05
-3.845583972848214e-05
3.497260605072326e-05
1.369373191060395e-05
-3.333357254342275e-05
3.363280569959251e-05
3.332513659399532e-05
-9.531927640050114e-06
3.361208045584992e-05
3.462669182479793e-05

0.001508068646717361
0.0008966904634318905
0.0002754717594151583
-0.0002758898689887712
-0.0003030955876385902
0.0001597928829840662
-0.0002148472706541468
0.0001697099844307633
0.0001295329731014318
8.688883715357091e-05
-0.0001109418210647598
1.657442532767664e-05
-0.0001159087411691196
5.595843846335056e-05
-0.0001161029772961102
-8.382167409595998e-05
6.558344951777635e-05
8.345307880959194e-05
-6.128933198870147e-05
-9.790912502104866e-06
5.362957337564233e-05
6.548909718267564e-05
-5.090673120166e-05
-4.746111947979741e-05
-5.439554851660765e-05
-4.341886242866272e-05
7.708456186898276e-07
-5.04365982711626e-05
4.402344215928244e-05
4.091679138847204e-05
-4.341985686541312e-05
-3.770651975312984e-05
-5.235347153691761e-06
3.779815429204672e-05
4.023034506802478e-05
3.270960283787511e-05
-6.764860752637155e-06
-3.595592032766334e-05
-3.415238079437898e-05
-3.021173059997123e-05
3.390533260548789e-05
-2.85468343562521e-06
-3.128895334646093e-05
-2.872130767852333e-05
-3.05067330332674e-05
-7.123815394872402e-06
2.698105845577011e-05
-2.778431879861649e-05
-2.817670057920863e-05
1.037379595709922e-05
2.40794336147038e-05
2.486277901326377e-05
2.497751910671321e-05
9.959204629674946e-06
2.212901119358236e-05
-2.498960638664772e-05
2.272611040853832e-05
8.898543701719523e-06
-2.166102374052248e-05
2.185547324009739e-05
2.165554184084114e-05
-6.194094876422314e-06
2.184200543683798e-05
2.250132633385873e-05

0.00108640350185525
0.0006459703685724972
0.0001984481838690578
-0.0001987493874686214
-0.0002183482220946955
0.000115113823248915
-0.0001547746700462789
0.0001222580429522896
9.331476779222034e-05
6.259419102786671e-05
-7.992181467954222e-05
1.194011542937782e-05
-8.349995378253191e-05
4.031211950283185e-05
-8.363988030972241e-05
-6.038462537330934e-05
4.72459190600962e-05
6.011909156568784e-05
-4.415246284963905e-05
-7.053313953447532e-06
3.863441922561342e-05
4.717794821042622e-05
-3.667290024618778e-05
-3.419070247038492e-05
-3.918622306909587e-05
-3.127868501991591e-05
5.553125060700334e-07
-3.633421933591215e-05
3.171422058915701e-05
2.94762082255926e-05
-3.127940140611227e-05
-2.71635480200089e-05
-3.771512320462634e-06
2.7229560985791e-05
2.89816964618238e-05
2.356379939647954e-05
-4.873364635770158e-06
-2.590242681686351e-05
-2.460316788129018e-05
-2.176434739384124e-05
2.442519586515196e-05
-2.05649662427671e-06
-2.254037212362505e-05
-2.069065576539728e-05
-2.197686535665894e-05
-5.131953381836987e-06
1.943699078547584e-05
-2.001565466212902e-05
-2.029832411582674e-05
7.473219657376975e-06
1.734667785757719e-05
1.791099512921044e-05
1.799365319627017e-05
7.174550580918765e-06
1.594160538091534e-05
-1.800236079938816e-05
1.637175203206422e-05
6.410456884708621e-06
-1.560447005956539e-05
1.574455029911031e-05
1.560052093230256e-05
-4.462188362058924e-06
1.573484817536454e-05
1.620981894869826e-05

-0.002077213369076989
-0.001235101215464463
-0.0003794347311083379
0.0003800106351286569
0.0004174837850527787
-0.000220098676237534
0.0002959305757623191
-0.0002337584892390108
-0.0001784186840885331
-0.0001196806621182675
0.0001528112360183502
-2.282960921596482e-05
0.0001596526705023692
-7.707713885685727e-05
0.000159920211294191
0.0001154559525055044
-9.033462662660253e-05
-0.0001149482494522142
8.441991023808088e-05
1.34860003814129e-05
-7.386936067950518e-05
-9.02046657443052e-05
7.01189185640258e-05
6.537293385773185e-05
7.492441464314992e-05
5.980513002721924e-05
-1.06176255843679e-06
6.947135758554444e-05
-6.063787799385656e-05
-5.635877801506538e-05
5.98064997641569e-05
5.193695068393334e-05
7.21116583325326e-06
-5.206316807444667e-05
-5.541326702849724e-05
-4.50541986002444e-05
9.31791747405635e-06
4.952567548211197e-05
4.704148058930978e-05
4.161363001731929e-05
-4.670119647698334e-05
3.932040235614765e-06
4.309739635337788e-05
3.95607218657087e-05
4.201996629364371e-05
9.812341506646045e-06
-3.716370303046606e-05
3.827011362169393e-05
3.881058018611419e-05
-1.428886390356107e-05
-3.316700571496723e-05
-3.424598546701146e-05
-3.440402844243149e-05
-1.371780591498076e-05
-3.048049436995387e-05
3.442067745873329e-05
-3.130293867622124e-05
-1.225685182352571e-05
2.983588857155745e-05
-3.010372326262134e-05
-2.982833780432646e-05
8.531744701837533e-06
-3.008517271386011e-05
-3.099332114913188e-05

-8.665654917743221e-05
-5.152557306349365e-05
-1.582914154382612e-05
1.585316693075891e-05
1.741646028701045e-05
-9.182008957346439e-06
1.234554084494794e-05
-9.751864839639538e-06
-7.44321584966591e-06
-4.992801094396189e-06
6.374932198093022e-06
-9.523986236423963e-07
6.66034106009303e-06
-3.215480399473295e-06
6.671502244665468e-06
4.816555956688238e-06
-3.768552201333769e-06
-4.795375756656e-06
3.521803880129209e-06
5.626048207925997e-07
-3.081659294942906e-06
-3.763130533165053e-06
2.92519950297427e-06
2.727207971040995e-06
3.125673712073623e-06
2.494932041361682e-06
-4.429428422193339e-08
2.898184753010346e-06
-2.529672365200532e-06
-2.351158186895939e-06
2.494989183623487e-06
2.166689752750413e-06
3.008332008432379e-07
-2.171955251079135e-06
-2.311713650029877e-06
-1.879557215823392e-06
3.887220185655816e-07
2.066096914666286e-06
1.962462035309186e-06
1.736024632670984e-06
-1.948266167253007e-06
1.640356465621472e-07
1.797923940844036e-06
1.650382041093939e-06
1.752976044616643e-06
4.093482484625318e-07
-1.550383945731828e-06
1.596540842864608e-06
1.619087860961263e-06
-5.96098434554628e-07
-1.383650954972835e-06
-1.428663500786067e-06
-1.435256689084059e-06
-5.722752128254462e-07
-1.271575900019539e-06
1.43595124763232e-06
-1.305886378916569e-06
-5.113275788679241e-07
1.244684433354079e-06
-1.255857878714358e-06
-1.244369432766099e-06
3.559247043789977e-07
-1.255083992619126e-06
-1.292969850042953e-06

0.001140499390694623
0.0006781355274587183
0.0002083296237544864
-0.0002086458253510787
-0.0002292205555606036
0.0001208457493479069
-0.0001624814505671361
0.0001283457051238151
9.796124149825738e-05
6.571097810932457e-05
-8.390140568356402e-05
1.253465618324126e-05
-8.765771304064513e-05
4.231940310580737e-05
-8.780460700661338e-05
-6.33913903332853e-05
4.959846116918329e-05
6.311263465432425e-05
-4.635097078726269e-05
-7.404523505810806e-06
4.055816417326706e-05
4.952710580950645e-05
-3.84989741973024e-05
-3.589317897843039e-05
-4.11374442899016e-05
-3.283616183675196e-05
5.829634880008469e-07
-3.814342916164449e-05
3.329338426883197e-05
3.094393332114319e-05
-3.283691389436438e-05
-2.851611755025773e-05
-3.959309313840531e-06
2.858541753606483e-05
3.042479806034335e-05
2.473712465785853e-05
-5.116026769278068e-06
-2.719220064340191e-05
-2.582824699096918e-05
-2.284807154905873e-05
2.564141311605714e-05
-2.158896895073733e-06
-2.366273730627667e-05
-2.17209170010974e-05
-2.307117153602892e-05
-5.387491567415217e-06
2.040482758930141e-05
-2.101230519556031e-05
-2.130904976528691e-05
7.845337806082982e-06
1.821043055674142e-05
1.880284718956412e-05
1.888962109534904e-05
7.531796935550228e-06
1.673539453120305e-05
-1.889876228095502e-05
1.718695971181988e-05
6.729656300441638e-06
-1.638147204483068e-05
1.652852737700671e-05
1.63773262764914e-05
-4.684376568560015e-06
1.651834215006149e-05
1.701696340511087e-05

0.0008362862039000495
0.0004972518097032495
0.0001527604412865624
-0.0001529923002731047
-0.0001680789922639799
8.861173780905939e-05
-0.0001191416642636178
9.411117919098743e-05
7.183137093307647e-05
4.818344041739145e-05
-6.152181108861688e-05
9.191201785994063e-06
-6.427617294620818e-05
3.10312598703992e-05
-6.438388488202017e-05
-4.648257212087656e-05
3.636872509436631e-05
4.627817084676416e-05
-3.398745998729249e-05
-5.429464412596057e-06
2.973980821941474e-05
3.63164028368009e-05
-2.822988004044272e-05
-2.631914636578745e-05
-3.016457299674928e-05
-2.40775482715351e-05
4.274656579130261e-07
-2.796917195886988e-05
2.441281264360518e-05
2.269004678303158e-05
-2.407809972768898e-05
-2.090981888342128e-05
-2.903215716863352e-06
2.09606340110133e-05
2.230938401362821e-05
1.813882255818286e-05
-3.751394030403414e-06
-1.993903936933301e-05
-1.893890238408028e-05
-1.675364947855437e-05
1.880190398383097e-05
-1.583039591010577e-06
-1.735101387796521e-05
-1.59271485564022e-05
-1.691724048325909e-05
-3.950449170090424e-06
1.496210865619047e-05
-1.540754961428039e-05
-1.562514147953829e-05
5.752697305840607e-06
1.335303812166723e-05
1.378743542256532e-05
1.385106353219789e-05
5.522789331734662e-06
1.227144852286565e-05
-1.38577664269727e-05
1.260256464076502e-05
4.934609143124001e-06
-1.201193019693047e-05
1.211976045665132e-05
1.200889025767834e-05
-3.43488083388908e-06
1.211229200480718e-05
1.247791260922976e-05

0.001235992025904686
0.0007349149953611192
0.0002257728112974664
-0.0002261154880717142
-0.0002484129155682163
0.000130964017847935
-0.000176085825995889
0.0001390919358541107
0.0001061634178215563
7.121287886708593e-05
-9.092636895132158e-05
1.358416779206138e-05
-9.499718738235219e-05
4.586275556706932e-05
-9.515638060255058e-05
-6.86990748107157e-05
5.375128036229021e-05
6.839697925580391e-05
-5.023188153666796e-05
-8.02449530747128e-06
4.395405022793308e-05
5.367395050461578e-05
-4.172244676467462e-05
-3.889847146230089e-05
-4.458183276841761e-05
-3.558549397103147e-05
6.317743160949793e-07
-4.133713237300347e-05
3.608099908460577e-05
3.353483144936228e-05
-3.558630899753075e-05
-3.090373759902914e-05
-4.290817496200155e-06
3.09788399888579e-05
3.297222962078018e-05
2.680833420024379e-05
-5.544385505803019e-06
-2.946897073006819e-05
-2.799081488724116e-05
-2.476111295836888e-05
2.778833763784672e-05
-2.339658722163951e-06
-2.56439896945682e-05
-2.353958312273885e-05
-2.500289283753465e-05
-5.838579723304317e-06
2.211329913554283e-05
-2.277164010738844e-05
-2.309323074118684e-05
8.5022184562025e-06
1.973516789228679e-05
2.037718685359934e-05
2.047122623360628e-05
8.162425187624637e-06
1.813662888354794e-05
-2.048113279963193e-05
1.862600307082912e-05
7.293122286857196e-06
-1.775307289525764e-05
1.791244099260575e-05
1.774858000674355e-05
-5.076593755609729e-06
1.790140296892961e-05
1.84417731788681e-05

1.956127772586729e-05
1.163104294175514e-05
3.573165985066953e-06
-3.578589317213747e-06
-3.931476846381744e-06
2.072686127002985e-06
-2.786800945135868e-06
2.201321634443205e-06
1.680182441963241e-06
1.127041980834954e-06
-1.43903513806467e-06
2.149881821938297e-07
-1.503461451678503e-06
7.258413324001853e-07
-1.50598090383224e-06
-1.087257566201692e-06
8.506881122595472e-07
1.082476487512972e-06
-7.94988774050834e-07
-1.269987006652308e-07
6.956334390742166e-07
8.494642606438429e-07
-6.603152378299622e-07
-6.156219356030122e-07
-7.055689632422826e-07
-5.631894995984246e-07
9.998699504383664e-09
-6.542171063923961e-07
5.710315511195002e-07
5.307349381938733e-07
-5.632023985093425e-07
-4.890942508250408e-07
-6.790810211816848e-08
4.902828496911595e-07
5.218309886538019e-07
4.242788462012398e-07
-8.774754401493903e-08
-4.663870871843243e-07
-4.429932332014881e-07
-3.918787477725988e-07
4.397887516015492e-07
-3.70283246886207e-08
-4.058514892459058e-07
-3.725463541559901e-07
-3.957052476778495e-07
-9.240357308131463e-08
3.499734438094937e-07
-3.603925972577565e-07
-3.654822123852878e-07
1.3455932806679e-07
3.123362384416641e-07
3.224970735737096e-07
3.239853764108001e-07
1.291816311595365e-07
2.870371548995878e-07
-3.241421614762781e-07
2.947821760549952e-07
1.15423714354226e-07
-2.809668526204855e-07
2.834890724718059e-07
2.808957464680244e-07
-8.034409467874631e-08
2.833143805243815e-07
2.918664840416737e-07

-0.0007288872246532974
-0.00043339288611737
-0.0001331423782515185
0.0001333444610461938
0.0001464936640380617
-7.723188944424203e-05
0.0001038410493927583
-8.202507214570594e-05
-6.260651958418461e-05
-4.199554410475181e-05
5.362095169201044e-05
-8.010833527776714e-06
5.602158817353211e-05
-2.704611026578012e-05
5.611546734264638e-05
4.051310762980201e-05
-3.16981183888795e-05
-4.033495632622125e-05
2.962266418795674e-05
4.732192434354485e-06
-2.592051163068921e-05
-3.165251554989518e-05
2.460449403448027e-05
2.293914387243804e-05
2.62907265382566e-05
2.098542012800292e-05
-3.725689310402991e-07
2.437726705269074e-05
-2.127762860464834e-05
-1.977610673213301e-05
2.098590076411226e-05
1.822450230897526e-05
2.530373975519047e-06
-1.82687915692153e-05
-1.944433008889267e-05
-1.580936761990663e-05
3.269626080939805e-06
1.737839390437156e-05
1.650669822404682e-05
1.460208360999903e-05
-1.638729366700451e-05
1.379739769264075e-06
1.512273225535776e-05
1.388172500488054e-05
1.474466565050377e-05
3.443117820541061e-06
-1.304061911162955e-05
1.342885488806223e-05
1.361850279811193e-05
-5.013914559359013e-06
-1.163819138926616e-05
-1.201680177596194e-05
-1.207225852751829e-05
-4.813532220882882e-06
-1.069550354244227e-05
1.207810061166054e-05
-1.098409649912045e-05
-4.300888315873049e-06
1.046931352345705e-05
-1.056329582087355e-05
-1.046666398448948e-05
2.993760684264412e-06
-1.055678649534407e-05
-1.087545274428164e-05

0.0009721293072549194
0.0005780234745517523
0.0001775742577974707
-0.0001778437790631338
-0.0001953810950744433
0.0001030054865060088
-0.0001384945763849124
0.0001093982359211659
8.349938159767319e-05
5.60101725171061e-05
-7.151517664133395e-05
1.06841851311019e-05
-7.471694640875737e-05
3.607185796007684e-05
-7.484215465576481e-05
-5.403302173888213e-05
4.227632043533261e-05
5.379541831074047e-05
-3.950825181465726e-05
-6.311405657016381e-06
3.45706278872259e-05
4.221549915218788e-05
-3.281543280236019e-05
-3.0594326923951e-05
-3.506438981561822e-05
-2.798861228661109e-05
4.969015296011985e-07
-3.251237630620158e-05
2.837833570933598e-05
2.637573041130188e-05
-2.798925331917861e-05
-2.430632916239555e-05
-3.374802873089251e-06
2.436539850318618e-05
2.59332342507912e-05
2.108522288860381e-05
-4.360755998378102e-06
-2.317785997071122e-05
-2.20152645935679e-05
-1.947504763994216e-05
2.185601270192116e-05
-1.840182432508315e-06
-2.016944560688886e-05
-1.851429309782992e-05
-1.966521173608231e-05
-4.592144886707136e-06
1.739249584075649e-05
-1.791029250892998e-05
-1.816322915698207e-05
6.687143253946103e-06
1.552205409872941e-05
1.602701322065179e-05
1.610097683483672e-05
6.419889915841683e-06
1.426477525985556e-05
-1.61087685219713e-05
1.464967660201513e-05
5.736168007442777e-06
-1.396310177865601e-05
1.408844756958736e-05
1.395956804339931e-05
-3.992829619789502e-06
1.40797659712578e-05
1.450477657556646e-05

0.0004811929133793976
0.0002861150236347526
8.789723117396908e-05
-8.803064112464919e-05
-9.671141241861874e-05
5.098654034600232e-05
-6.855323484295605e-05
5.415087835395695e-05
4.133124101548857e-05
2.772439622100168e-05
-3.539919632303439e-05
5.288549714480041e-06
-3.698403582006659e-05
1.785515804665592e-05
-3.704601247345701e-05
-2.674572914858957e-05
2.09262961680254e-05
2.662811816310073e-05
-1.955613378934445e-05
-3.124073775942132e-06
1.711206629226288e-05
2.089619032695054e-05
-1.624326475512834e-05
-1.514384269207323e-05
-1.735647281212459e-05
-1.385404368239357e-05
2.459605866287678e-07
-1.609325524794184e-05
1.404695232921288e-05
1.305568555995008e-05
-1.38543609861941e-05
-1.203135555725365e-05
-1.670488909719159e-06
1.206059420686226e-05
1.283665501015887e-05
1.043694471024073e-05
-2.158524455270593e-06
-1.147277618519823e-05
-1.089730474077235e-05
-9.639926337092496e-06
1.081847687175571e-05
-9.108693043610477e-07
-9.983645406423505e-06
-9.164363802655167e-06
-9.734055394572241e-06
-2.273059314440351e-06
8.609086962087667e-06
-8.865390403856121e-06
-8.990591158194272e-06
3.310059598589117e-06
7.683239644834102e-06
7.933188647706912e-06
7.969799792675789e-06
3.177772246061848e-06
7.0609009673539e-06
-7.973656588890191e-06
7.251422739321057e-06
2.839337703879917e-06
-6.911576036785958e-06
6.973620772887478e-06
6.909826878162876e-06
-1.976405096558899e-06
6.969323480782759e-06
7.179698879796369e-06

-0.0005679821005218017
-0.0003377194626031294
-0.0001037506010668594
0.0001039080731784317
0.0001141545306312964
-6.018260344005188e-05
8.091767197932169e-05
-6.391766956123041e-05
-4.878584957595184e-05
-3.272483938036541e-05
4.178388609910861e-05
-6.242406095401294e-06
4.365457130972757e-05
-2.107556011426142e-05
4.372772623122045e-05
3.156965740641003e-05
-2.4700616578468e-05
-3.143083380222583e-05
2.308332820148493e-05
3.687539729091409e-06
-2.019844242656741e-05
-2.466508077073896e-05
1.917294161747351e-05
1.787522497329847e-05
2.048693073274415e-05
1.63527945085084e-05
-2.90322668424166e-07
1.89958760110938e-05
-1.658049665328482e-05
-1.541044246891898e-05
1.635316904204934e-05
1.420136168162464e-05
1.971782570899197e-06
-1.423587388900597e-05
-1.515190700780891e-05
-1.231937880780099e-05
2.547841458270212e-06
1.35420355023982e-05
1.2862770553352e-05
1.137860815814585e-05
-1.276972508783785e-05
1.075156026630734e-06
1.178432127976334e-05
1.081727194613051e-05
1.148971457368114e-05
2.68303411818402e-06
-1.016184395144377e-05
1.046437493887669e-05
1.061215722214063e-05
-3.907070431397024e-06
-9.06900843911319e-06
-9.364038884765396e-06
-9.40725330966758e-06
-3.750923392915463e-06
-8.334423162745221e-06
9.411805727532029e-06
-8.559307929805188e-06
-3.351447929301987e-06
8.158165604984851e-06
-8.231400888694839e-06
-8.156100963625736e-06
2.332874585254278e-06
-8.226328525981139e-06
-8.474647771143566e-06

-0.0004035018954260973
-0.0002399203129067294
-7.370578076957825e-05
7.381765101211881e-05
8.109686808602258e-05
-4.275450676600175e-05
5.748497001438862e-05
-4.540794647483628e-05
-3.465810411243916e-05
-2.32481529001636e-05
2.96838178945638e-05
-4.434686743124255e-06
3.101277707749449e-05
-1.497235290595068e-05
3.106474728821002e-05
2.24274965527422e-05
-1.75476403190272e-05
-2.232887445282566e-05
1.639869755310344e-05
2.619676339768973e-06
-1.434923705565126e-05
-1.752239521753469e-05
1.362070789980696e-05
1.269879306278774e-05
1.455418291266803e-05
1.161723859544073e-05
-2.062490118730175e-07
1.349491818263259e-05
-1.177900117022907e-05
-1.094777941040816e-05
1.161750466894388e-05
1.008883264261674e-05
1.400780066826056e-06
-1.011335056508094e-05
-1.076411244536972e-05
-8.751847452336638e-06
1.810019817017457e-06
9.620438721797414e-06
9.137880038703415e-06
8.083511707324669e-06
-9.071779325921543e-06
7.638048703047095e-07
8.371735602803347e-06
7.684731137826058e-06
8.162443154675151e-06
1.906062446664478e-06
-7.219106538156647e-06
7.43402849914107e-06
7.539014961497912e-06
-2.775633815184766e-06
-6.44274193053546e-06
-6.652335408772643e-06
-6.683035500108472e-06
-2.664704921593321e-06
-5.920882965074464e-06
6.686269597158772e-06
-6.080644037967432e-06
-2.380912339762225e-06
5.79566729617385e-06
-5.847694597334287e-06
-5.794200548016195e-06
1.65730454546855e-06
-5.844091124667362e-06
-6.020500356584579e-06

-0.001438657855389661
-0.0008554191361761237
-0.0002627928188038179
0.0002631916843488907
0.0002891452249466899
-0.0001524382108471986
0.0002049586497990224
-0.000161898864995825
-0.0001235710520803741
-8.288966711744221e-05
0.0001058355816317903
-1.581156616983491e-05
0.0001105738928756418
-5.338287964931063e-05
0.0001107591890361205
7.996367416861558e-05
-6.256488724016516e-05
-7.961204395251923e-05
5.846841197121196e-05
9.34027321186145e-06
-5.11612035606137e-05
-6.247487759213977e-05
4.856368368570002e-05
4.527666065719888e-05
5.189192371448032e-05
4.142045366504117e-05
-7.353664616227567e-07
4.811518922556952e-05
-4.199720683907709e-05
-3.903354364966801e-05
4.142140233157559e-05
3.597102887876549e-05
4.994383594371008e-06
-3.60584458206439e-05
-3.837869190047466e-05
-3.120410146567458e-05
6.453499370591895e-06
3.430100303440532e-05
3.258047371852317e-05
2.882119699734746e-05
-3.234479623899449e-05
2.72329297360024e-06
2.984883918698414e-05
2.739937270010879e-05
2.910262156574863e-05
6.795932665586517e-06
-2.573922067712936e-05
2.650550993371071e-05
2.687983184019211e-05
-9.896328709162474e-06
-2.297114683639621e-05
-2.371843775951238e-05
-2.382789679316964e-05
-9.500819478678189e-06
-2.111049510574718e-05
2.383942774056383e-05
-2.168011206443286e-05
-8.48897682865329e-06
2.066404737471429e-05
-2.084954708696567e-05
-2.065881778648633e-05
5.909003724991478e-06
-2.083669915661133e-05
-2.146567396474241e-05

-0.001007956415957368
-0.0005993261034312198
-0.0001841186261129177
0.0001843980803859131
0.0002025817212457068
-0.000106801677747686
0.0001435986918620295
-0.0001134300272280802
-8.657668972815078e-05
-5.807438611939497e-05
7.415081573614805e-05
-1.107794289484281e-05
7.74705843671243e-05
-3.74012596832712e-05
7.760040707171632e-05
5.602436890735524e-05
-4.383438304745057e-05
-5.57780087800469e-05
4.096429929911878e-05
6.544007858034752e-06
-3.584470288318378e-05
-4.377132024076405e-05
3.402482137787029e-05
3.172185828032968e-05
3.635666204332104e-05
2.902011195166497e-05
-5.152144690244138e-07
3.371059595803736e-05
-2.94241983437273e-05
-2.734778850429946e-05
2.902077660901131e-05
2.520212099847716e-05
3.499178744159776e-06
-2.526336729627515e-05
-2.688898447411839e-05
-2.186230322844871e-05
4.521468444769051e-06
2.403206290695651e-05
2.282662093455799e-05
2.019278615844293e-05
-2.266149993188638e-05
1.908000998978731e-06
2.091277565036748e-05
1.919662371621208e-05
2.038995861210362e-05
4.761384999938425e-06
-1.803348344852327e-05
1.857036313103252e-05
1.883262157272588e-05
-6.933592986997707e-06
-1.609410795549067e-05
-1.66176769734551e-05
-1.669436646210198e-05
-6.656490224209697e-06
-1.479049303220793e-05
1.670244530611891e-05
-1.518957962948206e-05
-5.947570249104728e-06
1.447770159732948e-05
-1.460766691495794e-05
-1.447403762887117e-05
4.139982410832501e-06
-1.45986653627184e-05
-1.503933941941553e-05

-6.604070668613126e-05
-3.926749091468452e-05
-1.206334320621897e-05
1.208165288430051e-05
1.327303425128915e-05
-6.997582595868235e-06
9.408501141235581e-06
-7.431868123422494e-06
-5.672453373664245e-06
-3.804999342203359e-06
4.858317477858902e-06
-7.258202495909605e-07
5.075826750035567e-06
-2.450508356643189e-06
5.084332656634178e-06
3.670683430106763e-06
-2.872002784816133e-06
-3.654542060590617e-06
2.683956599489513e-06
4.287595144634896e-07
-2.348523678065284e-06
-2.867870947110741e-06
2.229286120978199e-06
2.078397344432663e-06
2.382066938677053e-06
1.90138052703401e-06
-3.375654650381814e-08
2.208698257798409e-06
-1.927856027836701e-06
-1.791810886406421e-06
1.901424074981714e-06
1.651228023729619e-06
2.292641164101422e-07
-1.655240844854639e-06
-1.76175031839594e-06
-1.432405143854466e-06
2.962439314063218e-07
1.574566511384083e-06
1.495586668132426e-06
1.323019375389157e-06
-1.484768037952782e-06
1.250110940667661e-07
1.370192659972878e-06
1.257751402877651e-06
1.335937997638722e-06
3.119631218417949e-07
-1.181543142243523e-06
1.216719180679497e-06
1.233902198278534e-06
-4.542849010943952e-07
-1.054476409936548e-06
-1.088780341527477e-06
-1.093804991356294e-06
-4.361292923918902e-07
-9.690643331548841e-07
1.094334312425239e-06
-9.952122503630447e-07
-3.896812759949473e-07
9.485704238146709e-07
-9.57085674370715e-07
-9.483303627771207e-07
2.712491926724952e-07
-9.564958980003458e-07
-9.853686008885686e-07

-0.001015256627205219
-0.0006036667744088478
-0.0001854521211370749
0.0001857335993819037
0.0002040489368282479
-0.0001075751981071513
0.0001446387177687433
-0.0001142515539801612
-8.72037288680715e-05
-5.849499486799805e-05
7.468785941234496e-05
-1.115817585138925e-05
7.803167175387198e-05
-3.767214153123454e-05
7.816243471061447e-05
5.643013022950793e-05
-4.415185734604208e-05
-5.618198581779585e-05
4.126098676871908e-05
6.591403399163686e-06
-3.610431123434181e-05
-4.408833780154482e-05
3.427124908031279e-05
3.19516065739608e-05
3.661997830282586e-05
2.92302926145643e-05
-5.189459542379435e-07
3.395474785578389e-05
-2.963730563715866e-05
-2.754585722044293e-05
2.923096208575399e-05
2.538464953271856e-05
3.524521847912149e-06
-2.544633941209853e-05
-2.708373026252077e-05
-2.202064284452578e-05
4.55421556981963e-06
2.420611719458135e-05
2.299194470477927e-05
2.033903415320785e-05
-2.282562779900798e-05
1.921819860720247e-06
2.106423823110015e-05
1.933565691859222e-05
2.053763464536271e-05
4.795869741321504e-06
-1.816409250723026e-05
1.8704860587138e-05
1.8969018458198e-05
-6.983810132019711e-06
-1.621067091997185e-05
-1.673803193169788e-05
-1.681527685057117e-05
-6.704700428579343e-06
-1.489761445322231e-05
1.6823414206313e-05
-1.52995914695849e-05
-5.990646039428632e-06
1.458255759941016e-05
-1.471346420204858e-05
-1.457886709434198e-05
4.169966590391523e-06
-1.470439745529604e-05
-1.514826313184126e-05

0.0007395375087149133
0.0004397254944980931
0.0001350878152148911
-0.0001352928507836003
-0.0001486341860316389
7.836037891886184e-05
-0.0001053583440246706
8.322359818511243e-05
6.3521307489797e-05
4.260917054641633e-05
-5.440444514319741e-05
8.127885452621747e-06
-5.684015901337002e-05
2.744130001166222e-05
-5.69354099170933e-05
-4.110507314911157e-05
3.216128189846229e-05
4.092431875153149e-05
-3.005550177599453e-05
-4.801337827432582e-06
2.629925446299713e-05
3.211501272430947e-05
-2.496400760778192e-05
-2.327432384282342e-05
-2.667487884104285e-05
-2.129205286617175e-05
3.780127978196604e-07
-2.47334604526884e-05
2.158853100645574e-05
2.006506934143474e-05
-2.129254052519528e-05
-1.849079333439721e-05
-2.567347049968216e-06
1.853572973617445e-05
1.972844487623916e-05
1.604036941316928e-05
-3.31740088801604e-06
-1.763232184459681e-05
-1.674788920540117e-05
-1.481544492719428e-05
1.662673994436262e-05
-1.399900117774552e-06
-1.534370113621921e-05
-1.408456065567004e-05
-1.496011033421053e-05
-3.493427637484558e-06
1.323116477244028e-05
-1.362507333495426e-05
-1.3817492324043e-05
5.087176392621656e-06
1.180824519191411e-05
1.219238772135331e-05
1.224865479051909e-05
4.883866126814857e-06
1.085178306972353e-05
-1.225458223746268e-05
1.114459286113536e-05
4.363731621026435e-06
-1.062228802923089e-05
1.071764356811201e-05
1.061959977598461e-05
-3.037504627939732e-06
1.071103913025215e-05
1.103436163595392e-05

-0.0001252367713236223
-7.446519013656644e-05
-2.287640805684491e-05
2.291112974740154e-05
2.517041441113118e-05
-1.326991631909817e-05
1.784187912338403e-05
-1.409347681735185e-05
-1.07569979433631e-05
-7.215637996891575e-06
9.21310545456127e-06
-1.376414474966857e-06
9.625580734538342e-06
-4.647039229096715e-06
9.641710971998734e-06
6.960927046389423e-06
-5.4463432336121e-06
-6.930317243753606e-06
5.08974049128537e-06
8.130812033966871e-07
-4.45363984698443e-06
-5.438507793333736e-06
4.227522843998635e-06
3.941383822276857e-06
4.517249851600615e-06
3.605696701507006e-06
-6.401447088206979e-08
4.188480900892907e-06
-3.655903708755762e-06
-3.397913521760209e-06
3.605779283982993e-06
3.131318194308663e-06
4.347666637804417e-07
-3.138927936630129e-06
-3.340907946415219e-06
-2.716351844867983e-06
5.617843199355024e-07
2.985940581425671e-06
2.836166584990832e-06
2.508917352449072e-06
-2.815650597471394e-06
2.370656915432397e-07
2.598374751529358e-06
2.385145961149295e-06
2.533415675095418e-06
5.915935202974307e-07
-2.240627875428559e-06
2.307334210106147e-06
2.339919349675966e-06
-8.614864547846031e-07
-1.999663959450046e-06
-2.064716468002344e-06
-2.074244999003035e-06
-8.270569350300339e-07
-1.837692150484835e-06
2.075248780837339e-06
-1.887277942221665e-06
-7.389749035043202e-07
1.798828377425942e-06
-1.814976334334937e-06
-1.798373135939339e-06
5.143853665294127e-07
-1.813857907657447e-06
-1.868610866414318e-06

-0.000388067209669006
-0.0002307429219740338
-7.088639980113539e-05
7.099399080262307e-05
7.799476450481026e-05
-4.111906865754015e-05
5.528606473521942e-05
-4.367100944272206e-05
-3.33323682187781e-05
-2.235886851634436e-05
2.854835754984897e-05
-4.265051861382604e-06
2.982648161254698e-05
-1.439963301350509e-05
2.987646386769252e-05
2.156960377561245e-05
-1.687641097123549e-05
-2.147475415159009e-05
1.577141736825978e-05
2.519468926742905e-06
-1.380035248460947e-05
-1.685213154106593e-05
1.309969090189949e-05
1.221304099411433e-05
1.399745878758999e-05
1.11728579639697e-05
-1.983596098109873e-07
1.297871287155114e-05
-1.132843282429746e-05
-1.052900681761237e-05
1.117311385968929e-05
9.702916335262986e-06
1.347197666370677e-06
-9.726496402310748e-06
-1.035236545004557e-05
-8.417073274674706e-06
1.740783247363633e-06
9.252439338891001e-06
8.788339408354327e-06
7.774302594737797e-06
-8.724767168768531e-06
7.345879365390943e-07
8.05150139886377e-06
7.390776111620792e-06
7.850214769809314e-06
1.83315207069556e-06
-6.942962504810798e-06
7.149663307580471e-06
7.250633845644155e-06
-2.669460743395682e-06
-6.196295263873902e-06
-6.397871408103209e-06
-6.427397164759771e-06
-2.562775082938896e-06
-5.694398358676798e-06
6.430507551682972e-06
-5.848048278224633e-06
-2.289838086587441e-06
5.573972418212715e-06
-5.624009579892171e-06
-5.572561775849215e-06
1.593909614363732e-06
-5.620543946659703e-06
-5.790205202691059e-06

0.0004644698973379246
0.0002761715976262988
8.484251701238859e-05
-8.497129053427324e-05
-9.335037684156004e-05
4.921459252963622e-05
-6.617078735848951e-05
5.226895951808916e-05
3.989484619894979e-05
2.676088343880421e-05
-3.416895931930174e-05
5.104755441427557e-06
-3.569872049826705e-05
1.723463333371922e-05
-3.575854326177961e-05
-2.581622822460094e-05
2.019903943423827e-05
2.570270460273433e-05
-1.887649464675496e-05
-3.015502069214852e-06
1.651736643043011e-05
2.016997986887929e-05
-1.567875856747226e-05
-1.46175449906076e-05
-1.675327903019858e-05
-1.337257068414069e-05
2.374126576767583e-07
-1.553396237769549e-05
1.35587751291556e-05
1.260195809849403e-05
-1.337287696060774e-05
-1.161322688912098e-05
-1.612433996487099e-06
1.164144940072563e-05
1.239053957144117e-05
1.007422699565615e-05
-2.083508722313314e-06
-1.107405996379598e-05
-1.051858802047156e-05
-9.304907598676957e-06
1.044249967583339e-05
-8.792136386911854e-07
-9.636681314388181e-06
-8.845872406329602e-06
-9.395765365799259e-06
-2.194063123260186e-06
8.309893238807942e-06
-8.55728930383249e-06
-8.678138925456541e-06
3.195024280684602e-06
7.41622212179366e-06
7.657484585303458e-06
7.692823374114925e-06
3.067334343156308e-06
6.815511733930694e-06
-7.696546134140833e-06
6.99941225574453e-06
2.740661500116581e-06
-6.671376329516966e-06
6.731264809588319e-06
6.66968795983256e-06
-1.907718602608584e-06
6.727116862340402e-06
6.930181033205526e-06

0.000300342738463842
0.0001785823675385565
5.486218599678761e-05
-5.494545553153115e-05
-6.036367045078735e-05
3.182390414848053e-05
-4.278838218675339e-05
3.379896636637072e-05
2.579742503585011e-05
1.730453805895965e-05
-2.20948631358841e-05
3.300916242910565e-06
-2.308406106736496e-05
1.114452626861851e-05
-2.312274459180478e-05
-1.66936904333538e-05
1.306141658003985e-05
1.662028202594776e-05
-1.220621212978911e-05
-1.949930780232954e-06
1.068071600412652e-05
1.304262563257896e-05
-1.013844236378461e-05
-9.45222395953005e-06
-1.083326547322159e-05
-8.647179338406708e-06
1.535194598430389e-07
-1.004481200279102e-05
8.767585748487473e-06
8.148873860282235e-06
-8.647377387660036e-06
-7.509525130198093e-06
-1.042657112706966e-06
7.52777480895898e-06
8.012163128890608e-06
6.514353117654724e-06
-1.347270767944301e-06
-7.160880639416878e-06
-6.801692744678385e-06
-6.016883861276389e-06
6.752491317574155e-06
-5.685307776729726e-07
-6.231420533938132e-06
-5.72005539614908e-06
-6.075635721719697e-06
-1.418759171646273e-06
5.373472222830535e-06
-5.533447308580918e-06
-5.611592967766141e-06
2.066016220686087e-06
4.795592725983919e-06
4.951601607069294e-06
4.974452923516004e-06
1.983447370191535e-06
4.407152045663715e-06
-4.976860192419608e-06
4.52606865714588e-06
1.772209103033307e-06
-4.31394897196923e-06
4.352674991042858e-06
4.312857212140875e-06
-1.233598630633937e-06
4.349992780980199e-06
4.481301288827451e-06

8.551142955067533e-05
5.08446903656611e-05
1.561996796343914e-05
-1.564367586797619e-05
-1.718631114430242e-05
9.060673654171831e-06
-1.218240117159086e-05
9.622999197872023e-06
7.344857760913597e-06
4.926823916919418e-06
-6.290690902463003e-06
9.398131887645445e-07
-6.572328240063782e-06
3.172989557758451e-06
-6.583341935609629e-06
-4.752907763742943e-06
3.718752813629516e-06
4.732007448705384e-06
-3.475265138611942e-06
-5.551703010879262e-07
3.040936827077798e-06
3.713402789893341e-06
-2.886544566985322e-06
-2.691169386504679e-06
-3.084369617378574e-06
-2.461962858131492e-06
4.370895911180718e-08
-2.85988680239437e-06
2.496244107299917e-06
2.32008889771647e-06
-2.462019245295906e-06
-2.138058114587224e-06
-2.96857852115518e-07
2.143254032182371e-06
2.281165599169821e-06
1.854719879487543e-06
-3.835852664464496e-07
-2.038794556681107e-06
-1.936529156450289e-06
-1.713084002130164e-06
1.922520879141732e-06
-1.618680038380241e-07
-1.774165344279752e-06
-1.628573131266796e-06
-1.729811410295382e-06
-4.039389318212996e-07
1.529896456879776e-06
-1.57544341548241e-06
-1.59769248687129e-06
5.882213147879903e-07
1.365366752791193e-06
1.40978448205937e-06
1.416290544918888e-06
5.647129041017067e-07
1.254772709338147e-06
-1.416975925250208e-06
1.288629793737112e-06
5.045706603000547e-07
-1.228236598924686e-06
1.239262393213514e-06
1.227925760898679e-06
-3.512213511039692e-07
1.23849873361226e-06
1.275883949831653e-06

7.181671719621595e-05
4.270187936422141e-05
1.311841969826605e-05
-1.313833076622663e-05
-1.443391197623493e-05
7.609600738197669e-06
-1.023138151599056e-05
8.081869471810223e-06
6.168573902174025e-06
4.137789787590072e-06
-5.283232567703644e-06
7.893014810954492e-07
-5.519765498262566e-06
2.664833168318396e-06
-5.529015343119578e-06
-3.991726422072089e-06
3.12319207552879e-06
3.974173306448809e-06
-2.918699113722696e-06
-4.662594078751321e-07
2.553928770355559e-06
3.118698861662963e-06
-2.424262533462383e-06
-2.260176818161282e-06
-2.590405770373655e-06
-2.067677867855319e-06
3.670894021994765e-08
-2.401874027621343e-06
2.096468952149715e-06
1.94852511662191e-06
-2.067725224582454e-06
-1.795646684564031e-06
-2.493158695273226e-07
1.80001047248548e-06
1.915835410251677e-06
1.557685256378838e-06
-3.221538307328121e-07
-1.712280251515554e-06
-1.626392723198986e-06
-1.438732459059346e-06
1.614627880824136e-06
-1.359447352929939e-07
-1.49003158360637e-06
-1.367756060404212e-06
-1.452780961668477e-06
-3.392478430500515e-07
1.284882521088699e-06
-1.323135103964839e-06
-1.341820971758432e-06
4.940172797389592e-07
1.146702358613567e-06
1.184006558983033e-06
1.189470671539648e-06
4.742737566709982e-07
1.053820024831635e-06
-1.190046287752504e-06
1.082254874633342e-06
4.237633332384765e-07
-1.031533690161295e-06
1.040793696155157e-06
1.031272633051781e-06
-2.949730179717998e-07
1.040152337147289e-06
1.071550286111582e-06

-0.0007698267460993149
-0.0004577353313621306
-0.0001406206067968498
0.0001408340400072746
0.0001547217963165424
-8.156978492005292e-05
0.0001096735056695302
-8.66321870554468e-05
-6.61229496496988e-05
-4.435431432373714e-05
5.663268797642418e-05
-8.460779253144641e-06
5.916816137838327e-05
-2.856521332287199e-05
5.926731347335472e-05
4.278861361005559e-05
-3.347851150551007e-05
-4.260045605470539e-05
3.128648494759814e-05
4.997986218492124e-06
-2.737639301523292e-05
-3.343034728481387e-05
2.598645845522367e-05
2.422757031311496e-05
2.776740184074771e-05
2.216411146504023e-05
-3.934950677958494e-07
2.574646878040744e-05
-2.247273246036673e-05
-2.088687437667531e-05
2.216461909711614e-05
1.924812074798648e-05
2.672497881843758e-06
-1.929489760995048e-05
-2.053646278341937e-05
-1.669733481541285e-05
3.453271674571446e-06
1.835448884179895e-05
1.743383249543188e-05
1.542224109786232e-05
-1.730772132416737e-05
1.457235826216084e-06
1.597213309618401e-05
1.466142199958334e-05
1.55728315658828e-05
3.6365079515307e-06
-1.377307358158113e-05
1.418311545690212e-05
1.438341535042732e-05
-5.295531873657592e-06
-1.22918754844851e-05
-1.269175133931531e-05
-1.27503229388053e-05
-5.083894629391647e-06
-1.129623954362739e-05
1.275649315619269e-05
-1.160104194552019e-05
-4.542456974902055e-06
1.10573450748733e-05
-1.115660609050769e-05
-1.105454671883716e-05
3.161911703507032e-06
-1.11497311546936e-05
-1.148629598010141e-05

-0.0006289485460576151
-0.000373969821908774
-0.0001148870530139364
0.0001150614279729495
0.0001264077265823961
-6.664252429219687e-05
8.960326759425738e-05
-7.0778507458204e-05
-5.402245798026509e-05
-3.623748024689226e-05
4.62689130282847e-05
-6.912457688363428e-06
4.834039510890739e-05
-2.333778279110647e-05
4.842140238264121e-05
3.495830257163749e-05
-2.735194800941959e-05
-3.480457782579811e-05
2.556106204252806e-05
4.083355354001555e-06
-2.236651645382708e-05
-2.731259783519538e-05
2.123093974768756e-05
1.979392791969946e-05
2.268597071227402e-05
1.81080817875371e-05
-3.214855186898058e-07
2.103486815390475e-05
-1.836022517860576e-05
-1.706457892956807e-05
1.810849652300152e-05
1.572571701377154e-05
2.183431097508907e-06
-1.576393371574126e-05
-1.677829261486435e-05
-1.364172459375775e-05
2.821323382005728e-06
1.499561963672467e-05
1.424344328872888e-05
1.259997287000013e-05
-1.414041044632776e-05
1.190561848891209e-06
1.304923470012764e-05
1.197838357331854e-05
1.272300530085561e-05
2.971027442775715e-06
-1.125260280676682e-05
1.158760706923223e-05
1.17512521068363e-05
-4.32645019079121e-06
-1.004246377962945e-05
-1.036916240210765e-05
-1.041701540608557e-05
-4.153542536248817e-06
-9.229029093729868e-06
1.042205647444544e-05
-9.478052693493896e-06
-3.711187906072663e-06
9.033852283433676e-06
-9.114948545398407e-06
-9.031566026211652e-06
2.583282249882152e-06
-9.109331721990133e-06
-9.384305225662599e-06

