-0.05408248716672636
-0.03215938745814085
-0.00987805722861382
0.009895421054664828
0.01086878477710098
-0.005731786142058526
0.007703840349568281
-0.006087479538262457
-0.004644384171106781
-0.003117146875360874
0.003977700137555283
-0.0005946223065552698
0.004157769303998565
-0.002005945952243869
0.004164710439369555
0.003005233936149614
-0.002352836590981337
-0.002992097821809718
0.002198791603420586
0.0003509607260908571
-0.00192258804762437
-0.002349346258739688
0.001824978686713274
0.001702766657114022
0.001950151403215074
0.001557747596878144
-2.765206700944407e-05
0.001808216572285356
-0.001579384295320616
-0.001466852283301411
0.00155769999415886
0.001351768390974909
0.0001876382494286818
-0.001356050350616738
-0.001442307729098314
-0.00117352618026582
0.0002424898701252854
0.001289057333291877
0.001225237578877619
0.001083069411820731
-0.001216344945230817
0.0001022720303269756
0.001121739823516683
0.001030409731988908
0.001093703135940867
0.0002556073333549552
-0.0009679532757327615
0.0009960915792887911
0.001010831904318193
-0.0003719447828381381
-0.0008632528922949131
-0.0008919635318766189
-0.0008954728873494262
-0.0003573546133955
-0.0007938421216375742
0.0008959207945331044
-0.00081529998548643
-0.0003190197884466695
0.0007765843813477484
-0.0007840626565346303
-0.0007763889229256589
0.0002220648384428024
-0.0007835634042520653
-0.0008067288569898059

-0.03219245586617744
-0.01914278938833818
-0.005879887150818993
0.005890222921844594
0.006469615074786763
-0.003411830373921668
0.004585690367553235
-0.003623555916869669
-0.002764557258490115
-0.001855473342121422
0.002367715370273282
-0.000353947337921299
0.002474901060080099
-0.001194033964053026
0.002479032752349202
0.001788857464319655
-0.001400519689156206
-0.001781038227381217
0.001308824822233421
0.0002089084337157631
-0.00114441539423324
-0.00139844207822125
0.001086313683164116
0.001013567299346322
0.001160822407942078
0.0009272450915310691
-1.645981894407328e-05
0.001076336079372865
-0.0009401242784213762
-0.0008731398991831355
0.0009272167561397487
0.0008046365200184746
0.0001116911662165124
-0.0008071853450437329
-0.0008585298189280303
-0.0006985383207242556
0.000144341446759611
0.00076730793062546
0.0007293193924686219
0.0006446941711931746
-0.0007240260760694491
6.087715257057009e-05
0.0006677126303484627
0.0006133486375889452
0.0006510238670408947
0.000152149581670122
-0.0005761715990148507
0.0005929208489626006
0.0006016949880202918
-0.0002213991373815451
-0.0005138489757486208
-0.0005309389071855019
-0.0005330278416464799
-0.0002127143780363229
-0.0004725324001232555
0.0005332944572001725
-0.0004853051362001305
-0.0001898956759951295
0.0004622597763644439
-0.0004667111996720624
-0.0004621434302615914
0.0001321835012682669
-0.0004664140210855585
-0.0004802031948817037

-0.009709384835905627
-0.005773548615762594
-0.001773399562193894
0.00177651687572973
0.001951264071385596
-0.001029022893841256
0.001383064178203801
-0.001092880239320668
-0.0008338025043872898
-0.000559618837603114
0.0007141132632887138
-0.0001067520579917413
0.0007464409339574781
-0.0003601258416672481
0.000747687070331892
0.0005395271988528459
-0.0004224028352734752
-0.0005371688829518897
0.0003947472642248463
6.300769307087829e-05
-0.0003451606650000414
-0.0004217762187705746
0.0003276369360012087
0.0003056963099477921
0.000350109091760941
0.0002796611562755623
-4.964353049726315e-06
0.0003246276472611135
-0.0002835455751099038
-0.0002633427947214575
0.0002796526101980801
0.0002426818773429702
3.368654196733116e-05
-0.0002434506140664514
-0.0002589363309133641
-0.0002106821985480146
4.353400871889542e-05
0.0002314234122757468
0.0002199659037885327
0.0001944425686439577
-0.000218369416518194
1.836081423793042e-05
0.0002013850361337643
0.0001849886192493076
0.0001963516324675519
4.58889761998793e-05
-0.0001737758625687427
0.0001788275092691498
0.0001814738278063789
-6.677494367345097e-05
-0.0001549790880764806
-0.0001601334857972362
-0.0001607635175245081
-6.415558244678184e-05
-0.0001425178290002474
0.0001608439299363224
-0.0001463701418057903
-5.727336257218405e-05
0.0001394195609537047
-0.0001407621296021965
-0.0001393844704626629
3.986711943027988e-05
-0.0001406724992466489
-0.0001448313740934738

0.009701335261157185
0.005768762049779018
0.001771929323596661
-0.001775044052721468
-0.001949646374046441
0.001028169781430138
-0.0013819175475282
0.001091974185916277
0.0008331112396259546
0.0005591548850728567
-0.0007135212270074478
0.0001066635550963851
-0.0007458220963900062
0.0003598272789949909
-0.0007470671996540204
-0.0005390799033144109
0.0004220526418002139
0.0005367235425777231
-0.0003944199986295265
-6.295545648287049e-05
0.0003448745092215676
0.0004214265447944578
-0.0003273653082873218
-0.0003054428721307347
-0.0003498188334848583
-0.0002794293029274536
4.960237348099309e-06
-0.0003243585144009793
0.0002833105013806606
0.0002631244701268269
-0.0002794207639350963
-0.0002424806817013087
-3.3658614107629e-05
0.0002432487811030452
0.0002587216595014738
0.0002105075322704517
-4.349791680747303e-05
-0.0002312315504753106
-0.0002197835408462349
-0.0001942813658471922
0.0002181883771455114
-1.834559218739916e-05
-0.0002012180776777622
-0.0001848352542583085
-0.0001961888469595436
-4.585093190042319e-05
0.0001736317935243213
-0.0001786792521523135
-0.0001813233767565416
6.671958384283013e-05
0.0001548506025158096
0.0001600007269782279
0.0001606302363770775
6.410239419999591e-05
0.0001423996744582648
-0.0001607105821228337
0.0001462487935003126
5.722588003632359e-05
-0.0001393039750338126
0.0001406454306244738
0.0001392689136345353
-3.983406755694119e-05
0.0001405558745771151
0.0001447113015047438

0.01050872066383101
0.006248862380826231
0.001919396639375583
-0.001922770589191482
-0.002111904040687956
0.001113738339844743
-0.001496926463881982
0.001182852811803132
0.0009024462162626715
0.0006056900763516883
-0.0007729034262276887
0.0001155405390437924
-0.000807892508080988
0.0003897735992408177
-0.000809241234008869
-0.0005839443712553758
0.0004571776151132026
0.0005813919043942347
-0.0004272452686405796
-6.819487097731218e-05
0.0003735763978795936
0.0004564994117150253
-0.0003546100085411651
-0.0003308630962205524
-0.0003789322093379211
-0.0003026845697735945
5.373048896287842e-06
-0.0003513529767827591
0.0003068887776777587
0.0002850227810859086
-0.0003026753201308823
-0.0002626609308696039
-3.645982373218504e-05
0.0002634929546930031
0.0002802535502787023
0.0002280268431830395
-4.711799405784425e-05
-0.0002504756002339257
-0.0002380748397086248
-0.0002104502678152861
0.0002363469198613132
-1.987238854447654e-05
-0.0002179642816071766
-0.0002002180115973832
-0.0002125164974259976
-4.966683683708494e-05
0.0001880821523417793
-0.0001935496814350239
-0.0001964138610677631
7.227226464572402e-05
0.0001677379126334833
0.0001733166518381773
0.0001739985516231341
6.94372616135788e-05
0.0001542507666438636
-0.0001740855840754
0.000158420225354928
6.198845538832602e-05
-0.0001508974302591498
0.0001523505273540834
0.0001508594509045887
-4.31492240595087e-05
0.0001522535180806588
0.0001567547768914865

-0.005467544080031079
-0.003251197896506147
-0.0009986359014158787
0.001000391321502747
0.001098794877572609
-0.0005794628729338459
0.0007788304292846377
-0.0006154221903514317
-0.0004695304619006245
-0.0003151322884324944
0.0004021311144993664
-6.011416712470831e-05
0.0004203354567281941
-0.0002027938893090412
0.0004210371804390069
0.0003038182945632025
-0.0002378632797461801
-0.0003024902808567608
0.0002222898879894775
3.54808615651861e-05
-0.0001943667062820295
-0.0002375104197649095
0.000184498752506796
0.0001721435578040234
0.0001971532619598748
0.0001574826546943959
-2.795524081796361e-06
0.0001828041632908681
-0.0001596700467446091
-0.0001482934668501396
0.0001574778422313864
0.0001366589010757779
1.896954917567049e-05
-0.0001370917917267501
-0.0001458121010873912
-0.000118639257471673
2.451484987707146e-05
0.0001303190396872154
0.0001238670930643601
0.0001094944049558722
-0.0001229680799270361
1.033933280921277e-05
0.0001134038438818357
0.0001041707015576465
0.0001105694360503333
2.584097802285945e-05
-9.785657945356692e-05
0.0001007012602936223
0.0001021914539048655
-3.760227389752273e-05
-8.727174891732996e-05
-9.01742908620844e-05
-9.052907402278597e-05
-3.612726047384589e-05
-8.025457074965791e-05
9.057435582110764e-05
-8.242388326850882e-05
-3.225174815574519e-05
7.850987554986579e-05
-7.926590215610403e-05
-7.849011540955121e-05
2.244995295919696e-05
-7.921542955374652e-05
-8.155737314052837e-05

0.007584096895483181
0.004509776146761083
0.001385220005323028
-0.001387654969876707
-0.001524151739389956
0.0008037799990886555
-0.001080325161422132
0.0008536596056535079
0.0006512914146300465
0.000437123830257882
-0.0005578009600670737
8.338509239095903e-05
-0.0005830524245933916
0.000281297870455108
-0.0005840257940880431
-0.0004214300517488402
0.0003299430484814146
0.0004195879477843315
-0.0003083410073558774
-4.92159346329386e-05
0.0002696084223777561
0.0003294535921098608
-0.0002559204636717405
-0.0002387824228226626
-0.0002734736876515582
-0.0002184461057978115
3.87770545599041e-06
-0.000253569878359076
0.0002214802639159549
0.0002056996715704567
-0.0002184394303718375
-0.0001895612238727648
-2.631289238935091e-05
0.0001901616917601447
0.0002022577389398352
0.0001645659570553981
-3.400484644009912e-05
-0.0001807671250285381
-0.0001718175513924788
-0.0001518810209015275
0.0001705705193350742
-1.434181429759699e-05
-0.0001573038511864509
-0.0001444964471652411
-0.0001533722096082446
-3.584433492091378e-05
0.0001357380515956092
-0.0001396839429889389
-0.0001417510086723405
5.215857148203156e-05
0.0001210557044148124
0.0001250818556501801
0.0001255739796877003
5.011256242130404e-05
0.000111322091228088
-0.000125636790620857
0.0001143311710084167
4.473679214677909e-05
-0.0001089020032955816
0.0001099506969966642
0.0001088745937645675
-3.114060280986975e-05
0.0001098806858361123
0.0001131292242705521

-0.005744874947398021
-0.003416108781433666
-0.001049289825128104
0.001051134285590047
0.001154529176554711
-0.0006088550348999643
0.000818335134746975
-0.0006466383209115878
-0.0004933465095351957
-0.0003311167797519743
0.0004225284572819167
-6.316334493940277e-05
0.0004416561804558292
-0.0002130802270862632
0.0004423934977793285
0.0003192289048699964
-0.0002499284462489282
-0.0003178335301716602
0.0002335651235506346
3.728056138813312e-05
-0.0002042255910849822
-0.0002495576881103548
0.0001938571039552529
0.0001808752152902592
0.0002071534895470027
0.000165470665505578
-2.937321771399073e-06
0.000192076559895624
-0.0001677690088943303
-0.0001558153734291577
0.0001654656089394547
0.0001435906662365281
1.993174380079386e-05
-0.0001440455144498555
-0.0001532081450653346
-0.0001246570101768257
2.575831942761291e-05
0.0001369292273293791
0.0001301500178757142
0.0001150483022549182
-0.0001292054039916488
1.086377597675024e-05
0.0001191560401012669
0.0001094545640367479
0.0001161778622752213
2.715171292391044e-05
-0.0001028201699907874
0.0001058091419043772
0.000107374922777574
-3.950957836227146e-05
-9.169844387754309e-05
-9.474821179126001e-05
-9.512099065907516e-05
-3.795974766299158e-05
-8.432533257441225e-05
9.516856929124619e-05
-8.660467938169887e-05
-3.388765728773193e-05
8.24921409992742e-05
-8.328651563002605e-05
-8.247137856307279e-05
2.358868450583477e-05
-8.323348290008097e-05
-8.569421716085052e-05

-0.004596418402836539
-0.002733195311097877
-0.0008395265530212787
0.0008410022878435287
0.0009237275314638475
-0.0004871389739025839
0.0006547419582635635
-0.0005173690124557139
-0.0003947217295704318
-0.0002649233053591803
0.0003380608968089032
-5.05363761130561e-05
0.000353364801525124
-0.0001704834110450895
0.000353954721922893
0.0002554119326350546
-0.0001999653117342452
-0.0002542955069512115
0.0001868731768713981
2.982781348618789e-05
-0.0001633989031594554
-0.0001996686717644351
0.0001551031777539377
0.0001447164952744223
0.0001657414861566262
0.0001323914652666025
-2.35012249504704e-06
0.0001536785818214639
-0.0001342303473910782
-0.0001246663602658846
0.0001323874195573682
0.0001148854912958468
1.594719377626928e-05
-0.0001152494109142036
-0.0001225803422860818
-9.973685778466901e-05
2.060898009570151e-05
0.0001095557390101238
0.0001041317596589764
9.204902431150107e-05
-0.0001033759833052699
8.69200118036331e-06
9.533558529044284e-05
8.757352893135471e-05
9.295277426463431e-05
2.172382063921605e-05
-8.226541497521459e-05
8.465686224517983e-05
8.590962824725292e-05
-3.161122822262657e-05
-7.336703040700736e-05
-7.580711996359314e-05
-7.610537669919106e-05
-3.03712237990788e-05
-6.746787597976614e-05
7.614344389863015e-05
-6.929155912471456e-05
-2.711318401401334e-05
6.60011572836947e-05
-6.663672867644312e-05
-6.598454546103639e-05
1.887307636007784e-05
-6.659429770658442e-05
-6.856310718359196e-05

-0.003274197554351972
-0.001946955350635383
-0.0005980255811828885
0.000599076801268253
0.0006580050289894646
-0.0003470069730808472
0.0004663967312364692
-0.0003685409392310447
-0.000281174777477051
-0.0001887145952514973
0.0002408131863867744
-3.599891580214713e-05
0.0002517147194941174
-0.0001214415918178443
0.0002521349414483027
0.0001819392953152687
-0.0001424426319047637
-0.000181144024318674
0.0001331166236538666
2.12474464700331e-05
-0.0001163950367917801
-0.0001422313243651128
0.0001104856870646753
0.0001030868718586326
0.0001180637446525463
9.430730055502767e-05
-1.674078521868385e-06
0.0001094708950876928
-9.56172037942465e-05
-8.880442468868553e-05
9.430441864782425e-05
8.183715268376692e-05
1.135977151880115e-05
-8.209638598669125e-05
-8.731847750782325e-05
-7.104622495545509e-05
1.468053303968034e-05
7.804057448530331e-05
7.417687488924513e-05
6.556989896637002e-05
-7.363850764932958e-05
6.19163150804607e-06
6.791103699523363e-05
6.238183931994434e-05
6.62136732329842e-05
1.547467488255597e-05
-5.860067489794162e-05
6.03041905739471e-05
6.119658178395542e-05
-2.251783825265027e-05
-5.226202892679025e-05
-5.400019428911959e-05
-5.421265351032531e-05
-2.163453758349793e-05
-4.805984468122653e-05
5.423977017388373e-05
-4.935892112942074e-05
-1.931371624798514e-05
4.701504711349325e-05
-4.746778794720665e-05
-4.700321390242989e-05
1.344398508697837e-05
-4.743756280979828e-05
-4.884001807161999e-05

0.004008629340149391
0.00238367484336612
0.0007321680659442857
-0.0007334550840938
-0.0008056014401657667
0.0004248437397063016
-0.0005710136880711689
0.0004512079669975318
0.0003442447940279383
0.0002310449662495607
-0.0002948297371860654
4.407379448020097e-05
-0.0003081765816391869
0.0001486820266628365
-0.000308691063134914
-0.0002227499059601223
0.0001743937878099642
0.0002217762485685787
-0.0001629758725252951
-2.60134386850993e-05
0.0001425034842235151
0.000174135082099938
-0.0001352686145175841
-0.0001262101789085689
-0.0001445464981772361
-0.0001154612712640674
2.049589302135036e-06
-0.0001340261956269943
0.0001170649975115954
0.0001087240511401367
-0.0001154577429193337
-0.0001001939577306212
-1.390786983733921e-05
0.000100511339381218
0.0001069047927208376
8.698252843195289e-05
-1.797350785803369e-05
-9.554577309730955e-05
-9.08154111367979e-05
-8.027781356012551e-05
9.015628331149983e-05
-7.580469814217973e-06
-8.314408978080321e-05
-7.637464363078873e-05
-8.106599215066196e-05
-1.894578281662815e-05
7.174533022182903e-05
-7.383095969497895e-05
-7.492352223218248e-05
2.756879070303776e-05
6.398486928597052e-05
6.611292067987929e-05
6.637303640400131e-05
2.648735779626138e-05
5.8840097542719e-05
-6.640623557762529e-05
6.043056845317775e-05
2.364595548490181e-05
-5.756094253908114e-05
5.811523718969969e-05
5.754645503296792e-05
-1.645959114366057e-05
5.807823228375294e-05
5.979527080004986e-05

-0.0005799720485529775
-0.000344872190637539
-0.0001059307252076783
0.0001061169321351292
0.0001165551309248191
-6.146676909350672e-05
8.261476687443294e-05
-6.528116888284448e-05
-4.980564214217117e-05
-3.342779065191153e-05
4.265622788754916e-05
-6.376635678477328e-06
4.458726118157327e-05
-2.151144749728011e-05
4.466169682071818e-05
3.222765397158704e-05
-2.523144790615381e-05
-3.208678435655462e-05
2.357949379517469e-05
3.763647382658968e-06
-2.06175304968406e-05
-2.519401813455853e-05
1.957078313051551e-05
1.826020063184872e-05
2.091311556780094e-05
1.670503913965243e-05
-2.9653639820121e-07
1.939102886341036e-05
-1.693706767563787e-05
-1.573029215626186e-05
1.670452865560636e-05
1.44961506756565e-05
2.012202944228467e-06
-1.454206973437762e-05
-1.546708023449669e-05
-1.258470936630131e-05
2.60042305924909e-06
1.382364720000818e-05
1.313925423577295e-05
1.161466527161719e-05
-1.304389103736478e-05
1.096749096533353e-06
1.202936065758862e-05
1.104995118416259e-05
1.17286996492044e-05
2.741092662658489e-06
-1.038017801399244e-05
1.068192873609896e-05
1.084000165307966e-05
-3.988677092198471e-06
-9.257387642331005e-06
-9.565276005565805e-06
-9.602909779250591e-06
-3.832214420024811e-06
-8.513037503147399e-06
9.607713065138902e-06
-8.743148245206019e-06
-3.421117813317495e-06
8.327968222621727e-06
-8.408164064329123e-06
-8.325872157387611e-06
2.381388246182305e-06
-8.402810161712302e-06
-8.651232817248975e-06

0.004177823890605312
0.002484283994108828
0.0007630711094196254
-0.0007644124494929454
-0.0008396039287844894
0.0004427753665677737
-0.0005951147949730447
0.0004702523641367703
0.0003587745343032181
0.0002407968155433306
-0.000307273787411504
4.593404276239466e-05
-0.000321183969892622
0.0001549575354533914
-0.0003217201664081807
-0.000232151640818805
0.0001817545278602215
0.0002311368877034314
-0.0001698546899831804
-2.711140302418805e-05
0.0001485182116791244
0.0001814849028078548
-0.0001409779756188613
-0.0001315372053486398
-0.000150647456311249
-0.0001203346123063311
2.136097510095555e-06
-0.0001396831172314382
0.0001220060279605081
0.0001133130304134823
-0.0001203309350387038
-0.0001044229023892912
-1.449488739003541e-05
0.0001047536799518641
0.00011141698549578
9.065385060887067e-05
-1.873212615972971e-05
-9.95785291232265e-05
-9.46485100236988e-05
-8.366614593620982e-05
9.396156200685936e-05
-7.900423113371161e-06
-8.665340074469948e-05
-7.959823264310386e-05
-8.448759163899597e-05
-1.974543849309414e-05
7.477352711013406e-05
-7.694718595969481e-05
-7.808586291947964e-05
2.873240268953624e-05
6.668551588514434e-05
6.890338718216178e-05
6.91744817619676e-05
2.760532511496066e-05
6.132359576810894e-05
-6.920908219241907e-05
6.298119660948442e-05
2.464399408334948e-05
-5.999045072511964e-05
6.056814081250195e-05
5.997535173640321e-05
-1.715431068192188e-05
6.052957401896846e-05
6.231908457875811e-05

-0.001671912459096551
-0.0009941791397733209
-0.0003053714393957771
0.0003059082267852591
0.0003359989090009693
-0.0001771931204689834
0.000238157439461871
-0.0001881890685457124
-0.0001435770462362443
-9.63638503104433e-05
0.0001229670965027324
-1.838222490991056e-05
0.0001285337761922732
-6.201205243188136e-05
0.0001287483552788864
9.290416035918707e-05
-7.273587101414875e-05
-9.249806895330037e-05
6.797370589438729e-05
1.084964174811278e-05
-5.943511622584817e-05
-7.262797046674048e-05
5.641760880000132e-05
5.263953153975569e-05
6.02872130882608e-05
4.815639501415225e-05
-8.54839297798864e-07
5.589942279511352e-05
-4.882527449057388e-05
-4.534644644837199e-05
4.815492341797678e-05
4.17887292741831e-05
5.800671223866234e-06
-4.1921102285168e-05
-4.458767317220956e-05
-3.6278528312076e-05
7.496360768638604e-06
3.985007215695732e-05
3.787714065678274e-05
3.348213698278349e-05
-3.76022327194487e-05
3.161649744278911e-06
3.467759870247085e-05
3.185420935939884e-05
3.381086919866455e-05
7.901875591539263e-06
-2.99234230210324e-05
3.079329389342045e-05
3.124897805958659e-05
-1.149834538128617e-05
-2.668670287907898e-05
-2.757426701563052e-05
-2.768275564927939e-05
-1.104730314290214e-05
-2.454093003582281e-05
2.769660230543489e-05
-2.520428099831499e-05
-9.862215791948638e-06
2.400742219407043e-05
-2.423860648520049e-05
-2.400137976912272e-05
6.864938902950688e-06
-2.422317254054111e-05
-2.493931210959406e-05

0.003850090632380605
0.002289402039037473
0.0007032112906490261
-0.0007044474080599747
-0.0007737404222308588
0.0004080414435143587
-0.0005484304645940329
0.0004333629826017898
0.0003306301342102247
0.0002219072866894055
-0.0002831694110298291
4.233070430387377e-05
-0.0002959883963838494
0.0001428017482995063
-0.0002964825304679475
-0.0002139402906901109
0.0001674966258584955
0.0002130051408212149
-0.0001565302817672173
-2.498462394473793e-05
0.0001368675632329786
0.0001672481517926852
-0.0001299188279627236
-0.0001212186476459991
-0.0001388297773010848
-0.0001108948523736502
1.968529365721812e-06
-0.0001287255459388395
0.0001124351522813181
0.0001044240849650552
-0.0001108914635726733
-9.623135125418688e-05
-1.335782254567458e-05
9.653618066502295e-05
0.0001026767770441389
8.354242547257039e-05
-1.726266720201475e-05
-9.176699932845141e-05
-8.722372013584642e-05
-7.710287775431767e-05
8.65906603913996e-05
-7.280667116924972e-06
-7.985579459711693e-05
-7.335407568097803e-05
-7.785988438937673e-05
-1.819648931240429e-05
6.890784863482135e-05
-7.091099280601493e-05
-7.196034519877796e-05
2.647846279244412e-05
6.145430892915241e-05
6.349819726146356e-05
6.374802557628957e-05
2.543979986038335e-05
5.651300959373333e-05
-6.377991174397529e-05
5.804057840436118e-05
2.271077317981366e-05
-5.528444434636014e-05
5.581681700065887e-05
5.527052981177009e-05
-1.58086249183292e-05
5.578127561491308e-05
5.743040636412239e-05

0.002797354483929714
0.001663407350870585
0.0005109311558805947
-0.0005118292798242774
-0.0005621753995403713
0.0002964700498332138
-0.0003984722869517605
0.0003148678819025979
0.0002402254327928505
0.0001612308391435141
-0.0002057419674732476
3.075615532175431e-05
-0.0002150558381280353
0.0001037552486580264
-0.0002154148603765191
-0.0001554422710006211
0.0001216977682155835
0.0001547628205852651
-0.0001137299682998242
-1.815304014750357e-05
9.944365685688859e-05
0.0001215172347921605
-9.439492486017716e-05
-8.807364810493502e-05
-0.0001008693397422832
-8.057270390550115e-05
1.430271381570978e-06
-9.352792375840534e-05
8.169183726227749e-05
7.587124828969678e-05
-8.057024170953365e-05
-6.991866624165507e-05
-9.705372772115885e-06
7.01401456821514e-05
7.460170943619118e-05
6.069929277213147e-05
-1.254250980379575e-05
-6.667500886582865e-05
-6.33740054260055e-05
-5.602052039915378e-05
6.291404417213218e-05
-5.289903212728848e-06
-5.802070299468666e-05
-5.329675898923469e-05
-5.657053755646148e-05
-1.322099551156689e-05
5.006627057955163e-05
-5.152169198758045e-05
-5.228411835657486e-05
1.923841636273184e-05
4.465076359344763e-05
4.613578842454434e-05
4.631730580254459e-05
1.848375661893008e-05
4.106057126495374e-05
-4.634047328682273e-05
4.217045460796107e-05
1.650093186216899e-05
-4.016793448528932e-05
4.055473967348767e-05
4.015782462310145e-05
-1.148604851743333e-05
4.052891642299015e-05
4.172712283846821e-05

-0.001804445381553435
-0.001072987971014804
-0.0003295783104419135
0.0003301576491032372
0.0003626336272901119
-0.0001912392638344072
0.0002570362397751073
-0.0002031068634893596
-0.0001549584349159221
-0.000104002637037187
0.0001327147292671039
-1.983938851636736e-05
0.0001387226810601512
-6.692776347382998e-05
0.0001389542698851353
0.000100268696590543
-7.850166186071402e-05
-9.983041421657646e-05
7.336199871048481e-05
1.170969558684839e-05
-6.414655288455199e-05
-7.83852080097467e-05
6.088984688374795e-05
5.681228048590273e-05
6.506619568024413e-05
5.197376459680616e-05
-9.226026246120906e-07
6.033058414356121e-05
-5.269566631808328e-05
-4.894107069929199e-05
5.197217634683784e-05
4.510133238705004e-05
6.260491895292203e-06
-4.52441986400703e-05
-4.812214927406283e-05
-3.915433640444559e-05
8.090599178105478e-06
4.300899743102583e-05
4.087967115304415e-05
3.613627442899023e-05
-4.058297119418161e-05
3.412274517194488e-06
3.742650070081083e-05
3.43793005721537e-05
3.649106533054088e-05
8.528259263329828e-06
-3.229546031361133e-05
3.323428606952294e-05
3.372609243450677e-05
-1.240982212070537e-05
-2.880216454936739e-05
-2.97600861189602e-05
-2.987717467397636e-05
-1.192302565027105e-05
-2.648629575144837e-05
2.989211895803864e-05
-2.720223071208943e-05
-1.064399612601014e-05
2.591049660846434e-05
-2.616000693668093e-05
-2.590397519896096e-05
7.409124341818578e-06
-2.614334953934679e-05
-2.691625767272462e-05

-0.002518606987125993
-0.001497654087248192
-0.000460018487658158
0.000460827116401101
0.0005061564050630108
-0.0002669277502272417
0.0003587657881251942
-0.0002834922967171589
-0.0002162877307803408
-0.0001451646976955785
0.0001852404333451287
-2.769140204987223e-05
0.0001936262063471663
-9.341636740081641e-05
0.0001939494531679541
0.0001399529419978369
-0.000109570971825776
-0.0001393411966601641
0.0001023971378855228
1.634414730622361e-05
-8.953441203963492e-05
-0.0001094084279850949
8.498877016404968e-05
7.929738857664047e-05
9.081803014997607e-05
7.254388966212149e-05
-1.287749377422776e-06
8.420816297061498e-05
-7.355150493151027e-05
-6.831091917817662e-05
7.254167281616924e-05
6.295149304044136e-05
8.738263175775153e-06
-6.315090275758368e-05
-6.71678858424795e-05
-5.465080087909287e-05
1.129268850602148e-05
6.003105582824046e-05
5.705898690531259e-05
5.043825332482068e-05
-5.664485933069729e-05
4.762781145306973e-06
5.22391240723629e-05
4.798590609542257e-05
5.093346301789377e-05
1.19035652662146e-05
-4.507732560367841e-05
4.638771888723705e-05
4.707417188814402e-05
-1.732136922609678e-05
-4.020145670240144e-05
-4.153850352186297e-05
-4.170193326920466e-05
-1.664190893081429e-05
-3.696901564581744e-05
4.172279218719153e-05
-3.796830263595141e-05
-1.485666636848784e-05
3.616532728842502e-05
-3.651358856715635e-05
-3.615622484191502e-05
1.034150023412154e-05
-3.649033852162805e-05
-3.756914747036002e-05

0.001763530713384342
0.001048658641220445
0.0003221053288014717
-0.0003226715313217633
-0.0003544111370561497
0.00018690303337781
-0.0002512081041244386
0.0001985015426480693
0.0001514448495176393
0.0001016444424214927
-0.0001297055059541293
1.938954281523026e-05
-0.0001355772312054864
6.541021838111901e-05
-0.0001358035688990316
-9.799516673436164e-05
7.672168587550769e-05
9.756682213858844e-05
-7.16985613661792e-05
-1.144418557795696e-05
6.269206999894631e-05
7.660787254264929e-05
-5.950920776571884e-05
-5.552409763051184e-05
-6.359086047058403e-05
-5.079529205686202e-05
9.016831883000354e-07
-5.896262595769002e-05
5.150082510902983e-05
4.78313625928831e-05
-5.079373981947245e-05
-4.407868794047133e-05
-6.118539165057077e-06
4.421831479074917e-05
4.703100969773886e-05
3.826653636474226e-05
-7.907149912173084e-06
-4.203379536828893e-05
-3.995275022919292e-05
-3.531690705315503e-05
3.96627777559698e-05
-3.334903331011597e-06
-3.657787825286136e-05
-3.359977147741248e-05
-3.566365329335874e-05
-8.334886329248414e-06
3.156318099078064e-05
-3.248071946104524e-05
-3.296137442491804e-05
1.212843718143717e-05
2.814909351870874e-05
2.908529481704849e-05
2.919972846246342e-05
1.165267851588613e-05
2.5885735594413e-05
-2.921433389424367e-05
2.658543717850541e-05
1.040265018451141e-05
-2.532299233614027e-05
2.556684517402836e-05
2.531661879550513e-05
-7.241127090714856e-06
2.555056547274683e-05
2.630594839858391e-05

0.0003430197054261361
0.000203971825085829
6.265185752822649e-05
-6.276198808638229e-05
-6.893557504275676e-05
3.635401581944676e-05
-4.886182544105416e-05
3.861001125123742e-05
2.945713804447549e-05
1.97705922743572e-05
-2.522867569406828e-05
3.771408807543201e-06
-2.637076947830209e-05
1.272276897174212e-05
-2.641479382584712e-05
-1.906078129019386e-05
1.492293266517593e-05
1.897746511322569e-05
-1.394589797199019e-05
-2.225978337658724e-06
1.219406910260551e-05
1.490079513415741e-05
-1.157497896861941e-05
-1.079984571219907e-05
-1.23688904654992e-05
-9.880058218515416e-06
1.753840175796786e-07
-1.146866478348245e-05
1.001728959072139e-05
9.303552119757962e-06
-9.879756296923611e-06
-8.573629275725618e-06
-1.19010090729141e-06
8.600787725935517e-06
9.14787759009443e-06
7.443123009923932e-06
-1.537998863897999e-06
-8.175882617602745e-06
-7.771104019086166e-06
-6.8693983960755e-06
7.714702238518265e-06
-6.486632467169589e-07
-7.11466657665687e-06
-6.535402886437201e-06
-6.936843092246749e-06
-1.62119674566477e-06
6.139271045073445e-06
-6.317739031709257e-06
-6.411229960370232e-06
2.359070311441481e-06
5.475205900023817e-06
5.657303944100897e-06
5.679562130506456e-06
2.26653174883989e-06
5.03496612275772e-06
-5.6824029944936e-06
5.171063231492232e-06
2.023392036700479e-06
-4.925508416564873e-06
4.972939588576545e-06
4.924268715990511e-06
-1.408452522409576e-06
4.969773066846582e-06
5.116700606432306e-06

-0.001454576265353758
-0.0008649432405122302
-0.0002656754218470532
0.0002661424308654575
0.0002923215480322551
-0.0001541593317375786
0.0002071987423585831
-0.0001637258882880088
-0.0001249130973146988
-8.383726596271937e-05
0.0001069822878698542
-1.599267229146935e-05
0.000111825340572302
-5.395094649993536e-05
0.000112012025972482
8.082730999204887e-05
-6.328074836773987e-05
-8.047400745089646e-05
5.913762932038908e-05
9.439268957247492e-06
-5.170899284842781e-05
-6.318687408961277e-05
4.908373896132008e-05
4.579678366561505e-05
5.245032345166212e-05
4.18964215688875e-05
-7.437165423974366e-07
4.863291328586804e-05
-4.247835168459991e-05
-3.945174543267294e-05
4.189514126928465e-05
3.635650504952511e-05
5.046627076344383e-06
-3.647167055294402e-05
-3.879160704305139e-05
-3.156258925972686e-05
6.52188958295496e-06
3.466985894911035e-05
3.29533938807759e-05
2.912970802001875e-05
-3.27142219321571e-05
2.750658775445794e-06
3.016976860102704e-05
2.771339888862148e-05
2.941570749101123e-05
6.87469049273277e-06
-2.603360042431353e-05
2.679039454832425e-05
2.718684315960314e-05
-1.000364593939851e-05
-2.321762984493978e-05
-2.398981724027397e-05
-2.408420315785953e-05
-9.611235839765965e-06
-2.135079152355801e-05
2.409624985160702e-05
-2.192791179105573e-05
-8.580201036665741e-06
2.088663573610347e-05
-2.108776778758503e-05
-2.088137878148292e-05
5.97254786697214e-06
-2.107434014103547e-05
-2.169738688858552e-05

-0.002003046030476657
-0.00119108304305654
-0.0003658523185076199
0.0003664954202706074
0.0004025457656332257
-0.0002122874165162456
0.0002853261312496582
-0.0002254611864862595
-0.0001720134514018568
-0.000115449362671816
0.0001473215617173867
-2.202294889113415e-05
0.0001539907599726439
-7.429395886703311e-05
0.0001542478378988837
0.0001113044577241403
-8.71417022556306e-05
-0.0001108179371687215
8.143635812264209e-05
1.299848668355122e-05
-7.120664301487931e-05
-8.701243127508438e-05
6.759149783287777e-05
6.306514681627894e-05
7.222750342450243e-05
5.769409477770859e-05
-1.024146002881971e-06
6.697068158478514e-05
-5.849545035875679e-05
-5.43276168919851e-05
5.769233172198026e-05
5.006526976689168e-05
6.949533395629054e-06
-5.022386014816122e-05
-5.34185634360608e-05
-4.346373623308119e-05
8.981065724433763e-06
4.774264849447388e-05
4.537896456569875e-05
4.011350068624311e-05
-4.50496092519545e-05
3.787835861609452e-06
4.154573168564767e-05
3.816315098567379e-05
4.050734054098991e-05
9.466895500921311e-06
-3.584995935311953e-05
3.689211403561641e-05
3.743804953314065e-05
-1.377567045914752e-05
-3.197218489376531e-05
-3.303553711107424e-05
-3.316551265245191e-05
-1.323529625456146e-05
-2.940142722484879e-05
3.318210173248278e-05
-3.019615933237075e-05
-1.181549433779427e-05
2.876225454636216e-05
-2.903922645007923e-05
-2.875501537826595e-05
8.224586487298618e-06
-2.902073570831309e-05
-2.987871156300203e-05

0.001227820270518999
0.0007301059895206541
0.0002242588966231846
-0.0002246531029312354
-0.0002467511197126713
0.0001301272108623461
-0.0001748982311574047
0.0001382024230952655
0.0001054402141636767
7.076775348654244e-05
-9.030466450046684e-05
1.349955150990907e-05
-9.439272672235248e-05
4.554045552928866e-05
-9.455030946586696e-05
-6.822702389938117e-05
5.341582110899276e-05
6.792879820163683e-05
-4.991857887379049e-05
-7.967767686468157e-06
4.364800327054504e-05
5.333658102766297e-05
-4.143200400352544e-05
-3.865745691618092e-05
-4.427376677534333e-05
-3.536512789996271e-05
6.277774964612908e-07
-4.105145819373917e-05
3.585634008946624e-05
3.330155585744174e-05
-3.53640471881157e-05
-3.068883696804686e-05
-4.259901092623982e-06
3.078604915480653e-05
3.27443273948121e-05
2.664225163451889e-05
-5.505182796373001e-06
-2.926512456423265e-05
-2.781624171447251e-05
-2.45886357650571e-05
2.761435462635894e-05
-2.321854606194675e-06
-2.546655979994116e-05
-2.339311710971415e-05
-2.483005036544714e-05
-5.802985062779882e-06
2.197518485411969e-05
-2.261400124910637e-05
-2.294864691379086e-05
8.444163125747372e-06
1.959819999544083e-05
2.025000998245304e-05
2.032968194302636e-05
8.112926403301815e-06
1.802238579623193e-05
-2.033985066028842e-05
1.850953795170253e-05
7.24262110476818e-06
-1.763058792485851e-05
1.780036521034201e-05
1.762615048448745e-05
-5.041478753903804e-06
1.778903081900824e-05
1.831494990922248e-05

0.001271631622949758
0.0007561577917157572
0.0002322609518030962
-0.0002326692242671675
-0.0002555557473344731
0.0001347704385666057
-0.000181138988236221
0.0001431337922951332
0.0001092025550322993
7.329290400179053e-05
-9.352693536336218e-05
1.398124547038406e-05
-9.776086871888658e-05
4.71654400607923e-05
-9.792407436445531e-05
-7.066151554373867e-05
5.53218161639461e-05
7.035264849118819e-05
-5.169978456358469e-05
-8.252075322187156e-06
4.520546090510571e-05
5.523974862064855e-05
-4.291038986577137e-05
-4.00368407801707e-05
-4.585355304065237e-05
-3.66270341572465e-05
6.501779909033533e-07
-4.25162653368602e-05
3.713577388792774e-05
3.448982928409788e-05
-3.662591488320171e-05
-3.178388278573063e-05
-4.411903818568618e-06
3.188456371908202e-05
3.391271767313509e-05
2.759290630600059e-05
-5.701619937442456e-06
-3.03093691633808e-05
-2.88087869577064e-05
-2.546601286426227e-05
2.859969609019772e-05
-2.404703531959958e-06
-2.637526317728879e-05
-2.422783544981467e-05
-2.571604167342417e-05
-6.010048449694621e-06
2.275930822420404e-05
-2.342091900603316e-05
-2.376750557078609e-05
8.745469608112339e-06
2.029750726998518e-05
2.097257528404384e-05
2.105509011700613e-05
8.402413624219258e-06
1.866546452259184e-05
-2.106562167666758e-05
1.916999934821546e-05
7.501053900970292e-06
-1.825968643356188e-05
1.843552174941587e-05
1.825509065546739e-05
-5.221369905534923e-06
1.842378292184252e-05
1.896846797248674e-05

0.00179750616120568
0.001068861661602634
0.0003283108758376163
-0.0003288879865797667
-0.0003612390743316114
0.0001905038293321599
-0.0002560477747743897
0.0002023257906486333
0.0001543625228779813
0.0001036026818916796
-0.0001322043581806396
1.976309366705418e-05
-0.000138189205643818
6.667038439055846e-05
-0.0001384199038650823
-9.988310077985811e-05
7.819977390393398e-05
9.944650387564253e-05
-7.307987597108076e-05
-1.166466448825182e-05
6.389986929434426e-05
7.808376789086277e-05
-6.06556873637143e-05
-5.659380175733348e-05
-6.481597548866745e-05
-5.177389298609302e-05
9.190546408543816e-07
-6.009857533835537e-05
5.249301854403558e-05
4.87528616922158e-05
-5.177231084395119e-05
-4.492788957375965e-05
-6.236416390878199e-06
4.507020641675793e-05
4.793708953170118e-05
3.900376350781586e-05
-8.059485767294823e-06
-4.284360095342863e-05
-4.072246326589028e-05
-3.599730786710539e-05
4.042690430385413e-05
-3.399152188858482e-06
-3.728257241246628e-05
-3.424709067292448e-05
-3.635073437586409e-05
-8.49546277593394e-06
3.217126408266873e-05
-3.310647946674334e-05
-3.359639452885062e-05
1.236209859798628e-05
2.869140222407935e-05
2.964563998649866e-05
2.97622782628445e-05
1.187717416423828e-05
2.638443938920979e-05
-2.977716507677989e-05
2.709762113243423e-05
1.060306330794772e-05
-2.58108545538267e-05
2.605940535886846e-05
2.580435822320965e-05
-7.380631627707155e-06
2.60428120196543e-05
2.681274783815264e-05

0.001192034035063576
0.000708826209836544
0.0002177226128769314
-0.0002181053295882509
-0.0002395592742276728
0.0001263345034776523
-0.0001698006208383648
0.0001341743543525201
0.0001023670377215415
6.870514583155187e-05
-8.767263107983399e-05
1.310609153822007e-05
-9.164154202139539e-05
4.421312651913734e-05
-9.179453183443291e-05
-6.623846873352338e-05
5.18589555015781e-05
6.594893516710063e-05
-4.846364441792863e-05
-7.735537923426207e-06
4.237583196037972e-05
5.178202496365984e-05
-4.02244205434232e-05
-3.753074082545905e-05
-4.298335686734547e-05
-3.433437052909444e-05
6.094801985249241e-07
-3.98549661794078e-05
3.481126577377049e-05
3.233094366967759e-05
-3.433332131583881e-05
-2.979437548051665e-05
-4.135741370571715e-06
2.988875430616288e-05
3.178995627216333e-05
2.58657325356377e-05
-5.34472790528961e-06
-2.841215881392167e-05
-2.700550532301413e-05
-2.387197166515135e-05
2.680950246653107e-05
-2.254181480391569e-06
-2.472430759322668e-05
-2.271129777749556e-05
-2.410634995905652e-05
-5.633850381762569e-06
2.133469279005581e-05
-2.19548901456958e-05
-2.227978217718583e-05
8.198048269120812e-06
1.902698789186215e-05
1.965980012633069e-05
1.97371499558829e-05
7.876465822325974e-06
1.749710261183009e-05
-1.974702229417122e-05
1.797005615683852e-05
7.031526573759745e-06
-1.711672414052201e-05
1.728155307154433e-05
1.711241603445955e-05
-4.89453905103157e-06
1.7270549034095e-05
1.77811396068975e-05

-0.0001198043971239455
-7.123999335344587e-05
-2.188203156006503e-05
2.192049618736082e-05
2.407670719128794e-05
-1.269714503098502e-05
1.706567129157802e-05
-1.348508277433421e-05
-1.028831466119089e-05
-6.905153991866099e-06
8.811465446296633e-06
-1.317216915961971e-06
9.210357565663949e-06
-4.443603799707967e-06
9.225733680596519e-06
6.657242645415763e-06
-5.21204153286259e-06
-6.628143313248213e-06
4.870798593954109e-06
7.77453856251788e-07
-4.258948026060075e-06
-5.20430969263739e-06
4.042722196774201e-06
3.771996139331433e-06
4.320006815557758e-06
3.450747580078876e-06
-6.125530445900199e-08
4.005590490770326e-06
-3.498677543148833e-06
-3.249394816648244e-06
3.45064212976795e-06
2.994459123757154e-06
4.15659273969652e-07
-3.003944589764476e-06
-3.195023324632549e-06
-2.599614106177811e-06
5.371674680836791e-07
2.855540578174744e-06
2.714166029723333e-06
2.399232814989057e-06
-2.694466924365459e-06
2.265546497186085e-07
2.484896134160533e-06
2.282580243601221e-06
2.422788812023451e-06
5.662254840210989e-07
-2.144225695201854e-06
2.206558118696147e-06
2.239211124243155e-06
-8.23938076922779e-07
-1.912291718537788e-06
-1.975891990018171e-06
-1.983665970815747e-06
-7.916176984477376e-07
-1.758531860806944e-06
1.984658182025696e-06
-1.806065666602941e-06
-7.066977764462251e-07
1.720302236403152e-06
-1.736868232111102e-06
-1.719869253755832e-06
4.919216087466931e-07
-1.735762280410519e-06
-1.7870787646318e-06

0.00143671250843176
0.000854320809658639
0.0002624126426658106
-0.0002628739163125323
-0.0002887315258371068
0.0001522660897707703
-0.0002046541195317733
0.0001617151587442938
0.000123379030480271
8.280765440102928e-05
-0.0001056684306104973
1.579626511973644e-05
-0.0001104520054304255
5.328837100153288e-05
-0.0001106363981336623
-7.983466391854522e-05
6.250359289392254e-05
7.94857003116478e-05
-5.841135579299644e-05
-9.323344608559676e-06
5.107395094588368e-05
6.241087149266289e-05
-4.848093799273429e-05
-4.523435003411929e-05
-5.180617721405136e-05
-4.138188856800862e-05
7.345829054416327e-07
-4.803564894020895e-05
4.195667195764698e-05
3.896723567726896e-05
-4.138062399186865e-05
-3.591000816640383e-05
-4.984649082122349e-06
3.602375931391591e-05
3.831520449521665e-05
3.117496680512573e-05
-6.44179378257755e-06
-3.424407588943317e-05
-3.254869085345344e-05
-2.87719639569116e-05
3.231245619295067e-05
-2.716877734939397e-06
-2.979925147826352e-05
-2.73730486209743e-05
-2.905445104758575e-05
-6.790261918720836e-06
2.571387988379822e-05
-2.646137976411799e-05
-2.685295956116626e-05
9.8807904359446e-06
2.293249244393766e-05
2.369519654970141e-05
2.378842330697294e-05
9.493199553283791e-06
2.108858089977808e-05
-2.380032205439029e-05
2.165861351128894e-05
8.474826963599334e-06
-2.063012544330919e-05
2.082878737743452e-05
2.062493304972792e-05
-5.899198572171033e-06
2.081552463679783e-05
2.143091970191765e-05

-0.0010121159310595
-0.0006018404493708064
-0.0001848609339689369
0.0001851858858320714
0.0002034017072892618
-0.0001072663697940386
0.0001441719853620621
-0.0001139229229914765
-8.69164022550834e-05
-5.833522416007835e-05
7.44398767347742e-05
-1.112794068757342e-05
7.78097452743986e-05
-3.753987587240344e-05
7.793964376933118e-05
5.624085175604379e-05
-4.403169161898378e-05
-5.59950185612639e-05
4.114884739006775e-05
6.567984585436215e-06
-3.597989097409045e-05
-4.396637249157454e-05
3.41532000363246e-05
3.186608735704699e-05
3.649571990075919e-05
2.915215704687447e-05
-5.174890988405986e-07
3.383950878539283e-05
-2.955707272913192e-05
-2.745111481026451e-05
2.915126619525631e-05
2.529740023588256e-05
3.511518635182367e-06
-2.537753411644883e-05
-2.699178064074841e-05
-2.196172189533182e-05
4.538028362447649e-06
2.412380664099712e-05
2.292946456203433e-05
2.026888672420423e-05
-2.276304514132979e-05
1.913949535578423e-06
2.09925764394715e-05
1.928339763756447e-05
2.046788943568578e-05
4.78351251462659e-06
-1.811456873034878e-05
1.864115740616181e-05
1.891701228217002e-05
-6.960686534701363e-06
-1.615517426429901e-05
-1.669247380863775e-05
-1.675814894244375e-05
-6.687641715527117e-06
-1.485620022575161e-05
1.676653121221366e-05
-1.525776914364514e-05
-5.970232271588204e-06
1.453323368342181e-05
-1.467318437449107e-05
-1.452957581573284e-05
4.155788176364907e-06
-1.466384121709966e-05
-1.509736646703443e-05

-0.0007997166213555173
-0.0004755401985048311
-0.0001460666283352609
0.000146323386872599
0.0001607164961439261
-8.475580336628776e-05
0.0001139165282253498
-9.0015434273744e-05
-6.867641286808606e-05
-4.609318650134954e-05
5.8818169825794e-05
-8.792667772746843e-06
6.14808488729567e-05
-2.966188138877821e-05
6.158348729834445e-05
4.443833217942087e-05
-3.479134610324625e-05
-4.424408872773477e-05
3.251348605194909e-05
5.189649012126298e-06
-2.842926977389052e-05
-3.473973463238677e-05
2.698592216895194e-05
2.517877540996854e-05
2.883684854403902e-05
2.303438155977702e-05
-4.088905440702848e-07
2.673806112887855e-05
-2.335432297301775e-05
-2.169031443416329e-05
2.303367765933857e-05
1.998857129394068e-05
2.774602921046168e-06
-2.005188854274401e-05
-2.132737461783769e-05
-1.735290740350324e-05
3.585692704029533e-06
1.906126417847864e-05
1.811756278734661e-05
1.601532503568972e-05
-1.798606759714707e-05
1.512294401329584e-06
1.658714361520299e-05
1.523664743704158e-05
1.617256569477221e-05
3.779660362034097e-06
-1.431310510761541e-05
1.472918562145883e-05
1.494715050340229e-05
-5.499939826081832e-06
-1.276490269897277e-05
-1.318944633381576e-05
-1.324133910074311e-05
-5.284195291718549e-06
-1.1738527066046e-05
1.324796229503921e-05
-1.205582405585238e-05
-4.717339026512937e-06
1.148333721662714e-05
-1.159391831745202e-05
-1.148044697698115e-05
3.283668182154486e-06
-1.158653588424044e-05
-1.192908295568984e-05

0.001022617471201843
0.0006080850419558443
0.0001867790191005058
-0.0001871073426080792
-0.0002055121682834581
0.0001083793471257104
-0.0001456678889885031
0.0001151049675697475
8.781823183734451e-05
5.894050037343627e-05
-7.521225204249816e-05
1.124340227872784e-05
-7.861708575623415e-05
3.792938314258066e-05
-7.874833205554089e-05
-5.682439712294832e-05
4.448855684842723e-05
5.657601320540862e-05
-4.157580072558245e-05
-6.636132859423453e-06
3.635321211031864e-05
4.442255998104715e-05
-3.450756774279267e-05
-3.219672437726594e-05
-3.687439318886028e-05
-2.945463479479793e-05
5.228584763772954e-07
-3.419062168561339e-05
2.98637518122587e-05
2.773594283766344e-05
-2.945373469986018e-05
-2.555988169271975e-05
-3.54795354621984e-06
2.564084702860585e-05
2.72718426961046e-05
2.218959292966399e-05
-4.585114161171726e-06
-2.437411109333463e-05
-2.316737672717772e-05
-2.047919319310871e-05
2.299923056730774e-05
-1.933808345485203e-06
-2.121039178790067e-05
-1.948347884186157e-05
-2.068026072235697e-05
-4.833145414526643e-06
1.830252236772175e-05
-1.883457483671241e-05
-1.911329193528225e-05
7.03290941631106e-06
1.632279756301012e-05
1.686567203464666e-05
1.693202860230427e-05
6.757031531235108e-06
1.501034559412783e-05
-1.694049784505398e-05
1.541608112177525e-05
6.03217837077816e-06
-1.468402800671832e-05
1.482543080199221e-05
1.468033218562327e-05
-4.198907916919341e-06
1.481599070161688e-05
1.525401413469078e-05

0.0005251111209686332
0.0003122499145750714
9.591048740644689e-05
-9.607908058026536e-05
-0.0001055299054623141
5.56524820489972e-05
-7.48000407092831e-05
5.910606874201907e-05
4.509440867208996e-05
3.026577688445953e-05
-3.862127441867966e-05
5.773454630248897e-06
-4.03696467069311e-05
1.947662880846135e-05
-4.043704130292471e-05
-2.917916397081067e-05
2.284474558165004e-05
2.905161954577836e-05
-2.134905371655142e-05
-3.407635076500795e-06
1.866726953102948e-05
2.281085638065621e-05
-1.771953647342168e-05
-1.653292507255489e-05
-1.8934894511132e-05
-1.512486998353538e-05
2.684863190492155e-07
-1.755678558751469e-05
1.533495039160127e-05
1.424232662237139e-05
-1.512440778737733e-05
-1.31249255029014e-05
-1.821863909298138e-06
1.316650096926749e-05
1.400401253872724e-05
1.139429194715908e-05
-2.354442892622042e-06
-1.25160357213488e-05
-1.189638110604615e-05
-1.051600661733483e-05
1.181003853808395e-05
-9.930050059115624e-07
-1.089147498607992e-05
-1.000471017084587e-05
-1.061925421348181e-05
-2.481806225590736e-06
9.398292428712627e-06
-9.67149983644309e-06
-9.814620262393201e-06
3.611378693665457e-06
8.381709453472018e-06
8.660473928336098e-06
8.694547834370424e-06
3.4697161956551e-06
7.707769154184521e-06
-8.69889676609087e-06
7.916113176989653e-06
3.097506189133261e-06
-7.540206014554631e-06
7.612815941948752e-06
7.538308221088413e-06
-2.156127100494037e-06
7.607968477638672e-06
7.832892246722113e-06

0.0001073017880064828
6.380549335345374e-05
1.95984552151694e-05
-1.963290573102247e-05
-2.156409775396245e-05
1.137208981566026e-05
-1.528472315776753e-05
1.207779954528642e-05
9.214641409013078e-06
6.184542367179817e-06
-7.891913986839686e-06
1.17975411310459e-06
-8.249178316488222e-06
3.979875900608207e-06
-8.262949802872863e-06
-5.962502681014952e-06
4.668120612154213e-06
5.936440111936323e-06
-4.36248927998757e-06
-6.963199254055314e-07
3.814490529518185e-06
4.66119565528657e-06
-3.620829706934875e-06
-3.37835621913423e-06
-3.869177314337637e-06
-3.09063268285875e-06
5.486279177651334e-08
-3.587573010662782e-06
3.133560746102607e-06
2.910292795041363e-06
-3.090538237184121e-06
-2.681961812798363e-06
-3.722816888958431e-07
2.690457389635496e-06
2.861595431263586e-06
2.328322235383831e-06
-4.811094681663983e-07
-2.557540600504984e-06
-2.430919690162432e-06
-2.148852438405132e-06
2.413276354201774e-06
-2.029117426367109e-07
-2.225576060696997e-06
-2.044373556282676e-06
-2.169950166546995e-06
-5.07135032676665e-07
1.920457483263006e-06
-1.9762849875281e-06
-2.005530373869672e-06
7.379531217765796e-07
1.712727792261172e-06
1.76969083377867e-06
1.776653533474222e-06
7.090056500468982e-07
1.575014085132109e-06
-1.777542198999432e-06
1.617587333489457e-06
6.329478451009677e-07
-1.540774047609476e-06
1.555611240586748e-06
1.540386250391402e-06
-4.405853995726286e-07
1.554620704360044e-06
1.600581876431434e-06

-0.0006472524307639647
-0.0003848795200561363
-0.0001182193513537784
0.0001184271594485205
0.0001300762545321262
-6.85972984495295e-05
9.219859613905963e-05
-7.28541924528187e-05
-5.558340789475448e-05
-3.730562327701454e-05
4.760461690580561e-05
-7.116365268442128e-06
4.975966213006472e-05
-2.400690984436141e-05
4.984273276853627e-05
3.596626324143793e-05
-2.815845354909379e-05
-3.580905187067762e-05
2.631486243722818e-05
4.200254000244462e-06
-2.30092928852776e-05
-2.811668169006389e-05
2.18411162827348e-05
2.037849802363565e-05
2.333916767175129e-05
1.864292807924917e-05
-3.30936473618955e-07
2.164050939725192e-05
-1.890187337548607e-05
-1.755510435402635e-05
1.864235837585736e-05
1.617779474881128e-05
2.245631061172598e-06
-1.62290407053181e-05
-1.726135820437399e-05
-1.4044614301877e-05
2.902088385660702e-06
1.542727666713112e-05
1.466348984187815e-05
1.296203902984583e-05
-1.45570639164725e-05
1.223978845946899e-06
1.34248416722583e-05
1.233181457902353e-05
1.308930210789952e-05
3.059076542190981e-06
-1.158434353531526e-05
1.192109922700347e-05
1.20975095902396e-05
-4.451388562429648e-06
-1.033130246358028e-05
-1.067490780111914e-05
-1.071690732774663e-05
-4.276775242459354e-06
-9.500603056378837e-06
1.072226782481815e-05
-9.757408082611656e-06
-3.817988860194719e-06
9.294064582708328e-06
-9.383563643244492e-06
-9.291725360807178e-06
2.657644165403575e-06
-9.377588654462355e-06
-9.654829890577255e-06

-0.00101191906105313
-0.0006017233834008771
-0.0001848249760592117
0.0001851498647148977
0.0002033621429526279
-0.0001072455050588023
0.0001441439419938584
-0.0001139007634681244
-8.689949585914541e-05
-5.832387718331516e-05
7.442539718892864e-05
-1.112577615514655e-05
7.779461024432109e-05
-3.753257386739328e-05
7.792448347229362e-05
5.622991216254329e-05
-4.40231268694832e-05
-5.598412678560915e-05
4.114084339212182e-05
6.566707025100584e-06
-3.597289240687819e-05
-4.395782044753234e-05
3.414655678479106e-05
3.185988897934773e-05
3.648862099796005e-05
2.91464865647044e-05
-5.173884403300711e-07
3.383292655098816e-05
-2.955132348547585e-05
-2.744577520343558e-05
2.914559588637232e-05
2.529247955516488e-05
3.510835598115867e-06
-2.537259784863755e-05
-2.698653038051333e-05
-2.195745004840177e-05
4.537145655590785e-06
2.411911423983579e-05
2.29250044762868e-05
2.026494415623654e-05
-2.275861742637995e-05
1.913577246944829e-06
2.098849310422726e-05
1.92796467603224e-05
2.046390815903449e-05
4.782582057837693e-06
-1.811104520587077e-05
1.86375314531845e-05
1.891333267175138e-05
-6.959332588618368e-06
-1.615203186809342e-05
-1.668922690052726e-05
-1.675488925964883e-05
-6.686340880288059e-06
-1.485331049726891e-05
1.676326989895133e-05
-1.525480130466647e-05
-5.969070982025345e-06
1.453040677622414e-05
-1.467033024502138e-05
-1.452674962003638e-05
4.154979820307673e-06
-1.466098890500227e-05
-1.509442982851221e-05

-0.0006535712326836596
-0.000388636906409008
-0.0001193734677831416
0.0001195833046044332
0.0001313461239799366
-6.926697958247087e-05
9.309868494305561e-05
-7.356543151389694e-05
-5.612604091985805e-05
-3.766981942796522e-05
4.806935698309166e-05
-7.185838785083467e-06
5.024544083655876e-05
-2.424127730410652e-05
5.032932245214466e-05
3.631738388991909e-05
-2.843335045466812e-05
-3.615863774311858e-05
2.657176128437946e-05
4.241258980340491e-06
-2.323392110936128e-05
-2.839117079785915e-05
2.205434018261821e-05
2.057744311261603e-05
2.356701629846763e-05
1.88249296664748e-05
-3.341672409755497e-07
2.185177487239249e-05
-1.908640291619333e-05
-1.772648606202341e-05
1.882435440135642e-05
1.633573047165632e-05
2.267554034630544e-06
-1.638747671681447e-05
-1.742987221555933e-05
-1.418172485039748e-05
2.930420023814475e-06
1.557788545712664e-05
1.480664216291891e-05
1.308858093716124e-05
-1.46991772544067e-05
1.235927939552164e-06
1.355590169041745e-05
1.24522039200764e-05
1.321708642102913e-05
3.088940777237895e-06
-1.169743569023081e-05
1.203747895938991e-05
1.221561152881723e-05
-4.494845243712335e-06
-1.043216180490788e-05
-1.077912158958956e-05
-1.082153113659997e-05
-4.318527261189879e-06
-9.593352694661458e-06
1.082694396552506e-05
-9.852664779989593e-06
-3.855261976823314e-06
9.384797889123455e-06
-9.475170684245663e-06
-9.382435830568113e-06
2.683589416832288e-06
-9.469137364634453e-06
-9.749085168344471e-06

9.743087474151648e-05
5.793589413780109e-05
1.779555281110434e-05
-1.782683415281381e-05
-1.958037182989234e-05
1.032594776809639e-05
-1.387864988188084e-05
1.096673780103073e-05
8.366967499692858e-06
5.615613531753689e-06
-7.165920507080961e-06
1.071226093761562e-06
-7.490319352606986e-06
3.613758890354548e-06
-7.502823971500707e-06
-5.413999735254553e-06
4.23869054832115e-06
5.39033471578326e-06
-3.961174874126964e-06
-6.32264016216232e-07
3.463587661385444e-06
4.232402632553017e-06
-3.28774209815992e-06
-3.067574247680696e-06
-3.513243695838775e-06
-2.806318994213778e-06
4.981585016297174e-08
-3.257544754120025e-06
2.845298016190717e-06
2.642568945430803e-06
-2.806233236793042e-06
-2.435242602187945e-06
-3.380347268508421e-07
2.442956653354685e-06
2.598351352799616e-06
2.114135060449417e-06
-4.368512137658522e-07
-2.322267154382732e-06
-2.207294363299165e-06
-1.951175061051196e-06
2.191274074286268e-06
-1.842454720254861e-07
-2.020840718745701e-06
-1.856307407245336e-06
-1.970331965571937e-06
-4.604826328036041e-07
1.743790629910041e-06
-1.79448244666506e-06
-1.821037489469075e-06
6.700672888011128e-07
1.555170422546745e-06
1.606893316136943e-06
1.61321550269608e-06
6.437827548275044e-07
1.430125283982835e-06
-1.614022418041049e-06
1.468782131227043e-06
5.747216645648929e-07
-1.399035058283129e-06
1.412507347210583e-06
1.398682935331831e-06
-4.000550380031545e-07
1.411607932460323e-06
1.453341041313234e-06

0.0008665177397307855
0.0005152625404496651
0.0001582677179081302
-0.0001585459237394389
-0.0001741413036283068
9.183553924078296e-05
-0.0001234320882170336
9.753451230703114e-05
7.441302139050526e-05
4.994339584494161e-05
-6.373130958082212e-05
9.527127986575111e-06
-6.661640483577001e-05
3.213956760534206e-05
-6.672761675011987e-05
-4.815030990881477e-05
3.769750156808584e-05
4.79398411100015e-05
-3.52293696194026e-05
-5.623145514170366e-06
3.080399472616405e-05
3.764157894016327e-05
-2.924008287179775e-05
-2.728198336112618e-05
-3.12456189531006e-05
-2.495846617698498e-05
4.430455746243844e-07
-2.897151775452033e-05
2.530513261212539e-05
2.350212779833116e-05
-2.495770347905173e-05
-2.165823637467336e-05
-3.006368240439832e-06
2.172684257574596e-05
2.310887126106887e-05
1.880241287913925e-05
-3.885209153210567e-06
-2.065347038098101e-05
-1.963094068159508e-05
-1.735310093650943e-05
1.948846156843781e-05
-1.638617844689273e-06
-1.797268408611792e-05
-1.650937962980309e-05
-1.75234760629683e-05
-4.095379121055051e-06
1.550869289844173e-05
-1.595952902810869e-05
-1.619570073168264e-05
5.959355225948474e-06
1.383116761515873e-05
1.429117379867112e-05
1.434740121962002e-05
5.725589337774725e-06
1.271905781300181e-05
-1.435457765586389e-05
1.306285893340603e-05
5.111383009480829e-06
-1.244255170368906e-05
1.256236975296289e-05
1.243942003947275e-05
-3.55795622504924e-06
1.255437065782655e-05
1.292553102410769e-05

0.0005637935503637858
0.0003352518750971011
0.0001029757551358795
-0.0001031567677639877
-0.0001133037897967161
5.975213471594264e-05
-8.03102026120551e-05
6.346013065316749e-05
4.84162984777316e-05
3.249531217837264e-05
-4.146631932668926e-05
6.198757470320547e-06
-4.334348585466184e-05
2.091137907113157e-05
-4.341584508881332e-05
-3.132865367886623e-05
2.452760892756858e-05
3.119171366494801e-05
-2.292173658322008e-05
-3.658659284496403e-06
2.004239815961567e-05
2.449122327093012e-05
-1.902485013214594e-05
-1.775082673427207e-05
-2.032973779435973e-05
-1.623904694891633e-05
2.882644244167815e-07
-1.885011016545335e-05
1.646460297771868e-05
1.529149083161106e-05
-1.623855070497759e-05
-1.409177610615391e-05
-1.956071925896722e-06
1.413641423864809e-05
1.5035621287138e-05
1.223365503842104e-05
-2.527883460383641e-06
-1.343803232123824e-05
-1.277273070866376e-05
-1.129067062129895e-05
1.268002769592531e-05
-1.06615494407963e-06
-1.169379795227807e-05
-1.074170940653011e-05
-1.140152397494611e-05
-2.664629042058313e-06
1.009061976437994e-05
-1.038395305753982e-05
-1.053761648201379e-05
3.877411721265083e-06
8.999149974529753e-06
9.298449697432946e-06
9.335033665457296e-06
3.725313623323188e-06
8.275563710793428e-06
-9.339702962213916e-06
8.499255443121472e-06
3.325684682555717e-06
-8.095656994614316e-06
8.173615748719268e-06
8.093619399762926e-06
-2.314958690611745e-06
8.168411194857217e-06
8.409904024219099e-06

0.0004054306432404296
0.0002410836081407156
7.405108947410751e-05
-7.418125780645152e-05
-8.147810195633783e-05
4.296847028002682e-05
-5.775202125454278e-05
4.563493423123422e-05
3.481673570491112e-05
2.336776522234479e-05
-2.981892309088387e-05
4.457600174499491e-06
-3.116881585289872e-05
1.503762123987201e-05
-3.1220850238218e-05
-2.252880722861725e-05
1.763809511165567e-05
2.243033203694971e-05
-1.648329322164448e-05
-2.630985377811267e-06
1.441272673781451e-05
1.761192975348722e-05
-1.368099585681997e-05
-1.276483048853713e-05
-1.461935608443763e-05
-1.167769167608033e-05
2.072943738700245e-07
-1.355533826983162e-05
1.183989169731973e-05
1.099629280959854e-05
-1.16773348211635e-05
-1.013356369087755e-05
-1.406634571518408e-06
1.016566350251443e-05
1.081229397893927e-05
8.797366745698806e-06
-1.817831042442536e-06
-9.663448764836275e-06
-9.185022467551787e-06
-8.119255443155223e-06
9.118358629232037e-06
-7.666846924609369e-07
-8.409149098381404e-06
-7.724490908738579e-06
-8.198971407355008e-06
-1.916166415564266e-06
7.256284608305122e-06
-7.467224065936446e-06
-7.577725260898472e-06
2.788292855151362e-06
6.471395709363964e-06
6.686625697538494e-06
6.71293366377607e-06
2.678917305105768e-06
5.951056226661874e-06
-6.716291410574468e-06
6.111915610148624e-06
2.391539383864479e-06
-5.821683168711635e-06
5.877744235396509e-06
5.820217910036227e-06
-1.664714309704022e-06
5.874001578851267e-06
6.047661942796911e-06

-0.0007763750210725024
-0.0004616604454327431
-0.0001418033321097343
0.0001420525965485835
0.0001560256092575981
-8.228200698512499e-05
0.0001105916078767019
-8.738812326126064e-05
-6.667193111138141e-05
-4.474784903260882e-05
5.710142395256825e-05
-8.536033196084586e-06
5.968638648322116e-05
-2.879612999568867e-05
5.978602916610866e-05
4.314129550505871e-05
-3.377587928366585e-05
-4.295272150291295e-05
3.156450390632847e-05
5.038176966132848e-06
-2.7599495034079e-05
-3.372577421433197e-05
2.619827490526271e-05
2.444387395170109e-05
2.799517766442091e-05
2.236206925217007e-05
-3.969561170691696e-07
2.595764826945133e-05
-2.267267242686308e-05
-2.105723186965557e-05
2.23613858967167e-05
1.940515808367174e-05
2.693619644472849e-06
-1.946662727046585e-05
-2.070488530084568e-05
-1.684642220918516e-05
3.481035874847728e-06
1.850491659551696e-05
1.758875933697589e-05
1.554788031165112e-05
-1.746110214150787e-05
1.468154551683795e-06
1.610300902832705e-05
1.479193024018867e-05
1.570053153427448e-05
3.66934213302607e-06
-1.389534365398741e-05
1.429927988474417e-05
1.451088295174589e-05
-5.339411216857709e-06
-1.239232915417519e-05
-1.280448148994712e-05
-1.285485964508908e-05
-5.129963691393486e-06
-1.139591069498427e-05
1.28612895259597e-05
-1.170394662992181e-05
-4.579652452272157e-06
1.11481691582542e-05
-1.125552269097968e-05
-1.114536327701151e-05
3.187826645137181e-06
-1.124835573135621e-05
-1.158090476524115e-05

-3.247749448393605e-05
-1.931228357823329e-05
-5.931948879606237e-06
5.942376165674434e-06
6.526898375745555e-06
-3.442039420969303e-06
4.626293012142352e-06
-3.655639625374348e-06
-2.789035216398347e-06
-1.871902084277834e-06
2.38867960858432e-06
-3.570812603650632e-07
2.496814342500104e-06
-1.204606186068195e-06
2.500982617623698e-06
1.804696375810782e-06
-1.41292017820258e-06
-1.79680790573208e-06
1.320413426086277e-06
2.107581519057533e-07
-1.154548283238534e-06
-1.410824171671882e-06
1.095932127685571e-06
1.022541632437551e-06
1.17110056801697e-06
9.35455110061912e-07
-1.660555756241581e-08
1.085866180138889e-06
-9.484483319182898e-07
-8.808708592243402e-07
9.354265237829576e-07
8.117609370696084e-07
1.12680102747753e-07
-8.143323299131003e-07
-8.661314183172207e-07
-7.047233225216756e-07
1.456194755820934e-07
7.741018326770445e-07
7.357769361991184e-07
6.50402425827985e-07
-7.30436751689692e-07
6.141617138580679e-08
6.736246951504433e-07
6.18779352430924e-07
6.567881661036324e-07
1.53496745323177e-07
-5.812731407193965e-07
5.981706919671995e-07
6.070225190550206e-07
-2.233594508273064e-07
-5.183987001433327e-07
-5.356399493433651e-07
-5.377473796596542e-07
-2.145977948394137e-07
-4.767162990688489e-07
5.380163558828227e-07
-4.896021275765312e-07
-1.915770513223949e-07
4.663527193902825e-07
-4.708435565138308e-07
-4.662353431355884e-07
1.333538811436789e-07
-4.705437466470314e-07
-4.844550126202395e-07

0.0004256769426997934
0.0002531227842773411
7.774903524555247e-05
-7.788570389326372e-05
-8.554693611845956e-05
4.51142195742636e-05
-6.063602801671789e-05
4.791384077086982e-05
3.655540560820958e-05
2.453469914871765e-05
-3.130801341131055e-05
4.680202756488669e-06
-3.272531679842547e-05
1.578856640855816e-05
-3.277994966457149e-05
-2.365384546935167e-05
1.851890212878033e-05
2.355045264688433e-05
-1.730643201543855e-05
-2.762370902611465e-06
1.513246607282578e-05
1.849143013115287e-05
-1.436419418836553e-05
-1.340227757086364e-05
-1.534941402683076e-05
-1.226084947781387e-05
2.176461912266436e-07
-1.423226154255687e-05
1.243114940530874e-05
1.154542307609098e-05
-1.22604748023625e-05
-1.063961119492621e-05
-1.476878755670966e-06
1.067331399935592e-05
1.135223575539362e-05
9.236687563095933e-06
-1.908609458592064e-06
-1.014601978102513e-05
-9.643701944592457e-06
-8.524712898902012e-06
9.573709063304136e-06
-8.049712110882263e-07
-8.82908319483729e-06
-8.110234706641755e-06
-8.608409700043134e-06
-2.011855480291436e-06
7.618647230845142e-06
-7.840120533162006e-06
-7.956139910632206e-06
2.927533963506792e-06
6.794562735922017e-06
7.020540828281052e-06
7.048162555509646e-06
2.812696443141433e-06
6.248238663345744e-06
-7.051687980670243e-06
6.41713100463562e-06
2.510967511317994e-06
-6.112405004261998e-06
6.171265635219041e-06
6.110866573844865e-06
-1.747846418711188e-06
6.167336078779087e-06
6.349668652857333e-06

0.0003127844577409762
0.0001859928619105763
5.712945050517527e-05
-5.722987367724782e-05
-6.285929384736353e-05
3.31496148615631e-05
-4.455493178109261e-05
3.520675705090482e-05
2.686065786919697e-05
1.802792634338606e-05
-2.300491056831605e-05
3.438980443764573e-06
-2.40463352425847e-05
1.160132881825046e-05
-2.408647909275546e-05
-1.738068118441114e-05
1.360756052129724e-05
1.730470885735691e-05
-1.271664591238438e-05
-2.029770932324053e-06
1.111923085345599e-05
1.358737428845392e-05
-1.055471001459104e-05
-9.847900372309684e-06
-1.127864270160733e-05
-9.0091869459473e-06
1.599249080076033e-07
-1.045776682378336e-05
9.134322148564062e-06
8.483496600358339e-06
-9.008911637029601e-06
-7.817912328237496e-06
-1.08520024084898e-06
7.842676914595724e-06
8.341543900353575e-06
6.787053798173993e-06
-1.40243295950833e-06
-7.455224789272793e-06
-7.086125135705335e-06
-6.263899765322403e-06
7.034694853197964e-06
-5.914872488992378e-07
-6.487548942472164e-06
-5.959344071538816e-06
-6.325399592852457e-06
-1.478297418378142e-06
5.5981290123574e-06
-5.760866054984088e-06
-5.846116286859704e-06
2.151131601082594e-06
4.992597455392951e-06
5.158644586420971e-06
5.178940839531141e-06
2.066749789589649e-06
4.591162325483769e-06
-5.181531297427431e-06
4.715263243546405e-06
1.845041468423113e-06
-4.49135269724813e-06
4.534603079614531e-06
4.490222269275421e-06
-1.284305395597984e-06
4.53171566886501e-06
4.665692376529865e-06

0.0004613660009027526
0.0002743447788802479
8.426756976258161e-05
-8.441569680710422e-05
-9.271925220127113e-05
4.88966278906571e-05
-6.571979581336318e-05
5.193097132330384e-05
3.962023686288865e-05
2.659170580817535e-05
-3.393289956502833e-05
5.072594290591481e-06
-3.546903067806172e-05
1.711229106679993e-05
-3.552824400264273e-05
-2.563700072864151e-05
2.007154007937101e-05
2.5524939378282e-05
-1.875741560776036e-05
-2.993970047483301e-06
1.640118281139188e-05
2.004176480989577e-05
-1.556849846469135e-05
-1.452593407254188e-05
-1.66363198364546e-05
-1.328880783481656e-05
2.358938029885214e-07
-1.542550449185131e-05
1.347338582958018e-05
1.251339957378313e-05
-1.328840174630937e-05
-1.153164377903549e-05
-1.600701322933862e-06
1.156817225061004e-05
1.230401529045209e-05
1.001109803021967e-05
-2.06862863562887e-06
-1.099666930927156e-05
-1.045223678748883e-05
-9.239430902852229e-06
1.037637565316338e-05
-8.724605710288405e-07
-9.569319821284767e-06
-8.79020256360161e-06
-9.330144903437225e-06
-2.180530877358266e-06
8.25740004354181e-06
-8.497441825343025e-06
-8.6231883500913e-06
3.172980497097508e-06
7.364223717339548e-06
7.609147973989866e-06
7.639085526511767e-06
3.04851491719153e-06
6.772095445221976e-06
-7.642906525827373e-06
6.955147840752028e-06
2.721488816719384e-06
-6.624873395367066e-06
6.688668943565384e-06
6.623205981845915e-06
-1.894387107929205e-06
6.684409930316631e-06
6.88202939733154e-06

7.432686665454077e-06
4.419742191143362e-06
1.357565232138174e-06
-1.359951584637424e-06
-1.493723308868171e-06
7.87733195339553e-07
-1.05875736195027e-06
8.366169967793415e-07
6.38288919507352e-07
4.283970140569219e-07
-5.466649246594817e-07
8.172037789785314e-08
-5.714122645403111e-07
2.756819908217688e-07
-5.723662015158163e-07
-4.13016548882668e-07
3.233560080560607e-07
4.112112209782392e-07
-3.021852338245463e-07
-4.823337915171819e-08
2.642259129250975e-07
3.228763232683321e-07
-2.508112230092775e-07
-2.340153289819246e-07
-2.680140113699161e-07
-2.140850097322468e-07
3.800290269494988e-09
-2.485075651850941e-07
2.170585933909621e-07
2.015930475311877e-07
-2.140784675752333e-07
-1.857767906186854e-07
-2.578757722761937e-08
1.863652706532509e-07
1.982198302459811e-07
1.612805336574742e-07
-3.332596776904618e-08
-1.7715825869317e-07
-1.683873559039628e-07
-1.488488417703182e-07
1.671652198094539e-07
-1.405549182145275e-08
-1.541634097295121e-07
-1.416116949522259e-07
-1.503102601288884e-07
-3.512873238146481e-08
1.330281535156209e-07
-1.368952684443892e-07
-1.389210668710779e-07
5.111726868445555e-08
1.186389272696075e-07
1.225846997200908e-07
1.230669989072088e-07
4.911210650743823e-08
1.090996376288934e-07
-1.231285558742342e-07
1.120486436201553e-07
4.384365904595703e-08
-1.06727864755849e-07
1.077556221538028e-07
1.067010024347049e-07
-3.051890639640325e-08
1.076870087056862e-07
1.108706927529185e-07

-0.0002726179736308858
-0.0001621084292041838
-4.979312317450105e-05
4.988065041889881e-05
5.478716377502345e-05
-2.889267866911164e-05
3.883337204524197e-05
-3.068565118181218e-05
-2.341132347680926e-05
-1.571285473707886e-05
2.005071526887769e-05
-2.997360823828857e-06
2.095840450138636e-05
-1.011153423894218e-05
2.099339324464677e-05
1.51487261197036e-05
-1.186013397906028e-05
-1.508250984411824e-05
1.10836269329184e-05
1.769116159100494e-06
-9.691345297321636e-06
-1.184253997860207e-05
9.199317885615825e-06
8.58327380908645e-06
9.83028613642078e-06
7.852264485915452e-06
-1.393880139346406e-07
9.114823737711835e-06
-7.961330344282067e-06
-7.394081116428059e-06
7.85202453102965e-06
6.813968418831131e-06
9.458433222055414e-07
-6.835552839615569e-06
-7.270357394006794e-06
-5.915488470063709e-06
1.222338329518464e-06
6.497855710904327e-06
6.176154305564613e-06
5.459515710539875e-06
-6.131328486847697e-06
5.155309070917953e-07
5.654444787000034e-06
5.19406979709187e-06
5.513117985027729e-06
1.28846058890733e-06
-4.879240479196159e-06
5.021079505074409e-06
5.095382255388205e-06
-1.874892193608084e-06
-4.351468775890989e-06
-4.496192822331274e-06
-4.513882714711151e-06
-1.801346344729418e-06
-4.001584282108565e-06
4.516140516737091e-06
-4.109748674457008e-06
-1.608108887568186e-06
3.914591792790995e-06
-3.952288140252101e-06
-3.913606529693482e-06
1.119380217930011e-06
-3.949771518827945e-06
-4.066543492797209e-06

0.0003628178870192795
0.0002157445342598625
6.626795547501505e-05
-6.638444247491834e-05
-7.291435238801635e-05
3.845227255354826e-05
-5.168199955282097e-05
4.083847801856046e-05
3.115732540687763e-05
2.091169807632353e-05
-2.66848074988863e-05
3.989084454895757e-06
-2.789281988715294e-05
1.345709322916571e-05
-2.793938520246609e-05
-2.016091869725099e-05
1.578424449692914e-05
2.007279373296536e-05
-1.475081796975765e-05
-2.354455864327354e-06
1.289787821513284e-05
1.576082924670686e-05
-1.224305585147127e-05
-1.142318397296106e-05
-1.308278980035258e-05
-1.045030880082065e-05
1.855067148289484e-07
-1.213060549539667e-05
1.059546080144405e-05
9.840528309204783e-06
-1.044998945311321e-05
-9.068476267391409e-06
-1.258790354294609e-06
9.097202230830934e-06
9.675868661323468e-06
7.872720198195032e-06
-1.626768052127434e-06
-8.647772734083977e-06
-8.219631395555438e-06
-7.265881731368005e-06
8.159974254784119e-06
-6.861023574969545e-07
-7.525306136509755e-06
-6.912608892629974e-06
-7.337219155346063e-06
-1.714767893506383e-06
6.493613378985183e-06
-6.682382061330622e-06
-6.781269036790012e-06
2.495229551500935e-06
5.791220166710315e-06
5.983828423720351e-06
6.007371293214574e-06
2.397349910131688e-06
5.325570924863927e-06
-6.01037612429319e-06
5.469523195360835e-06
2.140176822948824e-06
-5.209795612104306e-06
5.259964384734144e-06
5.208484359325958e-06
-1.489744641674012e-06
5.256615099818399e-06
5.412022904719025e-06

0.0001800866089817685
0.0001070859595716287
3.289245600236024e-05
-3.295027495107742e-05
-3.61914308457543e-05
1.908599222795943e-05
-2.56526383562106e-05
2.027039814041288e-05
1.546510598901701e-05
1.037963377592558e-05
-1.324514767804554e-05
1.980003517262327e-06
-1.384475112207264e-05
6.67950057892919e-06
-1.386786406668646e-05
-1.000698039442144e-05
7.834594623059416e-06
9.963239094568603e-06
-7.321647809877877e-06
-1.168646827441999e-06
6.401931199990745e-06
7.822972337710384e-06
-6.076906599008044e-06
-5.669958783911823e-06
-6.493713059527577e-06
-5.187066961371198e-06
9.207725531765206e-08
-6.021091260156869e-06
5.259113937317612e-06
4.884399135752753e-06
-5.186908451418021e-06
-4.501186953716018e-06
-6.248073604813963e-07
4.515445240116533e-06
4.802669434205502e-06
3.907666999561672e-06
-8.074550693028712e-07
-4.292368492966568e-06
-4.079858237605847e-06
-3.606459463764309e-06
4.050247095022749e-06
-3.4055059410407e-07
-3.735226162101708e-06
-3.431110590820006e-06
-3.641868177717473e-06
-8.511342637193928e-07
3.223139914812265e-06
-3.316836265245107e-06
-3.365919347199451e-06
1.238520603965741e-06
2.874503267350351e-06
2.970105411311946e-06
2.981791041166475e-06
1.189937517704565e-06
2.643375762506785e-06
-2.983282505230348e-06
2.714827245955874e-06
1.062288273141105e-06
-2.585910063531191e-06
2.610811603568608e-06
2.585259216165265e-06
-7.394427627913992e-07
2.609149167991045e-06
2.686286667533605e-06

-0.0002120887456890607
-0.0001261155783590359
-3.873758174255695e-05
3.880567535807269e-05
4.262279808681423e-05
-2.247765214051242e-05
3.021121849836863e-05
-2.387253189185481e-05
-1.821331941172872e-05
-1.222413771181973e-05
1.55988653092199e-05
-2.331858347550728e-06
1.630502077005388e-05
-7.866475512117977e-06
1.633224098072589e-05
1.178526228010552e-05
-9.226834554674071e-06
-1.173374797002691e-05
8.622734967113914e-06
1.376320211629356e-06
-7.539580904266898e-06
-9.213146941066187e-06
7.156798084767431e-06
6.677533956513021e-06
7.647672780592148e-06
6.108830255967971e-06
-1.084397651621213e-07
7.091064128907652e-06
-6.193680278108055e-06
-5.752377103467568e-06
6.108643578143043e-06
5.301066528619252e-06
7.358382176829016e-07
-5.3178585716086e-06
-5.656123695256709e-06
-4.602075619019326e-06
9.509431812673102e-07
5.055140162033279e-06
4.804865953635769e-06
4.24734225589641e-06
-4.769992788311007e-06
4.010678459415806e-07
4.398991330144668e-06
4.040833161566714e-06
4.289043245049536e-06
1.00238434954122e-06
-3.795905234589019e-06
3.906251814778316e-06
3.964057163798204e-06
-1.458610847805987e-06
-3.385314410095471e-06
-3.497905451221863e-06
-3.511667665930654e-06
-1.401394345781907e-06
-3.113114589834828e-06
3.51342416933486e-06
-3.197263297988972e-06
-1.251061301472268e-06
3.045436998007036e-06
-3.074763644902213e-06
-3.044670492364572e-06
8.70844806041955e-07
-3.072805787636151e-06
-3.163650940510799e-06

-0.0001504267733676538
-8.944915706074649e-05
-2.74751468338055e-05
2.752344313936011e-05
3.023078837714907e-05
-1.594257476225587e-05
2.142770991198683e-05
-1.693191184166266e-05
-1.291803986354973e-05
-8.670132812644761e-06
1.106370339945506e-05
-1.653901653445733e-06
1.156455358423165e-05
-5.579402741142118e-06
1.15838598819088e-05
8.358854555587773e-06
-6.544255547119951e-06
-8.322317343637548e-06
6.115789852455035e-06
9.761734781530318e-07
-5.347548377872538e-06
-6.534547424483228e-06
5.076054554606186e-06
4.736130075488629e-06
5.424213983726093e-06
4.332769386091107e-06
-7.691235065335869e-08
5.029431869133503e-06
-4.392950396682843e-06
-4.079950230530674e-06
4.332636982348892e-06
3.759852182239769e-06
5.219030762198739e-07
-3.771762162823758e-06
-4.01168121618687e-06
-3.264083551037823e-06
6.744691423829588e-07
3.585425624663917e-06
3.407915302259735e-06
3.012484179042304e-06
-3.383181044336919e-06
2.844627222931732e-07
3.120043308829104e-06
2.866014847871469e-06
3.042061162137526e-06
7.109544775031648e-07
-2.692296446909249e-06
2.770561231568078e-06
2.811560446819215e-06
-1.034539210090112e-06
-2.401079424990548e-06
-2.480936123522576e-06
-2.490697157969762e-06
-9.939576424350175e-07
-2.20801806975209e-06
2.491942981455719e-06
-2.267701664043555e-06
-8.873319244476166e-07
2.16001683454211e-06
-2.180817150240085e-06
-2.159473180187579e-06
6.176583007790915e-07
-2.179428513841148e-06
-2.243861650915871e-06

-0.0005377436919690949
-0.0003197616945740743
-9.821780102723789e-05
9.839045003833246e-05
0.0001080686329243456
-5.699131092302519e-05
7.659950140882959e-05
-6.05279803719708e-05
-4.617924252253842e-05
-3.09938791091351e-05
3.955038441413594e-05
-5.912346328830494e-06
4.134081720383787e-05
-1.994517705749175e-05
4.14098331081625e-05
2.98811256049646e-05
-2.339432044118707e-05
-2.97505128503346e-05
2.186264679447582e-05
3.489612376786674e-06
-1.911634706589065e-05
-2.335961596945545e-05
1.814581444327873e-05
1.693065679348879e-05
1.939041028625634e-05
1.548872819622569e-05
-2.749452805006773e-07
1.797914826776241e-05
-1.570386249777275e-05
-1.458495353520664e-05
1.548825488104524e-05
1.34406711549579e-05
1.865692394866659e-06
-1.348324680016892e-05
-1.434090634200625e-05
-1.166840383752196e-05
2.411083603168694e-06
1.28171333435061e-05
1.218257172926041e-05
1.076898964308587e-05
-1.2094152022631e-05
1.016893675833513e-06
1.115349063490373e-05
1.0245392964499e-05
1.087472106129231e-05
2.541510909232325e-06
-9.624386662200011e-06
9.904166606363649e-06
1.005073007297913e-05
-3.698257443584181e-06
-8.583347803046558e-06
-8.868818500424138e-06
-8.903712120652676e-06
-3.553186978204067e-06
-7.893194556936288e-06
8.908165674392155e-06
-8.106550701090342e-06
-3.172022734861332e-06
7.721600359546811e-06
-7.795957060196336e-06
-7.719656910958422e-06
2.207996938316611e-06
-7.7909929806935e-06
-8.021327729221114e-06

-0.0003762433728282534
-0.000223727809855509
-6.87200933867791e-05
6.884089079867283e-05
7.561242940760444e-05
-3.987513635923822e-05
5.359440788881864e-05
-4.234963947648354e-05
-3.231025155816507e-05
-2.168550145209935e-05
2.767223539925334e-05
-4.136694037157895e-06
2.892494832118946e-05
-1.395505107700728e-05
2.897323671025921e-05
2.090694070320715e-05
-1.636831479247779e-05
-2.081555481792915e-05
1.529664799745442e-05
2.441578674215749e-06
-1.337514322091125e-05
-1.634403309899518e-05
1.269609022070636e-05
1.184588031679906e-05
1.356689715859264e-05
1.083700548123506e-05
-1.923710890963311e-07
1.257947882209562e-05
-1.09875285955625e-05
-1.020466105428928e-05
1.08366743165858e-05
9.404040482371483e-06
1.305369844013202e-06
-9.433829403359484e-06
-1.0033908443952e-05
-8.164037404655042e-06
1.686963958062215e-06
8.967769499056987e-06
8.523785486644166e-06
7.534743867341728e-06
-8.461920830404346e-06
7.114904593344154e-07
7.803767850658995e-06
7.168398741783953e-06
7.608721016669886e-06
1.778220090444794e-06
-6.733898980626067e-06
6.929652741039274e-06
7.032198868194917e-06
-2.587561462721501e-06
-6.005514849930386e-06
-6.205250262225693e-06
-6.229664297314384e-06
-2.486059944421466e-06
-5.52263501523752e-06
6.232780317281495e-06
-5.671914005375771e-06
-2.21937058542266e-06
5.402575625332725e-06
-5.454600811797366e-06
-5.401215851778407e-06
1.54487021916431e-06
-5.451127592038518e-06
-5.612286009998857e-06

-2.485730590027141e-05
-1.478104601866747e-05
-4.540136800222425e-06
4.548117534061772e-06
4.995493405023019e-06
-2.634434341924985e-06
3.540826729863192e-06
-2.797917569495245e-06
-2.134644394288741e-06
-1.432698041017598e-06
1.828224149430452e-06
-2.73299349632336e-07
1.910987250527352e-06
-9.21969657211258e-07
1.914177524015228e-06
1.381260795628583e-06
-1.081406975520395e-06
-1.37522319582924e-06
1.010605065705423e-06
1.613080053175598e-07
-8.836568309592813e-07
-1.079802754610156e-06
8.387937732488609e-07
7.826228764597757e-07
8.963254561929863e-07
7.15969448883422e-07
-1.270939863224393e-08
8.310895971272801e-07
-7.259140734761725e-07
-6.741922908209717e-07
7.159475697965676e-07
6.212976170508436e-07
8.624199087368955e-08
-6.232656844578076e-07
-6.629111622384651e-07
-5.393742184064193e-07
1.114528046912019e-07
5.924744614264041e-07
5.631417283931398e-07
4.977986237511991e-07
-5.590545103938479e-07
4.700610633966441e-08
5.155722562753416e-07
4.735952662766166e-07
5.026860789582963e-07
1.174818320754179e-07
-4.448891301513605e-07
4.578220120425791e-07
4.645969365625792e-07
-1.709526637793181e-07
-3.967669080560035e-07
-4.099628461135374e-07
-4.115758104389212e-07
-1.642467535331722e-07
-3.648644411123873e-07
4.117816768220589e-07
-3.747268700377496e-07
-1.466273628520698e-07
3.569324662370304e-07
-3.603696190698203e-07
-3.568426299528442e-07
1.020650844294928e-07
-3.601401535346293e-07
-3.707874217200136e-07

-0.0003794946966495073
-0.0002256611636636219
-6.931394112671445e-05
6.943578241480543e-05
7.626583757547572e-05
-4.021971912156781e-05
5.405754634554603e-05
-4.271560576741695e-05
-3.258946203241056e-05
-2.187289767629229e-05
2.791136625080817e-05
-4.172441462456387e-06
2.917490454712008e-05
-1.407564427085771e-05
2.922361022245703e-05
2.108760896009059e-05
-1.650976231192996e-05
-2.09954333596458e-05
1.542883466070167e-05
2.462677684797214e-06
-1.34907251152534e-05
-1.648527078712382e-05
1.2805804048382e-05
1.194824701782273e-05
1.368413610310838e-05
1.093065394554477e-05
-1.940334724090485e-07
1.268818494719436e-05
-1.108247781205145e-05
-1.029284508614685e-05
1.093031991912264e-05
9.485305915981113e-06
1.316650255512275e-06
-9.515352259259959e-06
-1.012061690953647e-05
-8.234587296579379e-06
1.701541932050454e-06
9.045264877583624e-06
8.597444157600983e-06
7.599855691212729e-06
-8.535044895189604e-06
7.17638835747437e-07
7.871204457231732e-06
7.230344777973404e-06
7.674472117360022e-06
1.793586658355513e-06
-6.79209026782729e-06
6.989535643059516e-06
7.092967927126374e-06
-2.60992199005753e-06
-6.057411773305388e-06
-6.258873208040496e-06
-6.283498218098702e-06
-2.507543341874741e-06
-5.57035911106986e-06
6.286641165288751e-06
-5.720928102230868e-06
-2.238549374932584e-06
5.449262222611128e-06
-5.501736987035652e-06
-5.44789069851227e-06
1.558220283795892e-06
-5.498233753296126e-06
-5.660784828884901e-06

0.0002759851072160357
0.0001641106476534422
5.040812333430593e-05
-5.049673163700761e-05
-5.546384586139929e-05
2.924953521607662e-05
-3.931300715327204e-05
3.106465292295534e-05
2.370047922286025e-05
1.590692587699851e-05
-2.029836378554054e-05
3.034381546133104e-06
-2.121726398430072e-05
1.023642287369158e-05
-2.125268487726024e-05
-1.533582964706441e-05
1.200661975515713e-05
1.526879552722885e-05
-1.122052198791427e-05
-1.790966700926053e-06
9.811044133757118e-06
1.198880844933385e-05
-9.312939639165746e-06
-8.689286736734069e-06
-9.951701045939988e-06
-7.949248639668001e-06
1.411096101186659e-07
-9.227401895057756e-06
8.059661582050638e-06
7.485406198659439e-06
-7.949005721075153e-06
-6.898128467436062e-06
-9.57525533668257e-07
6.919979479700941e-06
7.360154351381529e-06
5.988551297266513e-06
-1.237435560221425e-06
-6.578111417833459e-06
-6.252436644222472e-06
-5.526946769701193e-06
6.207057177053629e-06
-5.218982841519287e-07
-5.724283435915173e-06
-5.258222305544378e-06
-5.581211091580791e-06
-1.304374502668396e-06
4.939504497261868e-06
-5.083095392033384e-06
-5.158315863516941e-06
1.89804918648656e-06
4.405214229518895e-06
4.551725778049448e-06
4.569634160171803e-06
1.823594965005107e-06
4.051008275143865e-06
-4.571919848548119e-06
4.160508617404406e-06
1.627970811459492e-06
-3.962941332338204e-06
4.001103271395692e-06
3.961943900151409e-06
-1.133205802047824e-06
3.998555566914218e-06
4.116769803952114e-06

-4.705592150004947e-05
-2.798113938539308e-05
-8.594669178037499e-06
8.609777041560143e-06
9.456678308743103e-06
-4.987094582479088e-06
6.70293334738458e-06
-5.296575181604922e-06
-4.04097127223447e-06
-2.71215741648421e-06
3.460904910807203e-06
-5.173671191036088e-07
3.617578928671925e-06
-1.745327188282224e-06
3.623618250041354e-06
2.614784555920624e-06
-2.047148711679499e-06
-2.603355126572407e-06
1.913117730073571e-06
3.053628122846017e-07
-1.672799403016349e-06
-2.044111854297471e-06
1.587871755167719e-06
1.481537894197783e-06
1.696781641350609e-06
1.355360163255945e-06
-2.4059424088558e-08
1.573287426999954e-06
-1.374185754252164e-06
-1.27627425273809e-06
1.355318745228813e-06
1.17614241918802e-06
1.632597019496364e-07
-1.179868053252731e-06
-1.254918603689572e-06
-1.021057993260182e-06
2.109848287486566e-07
1.121578978007031e-06
1.066050885437788e-06
9.423536507196729e-07
-1.058313610527441e-06
8.898452868620199e-08
9.759998817364735e-07
8.965356809839775e-07
9.516058081890698e-07
2.223980301812297e-07
-8.42193762615193e-07
8.666762498791014e-07
8.795014658375135e-07
-3.236205548307682e-07
-7.510963800411051e-07
-7.760768436461079e-07
-7.791302526927966e-07
-3.109259857786189e-07
-6.907036735210126e-07
7.795199663789449e-07
-7.093736646737238e-07
-2.77571741031193e-07
6.75688112757808e-07
-6.821947870739539e-07
-6.755180489058327e-07
1.93213480982041e-07
-6.817603992048321e-07
-7.019161239630012e-07

-0.0001448604484979939
-8.613922056214632e-05
-2.645846882029657e-05
2.65049779910211e-05
2.911214183965753e-05
-1.535264287445242e-05
2.06348085426287e-05
-1.630537096815794e-05
-1.244002650893734e-05
-8.349307105765854e-06
1.065430707984789e-05
-1.592701418278697e-06
1.113662402898942e-05
-5.372945023939859e-06
1.115521592509842e-05
8.049547249730605e-06
-6.302094849320231e-06
-8.014362044433961e-06
5.889483907119528e-06
9.400515924854622e-07
-5.149670095552949e-06
-6.292745961719924e-06
4.888222507988714e-06
4.560876441881474e-06
5.223498801705987e-06
4.172441530560051e-06
-7.406632051773161e-08
4.843325027476947e-06
-4.230395630020545e-06
-3.928977581679249e-06
4.172314026230217e-06
3.620724298020197e-06
5.025908088104584e-07
-3.632193567036176e-06
-3.86323476332068e-06
-3.143300866938313e-06
6.495113886733694e-07
3.452752142566586e-06
3.281810332530277e-06
2.901011565300673e-06
-3.257991330005142e-06
2.739365912720324e-07
3.004590625274731e-06
2.759962119575445e-06
2.929494094967614e-06
6.846466368131994e-07
-2.59267191642733e-06
2.668040626091975e-06
2.707522724762325e-06
-9.962575850542663e-07
-2.312230958600243e-06
-2.389132675669613e-06
-2.398532517177365e-06
-9.571776795256684e-07
-2.12631355918429e-06
2.399732240763683e-06
-2.18378864850993e-06
-8.544974917960514e-07
2.080088540152775e-06
-2.100119170294523e-06
-2.079565002937716e-06
5.948027499790915e-07
-2.098781918379956e-06
-2.160830800542992e-06

0.0001732653700810601
0.0001030298061614298
3.164657047154532e-05
-3.170219938035343e-05
-3.482058824199682e-05
1.836306167036516e-05
-2.46809793547234e-05
1.950260519281979e-05
1.487932571822365e-05
9.986478715216003e-06
-1.274345398133656e-05
1.905005842022668e-06
-1.332034591804441e-05
6.42649748534089e-06
-1.334258340103754e-05
-9.627940529478729e-06
7.537839401133905e-06
9.585856042752638e-06
-7.04432175471081e-06
-1.124381352925195e-06
6.159441753449577e-06
7.526657339443218e-06
-5.84672828689767e-06
-5.455194656578836e-06
-6.24774714133536e-06
-4.990593591486416e-06
8.858959480034604e-08
-5.793027096141816e-06
5.059911604754305e-06
4.699390080504251e-06
-4.990441085503959e-06
-4.330693035697714e-06
-6.011411906483245e-07
4.344411253195828e-06
4.62075609952095e-06
3.759654161185411e-06
-7.768706523913019e-07
-4.129784105897207e-06
-3.92532321760842e-06
-3.469855627829304e-06
3.896833672459018e-06
-3.27651373149898e-07
-3.593744959565184e-06
-3.301148539965798e-06
-3.503923146570796e-06
-8.188953860912554e-07
3.10105528290407e-06
-3.191202645470311e-06
-3.238426580705953e-06
1.191608482233199e-06
2.765624136255833e-06
2.857605105566531e-06
2.868848112435618e-06
1.144865604078098e-06
2.543251174218604e-06
-2.870283083497722e-06
2.611996250782204e-06
1.022051399707892e-06
-2.487962134926106e-06
2.51192046572248e-06
2.487335940060472e-06
-7.114344851808326e-07
2.510320999127724e-06
2.584536719446151e-06

0.0001119404502657854
6.656380837737145e-05
2.044569752336967e-05
-2.048163733694909e-05
-2.249631489839125e-05
1.186370589043775e-05
-1.594548258935887e-05
1.259992349087408e-05
9.612990869272208e-06
6.451900477447399e-06
-8.233081867104473e-06
1.230754948985908e-06
-8.605790753595202e-06
4.15192615700035e-06
-8.620157582116656e-06
-6.220262003290054e-06
4.869923725668191e-06
6.193072747933843e-06
-4.55107993404333e-06
-7.264218744807072e-07
3.979391167112357e-06
4.862699402544809e-06
-3.777358376407412e-06
-3.524402746259217e-06
-4.036442064681756e-06
-3.224240905516633e-06
5.723451331437056e-08
-3.742663991318219e-06
3.269024751320472e-06
3.03610491433244e-06
-3.224142376953094e-06
-2.797903171028033e-06
-3.883754469977502e-07
2.806766012134235e-06
2.985302360806442e-06
2.428975735022957e-06
-5.019078572153622e-07
-2.668103222809441e-06
-2.536008483472143e-06
-2.241747448755961e-06
2.517602425124532e-06
-2.116836285489148e-07
-2.321787837502498e-06
-2.132751938747764e-06
-2.263757232852575e-06
-5.290585083261729e-07
2.003478967004831e-06
-2.0617198973821e-06
-2.092229563400717e-06
7.698548762481335e-07
1.786769109912648e-06
1.846194666882803e-06
1.85345836447481e-06
7.396560037030277e-07
1.643102031571456e-06
-1.85438544705571e-06
1.687515723818212e-06
6.60310215621946e-07
-1.60738179532069e-06
1.622860400974164e-06
1.606977233605272e-06
-4.596319308848545e-07
1.621827043815848e-06
1.669775119910382e-06

3.218878968347199e-05
1.914060934453654e-05
5.879217529935744e-06
-5.889552123894778e-06
-6.468878293757743e-06
3.411441823461075e-06
-4.585168134052048e-06
3.623143254399759e-06
2.76424242162113e-06
1.855262034718605e-06
-2.367445727057815e-06
3.539070292354973e-07
-2.474619210209363e-06
1.193897983542231e-06
-2.478750431956361e-06
-1.788653743345005e-06
1.400360193370376e-06
1.780835396897817e-06
-1.308675768965405e-06
-2.088846425362521e-07
1.144285064445219e-06
1.398282819045651e-06
-1.086189970190768e-06
-1.013451870971568e-06
-1.160690209669657e-06
-9.271394938125917e-07
1.645794444582138e-08
-1.076213502685506e-06
9.400172139786398e-07
8.730404631440488e-07
-9.271111616491874e-07
-8.045448853667981e-07
-1.116784464592825e-07
8.070934201267684e-07
8.584320467308036e-07
6.984587688831721e-07
-1.443250086811756e-07
-7.672205470756732e-07
-7.292363351767765e-07
-6.446207513036132e-07
7.239436216007621e-07
-6.087021968041838e-08
-6.676365890409962e-07
-6.13278787430496e-07
-6.50949726303764e-07
-1.521322543757765e-07
5.761059827006455e-07
-5.928533251883258e-07
-6.016264650178242e-07
2.213739237205308e-07
5.137904569377673e-07
5.308784421176357e-07
5.329671386847006e-07
2.126901534232088e-07
4.724785865805777e-07
-5.332337238735983e-07
4.852498680553164e-07
1.898740500508611e-07
-4.622071327008957e-07
4.666580490652816e-07
4.620907998471875e-07
-1.32168447776964e-07
4.663609043238977e-07
4.801485077636194e-07

2.675423391447736e-05
1.59090274814055e-05
4.886606876990857e-06
-4.895196642141199e-06
-5.37671297173285e-06
2.835475127454079e-06
-3.811036761598845e-06
3.011434200741568e-06
2.29754486178257e-06
1.542031090245878e-06
-1.967740862083013e-06
2.941555596600653e-07
-2.056819838534193e-06
9.92327646855432e-07
-2.060253570391419e-06
-1.486668529997898e-06
1.163932056662878e-06
1.480170184730924e-06
-1.087727062298745e-06
-1.736178539943386e-07
9.51091065552848e-07
1.162205413350299e-06
-9.028043869829659e-07
-8.42346937668538e-07
-9.647264677263352e-07
-7.706070073693728e-07
1.367928709921189e-08
-8.945122844272881e-07
7.813105330670929e-07
7.256417217774358e-07
-7.705834586311562e-07
-6.687105128633788e-07
-9.282334965533013e-08
6.708287688136558e-07
7.134996998586516e-07
5.80535318849075e-07
-1.199580686299607e-07
-6.376877845447347e-07
-6.061165915858045e-07
-5.357869785145528e-07
6.017174669685192e-07
-5.059326901596711e-08
-5.549169648410902e-07
-5.097365975863393e-07
-5.410474085960826e-07
-1.264471873450749e-07
4.788398188375909e-07
-4.927596438096637e-07
-5.000515810773029e-07
1.8399852234397e-07
4.270452602630204e-07
4.412482159237167e-07
4.429842699057023e-07
1.767808660061898e-07
3.927082300782192e-07
-4.432058465029207e-07
4.033232875326142e-07
1.578168921308977e-07
-3.841709448149498e-07
3.878703960442993e-07
3.840742528785233e-07
-1.098539461322091e-07
3.876234193802876e-07
3.9908320930133e-07

-0.0002878241574683669
-0.0001711505717424954
-5.257050199053495e-05
5.266291136119667e-05
5.7843101992152e-05
-3.050426493962005e-05
4.09994339027146e-05
-3.239724652097146e-05
-2.471716873684965e-05
-1.658929202609072e-05
2.116911131000447e-05
-3.164548698889275e-06
2.212742996050118e-05
-1.067553904930007e-05
2.216437031854306e-05
1.599369723884597e-05
-1.252167281753172e-05
-1.592378752793031e-05
1.17018534808058e-05
1.867794559452197e-06
-1.023191265705889e-05
-1.25030974525685e-05
9.712440762602941e-06
9.062034756982912e-06
1.037860338848487e-05
8.290250931648663e-06
-1.471628489406117e-07
9.623233669593863e-06
-8.405400304872568e-06
-7.806510844628117e-06
8.289997592474287e-06
7.194040411369735e-06
9.986009127903673e-07
-7.216828775781381e-06
-7.675886015708162e-06
-6.24544472337191e-06
1.290518358526257e-06
6.86029545459775e-06
6.520650072029518e-06
5.764038550517604e-06
-6.473323942604253e-06
5.442863763030694e-07
5.969840451437735e-06
5.4837864989944e-06
5.820630672036986e-06
1.360328809191293e-06
-5.151396517649388e-06
5.301147091963271e-06
5.379594327930749e-06
-1.979470607834011e-06
-4.594186573575986e-06
-4.746983090172325e-06
-4.765659695762736e-06
-1.901822492020295e-06
-4.224786096076895e-06
4.768043434283021e-06
-4.338983720983751e-06
-1.697806566151634e-06
4.132941308256741e-06
-4.172740296205945e-06
-4.131901088797152e-06
1.181817412188937e-06
-4.17008330176546e-06
-4.293368625090968e-06

-0.0002347179252181459
-0.0001395717004877101
-4.287075575389016e-05
4.294611473676243e-05
4.717051204874527e-05
-2.487594453471392e-05
3.343465727620787e-05
-2.641965341989324e-05
-2.015662136983244e-05
-1.352841345719664e-05
1.726321351585572e-05
-2.580660050873694e-06
1.804471346818779e-05
-8.705802870324103e-06
1.807483798682035e-05
1.304271144399478e-05
-1.021130779933029e-05
-1.298570072451465e-05
9.542752750078593e-06
1.523169102915382e-06
-8.344029670765001e-06
-1.019615976184683e-05
7.920405169093604e-06
7.390005116743201e-06
8.463654598816284e-06
6.760622580570734e-06
-1.200099354979466e-07
7.847657613881584e-06
-6.854525824172692e-06
-6.366137035751054e-06
6.760415984827447e-06
5.866673090071266e-06
8.143497628299871e-07
-5.885256789438521e-06
-6.259613701869553e-06
-5.093102123285405e-06
1.052405726585093e-06
5.594507179835243e-06
5.317529527205471e-06
4.700519863774706e-06
-5.278935508531634e-06
4.438604809757029e-07
4.868349401138572e-06
4.471976920576082e-06
4.746670212877857e-06
1.109335500245337e-06
-4.200915980206579e-06
4.323036181693743e-06
4.387009173494659e-06
-1.614239882390622e-06
-3.746516449834597e-06
-3.871120588942822e-06
-3.886351187210719e-06
-1.550918565650507e-06
-3.445273793846487e-06
3.88829510381946e-06
-3.538400895542303e-06
-1.38454547434179e-06
3.370375223036176e-06
-3.40283092779523e-06
-3.369526933736168e-06
9.637611151733941e-07
-3.400664173523368e-06
-3.501202208813507e-06

