-0.2055565868879835
-0.1222169854875528
-0.03755059484353107
0.03760112937398838
0.04131563130035544
-0.02177700619422844
0.02928746474656071
-0.02312862818017315
-0.01765848764706626
-0.01184025805769022
0.01512433829416459
-0.002258545751491943
0.01579605266105785
-0.007629678234146136
0.01582259486368833
0.01142741570153072
-0.008936930947213314
-0.01137694978947027
0.008351756697486534
0.001334986612245267
-0.007311807357041089
-0.008924360862674509
0.006940569649801487
0.006467225813727892
0.00741595746275917
0.005916398499753525
-0.0001050481278360357
0.006876221877083895
-0.005998927481598202
-0.00557853143717822
0.005916760885317617
0.00514083933064426
0.0007139073042779049
-0.005150616318171385
-0.005484767247361879
-0.004457127510395091
0.0009223867446753253
0.004902036475035316
0.00465386539883363
0.00411904824509601
-0.004620281438266089
0.0003893865967943105
0.004265772444006166
0.003913744196004071
0.004159110416834847
0.0009706473780693823
-0.003676669737255056
0.003787978819345506
0.003839640053040963
-0.001414216584967981
-0.003282914739715727
-0.003388003558178069
-0.003405293053851394
-0.00135694852110368
-0.00301560422637057
0.003406901284287954
-0.003096869901012178
-0.001213185813845038
0.00295310910371171
-0.002978237521130617
-0.002952358811809548
0.000844469371205227
-0.002976446124029921
-0.003067620350958522

-0.1223426998340908
-0.07274082624409217
-0.022349277262716
0.02237935428908758
0.02459014306065589
-0.01296118880178261
0.01743124636694493
-0.01376564408789732
-0.01050993834075015
-0.007047057744247484
0.009001669117631358
-0.001344236101210649
0.009401458540120675
-0.004541014463038773
0.009417255867651854
0.006801343173765079
-0.00531906214666355
-0.006771306987502308
0.00497077947341717
0.0007945542823855269
-0.004351824800508351
-0.005311580712460314
0.004130872389930025
0.003849148686829565
0.004413812622520254
0.003521308544343596
-6.252230476555408e-05
0.004092574029547738
-0.003570427955236313
-0.003320217597821929
0.003521524228149016
0.003059713009673722
0.0004249017185921183
-0.003065532054770377
-0.003264411241512045
-0.002652782970284591
0.0005489840357012339
0.002917582871562375
0.002769876977324409
0.002451565725433403
-0.002749888552386628
0.000231754225210048
0.002538892698981118
0.002329373330471468
0.002475409837297196
0.00057770768924384
-0.002188271895655526
0.002254520580873529
0.002285268195936615
-0.0008417101965673454
-0.001953917695671052
-0.002016464218592208
-0.002026754541132117
-0.0008076255211341155
-0.001794820434949531
0.002027711724047373
-0.001843187953552666
-0.0007220611614219859
0.001757624730605728
-0.001772580604682801
-0.001757178173584812
0.0005026093513450627
-0.001771514405048544
-0.001825779273165301

-0.03690952061611295
-0.02194515103501242
-0.006742544598100382
0.006751618524259742
0.007418590512383669
-0.003910255911771856
0.005258825806671513
-0.004152951708157215
-0.00317073913186514
-0.002126024057396621
0.00271570998782462
-0.0004055420565171419
0.00283632230021463
-0.001369976853289846
0.002841088189696825
0.00205189452603212
-0.001604705750541984
-0.002042832920904181
0.001499632488909739
0.0002397087664902123
-0.001312900298994942
-0.001602448679623227
0.001246241253833954
0.001161248141521164
0.001331601380445481
0.001062342178891139
-1.886232934076149e-05
0.001234687036671184
-0.001077160994491695
-0.001001675130946451
0.001062407248452189
0.000923083605013711
0.0001281884310504207
-0.0009248391504216777
-0.0009848389334347347
-0.0008003170427378409
0.0001656227761124981
0.0008802044199879723
0.0008356430873062314
0.0007396118919010815
-0.000829612787308874
6.991784033589485e-05
0.000765957531934039
0.0007027477167027028
0.0007468054125575278
0.0001742884037637395
-0.0006601788807656643
0.0006801654203477535
0.0006894416561485809
-0.0002539352155471484
-0.0005894766550705493
-0.0006083462907780582
-0.0006114507741055729
-0.0002436522233270786
-0.0005414786655501657
0.0006117395462395835
-0.0005560706430650904
-0.0002178383455631632
0.0005302571082511777
-0.0005347691399729226
-0.000530122386641126
0.0001516320159720877
-0.0005344474786277711
-0.0005508186251794389

0.0368635049664213
0.02191779168798835
0.006734138567212923
-0.006743201180778761
-0.007409341644987153
0.003905380937423345
-0.005252269550123896
0.004147774161339102
0.00316678612411287
0.002123373511504515
-0.002712324271688748
0.0004050364611883576
-0.002832786214913333
0.001368268882719337
-0.002837546162689138
-0.002049336398530161
0.001602705139956136
0.002040286090640967
-0.001497762874725393
-0.0002394099179969204
0.001311263486616472
0.001600450882960666
-0.001244687546280255
-0.001159800396148676
-0.001329941253149728
-0.001061017741056112
1.883881339353691e-05
-0.001233147733932969
0.001075818081819121
0.001000426327625646
-0.001061082729494898
-0.0009219327829191439
-0.0001280286166220266
0.0009236861396633112
0.0009836111200515567
0.0007993192755476179
-0.0001654162917280841
-0.0008791070560129016
-0.0008346012786087204
-0.000738689806727588
0.0008285784966772303
-6.983067272181682e-05
-0.0007650026012584481
-0.0007018715906460222
-0.0007458743591148306
-0.000174071115812034
0.0006593558259116324
-0.0006793174479769707
-0.0006885821189558648
0.0002536186307276285
0.0005887417457355633
0.0006075878563862524
0.0006106884693082733
0.0002433484584671174
0.0005408035960242756
-0.000610976881425976
0.0005553773815027739
0.0002175667632497336
-0.0005295960288079793
0.0005341024353124828
0.0005294614751570812
-0.0001514429740769306
0.0005337811749874946
0.0005501319113863818

0.03994715092249701
0.02375122314727145
0.007297451773035233
-0.007307272477611379
-0.008029135840400211
0.004232067511194376
-0.005691623859303285
0.004494737018802927
0.003431688965942597
0.002300994498656188
-0.002939211209855413
0.0004389179124161762
-0.003069749839614915
0.00148272508569986
-0.003074907958798999
-0.002220764153533839
0.001736772023398728
0.002210956784009676
-0.001623051298493945
-0.0002594366470382776
0.001420951166926184
0.001734329196963649
-0.001348806124319988
-0.001256818132380744
-0.001441191335604959
-0.001149772271302257
2.041468716873306e-05
-0.001336301002361151
0.001165810666096992
0.001084112363512704
-0.001149842696049056
-0.0009990528044798398
-0.0001387382582111551
0.00100095283017082
0.001065890557545715
0.0008661826314305266
-0.0001792534263012047
-0.0009526446895260261
-0.0009044159872222489
-0.0008004814849034317
0.0008978893973338886
-7.567203457128109e-05
-0.0008289953545225113
-0.0007605834112974466
-0.0008082670277803382
-0.0001886322296516509
0.0007145111869671494
-0.0007361426061721197
-0.0007461822703378966
0.0002748339238947256
0.0006379902126153348
0.0006584128074592912
0.0006617727878101942
0.0002637046478894443
0.0005860420187797252
-0.0006620853257094781
0.0006018349068552021
0.0002357663042397593
-0.0005738969343802784
0.0005787803034719017
0.0005737511252662346
-0.0001641112354105641
0.00057843216960071
0.0005961506512049752

-0.02077274201974992
-0.01235076894593211
-0.003794715757751375
0.003799822579083412
0.004175195567205347
-0.002200698788024967
0.002959676256566905
-0.002337288401853915
-0.001784497465660018
-0.001196530015423902
0.001528406276643017
-0.0002282397705949096
0.001596287094596968
-0.0007710253417377738
0.001598969345437631
0.001154809787000827
-0.0009031311709611376
-0.00114970989996688
0.0008439957576408914
0.0001349085082400225
-0.0007389025582946781
-0.0009018608875447055
0.0007013867324236998
0.0006535524618602838
0.0007494275592693121
0.0005978880150821422
-1.061575156617783e-05
0.0006948839990273897
-0.0006062280701241632
-0.0005637444956051194
0.0005979246363437077
0.0005195130489242156
7.214467063448302e-05
-0.0005205010729152989
-0.0005542690545353469
-0.0004504198154105774
9.321278475992843e-05
0.0004953805694532142
0.0004703013743726775
0.0004162548515596911
-0.0004669075111080482
3.934988142982418e-05
0.0004310822233222688
0.0003955076300196141
0.0004203033774229954
9.808981498497546e-05
-0.0003715498155521032
0.0003827982745859949
0.0003880189561333372
-0.0001429151783669726
-0.000331758480686093
-0.0003423783442878772
-0.0003441255528723164
-0.0001371278925661004
-0.0003047451291947944
0.0003442880743286173
-0.0003129575193697772
-0.0001225997975281014
0.0002984296173447873
-0.0003009689965991041
-0.0002983537957895858
8.533876076271993e-05
-0.0003007879650378722
-0.0003100016746231133

0.02883234938096899
0.01714273854814029
0.00526702591429273
-0.005274114129070293
-0.00579512792356188
0.003054546976913258
-0.004107999791396291
0.00324413193704667
0.002476863880100866
0.001660771188354869
-0.002121411979328133
0.0003167944223331631
-0.002215629847036393
0.001070175136889518
-0.002219352783242198
-0.001602863946208559
0.001253536650733304
0.001595785356169162
-0.00117145731349409
-0.0001872516031030207
0.001025589048330452
0.001251773510593768
-0.0009735174730992637
-0.0009071240041985345
-0.001040197639967073
-0.0008298623323366621
1.473455251149389e-05
-0.0009644917469326075
0.0008414382417956573
0.0007824714832273664
-0.0008299131622668538
-0.0007210786963177235
-0.0001001360507789931
0.0007224500633186543
0.0007693196697973325
0.000625178008453921
-0.0001293783735635988
-0.0006875830663776555
-0.0006527734050401869
-0.0005777573947767228
0.0006480627582082142
-5.461722522744429e-05
-0.0005983376322174265
-0.0005489604675549371
-0.0005833767064713502
-0.0001361476406760548
0.0005157072708192853
-0.0005313200147002099
-0.0005385662662653419
0.0001983647777747629
0.0004604773128239443
0.0004752175727976843
0.000477642680099556
0.0001903320854117156
0.0004229830625510369
-0.0004778682581870392
0.0004343817745045655
0.0001701672409451409
-0.0004142171979379611
0.0004177418298717294
0.0004141119584096336
-0.0001184493103370606
0.0004174905599519618
0.0004302790928090234

-0.02182653844194484
-0.01297732061225144
-0.003987220814857055
0.003992586704062003
0.004387002277486288
-0.002312339731090981
0.003109819951946409
-0.002455858504595141
-0.001875024611423533
-0.00125722970774699
0.001605941975321213
-0.000239818321631905
0.001677266371549146
-0.0008101392798865153
0.001680084692357724
0.001213393021736356
-0.0009489468074244723
-0.001208034418607214
0.0008868114681958142
0.0001417523858163374
-0.0007763869150321416
-0.0009476120828230546
0.0007369679199480095
0.0006867070278471132
0.0007874458468840645
0.0006282187364941593
-1.115428620011115e-05
0.0007301353043832307
-0.0006369818806092583
-0.0005923431241318554
0.000628257215544201
0.0005458678263395273
7.580455317299002e-05
-0.0005469059725606115
-0.0005823869961169323
-0.0004732695089904865
9.794144787957711e-05
0.0005205111117385564
0.0004941596548631614
0.000437371364385999
-0.000490593621696254
4.134609185909286e-05
0.0004529509253058496
0.0004155716410715601
0.0004416252710345126
0.0001030658887255858
-0.0003903984521897731
0.0004022175429617467
0.0004077030684823873
-0.0001501652324762093
-0.0003485885120631291
-0.0003597471189013199
-0.0003615829629752192
-0.0001440843589984482
-0.0003202047794673801
0.0003617537291077536
-0.0003288337823058095
-0.0001288192570425842
0.0003135688831544648
-0.0003162370845340795
-0.0003134892151891442
8.96679764570321e-05
-0.0003160468692834072
-0.0003257279882354018

-0.01747617347949421
-0.01039074092861348
-0.00319250635398842
0.003196802738909177
0.003512605219568096
-0.001851454842074854
0.002489984983865409
-0.001966368115656311
-0.001501303354845668
-0.001006644481652565
0.001285853028567163
-0.0001920188399799265
0.001342961375138795
-0.0006486660555684767
0.001345217961243993
0.0009715451216908646
-0.0007598071069982982
-0.0009672545706196709
0.0007100562969714754
0.0001134989541400577
-0.0006216410563865175
-0.0007587384135476386
0.0005900788735735276
0.0005498357506465906
0.0006304957729535195
0.0005030050757357138
-8.931065326347457e-06
0.0005846081034262176
-0.0005100215903877416
-0.0004742800249451979
0.0005030358853191177
0.0004370679691310482
6.069553930003881e-05
-0.0004378991968361794
-0.0004663083064413685
-0.0003789396135201504
7.842021026508166e-05
0.0004167652379208628
0.0003956660318778452
0.0003501965215099952
-0.0003928107639927171
3.310517954784831e-05
0.0003626708362115063
0.0003327418184903955
0.000353602559107392
8.252327119929335e-05
-0.0003125860334996284
0.0003220493976170968
0.0003264415734942233
-0.0001202349910098136
-0.0002791094577812784
-0.0002880439825759874
-0.0002895139146773777
-0.0001153661291842363
-0.0002563830398402161
0.000289650644492081
-0.0002632921496360431
-0.0001031435969365442
0.0002510697797707741
-0.0002532061675591151
-0.0002510059908568171
7.179576900323655e-05
-0.0002530538651347892
-0.0002608053881135499

-0.01243716560047161
-0.007394717487350586
-0.00227199222139265
0.002275049804380597
0.002499795098515133
-0.001317613978809288
0.001772032969537658
-0.001399393632399282
-0.001068423729180121
-0.0007163927580487404
0.0009150954625695613
-0.0001366529185604222
0.0009557374237121816
-0.0004616323568758285
0.0009573433550744853
0.0006914138029689861
-0.0005407274553117885
-0.0006883603717213637
0.0005053215889310301
8.077313319053333e-05
-0.0004423996346455852
-0.0005399669045287437
0.0004199379616244893
0.0003912983750061792
0.0004487012187089958
0.0003579706640097205
-6.355918736028983e-06
0.0004160446108079449
-0.0003629640657270812
-0.0003375280760493836
0.0003579925900846085
0.0003110455911372125
4.319483749518529e-05
-0.0003116371460694366
-0.0003318548900245593
-0.0002696777261600278
5.580884983975229e-05
0.0002965968658198809
0.0002815813179424827
0.0002492222989110603
-0.0002795493262387985
2.355976843289534e-05
0.0002580998210915822
0.0002368004130666073
0.0002516462536566533
5.872885108416729e-05
-0.000222456264100964
0.0002291910007871684
0.0002323167547627125
-8.556692893413128e-05
-0.0001986321863396581
-0.0002049905670553122
-0.0002060366649889827
-8.210193467316259e-05
-0.000182458610140623
0.0002061339706920525
-0.0001873755756757004
-7.340359703073262e-05
0.0001786773535950239
-0.0001801977441279735
-0.000178631957313826
5.10944726861553e-05
-0.0001800893559573381
-0.0001856058367279511

0.01524187451706232
0.009062302429022678
0.002784349863516332
-0.002788096962955126
-0.00306352463526744
0.001614749499369866
-0.002171644651958645
0.001714971306982698
0.001309364282373005
0.0008779467021567591
-0.001121458912719113
0.0001674695589008887
-0.001171266054616946
0.0005657352070836737
-0.001173234140038551
-0.0008473347354814978
0.000662667064711226
0.0008435927240444312
-0.0006192768108641976
-9.898830649916239e-05
0.0005421653079385341
0.0006617350018949447
-0.0005146382963484583
-0.0004795401880270187
-0.0005498879640998885
-0.0004386967350035225
7.78924386208554e-06
-0.0005098669548305535
0.0004448162002285806
0.0004136441329474599
-0.0004387236056342603
-0.0003811895749798748
-5.293571815604448e-05
0.0003819145316410445
0.0004066915850533286
0.0003304928304583078
-6.839432017909577e-05
-0.0003634825133154936
-0.0003450808047666671
-0.0003054244937217019
0.0003425905780091907
-2.887273882495917e-05
-0.0003163039885716336
-0.0002902013447028846
-0.0003083950752234776
-7.197281177329856e-05
0.0002726224424344088
-0.0002808759315953827
-0.0002847065752802567
0.0001048631525477884
0.0002434257898057133
0.0002512180508490426
0.0002525000546392005
0.0001006167663996147
0.0002236049056237921
-0.0002526193037803852
0.0002296306975202023
8.995686404634134e-05
-0.0002189709367890259
0.0002208341910436195
0.0002189153031789166
-6.261680243031348e-05
0.0002207013602244197
0.0002274618642155969

-0.002202869202485376
-0.001309751428681333
-0.0004024149756920106
0.0004029565344053314
0.0004427633925558437
-0.0002333756217392232
0.0003138622560622075
-0.0002478604236683587
-0.0001892390761546332
-0.000126887394948675
0.0001620815929114546
-2.420394769971651e-05
0.0001692800919430075
-8.176426482525476e-05
0.0001695645343033093
0.0001224631255754737
-9.577357868414481e-05
-0.000121922302218034
8.950249609646171e-05
1.430652716298672e-05
-7.835776748961747e-05
-9.563887002541618e-05
7.43793587971577e-05
6.930671882754569e-05
7.947390326414392e-05
6.340371885940984e-05
-1.125759524868623e-06
7.3689768991593e-05
-6.428814954179542e-05
-5.978293025825142e-05
6.340760240305066e-05
5.509235587078199e-05
7.650664169085567e-06
-5.519713200577223e-05
-5.877809626507203e-05
-4.776528484366206e-05
9.884856444579974e-06
5.25331994649579e-05
4.987364751878226e-05
4.414222214931979e-05
-4.951374140453017e-05
4.172903213296586e-06
4.571460775823442e-05
4.194205929527897e-05
4.4571552708129e-05
1.040204669669757e-05
-3.940142543969198e-05
4.059428115211466e-05
4.114791430200702e-05
-1.515560366045866e-05
-3.5181707791478e-05
-3.630790338185661e-05
-3.649318811593338e-05
-1.454188431398312e-05
-3.231704601503797e-05
3.651042288979094e-05
-3.318793833043947e-05
-1.300123584786256e-05
3.164731033259703e-05
-3.191660171202582e-05
-3.163926974899286e-05
9.049846557747276e-06
-3.189740401292238e-05
-3.28744823912275e-05

0.01587228857564448
0.009437125279582813
0.002899512424132023
-0.002903414506094493
-0.003190234049961442
0.001681536611700193
-0.00226146531786854
0.00178590365987519
0.001363520459193068
0.0009142591611726338
-0.001167843198582706
0.0001743962111441873
-0.001219710396967617
0.0005891343911919493
-0.001221759883710047
-0.0008823810632132591
0.0006900754148643534
0.0008784842796965582
-0.000644890511284449
-0.0001030825286358645
0.0005645896253555832
0.0006891048013106469
-0.0005359240782737975
-0.000499374288868615
-0.0005726316957076968
-0.0004568415234867551
8.111412164344059e-06
-0.000530955390900063
0.0004632140938601061
0.0004307527291617011
-0.0004568695055047843
-0.0003969558291097662
-5.512517463590874e-05
0.0003977107704602861
0.0004235126192665376
0.000344162233545771
-7.122315471122447e-05
-0.0003785163916081997
-0.000359353576165454
-0.0003180570537432922
0.0003567603519745517
-3.006693448932314e-05
-0.0003293865317298976
-0.0003022042651648641
-0.0003211505004699513
-7.494965509574465e-05
0.000283898287817102
-0.0002924931467743711
-0.0002964822284275339
0.0001092003622210029
0.0002534940422338123
0.0002616085963719821
0.0002629436246908317
0.0001047783427199048
0.0002328533531107566
-0.0002630678060557685
0.0002391283757641909
9.367753972159185e-05
-0.0002280277202455536
0.0002299680399342988
0.0002279697855923274
-6.520667498906268e-05
0.0002298297151441556
0.0002368698380728834

-0.006360130601511711
-0.003781518272868183
-0.00116185373081566
0.001163417320764267
0.001278347801605585
-0.0006738027985479339
0.0009061840517762151
-0.0007156233623399756
-0.0005463716310958778
-0.0003663496691716943
0.0004679624636162442
-6.988171075648559e-05
0.0004887459917179344
-0.0002360700318651636
0.0004895672345582053
0.000353575905301717
-0.0002765177650666786
-0.0003520144384737047
0.0002584118765165428
4.13058483490418e-05
-0.0002262347824893312
-0.000276128833821053
0.0002147483089204796
0.0002001025675099619
0.0002294572930617876
0.000183059408208448
-3.250296293569945e-06
0.000212757323155097
-0.0001856129391404337
-0.000172605456444904
0.0001830706207871037
0.0001590628159348653
2.208902065034437e-05
-0.0001593653259074068
-0.0001697042967111101
-0.0001379080743792051
2.853958732264898e-05
0.0001516740118458433
0.0001439953454502076
0.0001274475568470659
-0.000142956223432102
1.204801873579278e-05
0.0001319873533167843
0.000121095240023122
0.000128687121330671
3.00328205775322e-05
-0.0001137599142969049
0.0001172039309054663
0.0001188023822047681
-4.375730457193831e-05
-0.0001015767327836161
-0.0001048282880869436
-0.0001053632427295904
-4.198537222491711e-05
-9.33058726676609e-05
0.0001054130030205327
-9.582031558597424e-05
-3.753720732951044e-05
9.137220978666777e-05
-9.214970866901772e-05
-9.134899498947507e-05
2.612874426043577e-05
-9.20942810142746e-05
-9.491530465339101e-05

0.0146268599036014
0.008696635567034414
0.002672000437391719
-0.002675596340145651
-0.002939910415948827
0.001549593829831018
-0.002084018081177862
0.001645771654782319
0.001256531006052535
0.0008425212660622488
-0.001076207679417596
0.000160712107517946
-0.00112400508687747
0.0005429076067568627
-0.001125893759409617
-0.0008131445022372947
0.0006359282322794599
0.0008095534821837098
-0.0005942887893428222
-9.499409601079307e-05
0.0005202887607383098
0.0006350337785022816
-0.0004938724730538037
-0.0004601905848630806
-0.0005276998052020326
-0.0004209951785051529
7.474945328948052e-06
-0.0004892936567241441
0.0004268677213103238
0.0003969534571221354
-0.0004210209648973229
-0.0003658084511653463
-5.079974464414912e-05
0.0003665041555886602
0.0003902814468055845
0.0003171573368385593
-6.563458702812364e-05
-0.0003488158752207467
-0.0003311566816202716
-0.0002931005156745045
0.0003287669363256496
-2.770771438599523e-05
-0.0003035410193549191
-0.000278491625689054
-0.000295951233242676
-6.906868531805951e-05
0.000261622037866989
-0.0002695424960454187
-0.000273218572006771
0.000100631890103113
0.0002336034797049506
0.0002410813204708366
0.0002423115949894738
9.655684702248912e-05
0.0002145823746716185
-0.0002424260323889312
0.0002203650238973859
8.632707520982684e-05
-0.000210135387992316
0.0002119234593293776
0.000210081999216507
-6.00901940069404e-05
0.000211795988277114
0.0002182837037248108

0.01063733258945786
0.006324597729489526
0.001943202951217123
-0.001945818058888405
-0.002138039543945831
0.001126936680539543
-0.001515594843871983
0.001196881666578037
0.0009138077692980547
0.0006127206372290243
-0.0007826682621387473
0.0001168773168053941
-0.0008174287591566098
0.0003948276538150306
-0.0008188022896347897
-0.0005913564887197989
0.0004624765776363091
0.0005887449319743168
-0.0004321944387304565
-6.908412331567937e-05
0.0003783781773398127
0.0004618260892623422
-0.0003591670247253989
-0.0003346719896128814
-0.0003837678334461351
-0.0003061672677411236
5.43612778655563e-06
-0.000355837096600891
0.0003104380539095556
0.0002886830101451318
-0.0003061860208042873
-0.0002660329137440864
-3.694393621055327e-05
0.000266538862346965
0.0002838308140316723
0.0002306515613995368
-4.773252332976204e-05
-0.00025367512245694
-0.0002408325358165007
-0.0002131563225407536
0.0002390946019283217
-2.015033815596958e-05
-0.0002207491422424687
-0.0002025320585113859
-0.000215229496898868
-5.022995927266202e-05
0.0001902637099051691
-0.0001960238353497433
-0.0001986972487059679
7.318418930566709e-05
0.0001698873117028059
0.0001753255451857676
0.0001762202580166301
7.022062851064848e-05
0.000156054279747028
-0.0001763034822141438
0.0001602596911250999
6.27810628210121e-05
-0.0001528202242737925
0.0001541205928854359
0.000152781397473749
-4.370038294134981e-05
0.0001540278900095144
0.000158746058325779

-0.006852717378125582
-0.004074393689023907
-0.001251838327047178
0.001253523015725711
0.001377354765839622
-0.0007259882597290496
0.0009763672459665374
-0.00077104779108336
-0.0005886876553188936
-0.0003947231435478634
0.0005042057636313428
-7.529399059825124e-05
0.0005265989585399952
-0.0002543534576840176
0.0005274838059488404
0.0003809600623877276
-0.0002979338338716192
-0.0003792776612647155
0.0002784256594507814
4.450495163298788e-05
-0.0002437564764995314
-0.0002975147802275314
0.0002313803851940203
0.0002156003434042717
0.0002472285678110287
0.0001972372057204087
-3.502029013321715e-06
0.0002292351992524032
-0.0001999885054798159
-0.000185973604167573
0.0001972492867040396
0.000171382097517061
2.379979675895151e-05
-0.0001717080366332591
-0.0001828477520473868
-0.0001485889389846486
3.074995440565794e-05
0.0001634210367533357
0.0001551476640905171
0.00013731826314988
-0.0001540280629444514
1.298112767418588e-05
0.0001422096630456154
0.0001304739647197124
0.0001386538308622283
3.235883732275924e-05
-0.0001225705241731134
0.0001262812769771874
0.0001280035269878574
-4.714627108266029e-05
-0.0001094437654776882
-0.000112947151009938
-0.000113523537440692
-4.523710406262126e-05
-0.0001005323341880962
0.0001135771516244695
-0.0001032415185997597
-4.044443252974543e-05
9.844891073990927e-05
-9.928662625814885e-05
-9.842389797614321e-05
2.815239357183629e-05
-9.922690577807857e-05
-0.0001022664153301178

-0.009577379775718375
-0.005694385681235858
-0.001749573258952566
0.00175192778525088
0.001924995436183682
-0.001014643519129152
0.001364573992944961
-0.001077618864598672
-0.0008227517542549918
-0.0005516663308034688
0.0007046795916046429
-0.0001052311226332586
0.0007359763925962859
-0.0003554852078508343
0.0007372130581713193
0.0005324310044527859
-0.0004163932813181997
-0.0005300796752500172
0.0003891285942095287
6.220026307371049e-05
-0.0003406748329763583
-0.0004158076106018924
0.0003233779680931226
0.0003013237311009644
0.0003455274389240267
0.0002756593510065111
-4.894446975624426e-06
0.0003203798493443241
-0.0002795045763703165
-0.0002599173053682261
0.0002756762354281711
0.0002395241688966497
3.326267224633195e-05
-0.000239979702450473
-0.0002555486044242342
-0.0002076683774628913
4.29762348537958e-05
0.0002283977648522
0.0002168348726963089
0.0001919164447853833
-0.0002152701145455587
1.814246565159608e-05
0.0001987526809602144
0.0001823508313581816
0.00019378303850158
4.522481477639211e-05
-0.0001713049575139699
0.0001764911175286616
0.0001788981396645578
-6.58917796039384e-05
-0.0001529589574801788
-0.0001578553003309003
-0.000158660859854342
-6.322352165639301e-05
-0.0001405043125421132
0.0001587357912095203
-0.0001442906773606968
-5.65252685580142e-05
0.0001375925132519381
-0.0001387633071457607
-0.0001375575553330669
3.934587550533247e-05
-0.0001386798416113879
-0.0001429278699051661

0.006697507830623121
0.003982111348175136
0.001223485011191963
-0.001225131542778649
-0.00134615858508995
0.0007095451025014504
-0.0009542531691585826
0.0007535840650671746
0.00057535426659719
0.0003857829236149381
-0.000492785834265467
7.358863116699814e-05
-0.0005146718380182068
0.0002485925189359425
-0.0005155366442143708
-0.0003723315672028478
0.0002911858282281172
0.0003706872713602413
-0.0002721195011442672
-4.349694371096189e-05
0.0002382355524148727
0.0002907762658737978
-0.0002261397714483279
-0.0002107171372402068
-0.0002416290031387847
-0.0001927699125633162
3.42271035642953e-06
-0.0002240431725593105
0.000195458897190361
0.0001817614241873888
-0.000192781719920678
-0.0001675004055782022
-2.326074699492299e-05
0.000167818962387551
0.0001787063705644789
0.0001452234971152307
-3.005348813604785e-05
-0.0001597196576116434
-0.0001516336714054126
-0.0001342080946851499
0.0001505394284899533
-1.268711365883761e-05
-0.0001389887075860812
-0.0001275188151187934
-0.0001355134126660336
-3.162593091184441e-05
0.000119794382309345
-0.0001234210889997643
-0.0001251043311788918
4.607843901000408e-05
0.0001069649360762305
0.0001103889722272895
0.0001109523038839961
4.421251336894598e-05
9.825534285200243e-05
-0.000111004703741748
0.0001009031660161981
3.952839269830495e-05
-9.621910757642887e-05
9.703784938842598e-05
9.619466133531363e-05
-2.751476034894155e-05
9.697948153801668e-05
9.995014819515354e-05

0.001304803308059058
0.0007757918604285751
0.0002383584058930244
-0.0002386791819066059
-0.0002622575769107552
0.0001382330294156109
-0.0001859068661555803
0.0001468126661239077
0.0001120900743003904
7.515793152553389e-05
-9.600415601948654e-05
1.433648034618876e-05
-0.0001002679703845222
4.843060273599382e-05
-0.0001004364512603411
-7.253734864767937e-05
5.672859838917929e-05
7.22170082003395e-05
-5.301411125748687e-05
-8.474041013444869e-06
4.641286650939222e-05
5.664880776736289e-05
-4.405637579403809e-05
-4.105175009699681e-05
-4.707397596122134e-05
-3.755528563276553e-05
6.668097908271609e-07
-4.364791801615487e-05
3.807915154313709e-05
3.5410620421084e-05
-3.755758593308431e-05
-3.263229977875318e-05
-4.531640782578296e-06
3.269436077062112e-05
3.481543723135382e-05
2.829232965992669e-05
-5.854997370714976e-06
-3.111646046320412e-05
-2.95411548692839e-05
-2.614631745751986e-05
2.932797530881596e-05
-2.471693694194107e-06
-2.707767277436322e-05
-2.484311717350243e-05
-2.64006184994083e-05
-6.161339459066067e-06
2.333824913344186e-05
-2.404480133265943e-05
-2.437272927523978e-05
8.976965935827589e-06
2.083882631692154e-05
2.150589439799724e-05
2.161564223674262e-05
8.613447742088799e-06
1.914203008492858e-05
-2.162585073662809e-05
1.965787695079459e-05
7.700890967108909e-06
-1.874533229958152e-05
1.890483894770387e-05
1.874056970173788e-05
-5.360404381999781e-06
1.889346776812843e-05
1.947221075421782e-05

-0.005533061503908615
-0.003289770995731595
-0.001010766689227677
0.001012126950502057
0.001112111912920895
-0.0005861817247882796
0.0007883442033637166
-0.0006225639574944542
-0.000475321660553077
-0.0003187096898579644
0.0004071087930318333
-6.079431820501952e-05
0.0004251896386091887
-0.0002053715697643926
0.0004259040873255442
0.0003075970216504751
-0.0002405594942772807
-0.0003062386074077546
0.0002248080889670542
3.593445067497724e-05
-0.0001968152926827479
-0.0002402211395110708
0.0001868225160085119
0.0001740813015472553
0.0001996187491385975
0.000159254428556122
-2.827628931704735e-06
0.0001850904373166156
-0.000161475899243532
-0.0001501599049228994
0.000159264183055241
0.0001383783445174106
1.921657234371635e-05
-0.0001386415162020121
-0.0001476360109580823
-0.0001199745579508274
2.482830964428726e-05
0.0001319503778566576
0.0001252702424793905
0.0001108743223591233
-0.0001243662475151859
1.048129870941969e-05
0.0001148237653275016
0.0001053480585318377
0.0001119526943227047
2.612736338336542e-05
-9.89666159268546e-05
0.00010196277385338
0.0001033533631201292
-3.806712041167845e-05
-8.836773095887626e-05
-9.119645517908282e-05
-9.16618445123234e-05
-3.652560951019843e-05
-8.117241051992859e-05
9.17051339929647e-05
-8.335987618470714e-05
-3.265588237916857e-05
7.94902004649302e-05
-8.01665936720986e-05
-7.947000451160201e-05
2.273097174741972e-05
-8.011837380966319e-05
-8.257255254857755e-05

-0.007608216857722316
-0.004523588094960455
-0.001389851198793567
0.001391721621299065
0.00152920559397077
-0.0008060271292978408
0.001084009937984865
-0.000856054391058667
-0.0006535893859313875
-0.0004382406436986415
0.0005597935211603671
-8.359501449501305e-05
0.0005846555245970068
-0.0002823954582963036
0.0005856379248040341
0.0004229602081690512
-0.0003307804907558845
-0.0004210923254185132
0.0003091215760068941
4.941154064622074e-05
-0.0002706301794384148
-0.00033031523721875
0.0002568896468426467
0.0002393698844861869
0.0002744850624272494
0.0002189822446671612
-3.888121267111657e-06
0.0002545079580989361
-0.0002220368701617881
-0.0002064768517721477
0.0002189956575571747
0.0001902766583666039
2.642368055186283e-05
-0.0001906385316706437
-0.0002030063802082063
-0.0001649705960533019
3.414008028846041e-05
0.0001814379053047615
0.000172252408531703
0.00015245734894969
-0.0001710093734198392
1.441227311055264e-05
0.0001578880166820829
0.0001448584792133315
0.0001539401605443713
3.59263395862709e-05
-0.0001360836988915876
0.0001402035553632567
0.0001421156802679893
-5.234406070426822e-05
-0.0001215097392076777
-0.0001253993665473463
-0.000126039298521398
-5.022441153376275e-05
-0.0001116158390185071
0.0001260988235703199
-0.0001146237060256403
-4.49033567845673e-05
0.0001093027219693067
-0.0001102327940817708
-0.0001092749515943349
3.125614315310681e-05
-0.0001101664895287029
-0.0001135410994150833

0.004670986976792114
0.002777210675651357
0.0008532849379359441
-0.0008544332647153509
-0.0009388401445237467
0.0004948521176901966
-0.0006655168218426054
0.0005255658437236866
0.0004012645232051385
0.0002690533639744141
-0.0003436795107095551
5.132230473093236e-05
-0.0003589432836066211
0.0001733738052785241
-0.0003595464181727606
-0.0002596720967613223
0.0002030793014172995
0.0002585253292380901
-0.0001897820320812803
-3.033571034813468e-05
0.00016615063257569
0.0002027936637634889
-0.0001577147730294876
-0.0001469586939989377
-0.0001685172985861816
-0.0001344419109125397
2.387072311750436e-06
-0.0001562525595683055
0.0001363172670138377
0.0001267643527612573
-0.0001344501456191968
-0.0001168184096009354
-1.622254860038652e-05
0.0001170405780172167
0.0001246336922160735
0.0001012820112949822
-2.095995334993135e-05
-0.0001113919474988389
-0.0001057526056392997
-9.359963113265778e-05
0.0001049894569372711
-8.848267769475801e-06
-9.693373408050472e-05
-8.893438272553253e-05
-9.450998815552714e-05
-2.205660898860317e-05
8.354719603332421e-05
-8.607653980536413e-05
-8.725046934698682e-05
3.213610106471913e-05
7.459966244473506e-05
7.69876593943818e-05
7.738053908912913e-05
3.083476412127224e-05
6.852540354838899e-05
-7.741708388448587e-05
7.037205275428718e-05
2.756795694408746e-05
-6.710528897825882e-05
6.767629724549805e-05
6.70882396403925e-05
-1.918938962218568e-05
6.763559024281824e-05
6.97073974909543e-05

0.00482865596716666
0.00287095531794249
0.0008820875390422806
-0.0008832746275491639
-0.0009705306584228619
0.0005115558323801608
-0.0006879813172262145
0.000543306299084974
0.0004148091921500532
0.0002781352501936334
-0.0003552803997154711
5.305468720401511e-05
-0.0003710594006947401
0.0001792260315791732
-0.0003716828940455544
-0.0002684373186572662
0.000209934235627024
0.000267251842039244
-0.0001961881174628248
-3.135969111422322e-05
0.0001717590409524236
0.0002096389562849254
-0.0001630384292833422
-0.0001519192792081562
-0.0001742055936854376
-0.000138979992577687
2.467647848187415e-06
-0.0001615268588615788
0.0001409186512539159
0.0001310432787387071
-0.0001389885052465778
-0.0001207616106396938
-1.677014012051299e-05
0.0001209912783425433
0.0001288406978266497
0.0001047007817910944
-2.166745578986528e-05
-0.000115151978512668
-0.000109322280879967
-9.675908317424511e-05
0.0001085333721221184
-9.146940716479335e-06
-0.000100205728642172
-9.193635948195371e-05
-9.770016926430989e-05
-2.280112899852683e-05
8.636732850481871e-05
-8.898205018111272e-05
-9.01956056704092e-05
3.322085395198077e-05
7.711777125522311e-05
7.958637495241373e-05
7.999251628654199e-05
3.187559042877038e-05
7.083847597743063e-05
-8.003029465010131e-05
7.274745875807616e-05
2.849851229773045e-05
-6.937042549320257e-05
6.996070812310845e-05
6.935280065557549e-05
-1.983712674983337e-05
6.991862705708462e-05
7.206036808124225e-05

0.006835801722080927
0.004064336212778647
0.001248748214702292
-0.001250428744795467
-0.001373954821236617
0.0007241961870350013
-0.0009739571228583407
0.0007691444907559224
0.0005872345036207526
0.0003937487854122119
-0.0005029611520698926
7.51081304238056e-05
-0.0005252990702818187
0.0002537255964477786
-0.0005261817334804064
-0.0003800196778617107
0.0002971983962371559
0.0003783414296779997
-0.0002777383769569714
-4.439509295759119e-05
0.0002431547734834271
0.0002967803770101433
-0.0002308092320593258
-0.0002150681426652656
-0.0002466182940778426
-0.0001967503336450604
3.493384396161531e-06
-0.0002286693414226471
0.0001994948419322263
0.0001855145358378145
-0.0001967623848074316
-0.0001709590477319227
-2.374104792199672e-05
0.0001712841822806954
0.0001823963997572056
0.0001482221531907619
-3.067404938529791e-05
-0.0001630176385251426
-0.0001547646883485364
-0.0001369792985640753
0.0001536478508927848
-1.294908428486979e-05
-0.0001418586242367324
-0.0001301518950080089
-0.0001383115694814249
-3.227896083990159e-05
0.0001222679637852457
-0.0001259695567459052
-0.0001276875554519088
4.702989241687724e-05
0.0001091736079633848
0.0001126683455298849
0.0001132433091740713
4.512543809848036e-05
0.0001002841741819904
-0.000113296791013452
0.0001029866710812887
4.034459708171763e-05
-9.820589358037282e-05
9.904154123171647e-05
9.818094255957404e-05
-2.808290052546977e-05
9.898196816925789e-05
0.0001020139748147147

0.004526470016445152
0.002691285785027394
0.0008268849188065607
-0.0008279977171855089
-0.000909793109151575
0.0004795417509037165
-0.0006449262124853161
0.0005093052164569951
0.0003888496889362561
0.0002607290473951011
-0.0003330463150984561
4.973442972409471e-05
-0.000347837837896454
0.0001680097450773024
-0.0003484223119151414
-0.0002516380298077724
0.0001967961746400247
0.0002505267424426679
-0.0001839103132045108
-2.939714540002962e-05
0.0001610100521161742
0.0001965193744087419
-0.0001528351919659548
-0.0001424118982449006
-0.0001633034951911923
-0.0001302823753786442
2.313218020069414e-06
-0.0001514182183321897
0.0001320997093178853
0.0001228423553263642
-0.0001302903553094196
-0.0001132041324573982
-1.57206346741728e-05
0.0001134194271434587
0.000120777615878156
9.814841908354157e-05
-2.031146754549683e-05
-0.0001079455611698694
-0.0001024806964707034
-9.070372620974939e-05
0.0001017411590378324
-8.574508761211941e-06
-9.39346744226615e-05
-8.618281721579227e-05
-9.158591744445137e-05
-2.13741934514969e-05
8.096230618536946e-05
-8.341339388959841e-05
-8.455100289984125e-05
3.114183332936702e-05
7.229160281773382e-05
7.460571686806554e-05
7.498644114908143e-05
2.988075881019996e-05
6.640527710047124e-05
-7.502185527487819e-05
6.819479231491202e-05
2.671502428546059e-05
-6.502909984852558e-05
6.558244153276426e-05
6.501257800485084e-05
-1.859568377952565e-05
6.55429939753257e-05
6.755070100493849e-05

-0.0004552843224405626
-0.0002706966401358827
-8.317027145368993e-05
8.328219965716247e-05
9.150939645175823e-05
-4.82335772354926e-05
6.486838366506555e-05
-5.122726529664659e-05
-3.911152984898027e-05
-2.622481696612055e-05
3.349867896165052e-05
-5.002420441671445e-06
3.498644943421397e-05
-1.689886438503717e-05
3.504523737636624e-05
2.531041838006604e-05
-1.979427958306066e-05
-2.519864215860784e-05
1.849818556909044e-05
2.956842611688082e-06
-1.619481675953902e-05
-1.976643828393336e-05
1.537256771091328e-05
1.432416526879021e-05
1.642549732800145e-05
1.310414578791545e-05
-2.326695847093553e-07
1.523004475632133e-05
-1.328693804065668e-05
-1.235580889934598e-05
1.310494843050254e-05
1.138637095925739e-05
1.58122300157971e-06
-1.140802586807326e-05
-1.214813194636017e-05
-9.872027500183835e-06
2.042981110144071e-06
1.085744995527984e-05
1.030777941448085e-05
9.123220606845389e-06
-1.023339478414532e-05
8.624467625816076e-07
9.4481979208684e-06
8.668495626722315e-06
9.211953733772737e-06
2.149872891661787e-06
-8.143402824045472e-06
8.389939706117637e-06
8.504363428238806e-06
-3.132327936648078e-06
-7.271280553593849e-06
-7.504040263376954e-06
-7.542334518222697e-06
-3.005485727165726e-06
-6.67921834925668e-06
7.545896564650298e-06
-6.859212521054025e-06
-2.687067778333917e-06
6.540798802561747e-06
-6.59645537223221e-06
-6.5391369918371e-06
1.870403042353245e-06
-6.592487632606984e-06
-6.794428114099574e-06

0.005464267360748586
0.003248868327888668
0.000998199536617637
-0.0009995428853730071
-0.001098284706031548
0.0005788935590117214
-0.0007785424934155637
0.0006148234409668999
0.0004694118498017899
0.0003147470807282885
-0.0004020470924576889
6.003844498238397e-05
-0.0004199031336881344
0.0002028181260403921
-0.0004206086994582797
-0.0003037725795168151
0.0002375685489793875
0.0003024310548286561
-0.0002220129854163155
-3.548766732685464e-05
0.0001943682316097334
0.0002372344010752559
-0.0001844996979984475
-0.0001719168987167378
-0.0001971368318861415
-0.0001572743724968427
2.792472208904517e-06
-0.0001827891547385686
0.0001594682230010674
0.000148292923688604
-0.0001572840057155663
-0.0001366578468080287
-1.897764717942164e-05
0.0001369177464035601
0.0001458004100224147
0.0001184828798067614
-2.451961213805475e-05
-0.0001303098009033676
-0.0001237127215682285
-0.0001094957900584113
0.0001228199662331624
-1.035098171160159e-05
-0.0001133961284677964
-0.0001040382358567546
-0.0001105607543135732
-2.58025143688124e-05
9.773613556092192e-05
-0.0001006950413952351
-0.0001020683410661112
3.759382096805839e-05
8.726902957446363e-05
9.006258345379397e-05
9.052218646778912e-05
3.607147611442617e-05
8.016317062155211e-05
-9.056493771792246e-05
8.232343889728016e-05
3.224986241248968e-05
-7.850187596737521e-05
7.916985938350899e-05
7.84819311161248e-05
-2.244835104575786e-05
7.912223905249046e-05
8.15459042821081e-05

-0.003842964912220354
-0.002284896796629768
-0.0007020238105792234
0.0007029685744040415
0.0007724127152388491
-0.0004071300850270499
0.0005475411957988428
-0.0004323992138120934
-0.0003301326873437272
-0.0002213584928422641
0.0002827557232053496
-4.222444148853037e-05
0.0002953136994881419
-0.0001426399717434095
0.0002958099168799726
0.0002136402352424684
-0.0001670795987277317
-0.0002126967542659324
0.0001561395255182473
2.495812363305674e-05
-0.0001366972449942742
-0.0001668445958286507
0.0001297568034127486
0.0001209074457688809
0.0001386443740448276
0.0001106095026459583
-1.963917943374382e-06
0.0001285537953432838
-0.0001121524158955647
-0.0001042929389874765
0.0001106162775928741
9.611010508663238e-05
1.334679059646651e-05
-9.629288988835785e-05
-0.0001025399789052111
-8.332783147964419e-05
1.724439945685427e-05
9.164558751047867e-05
8.700592719843608e-05
7.700730060407567e-05
-8.637806124651725e-05
7.279742534280122e-06
7.975036983248853e-05
7.316905698994223e-05
7.775627937748833e-05
1.814665184187153e-05
-6.873685250370289e-05
7.081782156124683e-05
7.178364956723889e-05
-2.643936055075496e-05
-6.137544092137522e-05
-6.334011959281941e-05
-6.366335382344011e-05
-2.536871054947899e-05
-5.637796096213351e-05
6.369342035263625e-05
-5.789725616433481e-05
-2.268100762517801e-05
5.520958894750294e-05
-5.567937504335125e-05
-5.519556193190085e-05
1.578770212192461e-05
-5.564588413796079e-05
-5.73504237992773e-05

-0.003042993841488058
-0.001809261088611817
-0.00055588697294052
0.000556635069934853
0.0006116233661369963
-0.0003223798212370484
0.0004335622429126671
-0.0003423887999889036
-0.0002614105924481376
-0.0001752793860641592
0.0002238958574988446
-3.343478755200247e-05
0.0002338397017344112
-0.0001129473116408115
0.0002342326239967881
0.0001691678001195456
-0.0001322994618946635
-0.0001684207189291586
0.0001236367298212934
1.976271400995172e-05
-0.00010824165303805
-0.0001321133783911521
0.0001027459689836259
9.573873851796225e-05
0.0001097834578280322
8.758446747494786e-05
-1.555098821712371e-06
0.000101793385176524
-8.880620007561222e-05
-8.258279175029064e-05
8.758983211454352e-05
7.610333806415481e-05
1.056845496026574e-05
-7.624807345431581e-05
-8.119473673118482e-05
-6.598188737315121e-05
1.365471778847068e-05
7.25681771142798e-05
6.889433202887651e-05
6.097707026745122e-05
-6.839716583854452e-05
5.764354399643855e-06
6.3149128290229e-05
5.793781491469493e-05
6.157013781996935e-05
1.436915274007691e-05
-5.442824059800974e-05
5.60760245801884e-05
5.684080092900134e-05
-2.09356091368392e-05
-4.859921779365017e-05
-5.015491898642402e-05
-5.041086713989477e-05
-2.008783107102831e-05
-4.464203861395666e-05
5.043467486784856e-05
-4.58450696197851e-05
-1.795961402163644e-05
4.371688084481904e-05
-4.408887388382238e-05
-4.37057737639392e-05
1.250125396031952e-05
-4.406235461518489e-05
-4.54120686538108e-05

0.00388312390420286
0.002308773973296902
0.000709359960979903
-0.0007103145975889214
-0.0007804844298518517
0.0004113845953320261
-0.0005532630025273322
0.0004369177865696156
0.0003335825746695934
0.0002236716895907246
-0.0002857105211491713
4.266568699711742e-05
-0.0002983997283124906
0.0001441305597691576
-0.000298901131177175
-0.0002158727761815522
0.0001688255809105102
0.0002149194358267098
-0.0001577711839113703
-2.521893608120118e-05
0.0001381257315121632
0.000168588122230597
-0.0001311127623004625
-0.0001221709288492655
-0.0001400932080656944
-0.0001117653721975614
1.984440890303433e-06
-0.000129897182793993
0.0001133244088941161
0.0001053828004346641
-0.0001117722179427318
-9.711445590108314e-05
-1.348626458824015e-05
9.729915080444328e-05
0.0001036115219155614
8.419860750617267e-05
-1.74246034699924e-05
-9.260328410622705e-05
-8.791513933347481e-05
-7.781202706873796e-05
8.728071218097725e-05
-7.355815860148706e-06
-8.058376137675389e-05
-7.393367380016232e-05
-7.856883267200193e-05
-1.833628439446438e-05
6.945515276709276e-05
-7.155786795597065e-05
-7.253378886677299e-05
2.671565192801843e-05
6.201681441714655e-05
6.40020239851103e-05
6.432863601418005e-05
2.563381363181138e-05
5.696711078108808e-05
-6.435901673869303e-05
5.85022826215452e-05
2.291802420591098e-05
-5.578652927625799e-05
5.62612246378768e-05
5.577235567830251e-05
-1.595268364463493e-05
5.622738375244813e-05
5.794973585705511e-05

0.001999021241762875
0.001188550334450095
0.0003651765086661749
-0.0003656679529018566
-0.000401791184785367
0.0002117796302385177
-0.0002848182343953944
0.0002249240451255298
0.0001717273692772733
0.0001151455554093494
-0.0001470829710467363
2.196417541798083e-05
-0.0001536153391312822
7.419800595441839e-05
-0.0001538734599129147
-0.0001111306967666946
8.691093323800913e-05
0.0001106399198388506
-8.122016081832763e-05
-1.298263721803972e-05
7.110673729157925e-05
8.678869017882159e-05
-6.749648050662568e-05
-6.289324984746604e-05
-7.211958867621532e-05
-5.753649860997126e-05
1.021584577418336e-06
-6.687070360264055e-05
5.833908630737481e-05
5.425076865490693e-05
-5.754002278024876e-05
-4.999424819240616e-05
-6.942691000602043e-06
5.008932860808279e-05
5.33389194654554e-05
4.334520584045072e-05
-8.970136757188533e-06
-4.767190966661517e-05
-4.525846595057433e-05
-4.005741223106438e-05
4.493186464049363e-05
-3.786753273317014e-06
-4.148429324103731e-05
-3.806084689911e-05
-4.044701362266613e-05
-9.439467527644131e-06
3.575531689343829e-05
-3.683778874642064e-05
-3.734019008081353e-05
1.375314231767119e-05
3.192608127496995e-05
3.294806156550134e-05
3.31162005175327e-05
1.319621501182745e-05
2.932650807510621e-05
-3.313184042887338e-05
3.011681021189253e-05
1.17981342694927e-05
-2.871874804376207e-05
2.896311987804433e-05
2.871145151548836e-05
-8.212396579524203e-06
2.894569868559638e-05
2.983236069481083e-05

0.0004085771389893342
0.0002429261305731776
7.463791280452065e-05
-7.473835840028748e-05
-8.212153493977639e-05
4.328534065138955e-05
-5.821359819004663e-05
4.597190911603186e-05
3.509911538687289e-05
2.35344380607988e-05
-3.006208150716522e-05
4.489226910179635e-06
-3.139722302891644e-05
1.516522604074224e-05
-3.144997997230224e-05
-2.271384675173607e-05
1.776360336120469e-05
2.261353754596763e-05
-1.660047439323953e-05
-2.653502954477724e-06
1.453340598813797e-05
1.773861827432261e-05
-1.379551068349009e-05
-1.285466284579693e-05
-1.474042125756133e-05
-1.175980399728666e-05
2.08800234413311e-07
-1.366760902253745e-05
1.192384376751332e-05
1.108823827477315e-05
-1.176052429746864e-05
-1.021825404636238e-05
-1.419006845275669e-06
1.02376873987238e-05
1.090186670191091e-05
8.859265635200815e-06
-1.833393630856489e-06
-9.743594542584193e-06
-9.250314177174383e-06
-8.187278125290025e-06
9.183560594926613e-06
-7.739691735875914e-07
-8.478916327305154e-06
-7.779202946264206e-06
-8.266908205557155e-06
-1.929319486684091e-06
7.30797891226352e-06
-7.529223811264865e-06
-7.631908913128698e-06
2.81098540769612e-06
6.525326831932157e-06
6.734207945596306e-06
6.768573629428355e-06
2.69715581925286e-06
5.994003723193063e-06
-6.771770248894378e-06
6.155532464990608e-06
2.411404063416932e-06
-5.869784505514236e-06
5.919731320887988e-06
5.868293178364116e-06
-1.678520182081814e-06
5.916170627873952e-06
6.097394228412719e-06

-0.002456752295000872
-0.001460701717861295
-0.0004487937431595235
0.0004493977171086998
0.0004937923593360373
-0.00026027241819812
0.0003500352254346276
-0.0002764266094419702
-0.0002110490873095249
-0.0001415113064339661
0.0001807616743261366
-2.699347922803375e-05
0.0001887898082690341
-9.11876860559357e-05
0.0001891070329234729
0.0001365771351613157
-0.0001068115887077077
-0.0001359739813185379
9.981775697132211e-05
1.595537011525901e-05
-8.738858616483592e-05
-0.0001066613547282464
8.295166150556163e-05
7.729439421391619e-05
8.863335781195448e-05
7.071106702283385e-05
-1.255504545262901e-06
8.218259571831339e-05
-7.169742931172063e-05
-6.667297856274634e-05
7.071539814911073e-05
6.144181033075608e-05
8.532411608677605e-06
-6.155866203025651e-05
-6.555233634938733e-05
-5.327028632868316e-05
1.102409699521879e-05
5.85877083413197e-05
5.562164011535734e-05
4.922966168368929e-05
-5.522025442655059e-05
4.653834887026494e-06
5.09832664592132e-05
4.677592764677518e-05
4.970847306045493e-05
1.160089399133939e-05
-4.394248295180214e-05
4.52728165938514e-05
4.589025657171293e-05
-1.690230361065096e-05
-3.923643821488366e-05
-4.049242908268242e-05
-4.069906808564954e-05
-1.621785243614118e-05
-3.604162102566763e-05
4.071828918609182e-05
-3.701288463594802e-05
-1.449964254393946e-05
3.529469757101875e-05
-3.559502507738356e-05
-3.528573030132965e-05
1.009285130277813e-05
-3.557361482238943e-05
-3.666330255582695e-05

-0.003849016348785692
-0.002288494775881855
-0.0007031292728079723
0.0007040755243328102
0.0007736290174055274
-0.0004077711842668324
0.0005484033974813506
-0.000433080103820924
-0.0003306525403898329
-0.0002217070614366562
0.000283200972735598
-4.229093143444053e-05
0.0002957787238014319
-0.0001428645839270504
0.0002962757225763994
0.0002139766500577758
-0.0001673426954814449
-0.0002130316834014629
0.0001563853951672449
2.499742466895618e-05
-0.0001369124992902959
-0.0001671073225282242
0.000129961128740371
0.0001210978361978535
0.0001388626944443188
0.0001107836771190526
-1.967010483932716e-06
0.0001287562263192577
-0.000112329019961949
-0.0001044571668997701
0.0001107904627343989
9.626144766128352e-05
1.336780750879564e-05
-9.644452029046178e-05
-0.0001027014464678444
-8.345904607511414e-05
1.727155385243253e-05
9.178989990257734e-05
8.714293361436273e-05
7.71285623916305e-05
-8.651407897508086e-05
7.291205792770123e-06
7.987595107384524e-05
7.328427477541652e-05
7.78787205662493e-05
1.817522699543292e-05
-6.884509098939941e-05
7.092933690544125e-05
7.189668578059413e-05
-2.648099405947706e-05
-6.147208754601991e-05
-6.343985995590268e-05
-6.376360317672918e-05
-2.540865812800095e-05
-5.646673815949387e-05
6.37937170510811e-05
-5.798842576408554e-05
-2.271672293406379e-05
5.529652633383841e-05
-5.576705219205122e-05
-5.528247723018507e-05
1.581256268664134e-05
-5.573350854923045e-05
-5.744073231353244e-05

-0.002480983447991947
-0.001475108740853462
-0.0004532202333164829
0.0004538301643110328
0.0004986626746010436
-0.0002628395067880189
0.0003534876520863261
-0.0002791530281687798
-0.000213130682077338
-0.0001429070442635817
0.0001825445418111864
-2.725971816724735e-05
0.0001906518579093794
-9.208707781643608e-05
0.0001909722113770557
0.0001379242068477676
-0.0001078650803244387
-0.0001373151040482929
0.0001008022678417589
1.611273926275908e-05
-8.825050708592825e-05
-0.0001077133645747158
8.376982066833738e-05
7.805675527708607e-05
8.950755601972251e-05
7.140849618029161e-05
-1.26788769141029e-06
8.299316952100973e-05
-7.240458704277451e-05
-6.733057971659518e-05
7.141287002481723e-05
6.204781603560855e-05
8.616567496713405e-06
-6.216582025315924e-05
-6.619888451552282e-05
-5.379569561008147e-05
1.113282858424304e-05
5.916556379997069e-05
5.617024099547545e-05
4.971521794687946e-05
-5.576489640610262e-05
4.699736049049535e-06
5.148611867270777e-05
4.723728252631244e-05
5.019875188022874e-05
1.171531457729252e-05
-4.43758913297486e-05
4.571934616358168e-05
4.634287600349267e-05
-1.706901244227512e-05
-3.962343048070011e-05
-4.089180929129826e-05
-4.110048639199997e-05
-1.637781046869168e-05
-3.639710254282364e-05
4.111989707175945e-05
-3.737794580719339e-05
-1.464265372887207e-05
3.564281211979164e-05
-3.594610178142218e-05
-3.563375640517696e-05
1.019239793779214e-05
-3.592448035529469e-05
-3.702491576982684e-05

0.0003710707648281604
0.0002206261106321947
6.778633640159823e-05
-6.787756133935626e-05
-7.458298047310899e-05
3.931185308384244e-05
-5.286973338058778e-05
4.175180118614883e-05
3.187710311843779e-05
2.13740346624037e-05
-2.730245653187128e-05
4.077126946377326e-06
-2.851503535327923e-05
1.377309567453551e-05
-2.856294933928345e-05
-2.062877161262e-05
1.61329483623349e-05
2.053767054467631e-05
-1.507659176636306e-05
-2.409917924502961e-06
1.319927514524558e-05
1.611025684484179e-05
-1.252911681054619e-05
-1.167463648503295e-05
-1.338728692326778e-05
-1.068028297983364e-05
1.896328876151913e-07
-1.241295620678079e-05
1.082926430355093e-05
1.007036533516097e-05
-1.06809371582605e-05
-9.280243514278491e-06
-1.288745514923472e-06
9.297892932813647e-06
9.901102213243229e-06
8.046006889184561e-06
-1.66509261510836e-06
-8.849156582850604e-06
-8.401158138977739e-06
-7.43570617614688e-06
8.340532371040465e-06
-7.029207113905204e-07
-7.700572710138991e-06
-7.065091292580991e-06
-7.508026411342641e-06
-1.752212713839886e-06
6.637124463283187e-06
-6.838059625953435e-06
-6.931318488590273e-06
2.552943876729338e-06
5.926317914575812e-06
6.116024256917727e-06
6.147235255694035e-06
2.449563563894572e-06
5.443768957438674e-06
-6.150138433381429e-06
5.590469758920087e-06
2.190043114833005e-06
-5.330952757718992e-06
5.376314578567027e-06
5.329598330723431e-06
-1.524436167146637e-06
5.373080748399936e-06
5.537668469143391e-06

0.003296117540408618
0.001959759868075828
0.0006021270161682404
-0.0006029373417075223
-0.0006624996993956166
0.0003491961662774097
-0.0004696270147639613
0.0003708695410079078
0.0002831553673455943
0.0001898595557444964
-0.0002425200646365413
3.621597526995446e-05
-0.0002532910622499983
0.0001223425463323173
-0.0002537166687508128
-0.0001832395930757249
0.0001433044559578703
0.000182430367837713
-0.0001339211365618343
-2.140662508289459e-05
0.0001172454594936383
0.0001431028935716973
-0.0001112926309464946
-0.0001037025218464452
-0.0001189155153915349
-9.486995851765384e-05
1.684455759795229e-06
-0.0001102608088795502
9.619331783567456e-05
8.94522311260974e-05
-9.487576940119486e-05
-8.24338005738983e-05
-1.14475649916247e-05
8.259057540921415e-05
8.794871428249637e-05
7.147042276418025e-05
-1.479055073930105e-05
-7.860457625666077e-05
-7.462513171698981e-05
-6.604929268377274e-05
7.408661002232532e-05
-6.243847551299653e-06
-6.840202782572423e-05
-6.275722460871879e-05
-6.669169305139019e-05
-1.556441414426632e-05
5.895571528366721e-05
-6.074056598313424e-05
-6.156895830630358e-05
2.267708450613196e-05
5.264182005095596e-05
5.432692828849448e-05
5.460416683778578e-05
2.17587861793248e-05
4.835547299140555e-05
-5.46299549510321e-05
4.965857506996165e-05
1.945353881055631e-05
-4.735335832754812e-05
4.775629466086695e-05
4.734132733240792e-05
-1.354113895792883e-05
4.772756945436001e-05
4.918955602053556e-05

0.002139974520837626
0.001272356380872171
0.0003909255228648526
-0.0003914516193968933
-0.0004301219417658049
0.0002267124547127274
-0.0003049010945669815
0.0002407836973597422
0.0001838360629223362
0.0001232646005034103
-0.0001574539599246332
2.351289460247738e-05
-0.0001644469327704087
7.942979240150104e-05
-0.0001647232539441796
-0.0001189666495759211
9.303912275966736e-05
0.0001184412674043762
-8.694708745380511e-05
-1.389805784924481e-05
7.612055484197515e-05
9.29082602022664e-05
-7.225573471296251e-05
-6.732792498369945e-05
-7.7204823538714e-05
-6.159346307643698e-05
1.09361767693295e-06
-7.158583356220271e-05
6.245264215234609e-05
5.807605253609052e-05
-6.159723574001865e-05
-5.351939993685003e-05
-7.432228100904935e-06
5.362118458163179e-05
5.709990781508503e-05
4.640152598740952e-05
-9.602631381689157e-06
-5.103331065969327e-05
-4.844969226090228e-05
-4.288190628209891e-05
4.8100061918107e-05
-4.05376158707054e-06
-4.44093983075965e-05
-4.074456084006315e-05
-4.329897891438743e-05
-1.010505520272425e-05
3.827646527106257e-05
-3.94352634551489e-05
-3.997308968347762e-05
1.4722892146617e-05
3.41772258599769e-05
3.527126715219669e-05
3.545126177447322e-05
1.412669525806971e-05
3.139435377411026e-05
-3.546800447389697e-05
3.224038102042186e-05
1.263003424009102e-05
-3.074373988632761e-05
3.100534265874849e-05
3.07359288714785e-05
-8.79146207556078e-06
3.098669307805937e-05
3.193587464185062e-05

0.001543594218113711
0.0009177688490076433
0.0002819801688905584
-0.0002823596498409138
-0.0003102531062535577
0.0001635309350000635
-0.0002199295188271504
0.0001736807235046526
0.0001326035805775118
8.891251871573209e-05
-0.0001135737924878415
1.696018705180908e-05
-0.0001186179237833056
5.729384490473229e-05
-0.0001188172381966663
-8.581234526191568e-05
6.711044947114785e-05
8.543337958993145e-05
-6.271617730429051e-05
-1.00248678338024e-05
5.490684453928897e-05
6.70160564374841e-05
-5.211909452307076e-05
-4.856459491012198e-05
-5.568894305254199e-05
-4.442824554807742e-05
7.888420663436693e-07
-5.163588524512421e-05
4.504798369961524e-05
4.189108703522137e-05
-4.443096682423991e-05
-3.860430836678035e-05
-5.360972391283929e-06
3.867772708630731e-05
4.118697989156937e-05
3.347008411940014e-05
-6.926515308999591e-06
-3.681105662635856e-05
-3.494745573609662e-05
-3.093133210428352e-05
3.46952623709871e-05
-2.924036191311834e-06
-3.203313394154835e-05
-2.93896342783117e-05
-3.12321725570416e-05
-7.288920794505943e-06
2.760936165684207e-05
-2.844521935491295e-05
-2.883316110297612e-05
1.061983260554846e-05
2.465252166085504e-05
2.544166928697505e-05
2.557150198148562e-05
1.018978726573129e-05
2.264519623727295e-05
-2.558357872994771e-05
2.325544778609886e-05
9.110224274986074e-06
-2.217589913788581e-05
2.236459695788856e-05
2.217026494120028e-05
-6.341407290816756e-06
2.235114474869135e-05
2.303580298156138e-05

-0.002948129162770356
-0.00175285776319281
-0.0005385573160833437
0.0005392820913149516
0.0005925561392064766
-0.0003123296996267359
0.0004200460332124129
-0.0003317149027680435
-0.0002532611734359142
-0.0001698150888914165
0.0002169159522822372
-3.2392465239055e-05
0.0002265497993120083
-0.0001094262034858033
0.0002269304723072811
0.0001638940303244584
-0.0001281750546165222
-0.0001631702392295819
0.0001197823813529423
1.914661564998453e-05
-0.0001048672427782375
-0.0001279947722262476
9.954288549252665e-05
9.27541039299379e-05
0.0001063609821354364
8.485404053341271e-05
-1.506618950316332e-06
9.861999828081645e-05
-8.603768588297451e-05
-8.000829097407723e-05
8.485923793157003e-05
7.373083286337244e-05
1.02389856492593e-05
-7.3871056158911e-05
-7.866350827169058e-05
-6.392491622143174e-05
1.322903489739246e-05
7.030587979600608e-05
6.674656604119781e-05
5.907612321290506e-05
-6.626489889998438e-05
5.584651890659663e-06
6.118046779384008e-05
5.613161599223969e-05
5.965070201197461e-05
1.392119749299415e-05
-5.273145190029464e-05
5.4327866571128e-05
5.506880118167289e-05
-2.02829460234752e-05
-4.708414762851842e-05
-4.859135017108049e-05
-4.883931919591457e-05
-1.946159725657079e-05
-4.325033265890155e-05
4.886238472309405e-05
-4.441585943176752e-05
-1.739972691610354e-05
4.235401648427222e-05
-4.271441272028078e-05
-4.234325566424466e-05
1.211153005606999e-05
-4.268872018414434e-05
-4.399635717781402e-05

-0.0001227468506258082
-7.298112061857682e-05
-2.242310658081973e-05
2.245328296456683e-05
2.467137492662377e-05
-1.300400520785077e-05
1.748882930431314e-05
-1.381111795732305e-05
-1.054465720755363e-05
-7.070337220429349e-06
9.03140551962917e-06
-1.348676693786149e-06
9.432515619285425e-06
-4.556015395608825e-06
9.448365132216334e-06
6.823810948566696e-06
-5.33663330686204e-06
-6.793675539810478e-06
4.98720010548494e-06
7.971790384413755e-07
-4.366200757889327e-06
-5.32912715824598e-06
4.144518446045388e-06
3.86186408785342e-06
4.428393352450673e-06
3.532940947737399e-06
-6.272884294896149e-08
4.106093569624199e-06
-3.582222621261588e-06
-3.331185710943416e-06
3.533157344025219e-06
3.06982056360237e-06
4.263053525332485e-07
-3.075658831508848e-06
-3.275195002124301e-06
-2.661546258480356e-06
5.507975671416636e-07
2.92722090823059e-06
2.779027077618596e-06
2.459664306142308e-06
-2.758972622274537e-06
2.325198095378456e-07
2.54727975841241e-06
2.337068256917569e-06
2.483587185412637e-06
5.796161073216639e-07
-2.195500703096186e-06
2.261968236345955e-06
2.292817424065119e-06
-8.44490728980653e-07
-1.960372329950607e-06
-2.023125471057491e-06
-2.033449786978113e-06
-8.102934571413583e-07
-1.80074950223754e-06
2.034410131877116e-06
-1.849276799657401e-06
-7.244464413821305e-07
1.763430924421393e-06
-1.778436204208279e-06
-1.762982892225774e-06
5.042696871689175e-07
-1.777366482455871e-06
-1.831810610877022e-06

0.001620295951602437
0.0009633731022722467
0.0002959918615423794
-0.0002963901990331954
-0.0003256696909950637
0.0001716568440287387
-0.0002308578930989912
0.0001823109790537072
0.0001391926986097882
9.333061269037476e-05
-0.000119217313732235
1.780294464437823e-05
-0.0001245120896659203
6.014079598219089e-05
-0.0001247213080817793
-9.007639053952275e-05
7.044519104326981e-05
8.967859393151347e-05
-6.583256596433867e-05
-1.052300700264975e-05
5.763518473850676e-05
7.034610758694361e-05
-5.470891045452651e-05
-5.097778651971604e-05
-5.845614599887518e-05
-4.663590051944448e-05
8.280399029432917e-07
-5.420169033952817e-05
4.728643367525416e-05
4.397266971778795e-05
-4.66387570167735e-05
-4.052256987431355e-05
-5.627360973704106e-06
4.059963679555018e-05
4.323357524529981e-05
3.513322423864109e-05
-7.270696263425411e-06
-3.864021083129892e-05
-3.6684006964725e-05
-3.24683207530313e-05
3.641928202361413e-05
-3.069332566502481e-06
-3.362487150675236e-05
-3.085001542595136e-05
-3.278411007250852e-05
-7.651109803533153e-06
2.898128043883228e-05
-2.98586721965927e-05
-3.026589090501543e-05
1.114753578080384e-05
2.587751403519072e-05
2.670587468127169e-05
2.684215880752778e-05
1.069612133849993e-05
2.377044391325277e-05
-2.68548356538274e-05
2.4411019073756e-05
9.562914487322925e-06
-2.327782727779589e-05
2.347590155809808e-05
2.32719131159135e-05
-6.656514024345155e-06
2.346178090394817e-05
2.418046004249699e-05

0.001186328803063184
0.0007053509318415614
0.0002167157613846877
-0.0002170074113379782
-0.0002384449176275245
0.0001256816435989806
-0.0001690267557151821
0.0001334822600477094
0.0001019124360420562
6.833368554222394e-05
-8.728709897998211e-05
1.303474589940172e-05
-9.11637643445286e-05
4.403316470812598e-05
-9.131694736805654e-05
-6.595104830529376e-05
5.157771275627682e-05
6.565979436902187e-05
-4.82004964005495e-05
-7.704608710360138e-06
4.219863640191149e-05
5.150516702287315e-05
-4.00561120900311e-05
-3.732430264047869e-05
-4.279971794408471e-05
-3.414531276726886e-05
6.062642975659023e-07
-3.968474176640079e-05
3.462161230953178e-05
3.219538046873653e-05
-3.414740420312881e-05
-2.966932785859078e-05
-4.120173479256427e-06
2.972575379011906e-05
3.165423916672892e-05
2.572342158699674e-05
-5.323370947816631e-06
-2.829112485300753e-05
-2.685885503261603e-05
-2.377226460284447e-05
2.666503190899228e-05
-2.247267004660975e-06
-2.461905402423955e-05
-2.258739327130925e-05
-2.400347542888179e-05
-5.601897558500891e-06
2.121916536311406e-05
-2.186156350820161e-05
-2.215971600464746e-05
8.161868680141198e-06
1.894668700570485e-05
1.955318614112422e-05
1.965296901363726e-05
7.831357482794092e-06
1.740395774488176e-05
-1.966225059449947e-05
1.787296636190718e-05
7.001659719214262e-06
-1.704327962127412e-05
1.718830326564873e-05
1.703894946135735e-05
-4.873686382579751e-06
1.717796457491968e-05
1.770415842325928e-05

0.001755831562901218
0.001043957986901144
0.00032075118890714
-0.0003211828468018272
-0.0003529115295043002
0.0001860157117813247
-0.0002501688502320359
0.0001975610510964023
0.0001508359835762112
0.0001011375948848282
-0.0001291896841982551
1.929213739518358e-05
-0.0001349273611293006
6.517149394780169e-05
-0.0001351540803886485
-9.761116135913975e-05
7.63378380141212e-05
9.718008959153643e-05
-7.133937295383309e-05
-1.140324260738586e-05
6.245629164070544e-05
7.62304663578538e-05
-5.92852383868405e-05
-5.524201087437029e-05
-6.334592522366198e-05
-5.053693185825845e-05
8.973043446117305e-07
-5.873558998073248e-05
5.124188125134576e-05
4.765092532582498e-05
-5.054002729784713e-05
-4.391222919787331e-05
-6.098082269288499e-06
4.399574266508114e-05
4.685000657915127e-05
3.80720719345712e-05
-7.878880380442855e-06
-4.187241331291155e-05
-3.975257558264133e-05
-3.518425280036836e-05
3.94657067506902e-05
-3.326078172308522e-06
-3.64375474935215e-05
-3.343057837507376e-05
-3.552645747834398e-05
-8.291115009564286e-06
3.140552618024809e-05
-3.23563105969973e-05
-3.279759261126145e-05
1.208001239103644e-05
2.804213382590254e-05
2.893978574337597e-05
2.908746985637677e-05
1.159083772823867e-05
2.575881007774935e-05
-2.910120710410086e-05
2.645296850237081e-05
1.036283962418054e-05
-2.522498671287411e-05
2.543962964451027e-05
2.521857783917883e-05
-7.213322610157132e-06
2.542432781634065e-05
2.62031235133865e-05

2.743167046756294e-05
1.630994229997727e-05
5.011153177932398e-06
-5.017897046233e-06
-5.513599929602212e-06
2.906156726626091e-06
-3.908432679949483e-06
3.086531627229744e-06
2.356537542372677e-06
1.58009072929977e-06
-2.018353536736443e-06
3.014045121573741e-07
-2.107994289324074e-06
1.018185903277928e-06
-2.111536364852537e-06
-1.524996627811444e-06
1.19263969327995e-06
1.518261916496193e-06
-1.114547779868513e-06
-1.781548982686089e-07
9.757658121122345e-07
1.190962206683315e-06
-9.262238801282534e-07
-8.63055813745173e-07
-9.896647166455826e-07
-7.895475229491919e-07
1.401874622290532e-08
-9.1763662477326e-07
8.005610733585187e-07
7.444589268299302e-07
-7.895958835167549e-07
-6.860486087340642e-07
-9.52714296916443e-08
6.873533545310621e-07
7.319460300459524e-07
5.948067874963799e-07
-1.230931570065376e-07
-6.541802004038075e-07
-6.210615965070033e-07
-5.496898727898867e-07
6.165797934341383e-07
-5.19639140230851e-08
-5.692703198865727e-07
-5.222919036926909e-07
-5.550361976754983e-07
-1.295335723299454e-07
4.906541511317615e-07
-5.055084260905397e-07
-5.124026539135688e-07
1.887281936152391e-07
4.381072709851243e-07
4.521314474098408e-07
4.544387427093363e-07
1.8108573039393e-07
4.024344957734716e-07
-4.546533621724907e-07
4.13279456986751e-07
1.619004964305805e-07
-3.940944779128012e-07
3.974478828017095e-07
3.939943509301667e-07
-1.126950289544888e-07
3.97208819604104e-07
4.093760840461081e-07

-0.001033969346144585
-0.0006147631583381648
-0.0001888830933882043
0.0001891372869227429
0.0002078215878551241
-0.0001095404297011863
0.0001473187565171526
-0.0001163392179192167
-8.882388641861811e-05
-5.955763358125491e-05
7.607687213370863e-05
-1.136070173796915e-05
7.945565982044733e-05
-3.837801324925432e-05
7.958916964526076e-05
5.748099693583433e-05
-4.495361976927388e-05
-5.722714855815049e-05
4.201013717145121e-05
6.715110692737538e-06
-3.677909225167512e-05
-4.489039103846768e-05
3.491173098038091e-05
3.253076608847435e-05
3.73029772720237e-05
2.97600518715463e-05
-5.284021577545568e-07
3.458805551224592e-05
-3.017518056522187e-05
-2.806054814329911e-05
2.976187470563424e-05
2.585891487021228e-05
3.591022208471332e-06
-2.590809405509461e-05
-2.758890527602081e-05
-2.241977884228324e-05
4.639693788084906e-06
2.465771360386762e-05
2.340938928950484e-05
2.071920771401246e-05
-2.324045874691394e-05
1.958651926364459e-06
2.145724450625672e-05
1.968650865724273e-05
2.092072428007601e-05
4.882449402540768e-06
-1.849400139285354e-05
1.905389675097184e-05
1.931375771110758e-05
-7.113645054165145e-06
-1.651337599180676e-05
-1.704198282733618e-05
-1.712895064872296e-05
-6.825581200589969e-06
-1.516877847299923e-05
1.71370402020341e-05
-1.557755261034106e-05
-6.102440995371592e-06
1.48544220123993e-05
-1.498082036196887e-05
-1.485064797217844e-05
4.247761926793322e-06
-1.497180946273976e-05
-1.543042456835995e-05

0.00138114077320831
0.0008211795320748826
0.0002523035548596345
-0.0002526430978608308
-0.0002776009459177994
0.0001463203472513485
-0.0001967833398957467
0.0001554019352609535
0.0001186478995968485
7.955504329176917e-05
-0.0001016208753129286
1.517523555323135e-05
-0.0001061341439660347
5.126403320457338e-05
-0.0001063124818087961
-7.678114331795947e-05
6.004750276026963e-05
7.644206136556837e-05
-5.611569970803126e-05
-8.969814442693723e-06
4.912824940100839e-05
5.996304399128203e-05
-4.663389229097861e-05
-4.345348108821079e-05
-4.982803703473769e-05
-3.975245611085455e-05
7.058214708661748e-07
-4.620153770718051e-05
4.030697077525191e-05
3.748231734703587e-05
-3.975489099010977e-05
-3.454145116712632e-05
-4.796764244616346e-06
3.460714303479586e-05
3.68523129887431e-05
2.994757127071666e-05
-6.197543756805878e-06
-3.293692773328331e-05
-3.126945894884315e-05
-2.767600671055518e-05
3.104380732670695e-05
-2.616300034533539e-06
-2.866185093282036e-05
-2.629656274628958e-05
-2.794518562470512e-05
-6.521808376737007e-06
2.470365246193571e-05
-2.545154146919782e-05
-2.579865482292656e-05
9.502162967473871e-06
2.205800101390178e-05
2.276409588630792e-05
2.288026451792999e-05
9.117377156416623e-06
2.026193378647857e-05
-2.289107026567072e-05
2.08079602525465e-05
8.151431283946988e-06
-1.98420272131454e-05
2.001086579130342e-05
1.983698597971823e-05
-5.67401462514532e-06
1.999882934131741e-05
2.061143166258423e-05

0.00068229761719536
0.0004056710575005667
0.0001246405273307506
-0.0001248082650335681
-0.0001371376963195416
7.228374269541645e-05
-9.721297533106418e-05
7.677013972286323e-05
5.861327154372775e-05
3.930100213300012e-05
-5.020174802481206e-05
7.49672101439795e-06
-5.243134873421274e-05
2.532495483575478e-05
-5.251944944597904e-05
-3.793066727711311e-05
2.966407830875665e-05
3.776315733702061e-05
-2.772172753186043e-05
-4.431179746228569e-06
2.426985587096328e-05
2.962235481614916e-05
-2.303761803857867e-05
-2.146646249279921e-05
-2.461555809356737e-05
-1.963811843676133e-05
3.486829996470568e-07
-2.282403046804319e-05
1.991205433203663e-05
1.851664675239878e-05
-1.963932129191322e-05
-1.706382888911995e-05
-2.369650420751777e-06
1.709628134119863e-05
1.820541817903025e-05
1.479440540396702e-05
-3.061649775142112e-06
-1.627117796107141e-05
-1.544743138835786e-05
-1.367222936168724e-05
1.533595718739091e-05
-1.29247887982028e-06
-1.415924645424617e-05
-1.299076998541738e-05
-1.380520648849115e-05
-3.221839801975212e-06
1.220385607155801e-05
-1.25733208628978e-05
-1.274479839708741e-05
4.694165342646514e-06
1.089687729435493e-05
1.124569535715565e-05
1.130308384504861e-05
4.504077230627937e-06
1.000960178025048e-05
-1.130842199454753e-05
1.027934441906572e-05
4.026890125653768e-06
-9.802163653758134e-06
9.885571632000835e-06
9.799673233069487e-06
-2.803021048807296e-06
9.879625503040864e-06
1.018225729279198e-05

-0.0008066631363974929
-0.0004796145836386158
-0.0001473593284878971
0.0001475576405120652
0.0001621344138445631
-8.545923234050092e-05
0.0001149324306618623
-9.076338555163746e-05
-6.929698164905566e-05
-4.646457622774482e-05
5.935225111983083e-05
-8.863182772093711e-06
6.198825138700394e-05
-2.994105062376189e-05
6.209241061997536e-05
4.484446414621852e-05
-3.507108605366556e-05
-4.464642140031763e-05
3.277469408311232e-05
5.238871222691847e-06
-2.869363392659445e-05
-3.502175742853046e-05
2.723679044712405e-05
2.537925316660328e-05
2.910234888049711e-05
2.32176484453385e-05
-4.122390508413113e-07
2.698427128952063e-05
-2.354151589393452e-05
-2.189176096827015e-05
2.321907055045744e-05
2.017413132293932e-05
2.801577482310327e-06
-2.021249903249256e-05
-2.152380333391699e-05
-1.749104959997145e-05
3.619710736083929e-06
1.923700027108595e-05
1.826310562863031e-05
1.616432937841895e-05
-1.813131251328568e-05
1.528064939180942e-06
1.674011731238964e-05
1.535865727293205e-05
1.632154485662477e-05
3.809099334559866e-06
-1.442830894719953e-05
1.486511778231137e-05
1.50678513139147e-05
-5.549792411163772e-06
-1.28831011477505e-05
-1.329549988031178e-05
-1.336334883138157e-05
-5.325056066241328e-06
-1.18340978521069e-05
1.336965998991677e-05
-1.215300772009438e-05
-4.760889876822301e-06
1.158884902590114e-05
-1.168746015928526e-05
-1.158590466479985e-05
3.313940564401111e-06
-1.168043020210471e-05
-1.203822407758454e-05

-0.0005737284822379146
-0.0003411195264971392
-0.0001048073725726266
0.000104948419375636
0.0001153159565328495
-6.078174823118771e-05
8.174417055682948e-05
-6.455425701977386e-05
-4.92865612809932e-05
-3.304731503662848e-05
4.221350327792061e-05
-6.303821471681363e-06
4.408832358906838e-05
-2.129517608516864e-05
4.41624054653433e-05
3.189503175554991e-05
-2.494384590558373e-05
-3.17541764729394e-05
2.331056750167971e-05
3.726077837962477e-06
-2.04079674647165e-05
-2.49087615736372e-05
1.937180681648098e-05
1.805065800411498e-05
2.069866056766502e-05
1.651324524780108e-05
-2.931995702871436e-07
1.919220590686523e-05
-1.674359168528084e-05
-1.557022532345134e-05
1.651425670119868e-05
1.434858396541064e-05
1.992584914660346e-06
-1.437587249111963e-05
-1.530852032475083e-05
-1.244027759164398e-05
2.574471366111539e-06
1.368206190460345e-05
1.298939222644854e-05
1.149666538882202e-05
-1.289565611697867e-05
1.086815969095835e-06
1.190618693821036e-05
1.092364176424257e-05
1.16084828174837e-05
2.70917150084542e-06
-1.026194382762597e-05
1.057261833188156e-05
1.071680987374521e-05
-3.947216419252836e-06
-9.162935226011217e-06
-9.456248367825634e-06
-9.504505036506163e-06
-3.7873756675791e-06
-8.416845512068637e-06
9.508993764486845e-06
-8.643665935984814e-06
-3.386119930225379e-06
8.242415529514506e-06
-8.312551393326535e-06
-8.240321391641816e-06
2.356996377363323e-06
-8.307551429298221e-06
-8.562027589024122e-06

-0.002041753356265769
-0.001213957402630186
-0.0003729827110496483
0.0003734846606521691
0.0004103800814696232
-0.0002163067414166566
0.0002909066566444547
-0.0002297321381311308
-0.0001753983025589635
-0.0001176069665016925
0.0001502270928942844
-2.243369301954498e-05
0.0001568991002659999
-7.578410099936067e-05
0.0001571627387712332
0.0001135062841590047
-8.876878640787914e-05
-0.0001130050161291556
8.295636508647528e-05
1.326016080236789e-05
-7.262675177487264e-05
-8.864393021771176e-05
6.893932026904892e-05
6.423768856463557e-05
7.366125439587959e-05
5.876642863537461e-05
-1.043422499009869e-06
6.830016643353341e-05
-5.958617286354528e-05
-5.541046121327165e-05
5.877002814018548e-05
5.106295116242823e-05
7.091101563028662e-06
-5.116006406639469e-05
-5.447911986271797e-05
-4.427177543383681e-05
9.16188705128619e-06
4.869096912423106e-05
4.622593438401668e-05
4.091370024363717e-05
-4.589235147503544e-05
3.867700874616737e-06
4.23710830018677e-05
3.88744552959401e-05
4.131162995657148e-05
9.641250479625239e-06
-3.651964108553983e-05
3.762525241808557e-05
3.813839334385214e-05
-1.404713661848882e-05
-3.260854974111696e-05
-3.365237641218244e-05
-3.382410958964974e-05
-1.347830414579058e-05
-2.995340671672985e-05
3.384008382786372e-05
-3.076060276172756e-05
-1.205033730465066e-05
2.933265489183411e-05
-2.958225054515283e-05
-2.932520238918233e-05
8.387949026716265e-06
-2.956445694827059e-05
-3.047007270429486e-05

-0.001431894295229972
-0.0008513558575254934
-0.0002615750891421372
0.0002619271095122844
0.0002878020970206122
-0.0001516972596635018
0.0002040146430103454
-0.0001611125736669152
-0.000123007917707811
-8.247849520916737e-05
0.0001053551922147211
-1.573288808712262e-05
0.0001100343123757578
-5.314786017475077e-05
0.0001102192036950276
7.960266124275868e-05
-6.225410060518419e-05
-7.925111886368946e-05
5.817781347380855e-05
9.299433033119357e-06
-5.093359157626819e-05
-6.216653818443736e-05
4.834757298542808e-05
4.505028950349087e-05
5.165909468214532e-05
4.121326097288608e-05
-7.317586716640493e-07
4.789933043542916e-05
-4.178815268556732e-05
-3.885970020024289e-05
4.121578532792079e-05
3.581076443084657e-05
4.973033517411991e-06
-3.58788703128381e-05
-3.820654473333165e-05
-3.104807076176156e-05
6.425288226914712e-06
3.414727871232242e-05
3.241853455661021e-05
2.869303179829093e-05
-3.218459079306477e-05
2.712442617530337e-06
2.971510336784243e-05
2.726289666556668e-05
2.897210237462647e-05
6.761468773049305e-06
-2.561145085117656e-05
2.63868229376003e-05
2.674669185223723e-05
-9.851344055150707e-06
-2.286857822799243e-05
-2.360062034803911e-05
-2.372105789077932e-05
-9.452418313169862e-06
-2.100650995320269e-05
2.373226072312582e-05
-2.157260154719732e-05
-8.450976308757143e-06
2.057117284743916e-05
-2.074621582752918e-05
-2.056594636109764e-05
5.882520688983573e-06
-2.073373706764939e-05
-2.136885101554784e-05

-9.325533790780219e-05
-5.544646587261814e-05
-1.703566625520439e-05
1.705859237378378e-05
1.874375915707109e-05
-9.879625372261425e-06
1.328691268308415e-05
-1.049281888237493e-05
-8.011167423013372e-06
-5.371597586820861e-06
6.861493954661595e-06
-1.024639737528979e-06
7.166232183650746e-06
-3.46137398284158e-06
7.178273646861547e-06
5.184302428830749e-06
-4.054438380981962e-06
-5.161407440371601e-06
3.788961009416526e-06
6.056465010996134e-07
-3.31716475798211e-06
-4.048735681290354e-06
3.148744478419209e-06
2.934001472398632e-06
3.364414780209239e-06
2.684106355562339e-06
-4.7657430035252e-08
3.119551673731444e-06
-2.721547471912509e-06
-2.530825414439157e-06
2.684270759830275e-06
2.332256612017711e-06
3.238799977329404e-07
-2.336692160801299e-06
-2.488287194991033e-06
-2.022075470167944e-06
4.184613534329157e-07
2.223918361546924e-06
2.111330008539846e-06
1.868698258555434e-06
-2.09609389451819e-06
1.766539287826559e-07
1.935262969304222e-06
1.775557490085212e-06
1.886873357792118e-06
4.403558679464378e-07
-1.668003365457643e-06
1.718501217269611e-06
1.741938490094073e-06
-6.415909482780666e-07
-1.489367614098052e-06
-1.537043504356518e-06
-1.544887270319779e-06
-6.156100117066095e-07
-1.368096227819701e-06
1.545616879971205e-06
-1.404964216669781e-06
-5.50388847802067e-07
1.339743919263182e-06
-1.351143987201789e-06
-1.339403532580159e-06
3.831123962351793e-07
-1.350331279883488e-06
-1.391694504828672e-06

-0.001440830590833837
-0.0008566690762676802
-0.0002632075506491225
0.000263561767940052
0.0002895982384138773
-0.0001526439856607841
0.0002052878760719002
-0.0001621180596085121
-0.0001237755966614493
-8.299323447211587e-05
0.0001060127024401938
-1.583107532001535e-05
0.0001107210244781787
-5.3479550154097e-05
0.000110907069683941
8.009945274059144e-05
-6.264262163456117e-05
-7.974571642400739e-05
5.854089484126892e-05
9.35746977703995e-06
-5.125146254761917e-05
-6.255451274634352e-05
4.864930489772361e-05
4.533144343038786e-05
5.198149343899466e-05
4.147046842462155e-05
-7.363254974573459e-07
4.819826491504287e-05
-4.20489479735805e-05
-3.910221933676656e-05
4.147300853391331e-05
3.603425549285125e-05
5.004069675393161e-06
-3.610278641622889e-05
-3.844498759804564e-05
-3.124183837378678e-05
6.465387747617248e-06
3.436038814200682e-05
3.262085508319014e-05
2.887210186986082e-05
-3.238545130223432e-05
2.729370675082196e-06
2.990055207623032e-05
2.743304142025419e-05
2.915291409511452e-05
6.80366635975098e-06
-2.577128911327205e-05
2.655150021203674e-05
2.691361502917743e-05
-9.912825215361377e-06
-2.301129852219287e-05
-2.374790923699321e-05
-2.386909841726072e-05
-9.511409821473657e-06
-2.113760928307602e-05
2.388037116527061e-05
-2.170723379274102e-05
-8.503717927105909e-06
2.069955528605635e-05
-2.087569069023903e-05
-2.069429618178654e-05
5.919232856876343e-06
-2.086313405178391e-05
-2.150221167632396e-05

0.001050756762670359
0.0006247443877062486
0.0001919497792384324
-0.0001922080998322905
-0.0002111957570908874
0.0001113189164877608
-0.0001497106082068778
0.00011822808910941
9.026602160794687e-05
6.052460499677158e-05
-7.731204815241576e-05
1.154515288520152e-05
-8.074569347736021e-05
3.900111459771048e-05
-8.088137095349646e-05
-5.841425229921048e-05
4.568348196704975e-05
5.815628246623642e-05
-4.269220929827957e-05
-6.824136516993093e-06
3.737623368858583e-05
4.561922666129355e-05
-3.547855413794194e-05
-3.30589321528326e-05
-3.790862445051401e-05
-3.024323291405571e-05
5.369812390867002e-07
-3.514962350928635e-05
3.066510159313837e-05
2.851613622373043e-05
-3.024508534350684e-05
-2.627875746655152e-05
-3.649325663783062e-06
2.63287351194769e-05
2.803683581291481e-05
2.278378399123431e-05
-4.715023363825878e-06
-2.505805362399392e-05
-2.378946164858833e-05
-2.105560257067605e-05
2.361778836765623e-05
-1.99045239108759e-06
-2.180562204991874e-05
-2.000613672164927e-05
-2.126039093830425e-05
-4.961720332662673e-06
1.879426803593608e-05
-1.936325379564521e-05
-1.962733383072947e-05
7.229141439996805e-06
1.678148541115721e-05
1.731867465113739e-05
1.740705447284395e-05
6.936400612275715e-06
1.541505714979791e-05
-1.74152753672919e-05
1.583046810061993e-05
6.201519579465355e-06
-1.509559683106757e-05
1.522404737082488e-05
1.50917615159296e-05
-4.316728138445006e-06
1.521489017159709e-05
1.568095130337132e-05

-0.0001770699895839647
-0.0001052798194160377
-3.23467301072411e-05
3.239026142331852e-05
3.558999745398704e-05
-1.875908876653454e-05
2.522872731123471e-05
-1.992339925937694e-05
-1.521132584984416e-05
-1.019940252310414e-05
1.302836588588682e-05
-1.94555026791962e-06
1.360699222782784e-05
-6.572336434971869e-06
1.362985613901349e-05
9.843772996439638e-06
-7.698426470764119e-06
-9.800300789292319e-06
7.194347278389306e-06
1.149980494926117e-06
-6.298516978471771e-06
-7.687598383104354e-06
5.978726413999959e-06
5.570979868926967e-06
6.388233676006734e-06
5.09648771946147e-06
-9.049026928945703e-08
5.923296132631862e-06
-5.167579607947544e-06
-4.805443203879479e-06
5.09679988460602e-06
4.428407673598735e-06
6.14972066068847e-07
-4.436829739276811e-06
-4.724673113457632e-06
-3.839446518291365e-06
7.945598520811445e-07
4.222698774669422e-06
4.008919928942944e-06
3.548219207641606e-06
-3.979990126002031e-06
3.354243309955436e-07
3.6746099634285e-06
3.371366758490603e-06
3.582729453415762e-06
8.361323941341441e-07
-3.16714673041854e-06
3.263030293700592e-06
3.307532171522347e-06
-1.218230560068049e-06
-2.827959383682007e-06
-2.918484704589816e-06
-2.933378174380782e-06
-1.168898862045789e-06
-2.597693496648136e-06
2.934763531807866e-06
-2.66769715055118e-06
-1.045059186248905e-06
2.543859120028408e-06
-2.565505172227759e-06
-2.543212805644338e-06
7.274404825807361e-07
-2.563962031859447e-06
-2.642501083606931e-06

-0.0005512706349320748
-0.000327766851012493
-0.0001007048257360946
0.0001008403514476834
0.0001108020649903573
-5.840252659067326e-05
7.854440244805074e-05
-6.202736548127667e-05
-4.735730362388659e-05
-3.175372132822956e-05
4.056111117901276e-05
-6.057066666153339e-06
4.236254411357706e-05
-2.046160440850382e-05
4.243372615215728e-05
3.064654266148533e-05
-2.396745184477253e-05
-3.05112009738014e-05
2.239810597715755e-05
3.580225418703987e-06
-1.960912440336542e-05
-2.393374084290099e-05
1.861352290169678e-05
1.734408872298778e-05
1.988843870692059e-05
1.586685596820898e-05
-2.817226585015438e-07
1.844095223366005e-05
-1.608818579719404e-05
-1.496074931929941e-05
1.586782782966995e-05
1.378692750638299e-05
1.914587797307821e-06
-1.381314785868676e-05
-1.470928841874394e-05
-1.195331927732677e-05
2.473697068472938e-06
1.314649557557155e-05
1.248093954147792e-05
1.104664353387093e-05
-1.239087260884083e-05
1.044273986538625e-06
1.144013490049368e-05
1.049605016582059e-05
1.115408401624048e-05
2.60312454348632e-06
-9.860253525211736e-06
1.015876708435152e-05
1.029731443781428e-05
-3.792707820894957e-06
-8.804264170701914e-06
-9.086095955099868e-06
-9.132463679930955e-06
-3.639123825333299e-06
-8.087379157944815e-06
9.136776702583058e-06
-8.305320994463043e-06
-3.253574716402258e-06
7.919777007739544e-06
-7.987167495374593e-06
-7.917764842141487e-06
2.264734852299111e-06
-7.982363248366861e-06
-8.226878273296834e-06

0.0006601187851388627
0.0003924842750351258
0.000120588950345194
-0.0001207512355501741
-0.0001326798851554135
6.993408039377723e-05
-9.405296099238239e-05
7.427464216726577e-05
5.670798289389178e-05
3.802347997260619e-05
-4.856988516853453e-05
7.253031879090837e-06
-5.072701026259396e-05
2.450173941480938e-05
-5.081224716413143e-05
-3.669768935346756e-05
2.869981492230692e-05
3.653562450764903e-05
-2.682060238685686e-05
-4.287139390634365e-06
2.348093759860372e-05
2.865944769757707e-05
-2.228875500786467e-05
-2.076867159556057e-05
-2.381540239147562e-05
-1.899975986750944e-05
3.373486764791292e-07
-2.208211033547839e-05
1.926479117619486e-05
1.791474284974386e-05
-1.900092362254766e-05
-1.650915042382505e-05
-2.292622335953424e-06
1.65405479733877e-05
1.761363110233036e-05
1.431349703706265e-05
-2.962127492684495e-06
-1.574226548318448e-05
-1.494529569589758e-05
-1.322779855729883e-05
1.483744508605676e-05
-1.250465436874363e-06
-1.369898462533964e-05
-1.256849076512636e-05
-1.33564531168015e-05
-3.117110367076718e-06
1.180715635074907e-05
-1.216461128399936e-05
-1.233051475293321e-05
4.541576351922887e-06
1.054266235154877e-05
1.088014170079263e-05
1.093566471297978e-05
4.357667262379067e-06
9.68422870076079e-06
-1.094082934008402e-05
9.94520305936491e-06
3.895991647398848e-06
-9.483533577977067e-06
9.564230288450105e-06
9.481124111139405e-06
-2.711905776636406e-06
9.558477444932709e-06
9.851271856577259e-06

0.0004271263022906585
0.0002539548349128882
7.80264304207041e-05
-7.813143618799528e-05
-8.584980462701935e-05
4.525046981720106e-05
-6.085646152260239e-05
4.805900691975333e-05
3.669259471040156e-05
2.460288779315315e-05
-3.142688243648953e-05
4.693035187991115e-06
-3.282263860307426e-05
1.585371843906662e-05
-3.287779068081724e-05
-2.374504211821566e-05
1.857006057115407e-05
2.364017893317094e-05
-1.735412622789476e-05
-2.773970437671438e-06
1.519321412539493e-05
1.854394117596463e-05
-1.44218188051846e-05
-1.343825702554569e-05
-1.540962776708022e-05
-1.229369222526741e-05
2.182796430144155e-07
-1.428811048360722e-05
1.246517930520591e-05
1.159163781150548e-05
-1.229444522671413e-05
-1.068215680758051e-05
-1.483428926656568e-06
1.070247242282272e-05
1.139680507813512e-05
9.261471116907182e-06
-1.916628630099288e-06
-1.018594803977759e-05
-9.670273034086389e-06
-8.558975766823212e-06
9.600488878250236e-06
-8.091069216910463e-07
-8.863854172740656e-06
-8.132374213145954e-06
-8.642221006176287e-06
-2.016909463712468e-06
7.639756883460569e-06
-7.87104617155547e-06
-7.97839311700333e-06
2.938602502212978e-06
6.82157285611112e-06
7.039937050231149e-06
7.075862916032787e-06
2.819605116974772e-06
6.266127988802998e-06
-7.07920466017818e-06
6.434990041037162e-06
2.520880398453435e-06
-6.136269291218607e-06
6.188483662830322e-06
6.134710258688844e-06
-1.754724017270716e-06
6.184761316440588e-06
6.374212362506781e-06

0.0001207420004797374
7.178910461467765e-05
2.205686526152509e-05
-2.208654876812918e-05
-2.426841216725479e-05
1.279160805381916e-05
-1.720318057432538e-05
1.358553806083329e-05
1.037242910202019e-05
6.954855914495598e-06
-8.883893672343107e-06
1.326648473483747e-06
-9.278452356364377e-06
4.481601037223775e-06
-9.294042995850664e-06
-6.712356208096276e-06
5.249468951841433e-06
6.682713007321033e-06
-4.905743116490104e-06
-7.841585454242304e-07
4.294886681943915e-06
5.242085402746264e-06
-4.076825153952971e-06
-3.798787448862443e-06
-4.356063471783341e-06
-3.475236679640733e-06
6.170427955438956e-08
-4.039027879141737e-06
3.52371342522806e-06
3.27677675360233e-06
-3.475449541513054e-06
-3.019680538204436e-06
-4.193424174843601e-07
3.025423448473096e-06
3.221700552805967e-06
2.6180746632626e-06
-5.41801274549731e-07
-2.879409993031181e-06
-2.733636643434859e-06
-2.419490091342704e-06
2.713909741750641e-06
-2.287220145490803e-07
-2.50567450198913e-06
-2.298896429175231e-06
-2.443022233185511e-06
-5.701491154462816e-07
2.159641128026188e-06
-2.225023033059604e-06
-2.255368354493654e-06
8.306974841596862e-07
1.928353156073476e-06
1.990081336913062e-06
2.000237023613892e-06
7.970587635537317e-07
1.771337481610563e-06
-2.00118168300921e-06
1.819072172451986e-06
7.126139051759784e-07
-1.734628435966549e-06
1.749388631365878e-06
1.734187721576423e-06
-4.960333442327704e-07
1.748336381606778e-06
1.801891262614159e-06

0.0001021667510381524
6.074489033847615e-05
1.866358229029428e-05
-1.868869921261276e-05
-2.053489932356138e-05
1.082371527903032e-05
-1.455660051856297e-05
1.149550512052992e-05
8.776708829761387e-06
5.88490359527113e-06
-7.517173390039867e-06
1.12255357511908e-06
-7.851032185519503e-06
3.792140395249397e-06
-7.864224322293357e-06
-5.679710646384425e-06
4.441877601442577e-06
5.654627829288785e-06
-4.151031402881148e-06
-6.63521645877043e-07
3.634150640446692e-06
4.435629955890154e-06
-3.44963623986524e-06
-3.214372546350339e-06
-3.685915840889669e-06
-2.940597631607887e-06
5.221153983009259e-08
-3.417653791773251e-06
2.981616594175949e-06
2.772669273843821e-06
-2.940777746307456e-06
-2.555125379185259e-06
-3.548297377612507e-07
2.559984785894918e-06
2.726066132673518e-06
2.2153035502073e-06
-4.584492199008434e-07
-2.436434403326048e-06
-2.313087188123035e-06
-2.047269722385267e-06
2.2963951220209e-06
-1.935348513733838e-07
-2.120195309094518e-06
-1.945228488910557e-06
-2.067181621028052e-06
-4.824359584984322e-07
1.827396569401438e-06
-1.88271995966073e-06
-1.9083968814287e-06
7.029009186111966e-07
1.631690513880851e-06
1.683922277960364e-06
1.692515588578579e-06
6.744372623846886e-07
1.498830521031156e-06
-1.693314919231766e-06
1.53922158837929e-06
6.029836108996011e-07
-1.467768886186472e-06
1.480258336450305e-06
1.46739597239885e-06
-4.197223417319638e-07
1.479367967406118e-06
1.524683832411464e-06

-0.001092333243544645
-0.0006494643552662624
-0.0001995448731829308
0.0001998134150398101
0.0002195523784017306
-0.0001157235979199696
0.0001556343771131673
-0.0001229061535866192
-9.383767934481211e-05
-6.291945047524886e-05
8.037114137505232e-05
-1.200197300301792e-05
8.394064962686295e-05
-4.054431579588068e-05
8.408169560710459e-05
6.072559506640479e-05
-4.749109195039152e-05
-6.045741784938913e-05
4.438146021383779e-05
7.094154842319536e-06
-3.885514138664612e-05
-4.742429418230418e-05
3.688237420359608e-05
3.436701229963443e-05
3.940859785580784e-05
3.143990110549419e-05
-5.582285829154295e-07
3.654042840484744e-05
-3.18784623395881e-05
-2.964446642767112e-05
3.144182683211426e-05
2.731855877549116e-05
3.793722658457286e-06
-2.737051395072026e-05
-2.914620099556899e-05
-2.368529573305969e-05
4.901588024336642e-06
2.604955396379009e-05
2.473076617535829e-05
2.188873340425776e-05
-2.455230010362112e-05
2.069210871364793e-06
2.266842975225265e-05
2.079774215339185e-05
2.210162486477306e-05
5.158046331069827e-06
-1.95379220891879e-05
2.012942155178044e-05
2.040395074018997e-05
-7.515185053032446e-06
-1.744549741852353e-05
-1.800394223253536e-05
-1.809581907858004e-05
-7.210861017990691e-06
-1.602500214518761e-05
1.810436525845656e-05
-1.645685013078551e-05
-6.446902116458182e-06
1.569290137882456e-05
-1.582643446632385e-05
-1.568891430743205e-05
4.487533001438061e-06
-1.581691493384011e-05
-1.630141723336855e-05

-0.0008936203199375482
-0.000531316380208308
-0.0001632444626852485
0.0001634641524744102
0.0001796122820483266
-9.467162077936059e-05
0.0001273219895952878
-0.0001005475544568996
-7.676710155428076e-05
-5.147339403635923e-05
6.575034266678134e-05
-9.818621760551216e-06
6.867050015974155e-05
-3.316865495698347e-05
6.878588761567397e-05
4.967863608689482e-05
-3.885170119438796e-05
-4.945924460365821e-05
3.63077613081591e-05
5.803614379900807e-06
-3.178676844483454e-05
-3.879705501087227e-05
3.017287922953549e-05
2.811510196910874e-05
3.223954231211674e-05
2.572047921340675e-05
-4.566778570651734e-07
2.989313885186829e-05
-2.607925913027989e-05
-2.425166287854049e-05
2.572205461947592e-05
2.234887510516424e-05
3.103583705650772e-06
-2.23913788013319e-05
-2.384403991414889e-05
-1.937656083971989e-05
4.009910605939203e-06
2.131072260679655e-05
2.02318434530304e-05
1.790682199166799e-05
-2.00858432199685e-05
1.692788251035165e-06
1.854467907792478e-05
1.701429953444146e-05
1.808098508355035e-05
4.219715036471666e-06
-1.598366093079362e-05
1.646755716129608e-05
1.669214509051922e-05
-6.148052447520549e-06
-1.427188184259873e-05
-1.472873659486765e-05
-1.480389957011834e-05
-5.899089831795574e-06
-1.310979742547328e-05
1.481089106290155e-05
-1.346308534135983e-05
-5.27410729826459e-06
1.283811111103235e-05
-1.294735238980237e-05
-1.283484935182797e-05
3.671178827683277e-06
-1.293956461284467e-05
-1.33359281790689e-05

