-0.2413092611973398
-0.1434623651004401
-0.04408689282401674
0.04413332928991563
0.04850635399785563
-0.02555774172596011
0.03438707150240708
-0.02714420544314609
-0.02073495122442357
-0.01389348991619709
0.01775985271121111
-0.002650132281010354
0.01853781959764742
-0.008961287233085336
0.01856911189993263
0.01341927428391259
-0.01048656883464229
-0.01335958222638295
0.009799880917986654
0.001568062469993646
-0.008587258408956905
-0.01047239242317339
0.008151247366387913
0.007588204590991437
0.008709012892691777
0.00694187198849147
-0.0001232760923817343
0.008075175486503923
-0.007038998911114086
-0.006551581459946831
0.006942750217804045
0.00603752645529838
0.0008386884689170164
-0.006043586780182421
-0.006441112621834211
-0.00522968594599299
0.00108342859567667
0.005756812620663538
0.005460803797236698
0.004837580236979765
-0.005421557866081221
0.000457672719404297
0.005009612433310119
0.004592269264195118
0.004884315018599671
0.001138752446788847
-0.004314218524362124
0.004448523894020369
0.004505532181696754
-0.001660634481933489
-0.003855470840018969
-0.003975473884274293
-0.003999065063866056
-0.001591893390821334
-0.003538753198819153
0.004000874517100328
-0.003633910569337594
-0.00142474364491024
0.003467971511432411
-0.003494723014098764
-0.003467084575316251
0.000991720599812294
-0.003492708529583706
-0.003602348320195484

-0.1436099692504439
-0.08537851277841034
-0.02623735737034491
0.02626499302513823
0.02886750376473328
-0.01521013526447243
0.02046471924274079
-0.01615428471197928
-0.01233995617478869
-0.008268408969250072
0.01056939086837342
-0.001577168706653202
0.01103238097526193
-0.005333115594497771
0.01105100390979096
0.007986189828415299
-0.006240853833848784
-0.007950665395977245
0.005832186424623571
0.0009331983446534717
-0.005110520458009273
-0.006232417050263102
0.004851037949528167
0.004515955262437401
0.00518297999635491
0.004131304442534785
-7.336509070735338e-05
0.004805765421332148
-0.004189107422414099
-0.003899031505612706
0.004131827101646991
0.003593102827024098
0.000499127238773992
-0.003596709497840649
-0.003833288374310704
-0.003112334081867045
0.0006447790131983718
0.003426042081158512
0.003249878854679145
0.002878980879692409
-0.003226522490576983
0.0002723739852932814
0.002981362107423619
0.002732989378649095
0.002906794070608931
0.0006777038023983236
-0.002567513515847854
0.002647442441540305
0.002681369686601206
-0.0009882905683084413
-0.002294499788504315
-0.002365916995657906
-0.002379956774154029
-0.0009473807999398091
-0.002106012158614582
0.002381033630972609
-0.002162643002314562
-0.000847905256600834
0.002063887973663006
-0.002079808549839761
-0.002063360132885838
0.0005902009899558232
-0.002078609673105088
-0.002143859414786272

-0.04333432825014497
-0.02576297813836288
-0.007917126245744678
0.00792546530842491
0.008710773287064107
-0.00458966043736519
0.006175231885645734
-0.004874557664826806
-0.003723583496748012
-0.002494993559641036
0.003189315168611759
-0.0004759108771953932
0.003329022497933577
-0.001609268374432097
0.003334641971027566
0.00240983389453011
-0.001883178514756145
-0.00239911439209094
0.001759863067026541
0.0002815927306496092
-0.001542100260952251
-0.001880632714132049
0.001463801377829474
0.001362690130266755
0.001563964936754456
0.001246621691715515
-2.213792635293831e-05
0.001450140386132438
-0.00126406374895389
-0.001176533300604427
0.001246779404174909
0.001084219279173747
0.0001506117139117209
-0.001085307592594805
-0.001156695301565889
-0.0009391472432711922
0.0001945621571577594
0.001033808675809585
0.0009806513976493346
0.000868732881969391
-0.0009736036115237638
8.218888804933454e-05
0.0008996264317160757
0.0008246799261685698
0.0008771255162074072
0.0002044972168909237
-0.0007747475614899899
0.0007988661259651046
0.000809103676894081
-0.0002982168168205915
-0.0006923656311878329
-0.0007139157834062557
-0.0007181522885260968
-0.0002858722885101446
-0.0006354894625809481
0.0007184772302208807
-0.0006525778275655442
-0.0002558555294342639
0.0006227784838972939
-0.0006275825199782111
-0.0006226192078686117
0.0001780932310325369
-0.0006272207587562662
-0.0006469098774093741

0.0432674560513673
0.02572322150513207
0.007904908780713892
-0.007913234974817485
-0.008697331090405739
0.00458257781494054
-0.00616570245826821
0.004867035397787121
0.003717837377550444
0.002491143362534361
-0.003184393515812825
0.000475176466208666
-0.003323885253096335
0.001606785001113199
-0.003329496054390362
-0.002406115113194152
0.001880272451756699
0.002395412152759162
-0.001757147300622315
-0.0002811581854330197
0.001539720539393527
0.001877730579733521
-0.001461542484691831
-0.001360587268888016
-0.001561551474302669
-0.001244697943570982
2.210376378780934e-05
-0.001447902574216259
0.001262113084765459
0.001174717710703669
-0.0012448554126534
-0.001082546145423358
-0.0001503792945602049
0.001083632779392677
0.001154910325052866
0.0009376979802119729
-0.0001942619148379369
-0.001032213334147301
-0.0009791380866600538
-0.0008673922801811332
0.0009721011764603333
-8.20620566923102e-05
-0.0008982381559545763
-0.0008234073055426973
-0.0008757719631649024
-0.0002041816430932353
0.0007735519949496138
-0.0007976333403994443
-0.0008078550930555006
0.0002977566178271363
0.0006912971939006568
0.0007128140905894863
0.0007170440580649555
0.0002854311392118583
0.0006345087948433003
-0.0007173684983197697
0.0006515707895899539
0.000255460701072605
-0.0006218174313495023
0.000626614053990673
0.0006216584011106867
-0.000177818403051515
0.000626252851027241
0.000645911586039538

0.04689989414778341
0.02788276630587086
0.008568550566576783
-0.008577575770682227
-0.009427499204572486
0.0049672995377725
-0.006683332440346602
0.005275638223302735
0.004029961439350761
0.002700282629768118
-0.003451733299020703
0.0005150690149249699
-0.003602935803400224
0.001741679621306034
-0.003609017648989771
-0.002608115993280819
0.002038127197763821
0.0025965144858828
-0.001904665305567491
-0.000304762293394959
0.001668984888526329
0.00203537192764323
-0.001584243541915311
-0.001474812820376781
-0.001692648598617217
-0.001349194224178281
2.395944380655962e-05
-0.001569458518346421
0.001368071420879151
0.001273338932154781
-0.001349364913282534
-0.001173429276039066
-0.0001630041061003025
0.001174607136325201
0.00125186865460321
0.001016420654874832
-0.0002105708094329272
-0.001118870868024438
-0.001061339787711878
-0.0009402125717020992
0.001053712106918971
-8.895142270087698e-05
-0.0009736480551052269
-0.0008925349210406668
-0.0009492957552494648
-0.000221323329862957
0.0008384941013832406
-0.0008645971510097683
-0.0008756770517327552
0.0003227542160396225
0.000749333752834986
0.0007726570602163911
0.0007772421466750322
0.0003093939749916353
0.0006877777902781247
-0.0007775938247026946
0.0007062721927828346
0.0002769074249474585
-0.0006740209471731771
0.0006792202612691614
0.0006738485658490626
-0.0001927468134650685
0.0006788287341886554
0.000700137881416106

-0.02437886004946384
-0.01449363735067654
-0.004453986493683289
0.004458677851559211
0.004900473399798959
-0.002582033551582544
0.003474038250788702
-0.002742309940236544
-0.002094799310740004
-0.001403623899826248
0.001794232685468735
-0.0002677361145232552
0.001872828698536453
-0.0009053360249608375
0.001875990080139295
0.001355715102311879
-0.001059431340308693
-0.001349684565775475
0.0009900570090672881
0.000158417357523793
-0.0008675488455015706
-0.001057999133565257
0.0008234997603821514
0.0007666169828409684
0.0008798493908876038
0.0007013196462059551
-1.245426963188081e-05
0.000815814412110556
-0.0007111321318165908
-0.0006618895881666393
0.0007014083714759955
0.0006099559203350756
8.473055989396407e-05
-0.0006105681795218608
-0.0006507292028151144
-0.000528341851231327
0.000109456031552971
0.0005815961165939554
0.0005516910990889634
0.0004887284101336277
-0.0005477261826233607
4.623750915925635e-05
0.0005061083847661438
0.0004639452673553154
0.0004934499060885731
0.0001150452593221478
-0.0004358545092982981
0.0004494230387220757
0.000455182440827246
-0.0001677696721108021
-0.0003895083991691028
-0.0004016320010848585
-0.0004040153578734036
-0.0001608249347579552
-0.000357511222551947
0.0004041981623247525
-0.0003671247293316809
-0.0001439382216553801
0.0003503603289546732
-0.0003530629651330317
-0.000350270724057891
0.0001001910063088644
-0.0003528594468934164
-0.000363936075689097

0.03385280163131556
0.02012605302925656
0.006184863481441851
-0.006191377961908042
-0.006804860997042883
0.003585445318184626
-0.004824094626445405
0.003808007192708335
0.002908865524478569
0.001949090373764361
-0.002491494805675806
0.0003717818452584362
-0.002600634250016407
0.001257161360313216
-0.002605024185559215
-0.001882563595426712
0.001471140116177343
0.001874189514083512
-0.001374806018969806
-0.0002199803997529853
0.001204689592238822
0.001469151335295877
-0.001143522460651104
-0.001064534297118202
-0.001221770289287916
-0.0009738615675613539
1.729416053315823e-05
-0.001132850486245096
0.0009874873124992441
0.0009191084769581044
-0.0009739847726237549
-0.0008469927114323705
-0.0001176579557197917
0.0008478429024900584
0.0009036110209371727
0.0007336623552926583
-0.0001519920667329112
-0.0008076119196970472
-0.0007660854240654112
-0.0006786546165925928
0.0007605796895753444
-6.420600562608897e-05
-0.0007027886750517137
-0.0006442404227139409
-0.0006852109471854436
-0.0001597533409909881
0.0006052332313097176
-0.0006240746674588551
-0.0006320722480095603
0.0002329671452313003
0.0005408764209666279
0.0005577114120154504
0.0005610209722002818
0.0002233235927635667
0.0004964447260230461
-0.0005612748168353416
0.0005097941663716577
0.0001998744836703513
-0.0004865149023173564
0.0004902678180095234
0.0004863904757941096
-0.0001391265323699703
0.0004899852099391606
0.0005053663605179578

-0.02561570918903824
-0.01522896471422246
-0.004679957246670998
0.004684886618217532
0.005149096440243794
-0.002713031718441715
0.0036502918250986
-0.002881439648645929
-0.002201077894720438
-0.001474836048764005
0.001885262173668578
-0.0002813195709361935
0.001967845715725349
-0.0009512677904832686
0.001971167488424595
0.001424496622628935
-0.00111318105375006
-0.001418160129869971
0.001040287050886463
0.0001664545820678064
-0.0009115634975780411
-0.001111676184721896
0.000865279604394508
0.0008055109078925519
0.0009244881049154478
0.000736900743895058
-1.308613070524259e-05
0.0008572043438638801
-0.0007472110610025878
-0.0006954702217957986
0.0007369939705969709
0.000640901725582183
8.90293220135791e-05
-0.0006415450474295615
-0.0006837436199352608
-0.000555147007943634
0.0001150092279769264
0.0006111031015358871
0.0005796808680871443
0.0005135237989389847
-0.0005755147935890511
4.858334581049384e-05
0.0005317855377979491
0.0004874832959411136
0.000518484837604134
0.000120882022391267
-0.0004579673674758654
0.0004722242893801879
0.0004782758918393518
-0.0001762813816073301
-0.0004092699108802015
-0.0004220085976099243
-0.0004245128728000645
-0.0001689843065158062
-0.0003756493736837551
0.0004247049517429162
-0.0003857506168697627
-0.0001512408545612398
0.0003681356831149945
-0.0003709754361736923
-0.0003680415321591236
0.0001052741463611461
-0.000370761592539087
-0.0003824001884967152

-0.02052092184395097
-0.01220002898840424
-0.003749146126825308
0.003753095080472776
0.004124976780359921
-0.002173428478728902
0.002924274034252202
-0.002308341236682155
-0.00176329872878693
-0.001181501361761105
0.001510296569800264
-0.0002253670544801786
0.001576454816665133
-0.000762067207943094
0.001579115911754542
0.001141174099229923
-0.0008917770432820153
-0.00113609789104428
0.0008333811532981273
0.0001333479172476721
-0.000730259824217589
-0.000890571482292462
0.0006931814771905439
0.0006453003609357819
0.0007406138165697217
0.0005903362839037362
-1.048338983942452e-05
0.000686712330113871
-0.0005985959502667738
-0.0005571460060288406
0.0005904109684596112
0.0005134308062004068
7.13220057808158e-05
-0.0005139461757829062
-0.0005477517441521868
-0.0004447321086385057
9.213468818021335e-05
0.0004895589223263794
0.0004643863537278879
0.0004113874679504679
-0.0004610488826259138
3.892045443431367e-05
0.0004260170732874486
0.0003905262408475024
0.0004153617903462163
9.683942441427342e-05
-0.0003668808263592219
0.0003783021451278496
0.0003831501257237107
-0.0001412202343418026
-0.000327868956985425
-0.0003380740070524775
-0.0003400801992320943
-0.000135374497003941
-0.0003009353120464425
0.0003402340750020883
-0.0003090274878443136
-0.0001211600948917319
0.0002949160425511272
-0.0002971909883722026
-0.0002948406175689823
8.433584694933673e-05
-0.0002970196767570945
-0.0003063434364960064

-0.01459420955506008
-0.008676500061185402
-0.002666343385717345
0.002669151829581856
0.002933629200486534
-0.001545713731221377
0.002079705208997807
-0.001641661909192134
-0.001254034850469428
-0.000840268219637281
0.001074103044569422
-0.0001602780832607268
0.001121153919080548
-0.0005419721692980792
0.001123046454887946
0.0008115880012416161
-0.0006342200971779804
-0.0008079778687842834
0.0005926897087255464
9.48352838553295e-05
-0.0005193511765854261
-0.0006333627180677362
0.0004929815441399725
0.0004589291243868179
0.0005267147996851782
0.0004198393961424352
-7.455648889820608e-06
0.0004883807718745213
-0.0004257135621603265
-0.0003962349073097867
0.00041989251081563
0.0003651452324947103
5.072327189625973e-05
-0.00036551175655929
-0.0003895538318940023
-0.0003162876228803768
6.552497771871842e-05
0.0003481678628433275
0.0003302654633330177
0.0002925733532465676
-0.0003278918978073425
2.767971499097044e-05
0.0003029777360329868
0.0002777371230698231
0.0002953998390313769
6.887092421289205e-05
-0.0002609208154651475
0.0002690435070660282
0.0002724913270651938
-0.0001004339721710138
-0.0002331760873722364
-0.0002404337846789385
-0.0002418605621551976
-9.627656070768328e-05
-0.0002140212335450254
0.0002419699965777062
-0.0002197762824774996
-8.616746499051098e-05
0.0002097404082950383
-0.0002113583198241061
-0.0002096867670403638
5.997854446997335e-05
-0.0002112364852579619
-0.0002178674204813569

0.0178978158540667
0.01064054889488773
0.003269908023536513
-0.003273352198497785
-0.003597697772965185
0.001895607954656151
-0.002550475976170636
0.002013275363390403
0.001537903422834979
0.00103047484732563
-0.001317241500984613
0.0001965593003731933
-0.001374943008188737
0.0006646552557388276
-0.001377263946314514
-0.0009953024547709752
0.0007777848102983296
0.000990875117634858
-0.0007268534294611465
-0.000116302595252335
0.0006369136805285845
0.0007767333512676473
-0.0006045749078208819
-0.0005628142399458204
-0.0006459441641432995
-0.0005148759973664717
9.143340747516634e-06
-0.0005989326855078092
0.0005220798641666533
0.0004859282977422361
-0.0005149411352992391
-0.000447801034137662
-6.220520381661272e-05
0.0004482505261222116
0.0004777348661590272
0.0003878838117181983
-8.035748566078321e-05
-0.0004269805961029658
-0.0004050257345827741
-0.0003588014808515608
0.0004021148788398646
-3.394541101609205e-05
-0.0003715610432303144
-0.0003406068595758312
-0.0003622677817772217
-8.446083459409727e-05
0.0003199839422662236
-0.0003299453203021324
-0.0003341736032529455
0.0001231686260655391
0.0002859588015106414
0.0002948593815269887
0.0002966091303185903
0.0001180701255595708
0.0002624679748770576
-0.000296743336774648
0.0002695257607500207
0.0001056726926657388
-0.0002572181241236777
0.0002592022728716494
0.0002571523404103238
-7.355553859004475e-05
0.0002590528593236623
0.0002671848007707149

-0.002584776934593699
-0.001536692833314219
-0.0004722354339991074
0.0004727328368146819
0.0005195743601913483
-0.0002737609861548826
0.0003683360880005242
-0.0002907543448154798
-0.0002221018099296438
-0.0001488197017314552
0.0001902341311809325
-2.838681267183966e-05
0.0001985673002183504
-9.598856019629073e-05
0.0001989024867787321
0.0001437401551682539
-0.0001123265684555469
-0.0001431007654793672
0.000104971131372699
1.679625425207315e-05
-9.19821616325019e-05
-0.0001121747182481033
8.731184238966913e-05
8.128082653964035e-05
9.328633114379817e-05
7.435765419759305e-05
-1.320468176788229e-06
8.649700072332148e-05
-7.539802632437536e-05
-7.017706887319384e-05
7.436706132456458e-05
6.46707840646062e-05
8.983586452554364e-06
-6.473569905330516e-05
-6.899378521758622e-05
-5.601762460886198e-05
1.16051130010228e-05
6.166392622009903e-05
5.849323656041017e-05
5.181759603323668e-05
-5.80728549425738e-05
4.902347646501415e-06
5.366031375929689e-05
4.918995488469029e-05
5.231819424890471e-05
1.219771277766177e-05
-4.621162270044292e-05
4.765023065092556e-05
4.826087321946026e-05
-1.778783658942769e-05
-4.12977605991481e-05
-4.258316961878338e-05
-4.283586583350206e-05
-1.705151844780176e-05
-3.790524905739379e-05
4.285524773768175e-05
-3.892452438587815e-05
-1.526109894335655e-05
3.714707312978478e-05
-3.743362105050941e-05
-3.71375727401037e-05
1.062278554597862e-05
-3.741204295987886e-05
-3.858644629809809e-05

0.01862732560903541
0.01107425456491451
0.003403188521026685
-0.003406773079555277
-0.003744338885054726
0.001972872382102878
-0.002654432633206065
0.002095335880104006
0.001600587917877011
0.001072476701602332
-0.001370931880439177
0.0002045710001370185
-0.0014309852842509
0.0006917464101403539
-0.00143340082313757
-0.00103587069258394
0.0008094870923535315
0.001031262898477163
-0.0007564797632857507
-0.0001210430551194054
0.0006628740964143818
0.0008083927761593468
-0.0006292172047614092
-0.0005857543842417505
-0.0006722726599078588
-0.0005358621928742671
9.51602065006357e-06
-0.0006233450071123147
0.0005433596871846438
0.0005057345934550321
-0.0005359299858102574
-0.0004660532737042738
-6.474066978430244e-05
0.0004665210868510757
0.0004972071999897155
0.0004036938427716369
-8.363283334298639e-05
-0.0004443842006867281
-0.0004215344654135212
-0.0003734261245797337
0.0004185049640392582
-3.532901607016761e-05
-0.0003867057630002232
-0.0003544898958465448
-0.000377033710920255
-8.790343358223594e-05
0.0003330263944413939
-0.0003433937953411304
-0.0003477944218720325
0.0001281889433463587
0.0002976143988708103
0.0003068777639330977
0.0003086988319751848
0.000122882629446529
0.000273166092993816
-0.0003088385086472206
0.0002805115521608403
0.0001099798808031944
-0.0002677022598546651
0.000269767281927042
0.0002676337948163105
-7.65536408931928e-05
0.000269611778326404
0.0002780751753354171

-0.00747096418601089
-0.004441612337586586
-0.001364935584017561
0.001366373262669833
0.001501762641490137
-0.0007912708039601864
0.001064627931733813
-0.0008403879143192919
-0.0006419566212550937
-0.0004301441439409242
0.0005498472080859778
-8.204841895184624e-05
0.0005739331578631564
-0.000277442546741998
0.0005749019713637572
0.0004154623700719522
-0.0003246654513347647
-0.0004136142966844166
0.0003034055096031487
4.854740550225608e-05
-0.0002658625686848427
-0.0003242265479052379
0.0002523636135784805
0.0002349317405151374
0.0002696321023653674
0.0002149212042370014
-3.816642869846045e-06
0.000250008418890249
-0.0002179282656179135
-0.0002028377618254191
0.0002149483943234248
0.0001869225561255302
2.596589738585772e-05
-0.0001871101845234937
-0.0001994176331117174
-0.0001619117153351362
3.35430815885768e-05
0.0001782316215354326
0.0001690671522241416
0.0001497720747150435
-0.0001678520934045362
1.416960326603537e-05
0.0001550982125150991
0.0001421772170499545
0.0001512189892595713
3.525591477298162e-05
-0.0001335687321996775
0.0001377268428404014
0.0001394918263865538
-5.141344629305255e-05
-0.0001193658478878434
-0.0001230811567879996
-0.0001238115425884522
-4.928521372029668e-05
-0.0001095602310512328
0.0001238675634813573
-0.0001125063148593967
-4.411023718108964e-05
0.0001073688213685816
-0.0001081970511567971
-0.0001073413617181758
3.070379084072989e-05
-0.0001081346824702973
-0.0001115291437727399

0.01716546077736066
0.01020515163380858
0.00313610768940998
-0.003139410933263652
-0.003450484713563476
0.001818042171190212
-0.002446113854870083
0.001930894784373772
0.001474974438182849
0.0009883091723621325
-0.001263341711850139
0.0001885163524136559
-0.001318682149297473
0.0006374584371565778
-0.001320908117688388
-0.0009545759878348565
0.0007459588791873195
0.0009503298115091375
-0.0006971115434439094
-0.0001115436460731528
0.0006108520107045896
0.0007449504444766463
-0.0005798364980280463
-0.0005397846217382083
-0.0006195129788111461
-0.0004938079489730765
8.769207273961372e-06
-0.0005744251480286705
0.000500717043022127
0.000466044751131374
-0.0004938704215474221
-0.0004294776049895588
-5.965984871941629e-05
0.0004299087043535814
0.0004581865839883651
0.0003720121164788254
-7.706936307335039e-05
-0.0004095091118858895
-0.0003884526144134892
-0.0003441197963278954
0.0003856608670576694
-3.255640945906715e-05
-0.0003563572542018211
-0.0003266696750161317
-0.0003474442607802101
-8.100480836706976e-05
0.0003068906203494968
-0.0003164443919022581
-0.0003204996590778615
0.0001181287279391072
0.0002742577435869752
0.0002827941235795228
0.0002844722749526558
0.0001132388513657522
0.0002517281306724609
-0.0002846009898571079
0.0002584971212333734
0.0001013487051146935
-0.000246693096904685
0.0002485960568965023
0.0002466300049743263
-7.054574272748175e-05
0.0002484527571542937
0.0002562519502564327

0.01249179162074124
0.007426577667857558
0.002282234323007122
-0.002284638187046929
-0.002511015380911421
0.001323040741801239
-0.001780106281560118
0.001405166782343938
0.001073380643063942
0.0007192205556345751
-0.0009193695185300637
0.0001371886849993903
-0.000959642321092756
0.0004638965459259484
-0.0009612622212900875
-0.0006946719625448899
0.0005428553883471186
0.0006915818998584963
-0.00050730779966018
-8.117346813096088e-05
0.0004445342963875604
0.0005421215218677824
-0.0004219634300188294
-0.000392816546103361
-0.0004508371279995305
-0.0003593580201107373
6.381600317418401e-06
-0.0004180254374734105
0.0003643859633896581
0.0003391539552932577
-0.0003594034831710825
-0.0003125430081307714
-4.341616039290654e-05
0.0003128567313387995
0.0003334353446633227
0.0002707237457660008
-5.608555670848617e-05
-0.0002980113705553955
-0.0002826879614082115
-0.0002504257149898684
0.0002806563278460191
-2.369222056763258e-05
-0.0002593312594264604
-0.0002377267678418934
-0.0002528450218600806
-5.894949162881229e-05
0.0002233329899784744
-0.0002302855399261584
-0.0002332366726211054
8.596561857429676e-05
0.0001995851219899688
0.0002057972873052355
0.0002070185255542079
8.240711699968552e-05
0.0001831896850440223
-0.0002071121950330073
0.0001881156710496754
7.375432106053379e-05
-0.0001795255484708064
0.0001809103863139648
0.0001794796346874942
-5.133813355272936e-05
0.0001808061030359195
0.0001864817965874175

-0.008039937783460892
-0.004779876594683044
-0.001468886331228422
0.001470433500594006
0.001616133862041007
-0.0008515323959942569
0.001145707852501436
-0.0009043901666334268
-0.0006908467456237772
-0.0004629030562988878
0.0005917224649122451
-8.829706142062224e-05
0.0006176427521533831
-0.0002985720127619541
0.000618685348539906
0.0004471031480785926
-0.0003493913187346052
-0.0004451143291406794
0.0003265122626253623
5.22446782059168e-05
-0.0002861101268801673
-0.0003489189893030155
0.000271583118518822
0.0002528236690838071
0.0002901667406597747
0.0002312891706328162
-4.107310710000582e-06
0.0002690485569428562
-0.0002345252437572348
-0.0002182854775647684
0.0002313184314616221
0.0002011582018272105
2.794340787563051e-05
-0.000201360119626465
-0.0002146048787309146
-0.0001742425857353415
3.609765517848931e-05
0.0001918053831487588
0.0001819429662980912
0.0001611784145161854
-0.0001806353710439628
1.52487317351267e-05
0.0001669101802525449
0.0001530051477755316
0.0001627355231605046
3.794093429123933e-05
-0.0001437410580432915
0.0001482158420224442
0.0001501152431635127
-5.532899089562903e-05
-0.0001284565106449406
-0.0001324547699940692
-0.000133240780507136
-5.303867641307612e-05
-0.0001179041177632857
0.0001333010678385518
-0.0001210745693854459
-4.746958407501821e-05
0.0001155458147293373
-0.0001164371208315037
-0.0001155162638071994
3.30421297612487e-05
-0.000116370002271354
-0.0001200229789153549

-0.01124707172053758
-0.006686571006342937
-0.002054825592136108
0.002056989927892263
0.002260810213452035
-0.00119120896057214
0.00160273110749306
-0.001265151714034162
-0.0009664257492044178
-0.0006475552440912555
0.0008277607589461028
-0.0001235187894802806
0.0008640206576512178
-0.0004176724909719919
0.0008654791460930795
0.0006254527470676472
-0.0004887636355126391
-0.0006226705875735337
0.0004567581160809655
7.308509824623402e-05
-0.0004002395545414294
-0.0004881028937088885
0.0003799177175662306
0.0003536751173228178
0.0004059143529478005
0.0003235505000598591
-5.745718359777134e-06
0.0003763721185090545
-0.000328077443862893
-0.0003053596293708482
0.0003235914330434346
0.0002814002774719428
3.909004285330522e-05
-0.0002816827403506427
-0.000300210838400708
-0.0002437480128972225
5.049702219968881e-05
0.0002683166162174805
0.0002545200779055577
0.0002254725393017952
-0.0002526908824564309
2.133145604994629e-05
0.0002334907083547493
0.0002140389536573071
0.0002276507791179394
5.307558598220044e-05
-0.0002010794153561898
0.0002073391921981336
0.0002099962651052661
-7.739974432491363e-05
-0.0001796978567626881
-0.0001852910231364304
-0.0001863905735124365
-7.41958226103572e-05
-0.0001649361107442307
0.0001864749094810689
-0.0001693712566049679
-6.640521743012387e-05
0.0001616370798218407
-0.0001628839282336927
-0.0001615957410267603
4.622264664640415e-05
-0.0001627900360568972
-0.0001679001863360094

0.007857981497146024
0.004671700559290046
0.00143564315086451
-0.001437155305383072
-0.001579558241228591
0.0008322608945688327
-0.001119778703338984
0.0008839224117163828
0.0006752118101767048
0.0004524268407712394
-0.0005783308659788265
8.629876170470438e-05
-0.000603664536839109
0.0002918148641243525
-0.0006046835376490051
-0.0004369845090275051
0.0003414840502282863
0.0004350407001527617
-0.0003191227827134661
-5.106229994849341e-05
0.0002796350100862115
0.0003410224103457579
-0.0002654367704993541
-0.000247101876557753
-0.000283599816391823
-0.0002260547372718441
4.014355885763955e-06
-0.0002629595699906313
0.0002292175730326372
0.0002133453379860865
-0.0002260833358826812
-0.000196605679114626
-2.731100513061369e-05
0.0001968030272003616
0.0002097480368235525
0.0001702992052425333
-3.528070914509015e-05
-0.0001874645292574107
-0.0001778253142266231
-0.0001575306965201465
0.0001765473118851314
-1.490362923903132e-05
-0.0001631327434906269
-0.000149542403507308
-0.0001590525653760743
-3.708227198701225e-05
0.0001404879745223611
-0.0001448614871861481
-0.0001467179019276773
5.407680984895552e-05
0.0001255493401842234
0.0001294571127109208
0.0001302253345845533
5.183832874233451e-05
0.0001152357643521668
-0.0001302842575199999
0.0001183344637271552
4.639527361839969e-05
-0.0001129308333807355
0.0001138019678407191
0.0001129019512418977
-3.229433501641056e-05
0.0001137363682778951
0.0001173066723836167

0.001532628432709892
0.0009111730676465003
0.0002800092508536247
-0.000280304182957026
-0.0003080785914942532
0.0001623249826827836
-0.0002184027386296999
0.0001724010957518216
0.0001316939749421173
8.824177559315605e-05
-0.0001127982203869093
1.683179528280396e-05
-0.0001177393244454595
5.691585784547528e-05
-0.0001179380713645144
-8.522988803584926e-05
6.660338470969323e-05
8.485076564272103e-05
-6.224202112075494e-05
-9.959241157392572e-06
5.454028714559366e-05
6.651334601338226e-05
-5.177104854488229e-05
-4.819499281405466e-05
-5.531358686335641e-05
-4.408993808609655e-05
7.829639165945506e-07
-5.128789292349018e-05
4.47068206808982e-05
4.161108436080821e-05
-4.40955159872962e-05
-3.834616484552861e-05
-5.326765277347976e-06
3.838465581013729e-05
4.090946320718987e-05
3.321532433194276e-05
-6.881184179613594e-06
-3.656326599497466e-05
-3.468322402367702e-05
-3.072494184401869e-05
3.443396119117349e-05
-2.906818491567734e-06
-3.181757058991968e-05
-2.916689732521321e-05
-3.10217686410979e-05
-7.232562766579346e-06
2.740091259884288e-05
-2.825392680635879e-05
-2.86160037617051e-05
1.054719413055919e-05
2.448726667836162e-05
2.524944247188053e-05
2.539927722096225e-05
1.01105985759084e-05
2.247569671359177e-05
-2.541076960821073e-05
2.308007008457445e-05
9.048979756007436e-06
-2.202614071202541e-05
2.219604763313943e-05
2.20205075112924e-05
-6.29871883505357e-06
2.218325302994325e-05
2.287960865099067e-05

-0.006499193550690605
-0.003863878549055539
-0.001187394334102411
0.001188645009596671
0.001306423887363515
-0.0006883478461280991
0.0009261485954866872
-0.0007310761471790247
-0.0005584554053280827
-0.0003741940098443671
0.0004783269387565221
-7.1376135933585e-05
0.0004992799570767553
-0.0002413547656737963
0.0005001227541099042
0.0003614219381726301
-0.0002824352459615122
-0.0003598142492124828
0.0002639406483768517
4.223269940623301e-05
-0.0002312810299642122
-0.0002820534320124431
0.0002195379242840183
0.0002043734670374279
0.0002345602491352703
0.0001869657610054288
-3.320200727427198e-06
0.0002174890768063482
-0.0001895816849275657
-0.0001764540480545266
0.0001869894143962032
0.0001626089807153836
2.258843552536152e-05
-0.0001627722037270742
-0.0001734787857019962
-0.0001408513747203602
2.918003273777677e-05
0.0001550485019563648
0.0001470760825526091
0.0001302907734297309
-0.0001460190700642676
1.232652062967746e-05
0.0001349241245714084
0.0001236838015949206
0.0001315494834759467
3.067007259186206e-05
-0.0001161950480917946
0.0001198123008568505
0.0001213477077192808
-4.472594570754533e-05
-0.0001038395753814365
-0.0001070716229514372
-0.000107707005288304
-4.287453870477817e-05
-9.530940442639505e-05
0.0001077557393763277
-9.78722823105873e-05
-3.83726868271228e-05
9.34030379492296e-05
-9.412353741415e-05
-9.337915005760399e-05
2.67100570214782e-05
-9.40692812090728e-05
-9.702221478703882e-05

-0.008927390951816903
-0.005307482248175236
-0.001631022887966396
0.001632740834817525
0.001794523689796643
-0.0009455250540383495
0.001272171774374047
-0.001004217297193915
-0.0007671028249332298
-0.0005139985740773489
0.0006570371464947652
-9.804334416861111e-05
0.0006858185306325733
-0.000331528571113976
0.0006869762094348593
0.00049645466248468
-0.0003879573426463261
-0.0004942463165159659
0.000362552882562662
5.801147721007785e-05
-0.0003176911347731344
-0.0003874328772079954
0.0003015606264910921
0.0002807304977441365
0.0003221955200215809
0.0002568190084015911
-4.560678136611866e-06
0.0002987462984839285
-0.0002604122812241577
-0.00024237995987147
0.0002568514990583944
0.000223362165136245
3.102781804418443e-05
-0.0002235863707437239
-0.0002382930943244364
-0.0001934755871511436
4.008213606889359e-05
0.0002129769767065722
0.0002020259403521611
0.0001789693848551265
-0.0002005740119473826
1.693189591577309e-05
0.0001853338263410592
0.0001698939480155853
0.0001806983680881493
4.212887743879934e-05
-0.0001596072824866441
0.0001645759958129087
0.0001666850539943465
-6.143623818966736e-05
-0.0001426356175532012
-0.0001470752071741917
-0.0001479479780003789
-5.889311741693403e-05
-0.0001309184451982284
0.0001480149198837493
-0.0001344388531773905
-5.270930531691696e-05
0.0001282998312569388
-0.0001292895202628216
-0.0001282670184862465
3.668933991828508e-05
-0.0001292149931156383
-0.0001332711875187263

0.005486993428374404
0.003262108758778319
0.001002466668717135
-0.001003522560985193
-0.001102958271472443
0.0005811428877570686
-0.0007819079732735966
0.0006172165798610703
0.000471480209840706
0.0003159161297381007
-0.0004038311444490598
6.025984389535235e-05
-0.000421520889019822
0.0002037655907352009
-0.0004222324268046549
-0.0003051332113986233
0.000238448097667046
0.0003037759078054636
-0.0002228338934406176
-3.565527665811751e-05
0.0001952607629890222
0.000238125748345854
-0.0001853465569889682
-0.0001725438489902238
-0.0001980292686354071
-0.0001578472611973168
2.803104636011467e-06
-0.0001836168019727319
0.0001600557748010131
0.0001489726678446777
-0.0001578672307518029
-0.0001372838647781392
-1.907045794500745e-05
0.0001374216670432077
0.0001464607800467899
0.0001189148409629971
-2.463546386534684e-05
-0.0001309008732665652
-0.0001241700977425728
-0.0001099989732588763
0.0001232777069356244
-1.040675849430045e-05
-0.0001139107150876867
-0.000104420987197031
-0.0001110616487582172
-2.589344130879513e-05
9.809855027652898e-05
-0.0001011524433473907
-0.0001024487222315735
3.776021875037582e-05
8.766734876860724e-05
9.039602943313965e-05
9.093245578814592e-05
3.619715435197153e-05
8.046568726889354e-05
-9.097359991143484e-05
8.262941635291392e-05
3.239643177376838e-05
-7.885622291756397e-05
7.946451005323673e-05
7.883605538393942e-05
-2.255016814090243e-05
7.941870384075528e-05
8.19117404014186e-05

0.005664709168565754
0.003367763719043682
0.001034935106737622
-0.001036025197821278
-0.001138681486412218
0.0005999652610298819
-0.000807232835795375
0.0006372073275775516
0.0004867507684027881
0.0003261481939035969
-0.0004169106481307777
6.221157263377393e-05
-0.0004351733378110008
0.0002103652619860901
-0.0004359079212702632
-0.0003150160325152553
0.000246171084896252
0.0003136147678318959
-0.0002300511592947698
-3.681009923367378e-05
0.0002015849752334673
0.0002458382951491798
-0.0001913496625142683
-0.0001781322934159247
-0.0002044431487528888
-0.0001629597045102156
2.893893120037391e-06
-0.0001895638832477574
0.00016523974865884
0.0001537976759807053
-0.000162980320849548
-0.0001417302895759426
-1.968812235334395e-05
0.0001418725550560589
0.0001512044317888233
0.0001227663197841769
-2.543337072507551e-05
-0.0001351405622488641
-0.0001281917866908162
-0.0001135616800869743
0.0001272704926429828
-1.074381827265709e-05
-0.000117600117546754
-0.0001078030311658204
-0.0001146587741008322
-2.673209222907612e-05
0.0001012758197049887
-0.0001044286239326787
-0.0001057668874053995
3.898321734015096e-05
9.050676674502833e-05
9.332382540934656e-05
9.387762583413766e-05
3.736952755825416e-05
8.307185389906491e-05
-9.392010255577065e-05
8.530566302249107e-05
3.344570510120551e-05
-8.141026133721643e-05
8.203825000890266e-05
8.138944060650788e-05
-2.328053530370708e-05
8.199096019978929e-05
8.456474259028828e-05

0.00802796494643462
0.004772758544141068
0.001466698909244202
-0.001468243774611387
-0.001613727163399562
0.0008502643191906867
-0.00114400169832812
0.000903043375605192
0.0006898179571290812
0.0004622137147887008
-0.0005908412893569886
8.816557205401774e-05
-0.0006167229768752462
0.0002981273881707523
-0.0006177640206577067
-0.0004464373353235717
0.0003488710155392881
0.0004444514780756552
-0.0003260260302423057
-5.216687697972528e-05
0.0002856840601601152
0.0003483993894866769
-0.0002711786849888859
-0.0002524471715699279
-0.0002897346329506376
-0.0002309447416556121
4.101194224639578e-06
-0.000268647897806908
0.0002341759957160969
0.0002179604133019795
-0.0002309739589101588
-0.0002008586429956265
-2.790179538091862e-05
0.0002010602601049839
0.0002142852955067203
0.0001739831088414562
-3.604389962039118e-05
-0.0001915197522575161
-0.0001816720222258847
-0.0001609383923988988
0.0001803663742038348
-1.522602377583066e-05
-0.0001666616225597026
-0.0001527772970447611
-0.0001624931822431687
-3.78844337765297e-05
0.0001435270031204022
-0.0001479951233839201
-0.0001498916959930963
5.524659660245185e-05
0.0001282652170169787
0.000132257522276847
0.0001330423622862831
5.295969278831149e-05
0.00011772853844596
-0.0001331025598396347
0.0001208942687255407
4.739889377747079e-05
-0.0001153737473269891
0.0001162637261225903
0.0001153442404112164
-3.29929244010391e-05
0.0001161967075134077
0.0001198442442528296

0.005310254042110458
0.003157034257144893
0.0009701766093080904
-0.0009711984906458782
-0.00106743131658913
0.0005624239228713882
-0.0007567222432166293
0.0005973356594735747
0.0004562935463226149
0.0003057402795918055
-0.0003908234983573231
5.831883777507329e-05
-0.0004079434455263894
0.0001972021774710395
-0.0004086320642476547
-0.0002953046855920481
0.0002307675398191821
0.0002939911015707932
-0.0002156562785811425
-3.450679857155002e-05
0.0001889712953848429
0.0002304555735651461
-0.0001793764319731717
-0.0001669861069640622
-0.0001916506257851849
-0.0001527629051776541
2.712814935564601e-06
-0.0001777023934151067
0.0001549002812186964
0.0001441741678594475
-0.0001527822315006804
-0.0001328618682291115
-1.845618692811011e-05
0.0001329952317996727
0.0001417431894910543
0.0001150845218121179
-2.384194063250361e-05
-0.0001266844767455029
-0.0001201705035834179
-0.0001064558396143469
0.0001193068572256439
-1.007155049136155e-05
-0.0001102415818663143
-0.0001010575238666792
-0.0001074842856913278
-2.505939785951641e-05
9.493873647402252e-05
-9.78942617968485e-05
-9.914878675196034e-05
3.654393920234128e-05
8.484353029334336e-05
8.748431849867844e-05
8.800346623544517e-05
3.503122205622993e-05
7.787383867843829e-05
-8.80432850815665e-05
7.996787273632735e-05
3.135292305746507e-05
-7.631621615002144e-05
7.6904909988126e-05
7.62966982249009e-05
-2.182381354810308e-05
7.686057922153065e-05
7.927331356250765e-05

-0.0005344157661499409
-0.0003177190522170479
-9.763707571274223e-05
9.773991627254856e-05
0.0001074246392629157
-5.660147504393455e-05
7.615535794782328e-05
-6.011493830137116e-05
-4.592067784599947e-05
-3.076922958206748e-05
3.933187332417335e-05
-5.869117771637444e-06
4.10547983690053e-05
-1.984612260050418e-05
4.1124099893557e-05
2.971900751770746e-05
-2.322408883207262e-05
-2.958681045033228e-05
2.170331483746792e-05
3.472710919232542e-06
-1.901777933834619e-05
-2.319269303001315e-05
1.805216710194984e-05
1.680522392747897e-05
1.928742301213452e-05
1.537382286462259e-05
-2.730135057032446e-07
1.788369444670748e-05
-1.558892508869045e-05
-1.450946560458914e-05
1.537576783594109e-05
1.3371013239387e-05
1.85740215047326e-06
-1.338443474318934e-05
-1.426481569573122e-05
-1.158192854961849e-05
2.399416086038494e-06
1.274933010024252e-05
1.209377390082819e-05
1.071355129856463e-05
-1.200685786509774e-05
1.013585287910775e-06
1.109454255248496e-05
1.017027313834611e-05
1.081705252351251e-05
2.52193910124213e-06
-9.554487824446333e-06
9.85192732869863e-06
9.978180782812745e-06
-3.677725606361223e-06
-8.538521864486988e-06
-8.804286711305379e-06
-8.856532937794083e-06
-3.525488088866579e-06
-7.8371028636782e-06
8.860540244980482e-06
-8.047843217436263e-06
-3.155309758037941e-06
7.680346137861162e-06
-7.739591376620388e-06
-7.678381884013359e-06
2.196314892870585e-06
-7.735129996727079e-06
-7.977943854799716e-06

0.006417685896473483
0.003815420894384253
0.001172502990114657
-0.001173737980644041
-0.001290039770528044
0.0006797151415027908
-0.0009145335852723013
0.000721907578594946
0.000551451707143696
0.0003695011697670085
-0.0004723281473027448
7.048099388835949e-05
-0.0004930183897329224
0.0002383278884726389
-0.0004938506170838249
-0.0003568892751378711
0.0002788931704428313
0.0003553017485184864
-0.000260630517214528
-4.170305088397206e-05
0.0002283804894478482
0.0002785161448969483
-0.0002167846563468697
-0.0002018103795169948
-0.0002316185832915347
-0.0001846209869222626
3.278561442381397e-06
-0.0002147615038651183
0.0001872041040322921
0.0001742411034142635
-0.0001846443436712896
-0.0001605696697655039
-2.23051495487596e-05
0.0001607308457656143
0.0001713031544072735
0.000139084930151867
-2.881408025460549e-05
-0.0001531040084455223
-0.000145231572708939
-0.000128656771422281
0.0001441878164204141
-1.217193132973529e-05
-0.0001332320148034383
-0.0001221326589101604
-0.0001298996957402395
-3.028543322819684e-05
0.0001147378233257036
-0.0001183097114181733
-0.0001198258624435896
4.416502889704369e-05
0.0001025373030089792
0.0001057288168398951
0.0001063562307228895
4.233684075066928e-05
9.411411059196348e-05
-0.0001064043536272247
9.664484692462759e-05
3.789144747564719e-05
-9.223165222869991e-05
9.294311576930908e-05
9.220806391977194e-05
-2.637508098562526e-05
9.288954000187064e-05
9.580544026373012e-05

-0.004508138872833026
-0.002680163461980484
-0.0008236311956548077
0.0008244987215672119
0.0009061955556617096
-0.0004774696520356291
0.0006424191636651524
-0.0005071079623022453
-0.0003873702947708085
-0.0002595581357291786
0.0003317895135315699
-4.950976309369161e-05
0.0003463234885018802
-0.0001674147404275663
0.0003469080911971495
0.0002506988407504074
-0.0001959100465998125
-0.0002495836739162045
0.0001830813450604036
2.92945382243078e-05
-0.0001604271350896439
-0.0001956452029246063
0.0001522815781383542
0.0001417628147463261
0.0001627017519789974
0.000129688031061578
-2.303043577357639e-06
0.0001508604035131305
-0.0001315025559299329
-0.0001223966246117983
0.000129704438138796
0.0001127930506019019
1.566837538751714e-05
-0.0001129062695725818
-0.0001203328461193214
-9.770097670060195e-05
2.024060968021486e-05
0.0001075487556097717
0.0001020187196839024
9.037565905504101e-05
-0.0001012855273192606
8.550240331205271e-06
9.358956401578331e-05
8.57927602187694e-05
9.12487581010545e-05
2.127416969591191e-05
-8.059821715536456e-05
8.310730965673499e-05
8.417233831115171e-05
-3.102396826556419e-05
-7.202789433248041e-05
-7.426979083480216e-05
-7.471052117919735e-05
-2.973974741361842e-05
-6.611097633727526e-05
7.474432537889646e-05
-6.788870603958118e-05
-2.661705637647129e-05
6.478863307199145e-05
-6.528840456216814e-05
-6.477206333421969e-05
1.852732118453411e-05
-6.525076996868182e-05
-6.729906019851086e-05

-0.003575126811893021
-0.00212547228989024
-0.000653171087617116
0.0006538590688963366
0.0007186477877573261
-0.0003786517236957246
0.0005094630048629777
-0.0004021560390423288
-0.0003071994820992479
-0.000205839544092664
0.0002631217935365756
-3.926313862099564e-05
0.0002746477924166496
-0.0001327663020355479
0.0002751114047474387
0.0001988137838162816
-0.0001553641713521745
-0.0001979294137999337
0.0001451905196237828
2.323169094876237e-05
-0.0001272248633400425
-0.0001551541401727845
0.0001207651246594525
0.0001124233423648964
0.0001290287216632671
0.0001028475763743603
-1.826401775683185e-06
0.0001196380787431004
-0.000104286564100915
-9.706521175995478e-05
0.0001028605878150657
8.944920970207109e-05
1.24256218645521e-05
-8.953899668270139e-05
-9.542855636172952e-05
-7.748061699150311e-05
1.605157879959538e-05
8.529028288887417e-05
8.090475256980934e-05
7.16713594998758e-05
-8.03233029394904e-05
6.780668102402034e-06
7.422010924342266e-05
6.803694517326779e-05
7.236376048771157e-05
1.687123148289637e-05
-6.391747354531547e-05
6.590728001051207e-05
6.675188852974187e-05
-2.460319521785754e-05
-5.712087925774279e-05
-5.889878906066202e-05
-5.924830510609353e-05
-2.358475888976649e-05
-5.242853663807094e-05
5.927511313133444e-05
-5.383834438851135e-05
-2.110834528160958e-05
5.137986777590682e-05
-5.177620571151831e-05
-5.136672733914705e-05
1.469287539444373e-05
-5.174636003727813e-05
-5.337073264996509e-05

0.004555486752060777
0.002708312562858938
0.0008322815925213676
-0.0008331582298461131
-0.0009157131057942677
0.0004824843989314782
-0.0006491663349107889
0.0005124339931170933
0.0003914387501692711
0.0002622842113026166
-0.0003352742175875537
5.002975201807652e-05
-0.0003499608393400357
0.000169173056472005
-0.0003505515819741698
-0.0002533318693170497
0.0001979676418708213
0.000252204990158401
-0.0001850042036189189
-2.960221158950954e-05
0.0001621120620254175
0.0001977000166072614
-0.0001538809542830409
-0.0001432517148935514
-0.0001644105686592512
-0.0001310501127110071
2.327231880387152e-06
-0.0001524448534085685
0.0001328836950900219
0.000123682126403883
-0.0001310666921077644
-0.0001139776884065596
-1.583293649942267e-05
0.0001140920964884039
0.0001215966725509598
9.872710614682519e-05
-2.045319184985233e-05
-0.000108678313867648
-0.0001030901973279826
-9.132485248291189e-05
0.0001023493044233709
-8.64004141275692e-06
-9.457251230087551e-05
-8.669382058179454e-05
-9.220712147451119e-05
-2.149760709343268e-05
8.144472050396461e-05
-8.398016538978969e-05
-8.505637977949989e-05
3.134980541123364e-05
7.278438567803068e-05
7.504982827063591e-05
7.549518749794983e-05
3.005209670198234e-05
6.68053237412622e-05
-7.552934673489626e-05
6.860172450353006e-05
2.689660880513626e-05
-6.546909222830029e-05
6.597411269613452e-05
6.545234846263008e-05
-1.872190910442729e-05
6.593608283572396e-05
6.800588575651406e-05

0.002349364361274813
0.001396736147130477
0.0004292258584949242
-0.000429677959576565
-0.0004722533184695775
0.0002488277792068961
-0.0003347893067825533
0.000264273441337645
0.0002018735426796469
0.0001352657162883552
-0.0001729082622616968
2.580143962477614e-05
-0.0001804824749880184
8.724625301206495e-05
-0.0001807871339119611
-0.0001306487973166027
0.0001020962517971798
0.0001300676410366361
-9.541072256917546e-05
-1.526650931251681e-05
8.360474341914335e-05
0.0001019582315831842
-7.93597807540823e-05
-7.387804903839613e-05
-8.479013366691854e-05
-6.758541536867097e-05
1.200204486980923e-06
-7.86191520578987e-05
6.853103398833677e-05
6.378558334486243e-05
-6.75939657269302e-05
-5.878079197616986e-05
-8.165392365425419e-06
5.883979473144506e-05
6.271006908576967e-05
5.09157324556833e-05
-1.05481593124247e-05
-5.60477883793277e-05
-5.316587420423412e-05
-4.709822800494782e-05
5.278377949507341e-05
-4.455858721548488e-06
-4.877311735247402e-05
-4.470990335458502e-05
-4.755323346073795e-05
-1.108678714413297e-05
4.200282739917795e-05
-4.331041189648353e-05
-4.386543924480871e-05
1.616778174862133e-05
3.753650291967615e-05
3.870484131669104e-05
3.893452283124167e-05
1.549852492520582e-05
3.445296963497371e-05
-3.895213949838779e-05
3.537941288003088e-05
1.387117065753824e-05
-3.376384575736128e-05
3.402429588120804e-05
3.375521063042364e-05
-9.6552988558419e-06
3.400468304868849e-05
3.507212577911341e-05

0.0004802622908743989
0.0002855239114142212
8.774330516853713e-05
-8.783572467772479e-05
-9.653907428730545e-05
5.086592835282764e-05
-6.843837511373446e-05
5.40233649774212e-05
4.126743883250013e-05
2.765131873634961e-05
-3.534629175185528e-05
5.274387705168521e-06
-3.689462917253069e-05
1.78350731936118e-05
-3.695690822778676e-05
-2.670751788591545e-05
2.087074299161862e-05
2.658871662589391e-05
-1.950407222922886e-05
-3.12081380689566e-06
1.709066769901136e-05
2.084252859234592e-05
-1.622290298453135e-05
-1.510231518847096e-05
-1.733298781135663e-05
-1.381596101044559e-05
2.45348472095964e-07
-1.607150201829478e-05
1.400926647298382e-05
1.303919089218141e-05
-1.381770889370423e-05
-1.20161003032342e-05
-1.669187678144128e-06
1.202816177776826e-05
1.281933187396238e-05
1.04083073335949e-05
-2.156278199926986e-06
-1.145741362609811e-05
-1.086828631714815e-05
-9.627924578509478e-06
1.079017766642435e-05
-9.108765556758425e-07
-9.970309186126521e-06
-9.139697938651333e-06
-9.720937806331688e-06
-2.266385699914357e-06
8.586311447657149e-06
-8.853610780423926e-06
-8.96707070609488e-06
3.305053923921795e-06
7.673295458454419e-06
7.912129793522133e-06
7.959081799852902e-06
3.168242954753422e-06
7.042952722478527e-06
-7.962683038153855e-06
7.232338312288704e-06
2.835575573936292e-06
-6.902080485877824e-06
6.955322279781726e-06
6.900315274020188e-06
-1.973757678468696e-06
6.951312980917211e-06
7.169521999296693e-06

-0.002881287316602774
-0.001712973181896395
-0.000526407500864675
0.0005269619628008338
0.000579176869777513
-0.0003051652336540726
0.0004105894340046706
-0.0003241079703056124
-0.0002475800210764485
-0.0001658914211592428
0.0002120566699666956
-3.164318058379451e-05
0.0002213457710620504
-0.0001069998023160285
0.0002217194082499683
0.0001602291789399011
-0.0001252120106292135
-0.0001595164422328447
0.0001170128011379544
1.872302158660033e-05
-0.0001025338133122336
-0.0001250427410605897
9.732774256054909e-05
9.060488410326956e-05
0.000103987589466507
8.288752621724778e-05
-1.471944506637146e-06
9.641942705878575e-05
-8.404724370516094e-05
-7.822736877387629e-05
8.289801247440305e-05
7.208943541173406e-05
1.001413056458415e-05
-7.216179706548218e-05
-7.690834578848249e-05
-6.244363648236097e-05
1.29363831942617e-05
6.873764854989271e-05
6.52032360521728e-05
5.776180537253356e-05
-6.473463073177731e-05
5.464716086868087e-06
5.981590881994933e-05
5.483273671189097e-05
5.831982926628884e-05
1.359696252603811e-05
-5.151274780597582e-05
5.311638438512567e-05
5.379707627159241e-05
-1.982835240789226e-05
-4.603519639388275e-05
-4.746805996341039e-05
-4.774974399915224e-05
-1.900756818699796e-05
-4.22535159146824e-05
4.77713492811954e-05
-4.338971650389577e-05
-1.701176230506136e-05
4.140836651135843e-05
-4.172778552138411e-05
-4.139777629295059e-05
1.184136892084727e-05
-4.170373211931736e-05
-4.301285608963583e-05

-0.004520911587235017
-0.002687757052908567
-0.0008259647542098118
0.0008268347380457806
0.0009087630402383781
-0.0004788224460980885
0.0006442393020270031
-0.0005085447293043633
-0.0003884678142314056
-0.000260293530541025
0.000332729558374222
-4.965003695877054e-05
0.0003473047118258426
-0.0001678890693527306
0.0003478909708504175
0.0002514091349059831
-0.0001964651100404245
-0.0002502908085178425
0.0001836000614971825
2.937753716927338e-05
-0.0001608816663355977
-0.0001961995159950672
0.0001527130309309397
0.0001421644651826825
0.0001631627277983434
0.0001300554705368423
-2.309568690868362e-06
0.00015128782975329
-0.0001318751364198979
-0.0001227434056613634
0.0001300719240995445
0.0001131126222615723
1.571276791614238e-05
-0.0001132261620106791
-0.0001206737799547404
-9.797778864167066e-05
2.029795652201141e-05
0.0001078534688358154
0.000102307764899027
9.06317164912686e-05
-0.0001015724952122261
8.574465356409104e-06
9.385472726959937e-05
8.603583312640737e-05
9.150728925094273e-05
2.133444487848909e-05
-8.0826572589397e-05
8.334277399377115e-05
8.441082014769061e-05
-3.111186712969453e-05
-7.223196784246253e-05
-7.448021621294508e-05
-7.492219525949744e-05
-2.982400775048386e-05
-6.629828570003491e-05
7.495609523517942e-05
-6.808105216681534e-05
-2.669246932821264e-05
6.497219589690791e-05
-6.547338336799372e-05
-6.495557921281991e-05
1.857981384032679e-05
-6.543564214604405e-05
-6.748973570775691e-05

-0.002909911934191404
-0.001729990992646758
-0.0005316371818205277
0.0005321971521490272
0.0005849307966135306
-0.0003081969473136003
0.0004146685015335119
-0.0003273278736641132
-0.0002500396450733127
-0.000167539496470799
0.0002141633814529356
-3.19575449091729e-05
0.0002235447666342751
-0.0001080628092593775
0.0002239221157816742
0.0001618210017849551
-0.0001264559497189206
-0.0001611011842791032
0.0001181752838470834
1.890902849050803e-05
-0.0001035524521612952
-0.0001262849985142415
9.829466085278521e-05
9.150501306444984e-05
0.0001050206710912592
8.371098583102327e-05
-1.486567778801574e-06
9.737732154289252e-05
-8.48822247209744e-05
-7.900453129536701e-05
8.372157626559505e-05
7.280561963570564e-05
1.01136175738275e-05
-7.287870017807562e-05
-7.76724042615534e-05
-6.306399294764228e-05
1.306490179766228e-05
6.942053390199611e-05
6.585100820830345e-05
5.83356494249833e-05
-6.537774745213859e-05
5.519006197860978e-06
6.041015969726308e-05
5.537748145522361e-05
5.889921709790106e-05
1.373204376227527e-05
-5.20245095793971e-05
5.364407774703773e-05
5.433153207778914e-05
-2.002534040066282e-05
-4.649254054169559e-05
-4.793963912745336e-05
-4.822412159907672e-05
-1.919640196539877e-05
-4.267329034254674e-05
4.824594152231225e-05
-4.38207787013608e-05
-1.718076842524146e-05
4.181974466498485e-05
-4.214233699512877e-05
-4.180904923633368e-05
1.195900892680369e-05
-4.211804463062444e-05
-4.344017430600351e-05

0.000436241563013723
0.0002593528573028974
7.970077459341717e-05
-7.978472295235877e-05
-8.76903255976266e-05
4.620356940443291e-05
-6.216532985623281e-05
4.907159613575315e-05
3.748487516087595e-05
2.511680540850285e-05
-3.210645901946142e-05
4.790938577027622e-06
-3.351287619885455e-05
1.620031460783458e-05
-3.356944677060902e-05
-2.42595131205597e-05
1.895773563096576e-05
2.415160115587246e-05
-1.771633358704936e-05
-2.834760752326826e-06
1.55241411446028e-05
1.893210735684436e-05
-1.473591553836484e-05
-1.371804055435275e-05
-1.57442502528254e-05
-1.254959329568446e-05
2.228598892395534e-07
-1.459839194885102e-05
1.272518042532054e-05
1.184402174254536e-05
-1.255118096838167e-05
-1.091470739470749e-05
-1.516190330810824e-06
1.092566331735113e-05
1.16443149498747e-05
9.45428434796428e-06
-1.958634250704377e-06
-1.040722980610798e-05
-9.872101766822913e-06
-8.745431291433914e-06
9.801152536521832e-06
-8.273858262685913e-07
-9.056433006990856e-06
-8.301955389767304e-06
-8.829918948814966e-06
-2.058649323315332e-06
7.799292173512676e-06
-8.042090912731772e-06
-8.14515112847748e-06
3.002113463856643e-06
6.969963013685412e-06
7.186905850157278e-06
7.229554246700634e-06
2.877842555724555e-06
6.397397343625633e-06
-7.232825396352321e-06
6.569423895121422e-06
2.575667388260848e-06
-6.269437422874952e-06
6.317799086565994e-06
6.267834009916155e-06
-1.792843517024435e-06
6.314157279079763e-06
6.512365310502822e-06

0.00387163160903381
0.002301749318174312
0.0007073421341341426
-0.0007080871734594436
-0.000778249174711254
0.0004100553796854587
-0.0005517155550115868
0.0004355090363062152
0.0003326772133560464
0.0002229109419691165
-0.0002849439212876294
4.251944519818216e-05
-0.0002974258342206713
0.0001437773367549681
-0.000297927896454551
-0.0002153024970119259
0.000168249370824352
0.0002143447813587711
-0.0001572319625803166
-2.515842199198533e-05
0.0001377763162760399
0.0001680219206118612
-0.0001307808361775934
-0.0001217472243068686
-0.0001397297784243119
-0.0001113772877310703
1.977875252426523e-06
-0.0001295603181864442
0.0001129356185709381
0.0001051153600306624
-0.0001113913782816575
-9.686772131644843e-05
-1.345614656595242e-05
9.696495482191152e-05
0.0001033429678592953
8.390650782894789e-05
-1.73828239179248e-05
-9.236387198274817e-05
-8.761462567661134e-05
-7.761545687806821e-05
8.698495325200865e-05
-7.343025950379267e-06
-8.037558836147609e-05
-7.367962071681789e-05
-7.836528246234138e-05
-1.827045487595185e-05
6.921849880243755e-05
-7.137333078795861e-05
-7.228798730570351e-05
2.664367260255526e-05
6.185822582135728e-05
6.378358739681853e-05
6.416209071725546e-05
2.554077178612998e-05
5.677672159432082e-05
-6.419112207848737e-05
5.830345240317816e-05
2.285897566899393e-05
-5.564108089462932e-05
5.607028930042518e-05
5.562685064966108e-05
-1.591143581689965e-05
5.603796836137429e-05
5.779705906863408e-05

0.002509772556303061
0.001492101484233774
0.000458532230190739
-0.0004590151995020662
-0.0005044974878545553
0.0002658170617520449
-0.0003576478081290402
0.0002823173115936712
0.0002156569179360492
0.0001445012907086675
-0.0001847139671204103
2.756309159649565e-05
-0.0001928053264470468
9.320318936442476e-05
-0.0001931307866518791
-0.0001395691410936956
0.0001090671055905944
0.0001389483050468928
-0.0001019251066493666
-1.630886495711252e-05
8.931304742200067e-05
0.0001089196617325912
-8.477825027648092e-05
-7.892224086057149e-05
-9.057937288492328e-05
-7.219996331542498e-05
1.282151178007225e-06
-8.398705347161798e-05
7.321014619704216e-05
6.814068911807906e-05
-7.220909746885239e-05
-6.279418423605291e-05
-8.722903100084418e-06
6.285721553864752e-05
6.699174167683969e-05
5.439211988895659e-05
-1.126835887962056e-05
-5.987457860284197e-05
-5.679589518300884e-05
-5.031396663954823e-05
5.638771208856876e-05
-4.760092609917444e-06
-5.210321286655009e-05
-4.776257369180215e-05
-5.080003862766641e-05
-1.184376275156422e-05
4.487066596872442e-05
-4.626752877148983e-05
-4.68604518743383e-05
1.727167381860133e-05
4.009939302742857e-05
4.134750238570541e-05
4.159286592802203e-05
1.65567219634432e-05
3.680532449468663e-05
-4.161168541320254e-05
3.779502275935838e-05
1.48182563819894e-05
-3.606914911702736e-05
3.634738206544369e-05
3.605992440716418e-05
-1.031453634469339e-05
3.632643012217852e-05
3.746675493274723e-05

0.001814269587140188
0.001078613413384374
0.0003314647288932825
-0.0003318138587499435
-0.0003646921896186333
0.0001921543885196809
-0.0002585371887848543
0.0002040821233227418
0.0001558945197981638
0.0001044573925142619
-0.0001335264153817577
1.992486477928379e-05
-0.0001393755139815147
6.73749146964234e-05
-0.0001396107833289583
-0.0001008920299784077
7.884265533683474e-05
0.0001004432387302277
-7.367983234001212e-05
-1.178938610121148e-05
6.456280082655693e-05
7.873607081517955e-05
-6.128467726740372e-05
-5.705147304392117e-05
-6.547820480172931e-05
-5.219205911981852e-05
9.268441008857653e-07
-6.071273528129995e-05
5.292230221490525e-05
4.925768257495472e-05
-5.219866203556316e-05
-4.539279004492811e-05
-6.305630271679856e-06
4.543835424357524e-05
4.842712906739282e-05
3.931908835596035e-05
-8.145694621186216e-06
-4.328225947375553e-05
-4.105673442245565e-05
-3.637106448282629e-05
4.076166618117263e-05
-3.440985611407399e-06
-3.766447850370553e-05
-3.452670826086373e-05
-3.672243720901056e-05
-8.56164376469349e-06
3.243620001236151e-05
-3.344596709029504e-05
-3.387458057175293e-05
1.248538336647127e-05
2.898713233983532e-05
2.988936821951395e-05
3.00667371255264e-05
1.196855748764096e-05
2.660590925175727e-05
-3.008034139397054e-05
2.732134438452598e-05
1.071185188505582e-05
-2.607374126899525e-05
2.627487087938885e-05
2.606707289160859e-05
-7.456193410287563e-06
2.625972509521833e-05
2.7084045457674e-05

-0.003458636667116463
-0.002056216963352579
-0.0006318884874284938
0.000632554051869858
0.0006952317275045085
-0.0003663139252245328
0.0004928629170009523
-0.0003890523877102554
-0.0002971898477486505
-0.0001991325712903327
0.0002545483645545634
-3.798380814040498e-05
0.0002656988060494095
-0.0001284403112219598
0.0002661473122675847
0.0001923357348745953
-0.0001503018628617888
-0.0001914801807286316
0.0001404597043153839
2.247472114475728e-05
-0.0001230794319946929
-0.0001500986752333557
0.0001168301742099101
0.000108760196379447
0.0001248245143000573
9.949644236083791e-05
-1.766891213271037e-06
0.0001157398513942628
-0.0001008885428307675
-9.390248742439345e-05
9.950902984329267e-05
8.653464137014797e-05
1.202075161348145e-05
-8.662150277672445e-05
-9.231915998742493e-05
-7.495602730119014e-05
1.552856218042065e-05
8.251122694910988e-05
7.826859255765679e-05
6.933605575156634e-05
-7.770608859139682e-05
6.559730202716154e-06
7.180175830764478e-05
6.582006336444956e-05
7.000589589173733e-05
1.632150771044943e-05
-6.183481854065894e-05
6.375979014674018e-05
6.457687836420177e-05
-2.380153700440644e-05
-5.525968108362965e-05
-5.697966036234971e-05
-5.731778795166343e-05
-2.281628489648651e-05
-5.072023141008303e-05
5.734372247762221e-05
-5.208410268957043e-05
-2.042056151133267e-05
4.970573184987843e-05
-5.008915570835603e-05
-4.96930195745376e-05
1.421413008778853e-05
-5.006028251064505e-05
-5.163172737814899e-05

-0.0001435181172162935
-8.53239052182302e-05
-2.622057612143664e-05
2.624819410067658e-05
2.884904029069291e-05
-1.520040695757349e-05
2.045163013693091e-05
-1.614395253297329e-05
-1.233206361635553e-05
-8.2631205468211e-06
1.056263075241201e-05
-1.576159959462928e-06
1.102532473371554e-05
-5.329704567277401e-06
1.104393575714991e-05
7.981081911588359e-06
-6.236862222953843e-06
-7.945580200349143e-06
5.828456194836197e-06
9.326014768579834e-07
-5.107251801233597e-06
-6.228430835498596e-06
4.847935256145412e-06
4.513066885830214e-06
5.17966499491231e-06
4.128662086181551e-06
-7.331816685637568e-08
4.802691683967729e-06
-4.186428095627448e-06
-3.896537709557945e-06
4.129184411002299e-06
3.59080470104007e-06
4.988080001291924e-07
-3.594409065052624e-06
-3.830836627152207e-06
-3.110343452552769e-06
6.443666165956826e-07
3.423850806177786e-06
3.247800252581583e-06
2.877139501617487e-06
-3.224458827068629e-06
2.721997766042798e-07
2.979455246949912e-06
2.73124137582544e-06
2.904934903394098e-06
6.772703473054085e-07
-2.565871350336223e-06
2.645749153991646e-06
2.679654699398139e-06
-9.876584638725643e-07
-2.293032240856703e-06
-2.36440377001298e-06
-2.378434568756524e-06
-9.467748611338335e-07
-2.104665166476154e-06
2.379510736826443e-06
-2.161259789444025e-06
-8.473629417281911e-07
2.062567923883405e-06
-2.078478317361017e-06
-2.062040420716406e-06
5.898235011122076e-07
-2.077280207422137e-06
-2.142488215776252e-06

0.001904103450126843
0.001132021137506476
0.0003478772605541077
-0.0003482436776342823
-0.0003827499845718931
0.0002016689453048542
-0.0002713387010621933
0.0002141872838978952
0.000163613663100434
0.0001096296178293795
-0.0001401379982410445
2.091144780161619e-05
-0.0001462767159393235
7.071099490107676e-05
-0.0001465236346879524
-0.0001058877157694373
8.274656264323368e-05
0.0001054167025472651
-7.732810159956558e-05
-1.237313953191011e-05
6.775963874116318e-05
8.263470057111923e-05
-6.431919834399866e-05
-5.987638630319114e-05
-6.872036909772678e-05
-5.477635768336697e-05
9.727369420374257e-07
-6.371893655449947e-05
5.554275888784244e-05
5.169668499159101e-05
-5.478328754359956e-05
-4.764042165952259e-05
-6.617854612476093e-06
4.768824197711962e-05
5.08250064877534e-05
4.126597961244779e-05
-8.549030056954706e-06
-4.54253878130385e-05
-4.308966551547008e-05
-3.817198384265745e-05
4.277998692071143e-05
-3.611366591249527e-06
-3.952944147577284e-05
-3.623630401293322e-05
-3.854075484832049e-05
-8.985574992085255e-06
3.404228389777937e-05
-3.510204976199235e-05
-3.555188611188603e-05
1.31035992185331e-05
3.04224350608065e-05
3.136934530143683e-05
3.155549665858166e-05
1.256118261960194e-05
2.792330531201674e-05
-3.156977454466522e-05
2.867416533541707e-05
1.124225102826633e-05
-2.736478694230743e-05
2.757587551910889e-05
2.735778837909913e-05
-7.825388077922042e-06
2.755997978889348e-05
2.842511651238579e-05

0.001390582495715598
0.0008267243980320687
0.0002540576401728258
-0.0002543252375965526
-0.0002795254789049604
0.0001472804984685881
-0.0001981608972360639
0.0001564227446641315
0.0001194884111743965
8.006341648894507e-05
-0.0001023439389943297
1.527180325788729e-05
-0.0001068270952938181
5.164082432472039e-05
-0.0001070074220978546
-7.733067447068587e-05
6.043049897561128e-05
7.698668961949462e-05
-5.647335206714914e-05
-9.036206120512375e-06
4.948542451473022e-05
6.034880517928528e-05
-4.697284244177725e-05
-4.372822006828789e-05
-5.018705383894647e-05
-4.000362699226737e-05
7.103978328714891e-07
-4.653446629300506e-05
4.056333612968077e-05
3.775451655794401e-05
-4.000868792650636e-05
-3.479219390304361e-05
-4.833073950202742e-06
3.482711747643002e-05
3.711792253819085e-05
3.013688616226329e-05
-6.243427347268234e-06
-3.317453636760634e-05
-3.146873905829978e-05
-2.787731546560948e-05
3.124257821964423e-05
-2.637410885983931e-06
-2.886867800064885e-05
-2.646367247875292e-05
-2.814663198062147e-05
-6.562239723425954e-06
2.486136144508831e-05
-2.563531721951206e-05
-2.596383642578826e-05
9.569666870227235e-06
2.221775590490344e-05
2.290929228416513e-05
2.304524015967746e-05
9.173535542484845e-06
2.039262078267605e-05
-2.305566741795605e-05
2.094098006704106e-05
8.210308894357017e-06
-1.998473019857894e-05
2.013888993182703e-05
1.997961908998895e-05
-5.714945625783037e-06
2.012728114859551e-05
2.075909765206099e-05

0.002063120176829727
0.00122655922357102
0.0003769294127697615
-0.0003773264303116873
-0.000414714450414518
0.0002185108535307904
-0.0002939989152788387
0.000232074631764682
0.0001772774738291067
0.0001187850778311489
-0.0001518412939655284
2.265781824161469e-05
-0.0001584926722519969
7.661625753284805e-05
-0.0001587602118397772
-0.0001147306796108116
8.965694744218032e-05
0.0001142203308258093
-8.378597635298981e-05
-1.340645321413208e-05
7.341842579628783e-05
8.9535743471871e-05
-6.969066510127117e-05
-6.48768220495085e-05
-7.445938929171754e-05
-5.935087651996604e-05
1.053972782692532e-06
-6.904027385851023e-05
6.018128192072671e-05
5.601401219784841e-05
-5.935838511121765e-05
-5.161899956214248e-05
-7.170529194414673e-06
5.167081348124799e-05
5.506953751139052e-05
4.47122109617307e-05
-9.262982219608318e-06
-4.921898236730401e-05
-4.66881977089555e-05
-4.135982740335444e-05
4.63526570338116e-05
-3.912961388646086e-06
-4.283064992190942e-05
-3.926249381975244e-05
-4.17593954532717e-05
-9.735984179507606e-06
3.688524526868039e-05
-3.803351498954456e-05
-3.852091836548295e-05
1.419791552556762e-05
3.29630932594811e-05
3.398908248448223e-05
3.419077983490986e-05
1.36102002785668e-05
3.025525456042434e-05
-3.420625010511743e-05
3.106882089482846e-05
1.218112121368121e-05
-2.965009284108422e-05
2.987880998452253e-05
2.96425098093097e-05
-8.478906980608414e-06
2.986158675973642e-05
3.079897334438927e-05

3.152048537322598e-05
1.873945226316462e-05
5.758752289630419e-06
-5.764817949723599e-06
-6.336034572761688e-06
3.338423151627115e-06
-4.491734709913508e-06
3.545651444953571e-06
2.708456871987001e-06
1.814806209756527e-06
-2.319841247945426e-06
3.461676331428716e-07
-2.421461441541372e-06
1.17054820755182e-06
-2.425548928995674e-06
-1.752862847825693e-06
1.369784723284386e-06
1.745065705629547e-06
-1.280087641926402e-06
-2.048246714894118e-07
1.121691524533381e-06
1.367932961102303e-06
-1.064738552172786e-06
-9.911923422953599e-07
-1.137595433087547e-06
-9.067665840945198e-07
1.610266530001184e-08
-1.054801832098142e-06
9.194535722311239e-07
8.557857520861969e-07
-9.068813008327343e-07
-7.886384608199505e-07
-1.095518153210418e-07
7.894300772654052e-07
8.41356005909093e-07
6.831160915888652e-07
-1.415204498788968e-07
-7.519708407142731e-07
-7.133053466748736e-07
-6.318981557060325e-07
7.081789342496675e-07
-5.978248073265197e-08
-6.543694785893719e-07
-5.998549556728442e-07
-6.38002782584289e-07
-1.487470048417684e-07
5.63535196371678e-07
-5.8107853648333e-07
-5.88525117225475e-07
2.169166845851087e-07
5.036123007389726e-07
5.192874313996751e-07
5.223689767603285e-07
2.079375324979761e-07
4.622417635085954e-07
-5.226053325620514e-07
4.74671483325745e-07
1.861039688209928e-07
-4.52996063067558e-07
4.5649041857813e-07
4.528802090186585e-07
-1.295412969488875e-07
4.562272810239771e-07
4.70548734743788e-07

-0.001211977435510271
-0.0007205407222423089
-0.0002214267245251974
0.0002216599519966478
0.0002436234988766916
-0.0001283639348147458
0.0001727093047628966
-0.0001363319598208658
-0.0001041414361208618
-6.978014932117944e-05
8.919898323507709e-05
-1.331030773444398e-05
9.310632730966133e-05
-4.500812718809111e-05
9.326349311477791e-05
6.739839802385934e-05
-5.26688645950189e-05
-6.709859425162995e-05
4.921996977804073e-05
7.875604614914478e-06
-4.312956482860737e-05
-5.25976634702573e-05
4.093969634782654e-05
3.811181010912785e-05
4.374107756637517e-05
3.486560013703481e-05
-6.19155027715508e-07
4.055762480426624e-05
-3.535342077845411e-05
-3.290536325446222e-05
3.487001104981365e-05
3.032351843367252e-05
4.212318643334053e-06
-3.03539564573399e-05
-3.235053275005145e-05
-2.626613388110518e-05
5.441527624897363e-06
2.891363125519251e-05
2.742692488947527e-05
2.429678024209812e-05
-2.722981192847791e-05
2.29866440274448e-06
2.516081313952287e-05
2.306470418244956e-05
2.453150600645224e-05
5.719392050240776e-06
-2.166819241601486e-05
2.234274206522396e-05
2.262906658488955e-05
-8.340548185955947e-06
-1.936412899441702e-05
-1.996684511523846e-05
-2.00853319781381e-05
-7.995295579800027e-06
-1.777341244813761e-05
2.009441996952833e-05
-1.825134100056135e-05
-7.155784823398487e-06
1.741791093304667e-05
-1.755227054043119e-05
-1.741345629026687e-05
4.98092358055476e-06
-1.754215277800776e-05
-1.809281938566265e-05

0.001623151202148268
0.0009649903581014005
0.0002965476448407333
-0.0002968599967374635
-0.000326274865758426
0.0001719125034858297
-0.0002313024215091683
0.0001825837494914116
0.0001394723138240486
9.345366500907553e-05
-0.000119460505308318
1.782594408700196e-05
-0.0001246934494590804
6.027752135584401e-05
-0.0001249039351149211
-9.026388410378962e-05
7.053722980177008e-05
8.986236932381742e-05
-6.591826776154699e-05
-1.054747120184732e-05
5.77616405623988e-05
7.044187308317848e-05
-5.482884036908413e-05
-5.104156940727871e-05
-5.858061425475993e-05
-4.669405478839069e-05
8.29208694903828e-07
-5.431714776900966e-05
4.734737277716292e-05
4.406879068760598e-05
-4.669996214126923e-05
-4.061103281037386e-05
-5.641383964281239e-06
4.065179719532299e-05
4.332572916363347e-05
3.517714565942203e-05
-7.287612662649186e-06
-3.872282928314857e-05
-3.673174499891136e-05
-3.253967186416988e-05
3.646775977093449e-05
-3.078506067300195e-06
-3.369683535176683e-05
-3.088960340681108e-05
-3.285403036245505e-05
-7.659744983613694e-06
2.901931301519751e-05
-2.992270943326993e-05
-3.030617200829484e-05
1.117015087736428e-05
2.593357626547226e-05
2.674076901296932e-05
2.689945356295274e-05
1.070776835578015e-05
2.380319545248658e-05
-2.691162473357135e-05
2.444326537596818e-05
9.583446356419194e-06
-2.33270869914921e-05
2.350702925103385e-05
2.332112107283787e-05
-6.670744735590144e-06
2.349347895070105e-05
2.423096394011037e-05

0.000799156762701482
0.0004751119733012995
0.0001460049165623936
-0.0001461587026854992
-0.0001606410820663087
8.464093768466413e-05
-0.0001138815004626538
8.989491427068714e-05
6.866904491366452e-05
4.601181226519586e-05
-5.881625234088402e-05
8.776584553444449e-06
-6.139268681061639e-05
2.967757333184708e-05
-6.149631919877205e-05
-4.444132703950949e-05
3.472892983952775e-05
4.424364166598866e-05
-3.245478880680035e-05
-5.193036193553972e-06
2.843888210727975e-05
3.468198106086188e-05
-2.699492106099813e-05
-2.513026224344386e-05
-2.884210293099395e-05
-2.2989768059034e-05
4.082600162859063e-07
-2.674298975525555e-05
2.331142847378156e-05
2.169722207978371e-05
-2.299267653791344e-05
-1.999479867789647e-05
-2.777529376243766e-06
2.001486897932231e-05
2.133137653121698e-05
1.73194301363167e-05
-3.588048319590433e-06
-1.90651436857161e-05
-1.808483546255764e-05
-1.602087272703636e-05
1.795486261720177e-05
-1.515699177898361e-06
-1.659060093561637e-05
-1.520846328245164e-05
-1.617564679829064e-05
-3.771267270803219e-06
1.428762780347553e-05
-1.473241406611002e-05
-1.492121145582778e-05
5.499611867474835e-06
1.276836860679501e-05
1.316578909486265e-05
1.324391726375916e-05
5.271958326275183e-06
1.171947788635045e-05
-1.324990972662186e-05
1.203461563031081e-05
4.718399589386608e-06
-1.148506639351973e-05
1.157366077302353e-05
1.148212907983404e-05
-3.284334053813223e-06
1.156698929711358e-05
1.193008924486015e-05

-0.0009474311123701972
-0.0005632635377356822
-0.000173094450258375
0.0001732767696286077
0.0001904461880044582
-0.0001003450905819139
0.0001350109036140028
-0.0001065738821204077
-8.140979673142102e-05
-5.454877504781812e-05
6.97289317709006e-05
-1.040497891571929e-05
7.278339403620797e-05
-3.518390586993694e-05
7.290625422243111e-05
5.268690434391233e-05
-4.117248350376191e-05
-5.24525407219827e-05
3.847640174751149e-05
6.156544356570088e-06
-3.37153897295087e-05
-4.111682391895975e-05
3.200351831182594e-05
2.979289348806796e-05
3.419342354134614e-05
2.725525521629785e-05
-4.840079686720803e-07
3.170484404868225e-05
-2.763659602303394e-05
-2.572289219063454e-05
2.725870333001535e-05
2.370460369869973e-05
3.292868019633179e-06
-2.372839781384202e-05
-2.528916820650615e-05
-2.05328512821067e-05
4.253769434635387e-06
2.260246191066606e-05
2.144026876705403e-05
1.899336147464794e-05
-2.128618095448687e-05
1.796919734846142e-06
1.966879620236858e-05
1.803021879762017e-05
1.917685209542941e-05
4.470982555837974e-06
-1.693853288209438e-05
1.746584412220407e-05
1.768967069702923e-05
-6.520001622198727e-06
-1.513739260791745e-05
-1.560854989853038e-05
-1.570117385093522e-05
-6.250109583681729e-06
-1.389389227303422e-05
1.570827814639826e-05
-1.426750020234927e-05
-5.593844387250138e-06
1.361598842266773e-05
-1.37210204707627e-05
-1.361250612419426e-05
3.893704478553563e-06
-1.371311117919428e-05
-1.414358014779036e-05

-0.0006751742510007859
-0.0004014023101437912
-0.0001233534705371838
0.0001234833980248796
0.0001357189569383567
-7.150960158568411e-05
9.621373473438111e-05
-7.594846749007069e-05
-5.801561487103776e-05
-3.887346304664495e-05
4.969140095458875e-05
-7.414970602501649e-06
5.18681230878327e-05
-2.507334515711116e-05
5.195567777466961e-05
3.754662551555788e-05
-2.93410257997584e-05
-3.737960938027776e-05
2.741969879595927e-05
4.387379905982923e-06
-2.402682655299359e-05
-2.930136073285045e-05
2.280688402933992e-05
2.123151148758655e-05
2.436749102628479e-05
1.942309713739825e-05
-3.449218771266988e-07
2.259403776612559e-05
-1.96948546194293e-05
-1.833107889495377e-05
1.942555439000698e-05
1.689277229618471e-05
2.346618840963665e-06
-1.690972885760165e-05
-1.802199123436555e-05
-1.463246488777925e-05
3.031392524975201e-06
1.610734552846457e-05
1.527912395638529e-05
1.353536783858889e-05
-1.516931531482241e-05
1.280551082019283e-06
1.401670746361415e-05
1.284899694886119e-05
1.366613000255354e-05
3.186186582820066e-06
-1.207102142035641e-05
1.244680280111575e-05
1.260630984921902e-05
-4.646392919039246e-06
-1.078746262680024e-05
-1.112322663816983e-05
-1.118923387277837e-05
-4.454057927533049e-06
-9.901298560365669e-06
1.119429665496544e-05
-1.016754530965326e-05
-3.986379215414204e-06
9.703254057102845e-06
-9.778103756953921e-06
-9.700772443157806e-06
2.774796996429337e-06
-9.772467304930345e-06
-1.007923532179938e-05

-0.002395125387615117
-0.001423941837601748
-0.0004375863393720953
0.0004380472464994324
0.0004814518901777847
-0.0002536744580556521
0.0003413103481919618
-0.0002694209714991562
-0.0002058056447651182
-0.0001379004280886773
0.0001762761772918063
-2.630400124429299e-05
0.0001839979208797557
-8.894563951331787e-05
0.0001843085139639942
0.0001331935805583774
-0.0001040848872530565
-0.0001326011044897141
9.726913698141201e-05
1.556387107821336e-05
-8.523320043024539e-05
-0.0001039441786750289
8.090555418847461e-05
7.531704905204136e-05
8.6441679763377e-05
6.890184717625144e-05
-1.223582124799524e-06
8.015049949271449e-05
-6.986588459866126e-05
-6.502800185076813e-05
6.891056407880221e-05
5.992572692713732e-05
8.324438250887857e-06
-5.99858789408155e-05
-6.393153867577079e-05
-5.190747141807197e-05
1.075361684131337e-05
5.713948976139571e-05
5.420144153044105e-05
4.801560944131232e-05
-5.381190436307944e-05
4.542650141256936e-06
4.972312236006207e-05
4.558076489429918e-05
4.847947751413902e-05
1.130273609053141e-05
-4.282096038979764e-05
4.415401407769016e-05
4.471985227404117e-05
-1.648269854001171e-05
-3.826764063808776e-05
-3.945873598377205e-05
-3.969289124532907e-05
-1.58004059016112e-05
-3.51240461511911e-05
3.971085105074489e-05
-3.606853470010736e-05
-1.414135395318483e-05
3.442149948722169e-05
-3.468702267049753e-05
-3.441269616489451e-05
9.84336520797665e-06
-3.4667027818331e-05
-3.57552622469961e-05

-0.001682503918723561
-0.001000276534242625
-0.0003073913101087121
0.0003077150835745239
0.0003382055470204097
-0.0001781987164287393
0.0002397603070400574
-0.0001892601709612683
-0.0001445723074052954
-9.68709245255559e-05
0.0001238287400754926
-1.84777738153071e-05
0.0001292530338987285
-6.248165035884074e-05
0.0001294712162470169
9.356450497208452e-05
-7.311651890491922e-05
-9.314830826173211e-05
6.832865827749749e-05
1.0933153735927e-05
-5.98737729852347e-05
-7.301767533910007e-05
5.683373099067441e-05
5.290797334955697e-05
6.072269355708304e-05
4.840148598517778e-05
-8.595298310897779e-07
5.630332765937038e-05
-4.907869342881002e-05
-4.56802255557997e-05
4.840760934838995e-05
4.209603009039447e-05
5.847668790417289e-06
-4.213828508014694e-05
-4.490999298336287e-05
-3.646344551461936e-05
7.554094065190091e-06
4.013878185024985e-05
3.807489087918836e-05
3.372952892682062e-05
-3.780125267471442e-05
3.191075800698331e-06
3.492900566064744e-05
3.201912348708893e-05
3.405538236829253e-05
7.939833907216658e-06
-3.008044340053721e-05
3.101687372913107e-05
3.141435813126402e-05
-1.157860253501021e-05
-2.688187251775264e-05
-2.771858135855988e-05
-2.788306842350824e-05
-1.109931237185186e-05
-2.467359145220876e-05
2.789568464942033e-05
-2.533706639717952e-05
-9.933878019638167e-06
2.418007344211784e-05
-2.43665955334716e-05
-2.417388937159213e-05
6.914669528988781e-06
-2.435254974810551e-05
-2.511700187249336e-05

-0.0001084562124067731
-6.447902026080699e-05
-1.981481103869209e-05
1.983568186307039e-05
2.180113355846609e-05
-1.148690212533984e-05
1.545523579342492e-05
-1.21999366976603e-05
-9.319303631602117e-06
-6.244415510433104e-06
7.98214850282589e-06
-1.191099372453461e-06
8.33180496207797e-06
-4.027641818524465e-06
8.345869256946366e-06
6.031279756366195e-06
-4.713178148714825e-06
-6.004451219289795e-06
4.404546933403272e-06
7.04764149837005e-07
-3.859534927812862e-06
-4.706806574406974e-06
3.663570189438498e-06
3.410511162435412e-06
3.914257361942342e-06
3.120017603800746e-06
-5.540631964881818e-08
3.629379757111068e-06
-3.163671204522394e-06
-2.944601905851269e-06
3.120412323094454e-06
2.713560384742277e-06
3.769477154643872e-07
-2.716284191843652e-06
-2.894951794188514e-06
-2.350477254674234e-06
4.869459270598583e-07
2.587393825191671e-06
2.454352947769843e-06
2.174245725661678e-06
-2.436713902248004e-06
2.05700557958484e-07
2.2515654287233e-06
2.063990947893919e-06
2.195250627749344e-06
5.11811178053866e-07
-1.939021313676844e-06
1.999384731257206e-06
2.025007050626624e-06
-7.463705504280111e-07
-1.732837613775247e-06
-1.786772865124276e-06
-1.797375897826796e-06
-7.154749339861371e-07
-1.590489178437954e-06
1.798189154816674e-06
-1.633257565931436e-06
-6.403496434962778e-07
1.558676417980111e-06
-1.570699854788004e-06
-1.558277785412215e-06
4.457278576399374e-07
-1.569794446686985e-06
-1.619071943793035e-06

-0.001690141740760991
-0.001004817346344781
-0.0003087867304083113
0.0003091119736621594
0.0003397408502976252
-0.0001790076596163647
0.0002408487125624964
-0.0001901193282496849
-0.0001452286016007361
-9.731067558578041e-05
0.0001243908676694698
-1.856165471832396e-05
0.0001298397853824891
-6.276528935707419e-05
0.0001300589581818577
9.398924635308375e-05
-7.344843549253398e-05
-9.357116029412997e-05
6.863884010003891e-05
1.098278540786539e-05
-6.014557337611864e-05
-7.33491432207218e-05
5.709173093835031e-05
5.314815209760155e-05
6.099834767108902e-05
4.86212072780299e-05
-8.634317155444218e-07
5.655891981102834e-05
-4.930148894332389e-05
-4.588759353250858e-05
4.862735843860195e-05
4.228712740832496e-05
5.874214614801204e-06
-4.232957421700855e-05
-4.511386444556472e-05
-3.662897339516182e-05
7.588386303961698e-06
4.032099412869687e-05
3.824773400746123e-05
3.388264603785129e-05
-3.797285360681327e-05
3.205561870418583e-06
3.508756786440694e-05
3.216447611553251e-05
3.42099787095095e-05
7.975877233898339e-06
-3.021699528070606e-05
3.11576765879272e-05
3.155696539306434e-05
-1.1631164258415e-05
-2.700390430384816e-05
-2.784441143194061e-05
-2.800964519524312e-05
-1.114969833035301e-05
-2.478559862105855e-05
2.802231869323137e-05
-2.545208544819843e-05
-9.978973422743725e-06
2.428984025794894e-05
-2.447720907693515e-05
-2.428362811448312e-05
6.946059063789136e-06
-2.446309952992512e-05
-2.523102192811719e-05

0.001235011252803105
0.0007342347093261929
0.0002256349734306126
-0.0002258726334260234
-0.0002482536008876768
0.0001308035111094574
-0.0001759916716238841
0.0001389229696545952
0.0001061206601080637
7.110633177557637e-05
-9.08942236102481e-05
1.356327217707506e-05
-9.487582735913302e-05
4.586351355746516e-05
-9.503598012443459e-05
-6.867931492909781e-05
5.366984445530909e-05
6.837381334010297e-05
-5.015540286268474e-05
-8.02528169012025e-06
4.394924883184423e-05
5.35972901422254e-05
-4.171776156425851e-05
-3.883613091330085e-05
-4.457238346310669e-05
-3.552822622213688e-05
6.309221641045953e-07
-4.132842869235352e-05
3.602531796980248e-05
3.353073473659159e-05
-3.553272096500152e-05
-3.089982155844885e-05
-4.292374406061674e-06
3.093083806144464e-05
3.296535959322159e-05
2.676532578935216e-05
-5.544944693093464e-06
-2.946313925761605e-05
-2.79481778091346e-05
-2.47585442820006e-05
2.774731868602848e-05
-2.342350872738329e-06
-2.563899825734339e-05
-2.35030524276106e-05
-2.499773104554588e-05
-5.828089974516567e-06
2.207999974059836e-05
-2.276736930948852e-05
-2.305913547061578e-05
8.499061585140858e-06
1.973214723982261e-05
2.03463180730877e-05
2.046705679700698e-05
8.147247400177164e-06
1.811119888127871e-05
-2.047631750707137e-05
1.859821053924146e-05
7.291781612921131e-06
-1.774894100529685e-05
1.78858541376621e-05
1.774440170134293e-05
-5.075586798153249e-06
1.787554408560723e-05
1.843667619670612e-05

-0.0002063836941549997
-0.0001226985352108911
-3.770603647666078e-05
3.774575202389658e-05
4.148585296054268e-05
-2.185867680969435e-05
2.941010557426101e-05
-2.321552586279833e-05
-1.773390631822658e-05
-1.188263458844051e-05
1.518940463378596e-05
-2.266568997158159e-06
1.585477354308151e-05
-7.664287538637323e-06
1.588153679674047e-05
1.14770539093694e-05
-8.96880958638861e-06
-1.142600130047333e-05
8.381508509463087e-06
1.341111085498542e-06
-7.344393266598041e-06
-8.956684978516189e-06
6.971487688056244e-06
6.489936141392661e-06
7.448525781076026e-06
5.937149607252057e-06
-1.054338951623757e-07
6.906425968026444e-06
-6.020218997062723e-06
-5.603347246399136e-06
5.937900727227316e-06
5.163693292279849e-06
7.173020364067305e-07
-5.168876484288155e-06
-5.508866965039363e-06
-4.472774478090323e-06
9.266200344751848e-07
4.923608191926034e-06
4.670441802086222e-06
4.137419654461756e-06
-4.636876077299845e-06
3.914320821176786e-07
4.284553005303396e-06
3.927613431004209e-06
4.177390341165485e-06
9.739366633951475e-07
-3.689805986031122e-06
3.804672851053709e-06
3.853430121911146e-06
-1.420284813446809e-06
-3.297454522560945e-06
-3.400089089749946e-06
-3.420265832127588e-06
-1.361492870474355e-06
-3.026576577520564e-06
3.42181339660837e-06
-3.107961475702849e-06
-1.21853531523432e-06
2.966039381188643e-06
-2.988919041565502e-06
-2.965280814562385e-06
8.481852704025583e-07
-2.987196120723232e-06
-3.080967345675031e-06

-0.000647725210872073
-0.0003850833997242798
-0.0001183385660766679
0.0001184632113949015
0.0001302013367245409
-6.860239663699817e-05
9.230218943789606e-05
-7.286080155965902e-05
-5.565700457423884e-05
-3.72930721393013e-05
4.767120948998283e-05
-7.113516829137766e-06
4.975943753013292e-05
-2.405399458740899e-05
4.984343270290103e-05
3.60201768558858e-05
-2.814817374201122e-05
-3.585995071969751e-05
2.630495780652104e-05
4.209012074365541e-06
-2.305002193514882e-05
-2.811012124842966e-05
2.187967586930243e-05
2.036834970382051e-05
2.337683677956012e-05
1.863345598621435e-05
-3.308991645707537e-07
2.16754828176448e-05
-1.889416523595157e-05
-1.758583347209023e-05
1.863581333986588e-05
1.620600086791268e-05
2.251217639510124e-06
-1.622226806459636e-05
-1.728931169289752e-05
-1.403758569128509e-05
2.90815202083932e-06
1.545250542877301e-05
1.465795499744111e-05
1.298509084797375e-05
-1.455261059868266e-05
1.228490598393302e-06
1.344686173109572e-05
1.232662419489463e-05
1.311053690888847e-05
3.056652965024565e-06
-1.158027706675725e-05
1.194078114956704e-05
1.209380347856704e-05
-4.457494978244293e-06
-1.034890103458728e-05
-1.067101464415829e-05
-1.073433837113981e-05
-4.272979317654835e-06
-9.498763746380275e-06
1.073919532719578e-05
-9.754186300734568e-06
-3.82431396647487e-06
9.308770692817512e-06
-9.380577396878016e-06
-9.306389968256802e-06
2.66198831927031e-06
-9.375170093399056e-06
-9.669466533337017e-06

0.0007762449137318746
0.0004614904984113603
0.0001418189511131515
-0.0001419683281834183
-0.0001560354973019744
8.221427939747111e-05
-0.0001106165143411775
8.731762431323409e-05
6.670030128377088e-05
4.469265219213969e-05
-5.7129988576956e-05
8.524959604308263e-06
-5.963255659126537e-05
2.882671639148675e-05
-5.973321783560831e-05
-4.316719282622664e-05
3.37332503526989e-05
4.297517509839204e-05
-3.152430901334926e-05
-5.044151686132196e-06
2.762353848244126e-05
3.368764759696244e-05
-2.622097584376472e-05
-2.440977685186805e-05
-2.801519895272351e-05
-2.233065070156117e-05
3.965551890601974e-07
-2.597626741630543e-05
2.264308910235748e-05
2.107516205531641e-05
-2.233347579427324e-05
-1.942154718470827e-05
-2.697897523585999e-06
1.944104206999361e-05
2.071980530985763e-05
1.682288154152115e-05
-3.485178863892259e-06
-1.851854542975289e-05
-1.756634267353995e-05
-1.556155381312315e-05
1.744009615365329e-05
-1.472244035843396e-06
-1.611494789643942e-05
-1.477243617229962e-05
-1.571189050699104e-05
-3.663144922138006e-06
1.387800107483431e-05
-1.431003530164537e-05
-1.449341986438615e-05
5.341937826059924e-06
1.240229908606327e-05
1.278832551651643e-05
1.286421374839774e-05
5.1208111188839e-06
1.138348009483232e-05
-1.287003440717393e-05
1.168958282997681e-05
4.583122928008489e-06
-1.115578918670969e-05
1.124184356263802e-05
1.11529360859013e-05
-3.19017209545943e-06
1.123536335814634e-05
1.158805321921413e-05

0.0005028037844315289
0.0002989252038568396
9.186160715817177e-05
-9.195836445077756e-05
-0.0001010702127141206
5.325336125751936e-05
-7.165058481853245e-05
5.655899468791023e-05
4.320435897868212e-05
2.894915542886182e-05
-3.700529813830409e-05
5.521945297598902e-06
-3.862630801056336e-05
1.86721765746377e-05
-3.869151018279435e-05
-2.79610565330093e-05
2.185032795506807e-05
2.783667924105299e-05
-2.041951141076223e-05
-3.267291691273042e-06
1.789283181461862e-05
2.182078929045437e-05
-1.698433787133002e-05
-1.581115439356915e-05
-1.814652541464553e-05
-1.44644241565036e-05
2.568640982609641e-07
-1.682583078003549e-05
1.466680256512951e-05
1.36511957134489e-05
-1.446625407807574e-05
-1.258008555189771e-05
-1.747532332734637e-06
1.259271314138097e-05
1.342101743686779e-05
1.089682953727128e-05
-2.257484836530504e-06
-1.199517647009789e-05
-1.137839800124389e-05
-1.00798188953695e-05
1.129662325869578e-05
-9.53629273099015e-07
-1.043827359756406e-05
-9.568676948858054e-06
-1.017719777318688e-05
-2.372760319828505e-06
8.989316821698825e-06
-9.269162061788694e-06
-9.387947319528997e-06
3.460179265108258e-06
8.033447699059116e-06
8.283491914084697e-06
8.332647650250155e-06
3.316946964011272e-06
7.373519324147114e-06
-8.336417915549941e-06
7.571793877624506e-06
2.968665574421866e-06
-7.226035136803618e-06
7.281775876775615e-06
7.224187073314783e-06
-2.066397568871432e-06
7.277578398266157e-06
7.506029230900143e-06

0.0001404077107340549
8.347471688505983e-05
2.565230884245013e-05
-2.567932826911417e-05
-2.822380743739382e-05
1.487097506930974e-05
-2.000839074525713e-05
1.579407158702523e-05
1.206479610094488e-05
8.084037485992283e-06
-1.033371139496606e-05
1.54200052195043e-06
-1.078637760853156e-05
5.214196170435535e-06
-1.080458528318607e-05
-7.808111352914022e-06
6.101693388053329e-06
7.773379054980365e-06
-5.702138568289554e-06
-9.123896057960748e-07
4.996564527612351e-06
6.093444730409709e-06
-4.742868038550561e-06
-4.415257126535549e-06
-5.067408341256205e-06
-4.039183366908605e-06
7.172917373189019e-08
-4.698605010877566e-06
4.095697438493318e-06
3.812089722180664e-06
-4.039694371616432e-06
-3.512982733752003e-06
-4.879975486862977e-07
3.516508981945131e-06
3.747812551090502e-06
3.04293431544599e-06
-6.304015358033414e-07
-3.349647158909562e-06
-3.177412073346732e-06
-2.814784493538765e-06
3.154576516507484e-06
-2.663005078137324e-07
-2.914882793705642e-06
-2.672048355120497e-06
-2.841977497508943e-06
-6.625921580995187e-07
2.510262323150365e-06
-2.588408969494368e-06
-2.621579694583935e-06
9.662533663948004e-07
2.24333633845274e-06
2.313161063128515e-06
2.32688777839094e-06
9.26255816409076e-07
2.059051662715022e-06
-2.327940623133955e-06
2.114419734740895e-06
8.289984088120388e-07
-2.017866775578271e-06
2.033432349940435e-06
2.017350704753857e-06
-5.770405098270972e-07
2.032260206121661e-06
2.096054989327173e-06

0.0001203363843137366
7.154197984578337e-05
2.198530322344845e-05
-2.20084602144663e-05
-2.41892052853475e-05
1.274516450480867e-05
-1.714818499374666e-05
1.353630408497788e-05
1.034012970285145e-05
6.928421784202314e-06
-8.856504100120822e-06
1.321571062230188e-06
-9.244461536083332e-06
4.468825187526478e-06
-9.260066417875559e-06
-6.691939378624072e-06
5.229454398684929e-06
6.662172073638929e-06
-4.887016066095092e-06
-7.819632246144185e-07
4.282304056514016e-06
5.22238488922066e-06
-4.064873560360037e-06
-3.784094731291343e-06
-4.343020724727926e-06
-3.461780833896657e-06
6.147546578138614e-08
-4.026937946432446e-06
3.510216201183325e-06
3.267150297157111e-06
-3.462218790324569e-06
-3.010800746800105e-06
-4.182381455791764e-07
3.013822916697408e-06
3.212061567872175e-06
2.607945897759815e-06
-5.40285437936676e-07
-2.870814043762239e-06
-2.723200017882259e-06
-2.412410164671945e-06
2.703628811061467e-06
-2.28232766444088e-07
-2.498199381353869e-06
-2.290078202136124e-06
-2.435715920168001e-06
-5.678744006515672e-07
2.151419534352474e-06
-2.218395093004024e-06
-2.246824052514124e-06
8.281271436916211e-07
1.92265070313071e-06
1.982493961457547e-06
1.994258438449503e-06
7.938472560595968e-07
1.764709579766959e-06
-1.995160778702246e-06
1.812162768473961e-06
7.104928254712742e-07
-1.729412085203273e-06
1.742752555813689e-06
1.728969786854748e-06
-4.945523874136535e-07
1.741747970317442e-06
1.796423269201889e-06

-0.001280966292536957
-0.0007615557439841661
-0.000234030900306371
0.0002342774036824276
0.0002574911718547299
-0.0001356707384619745
0.0001825403603454879
-0.0001440923238413778
-0.0001100694331583842
-7.375221398487085e-05
9.427641761705855e-05
-1.406796451117356e-05
9.840617771520919e-05
-4.757010496145482e-05
9.857228980002816e-05
7.123488730896471e-05
-5.566691114506264e-05
-7.091801793876254e-05
5.202169640955458e-05
8.323904182913408e-06
-4.558461002532259e-05
-5.559165707007836e-05
4.327008862681334e-05
4.028123186697774e-05
4.623093163294089e-05
3.685023931634753e-05
-6.543989162835853e-07
4.286626859330499e-05
-3.73658279570416e-05
-3.477842073429289e-05
3.685490130958711e-05
3.204961069944345e-05
4.452094599651889e-06
-3.208178133332651e-05
-3.419200785775851e-05
-2.776126943548691e-05
5.751273301934543e-06
3.055946913491832e-05
2.898813563850424e-05
2.567981514787477e-05
-2.877980250335243e-05
2.429510262730501e-06
2.65930310088493e-05
2.437760616606912e-05
2.592790210337815e-05
6.044954481412642e-06
-2.290160137628455e-05
2.361454811768065e-05
2.391717096168842e-05
-8.81531353180127e-06
-2.046638476873811e-05
-2.110340903348503e-05
-2.122864047181091e-05
-8.450408263808853e-06
-1.878512056605841e-05
2.123824577493545e-05
-1.929025403468547e-05
-7.563110406880655e-06
1.840938299501642e-05
-1.855139069508684e-05
-1.840467478257072e-05
5.264450496724534e-06
-1.854069700373303e-05
-1.912270896381745e-05

-0.001050303626026426
-0.0006244229563167569
-0.0001918891266898902
0.0001920912423826283
0.0002111249242422514
-0.0001112406074871456
0.0001496704507246425
-0.0001181457241263246
-9.024931056684818e-05
-6.047170657581686e-05
7.730013182151023e-05
-1.15347563967822e-05
8.068624902919845e-05
-3.900419083825166e-05
8.082244943204936e-05
5.840767307935417e-05
-4.564301103471234e-05
-5.814786214567893e-05
4.265418745937414e-05
6.825024824581718e-06
-3.737622252789881e-05
-4.558130790615852e-05
3.547847531041211e-05
3.302781980852828e-05
3.790616147478875e-05
3.021464358540827e-05
-5.365617804660144e-07
3.514737085596065e-05
-3.063739055539586e-05
-2.851589586511088e-05
3.021846609691444e-05
2.627846066403093e-05
3.650409170538829e-06
-2.63048383553151e-05
-2.803507792779403e-05
-2.276231788539628e-05
4.715645710964998e-06
2.505664780475939e-05
2.376826318556623e-05
2.105566955402403e-05
-2.35974444461974e-05
1.992030120762194e-06
2.18044433006197e-05
1.998794839430791e-05
2.125908367230373e-05
4.956443934539236e-06
-1.877772671105024e-05
1.936229365243879e-05
1.961042342153208e-05
-7.227946450231329e-06
-1.678101778282374e-05
-1.73033335525842e-05
-1.740601465711051e-05
-6.928749407845435e-06
-1.540249759953276e-05
1.741389034029645e-05
-1.581667205269151e-05
-6.201226629202108e-06
1.50944188190085e-05
-1.521085529603839e-05
-1.509055841094306e-05
4.316484733408275e-06
-1.520208720989288e-05
-1.567929670059697e-05

