-0.05649367362203985
-0.03359311372537027
-0.01031847757227712
0.0103365597636504
0.01135337335018079
-0.005987299087419354
0.008047328765135997
-0.006358849469631854
-0.004851469151662459
-0.003256093543069783
0.004155061224303585
-0.0006211272624468659
0.004343112721799337
-0.002095397819752107
0.004350363895919976
0.003139236280691936
-0.002457713626801469
-0.003125512570899618
0.002296801927767901
0.0003666115916504619
-0.002008319760530151
-0.002454070194106942
0.001906357751613729
0.001778665194298367
0.002037109776872464
0.001627181978567098
-2.888470610888738e-05
0.00188884602059598
-0.001649784371059222
-0.001532261673867745
0.00162713421354336
0.00141204592350515
0.0001960064601734208
-0.001416495351316407
-0.001506621122935788
-0.001225834511846502
0.0002533035562367387
0.001346537361239511
0.001279852082907543
0.001131365525735517
-0.001270563760615117
0.0001068340963708945
0.001171759082685608
0.001076339499892527
0.001142472059854151
0.0002670000849307161
-0.001011099634122172
0.001040508170248947
0.001055889932393279
-0.0003885292928349838
-0.0009017464527015116
-0.0009317225624962362
-0.0009354026270971988
-0.0003732821011547513
-0.000829228505214924
0.0009358701638646697
-0.0008516419850884879
-0.0003332451729536372
0.0008112125274004909
-0.0008190123272002646
-0.000811008328051753
0.000231966873705995
-0.0008184911994259698
-0.0008427007262335892

-0.03362765654027419
-0.01999618042247626
-0.006142036755139189
0.006152800114675715
0.006758054754013261
-0.003563918301056564
0.004790143575921216
-0.003785082333049248
-0.002887819606832958
-0.001938177999572711
0.002473285286587773
-0.0003697237745432739
0.002585222265798068
-0.001247278034515452
0.00258953850117504
0.00186861913339486
-0.001462945218773966
-0.001860450144373991
0.001367163107231241
0.0002182242346317304
-0.001195445132175721
-0.001460776478534462
0.001134752612177944
0.001058744075560406
0.001212582286111804
0.0009685742348752374
-1.71935176811928e-05
0.001124328817117161
-0.0009820282279145796
-0.0009120732640506415
0.0009685458029164346
0.000840515269946096
0.0001166721422026883
-0.0008431637758886736
-0.0008968108180992154
-0.000729673595229987
0.0001507780330687237
0.0008015215332845137
0.0007618273606047058
0.0006734412701756703
-0.0007562985200837001
6.359261257433982e-05
0.0006974853900301817
0.0006406872257110907
0.0006800523947628758
0.0001589308426344678
-0.0006018534296724872
0.0006193587552927086
0.0006285146940236651
-0.0002312706676272899
-0.0005367613407602891
-0.0005546045125700352
-0.0005567950578206997
-0.0002221948314822782
-0.0004935952926926998
0.0005570733574035864
-0.0005069368361743792
-0.0001983629936118131
0.0004828713465346938
-0.0004875141493824534
-0.0004827497976045834
0.0001380774493422008
-0.0004872039499445604
-0.0005016145839197556

-0.01014228522993711
-0.006030957438592847
-0.001852471895827609
0.001855718183962215
0.002038266295260807
-0.001074897262086169
0.001444733515140957
-0.001141601544387906
-0.0008709821961576392
-0.0005845650907758647
0.000745956376756144
-0.0001115107136060665
0.0007797171822274429
-0.0003761858805693932
0.0007810189824364206
0.0005635857560968217
-0.0004412322835164068
-0.0005611219443052447
0.00041234387453641
6.581762333237012e-05
-0.0003605527935837985
-0.0004405781795924491
0.000342247597430347
0.0003193230068523729
0.0003657214529886588
0.0002921272894740986
-5.185659019073567e-06
0.00033910372379904
-0.0002961850873972525
-0.0002750862874886506
0.0002921187142395483
0.0002535040048865983
3.518895654207165e-05
-0.0002543028087718749
-0.0002704830502703718
-0.0002200735492437712
4.547547986164491e-05
0.00024174328052767
0.0002297713008329629
0.0002031135722928409
-0.0002281037722766676
1.917987994415317e-05
0.000210365410415275
0.0001932347732455294
0.0002051075236456257
4.793441184049288e-05
-0.0001815222878537214
0.0001868019898535463
0.000189563471078134
-6.975249891656727e-05
-0.0001618901576406807
-0.0001672717558999202
-0.0001679324363348607
-6.701517707041066e-05
-0.0001488710413302428
0.0001680163730119348
-0.0001528949238518538
-5.982736435607235e-05
0.0001456366404851643
-0.0001470369352305508
-0.000145599980662596
4.16449143095285e-05
-0.0001469433773826556
-0.0001512897034474467

0.01013382115019907
0.00602592440081913
0.001850925945433807
-0.001854169524431436
-0.00203656529316424
0.001074000223999317
-0.001443527836202997
0.001140648839324559
0.0008702553320843538
0.0005840772514547751
-0.0007453338509533898
0.0001114176541476062
-0.0007790664818916302
0.0003758719407404964
-0.0007803671957046588
-0.0005631154247389972
0.0004408640602664456
0.0005606536690825747
-0.0004119997596395631
-6.576269630168013e-05
0.0003602519000940389
0.000440210502214194
-0.0003419619802456452
-0.0003190565210131005
-0.0003654162460782114
-0.0002918834993798453
5.18133141139958e-06
-0.0003388207302830205
0.0002959379109336462
0.0002748567186861892
-0.0002918749313016834
-0.0002532924472284973
-3.515959016879229e-05
0.0002540905844848592
0.0002702573230251046
0.0002198898904306628
-4.54375290370621e-05
-0.0002415415375915169
-0.0002295795489182752
-0.0002029440671533883
0.0002279134119710625
-1.916387368624089e-05
-0.0002101898533718758
-0.0001930735122977329
-0.0002049363544863948
-4.789440895407597e-05
0.0001813708013708541
-0.0001866460972808882
-0.0001894052739560902
6.969428809923238e-05
0.0001617550548337911
0.0001671321619674889
0.0001677922910421713
6.695925064069814e-05
0.0001487468034157188
-0.0001678761576712381
0.0001527673278715032
5.977743639886431e-05
-0.0001455151017875939
0.0001469142279395985
0.000145478472558941
-4.161016022133937e-05
0.0001468207481688345
0.0001511634470776675

0.01097725650127547
0.006527460552607601
0.002004978040044261
-0.002008491581295792
-0.002206068103366068
0.001163388988864823
-0.00156367229003462
0.001235584751454663
0.0009426864615333895
0.0006326898522041522
-0.0008073677973720623
0.0001206909171003752
-0.0008439079865845354
0.000407155666553251
-0.0008453169584767742
-0.0006099833779941391
0.0004775570636200939
0.0006073167310419224
-0.0004462903946098351
-7.123610875104745e-05
0.0003902355739054827
0.000476849110097745
-0.0003704233886905595
-0.000345611513925003
-0.0003958297470895741
-0.0003161768886279814
5.612572303977932e-06
-0.0003670206932942571
0.0003205687478220568
0.0002977329733175849
-0.0003161676074308501
-0.0002743739130435905
-3.808591389586537e-05
0.0002752384790603452
0.0002927507711280178
0.0002381912699582275
-4.921928299614987e-05
-0.0002616449781928438
-0.0002486873962517091
-0.0002198350501293611
0.0002468825871510932
-2.075887800800874e-05
-0.000227683901287658
-0.0002091429715090421
-0.0002219931550292412
-5.18806484023734e-05
0.0001964662469349961
-0.0002021806043788862
-0.0002051694266253664
7.549492593171819e-05
0.0001752178868139856
0.0001810425292037332
0.0001817576006529465
7.253225200265419e-05
0.0001611269619463996
-0.0001818484474802611
0.0001654821136276809
6.475269719221561e-05
-0.0001576262866155569
0.0001591418616805029
0.0001575866087456058
-4.507336324955368e-05
0.0001590406016122897
0.0001637447422442942

-0.005711276429556164
-0.003396124668728981
-0.001043155347655084
0.001044983382312595
0.001147779024684
-0.000605291140799534
0.0008135516094198117
-0.0006428533456309341
-0.0004904634384363001
-0.0003291775717995297
0.0004200594812171608
-6.279339377890435e-05
0.0004390707087816466
-0.0002118360412981963
0.0004398037724533069
0.0003173637865484762
-0.0002484646688270272
-0.0003159763763257
0.0002321971624855905
3.706291356093273e-05
-0.0002030328101527274
-0.0002480963328713488
0.0001927248733359242
0.000179815684641514
0.0002059433615682033
0.000164501358912497
-2.920124158995141e-06
0.0001909545098565931
-0.0001667863671832757
-0.0001549053092285179
0.0001644965300663759
0.0001427519947509253
1.981544134513116e-05
-0.000143201813475106
-0.0001523131557218572
-0.0001239267922435197
2.560794045605609e-05
0.0001361293504156546
0.0001293877449592829
0.0001143763689996165
-0.0001284487340437796
1.080048468005578e-05
0.0001184599903138206
0.0001088134656822534
0.0001154991936002572
2.699260278157386e-05
-0.000102217985449462
0.0001051910666538146
0.000106746099101769
-3.92787023765516e-05
-9.116283170394151e-05
-9.419329225549159e-05
-9.45653315453725e-05
-3.77372744453118e-05
-8.383156755270777e-05
9.461259757609873e-05
-8.609747754049579e-05
-3.368970682074817e-05
8.201022681036797e-05
-8.279875426667919e-05
-8.198958310178827e-05
2.345089021996441e-05
-8.274607040702119e-05
-8.519355330128728e-05

0.007922246748111574
0.004710844930179372
0.001446985479106479
-0.001449521189258734
-0.001592111458447819
0.0008396136714808511
-0.001128496698004329
0.0008917170950763982
0.0006803334470231845
0.0004566100030189052
-0.000582674451172464
8.710220312458283e-05
-0.0006090453750120734
0.0002938427880364773
-0.0006100622249864292
-0.0004402228218092129
0.0003446512244531642
0.0004382983122431883
-0.0003220861812785492
-5.141084485320906e-05
0.0002816316177006877
0.0003441402969286944
-0.0002673332345050576
-0.000249426593246078
-0.0002856689124756606
-0.0002281837294655341
4.050573353965309e-06
-0.0002648775214099945
0.0002313533185349311
0.0002148728217653126
-0.0002281770312587343
-0.0001980146715277315
-2.748646781417724e-05
0.0001986386257292175
0.0002112771842678535
0.0001719017874489519
-3.552138046653828e-05
-0.0001888282447811163
-0.0001794768042472661
-0.0001586541692640179
0.0001781742799756954
-1.498160799779663e-05
-0.0001643186570673211
-0.0001509377343724356
-0.0001602116658500939
-3.744207835972997e-05
0.0001417889875957098
-0.0001459130189210226
-0.0001480700412444063
5.448441797746196e-05
0.0001264541221079637
0.0001306577456842119
0.0001311738101910932
5.234626680121409e-05
0.0001162847520384063
-0.0001312393740213927
0.0001194278494271557
4.673178992427394e-05
-0.0001137583271750807
0.0001148521122778054
0.0001137296917982662
-3.252928501658625e-05
0.0001147790332487785
0.0001181739947148251

-0.006000970659769917
-0.003568386987626724
-0.001096067527473017
0.001097988285902672
0.001205998052447047
-0.0006359934458363256
0.0008548175523548995
-0.0006754609259856648
-0.0005153413146868424
-0.000345874512394668
0.0004413662432966927
-6.597847580000582e-05
0.0004613417812045826
-0.0002225810436934678
0.0004621120282133492
0.0003334614941232207
-0.0002610675925095735
-0.0003320037100110937
0.0002439749461515399
3.894286322647041e-05
-0.0002133312844728574
-0.0002606805733746299
0.000202500496090747
0.0001889365120055951
0.0002163894683768994
0.0001728453946332679
-3.068242207702267e-06
0.0002006403341063559
-0.0001752463058410583
-0.0001627626025790102
0.0001728403208525812
0.0001499928330715984
2.08205439868295e-05
-0.0001504654680419061
-0.0001600389667454536
-0.0001302127560074448
2.690685720247565e-05
0.0001430342670073215
0.0001359507057330095
0.0001201779047124848
-0.0001349640651768522
1.134831985034302e-05
0.000124468660377043
0.0001143328331242735
0.000121357682572582
2.836175403537218e-05
-0.0001074028090128405
0.0001105266944168471
0.0001121606030903086
-4.127104394662616e-05
-9.578690246646533e-05
-9.897107768190453e-05
-9.936198799596332e-05
-3.965142985446798e-05
-8.808377311995495e-05
9.941165151114686e-05
-9.046461731862797e-05
-3.539855663810774e-05
8.617004814253065e-05
-8.69985722365906e-05
-8.614835731899613e-05
2.464039447071181e-05
-8.694321608284833e-05
-8.951484314729719e-05

-0.004801364880081911
-0.002855059444930892
-0.0008769614835623376
0.000878498278622714
0.0009649166814434993
-0.000508857111278956
0.0006839378506329331
-0.0005404349649027455
-0.0004123235772805936
-0.000276733520438631
0.0003531362674417164
-5.278924935779961e-05
0.0003691186562266322
-0.0001780866574346225
0.0003697349293508632
0.0002668018888137777
-0.0002088796698184426
-0.0002656355185988548
0.0001952038769202589
3.115810865046471e-05
-0.0001706859431853705
-0.0002085700165660464
0.0001620202505983611
0.0001511677334785693
0.0001731327901416897
0.000138293261961707
-2.454894585372088e-06
0.0001605319386352353
-0.0001402142263201125
-0.0001302260397726021
0.0001382892024397016
0.0001200089721821004
1.66584764949336e-05
-0.0001203871264967973
-0.0001280468640727526
-0.0001041829712356616
2.152812378694417e-05
0.0001144414370930182
0.0001087738935810512
9.615410635425728e-05
-0.0001079844844030759
9.07976850189539e-06
9.958713156380901e-05
9.147747601621035e-05
9.709804431111135e-05
2.269218389548938e-05
-8.593277728776408e-05
8.843219188557806e-05
8.973947901743695e-05
-3.302088148806478e-05
-7.663891319407669e-05
-7.918656555203234e-05
-7.949933212926178e-05
-3.172503142275658e-05
-7.04756544801174e-05
7.953906781056666e-05
-7.238056326379664e-05
-2.832231588585097e-05
6.894448687112456e-05
-6.960738737722902e-05
-6.892713208567542e-05
1.971473139106587e-05
-6.956309702696131e-05
-7.162065080816069e-05

-0.003420146053539072
-0.002033738434191365
-0.0006246841121270695
0.0006257788140902952
0.0006873370515377434
-0.0003624731059652409
0.0004871879973988881
-0.0003849668914090898
-0.0002937095785965323
-0.0001971250012129487
0.0002515488078114165
-3.760325394333721e-05
0.0002629335088899741
-0.000126856090679486
0.0002633724974164209
0.0001900504231387791
-0.0001487908118288709
-0.0001892195851192705
0.0001390491633022999
2.219478939805058e-05
-0.0001215843556072571
-0.0001485702371848455
0.0001154115412007377
0.0001076809907165906
0.0001233273129058987
9.851014574866223e-05
-1.748689849180665e-06
0.0001143513750991957
-9.987850221256221e-05
-9.276363849038438e-05
9.850725403796391e-05
8.54857364206009e-05
1.186629720196138e-05
-8.575510628092755e-05
-9.121135088965328e-05
-7.421243475905974e-05
1.533508272105304e-05
8.151982596840896e-05
7.748267672856194e-05
6.849325048034526e-05
-7.692035856441694e-05
6.467772224023669e-06
7.093869004087472e-05
6.516195631838728e-05
6.916564380153658e-05
1.616427518730823e-05
-6.121231284244544e-05
6.299271553760437e-05
6.392393260535967e-05
-2.352169441949086e-05
-5.459203435997088e-05
-5.64067981564174e-05
-5.662959050849378e-05
-2.259862429307849e-05
-5.020177336253373e-05
5.665789534199474e-05
-5.155869299302314e-05
-2.017477515735907e-05
4.911107998970842e-05
-4.958328250014792e-05
-4.909871769221226e-05
1.404335276484428e-05
-4.955173324895525e-05
-5.101738616649925e-05

0.004187369288920469
0.002489956197110223
0.0007648161878029882
-0.0007661564584552574
-0.0008415237290141685
0.0004437847765034065
-0.0005964762984690576
0.0004713244736055519
0.00035959589152769
0.0002413450078553272
-0.0003079774185094378
4.603859258083462e-05
-0.0003219159892353205
0.0001553130450888724
-0.0003224534537310014
-0.0002326834271812082
0.0001821682659666642
0.0002316662116727834
-0.0001702413250625858
-2.717362885813669e-05
0.0001488587296312054
0.0001818982109819207
-0.0001413012004884807
-0.000131836496590748
-0.0001509926753019767
-0.0001206084045820778
2.14096417395163e-06
-0.0001400032129448625
0.0001222837171984858
0.0001135728138104532
-0.000120604864189265
-0.000104662298546595
-1.452820075484466e-05
0.0001049920947198692
0.0001116723097603212
9.086011687853659e-05
-1.877512054280537e-05
-9.980673642432273e-05
-9.486395489481279e-05
-8.385797830564997e-05
9.417549487754819e-05
-7.91865328400099e-06
-8.685199036048704e-05
-7.977939258216609e-05
-8.468120605650587e-05
-1.979032135980894e-05
7.494374652074221e-05
-7.712353751529592e-05
-7.826364957184926e-05
2.879819144965121e-05
6.683837605770562e-05
6.906023619726389e-05
6.933300637673265e-05
2.766805389459524e-05
6.1463271081697e-05
-6.936766068352224e-05
6.312458130040157e-05
2.470047553010056e-05
-6.012790824588313e-05
6.070603744251314e-05
6.011277277972938e-05
-1.719362365246108e-05
6.066741091502487e-05
6.246184598273919e-05

-0.0006058238667711058
-0.0003602440547614161
-0.000110652743594884
0.0001108466524414642
0.0001217507041568838
-6.420628102395682e-05
8.629751823705393e-05
-6.819069334512826e-05
-5.202592808252125e-05
-3.491752358018294e-05
4.455782561458282e-05
-6.660811658485321e-06
4.657444230916386e-05
-2.247051622237126e-05
4.665220206632305e-05
3.36643758556172e-05
-2.635589929527721e-05
-3.35172062629369e-05
2.463032293487045e-05
3.931449980444438e-06
-2.153671314026559e-05
-2.631682804461496e-05
2.044329834625365e-05
1.907395565934739e-05
2.184544999353282e-05
1.744948796905652e-05
-3.097522823969233e-07
2.025550697213892e-05
-1.769187030920578e-05
-1.643158663000789e-05
1.744897574901862e-05
1.514242332971069e-05
2.101923702267284e-06
-1.519013786815862e-05
-1.615662384716746e-05
-1.314553925021131e-05
2.716363268086203e-06
1.443992607730523e-05
1.372481001941887e-05
1.213247773755358e-05
-1.362520440047173e-05
1.145661827540996e-06
1.256564802540489e-05
1.154239255435883e-05
1.225158140022116e-05
2.863241377484353e-06
-1.084277673517941e-05
1.115814643819882e-05
1.13230965648761e-05
-4.166489864222147e-06
-9.670100876730211e-06
-9.991557096206514e-06
-1.003102117818053e-05
-4.002982837173644e-06
-8.892436750119193e-06
1.003603492420822e-05
-9.132793239160379e-06
-3.573636945833586e-06
8.699237960875474e-06
-8.782881041107923e-06
-8.697048178700041e-06
2.48755408139018e-06
-8.777292598669573e-06
-9.036909440745508e-06

0.004364061457150723
0.002595023538658273
0.0007970887248533144
-0.000798485550185008
-0.0008770330528970528
0.0004625109238713678
-0.000621645487810217
0.0004912126987502609
0.0003747695658270176
0.0002515289132592531
-0.0003209729758839364
4.798125829387155e-05
-0.0003354997049769581
0.0001618667060625725
-0.0003360598485727765
-0.0002425018445270629
0.0001898551222422125
0.0002414417061233994
-0.0001774249066318786
-2.832025985014016e-05
0.0001551400413292545
0.0001895736718926127
-0.000147263611196794
-0.0001373995302826319
-0.0001573640319570205
-0.0001256976525184408
2.231305286927321e-06
-0.0001459108531713704
0.000127443657399698
0.0001183651847095853
-0.0001256939627335925
-0.0001090786772288479
-1.514123942297895e-05
0.000109422389633727
0.0001163844861129193
9.469409232930835e-05
-1.956736419952578e-05
-0.0001040182275649509
-9.886687814347268e-05
-8.739648828362352e-05
9.814936754939862e-05
-8.252792434785378e-06
-9.051683705374199e-05
-8.314580067345803e-05
-8.825445333281504e-05
-2.062540289902632e-05
7.810610745775395e-05
-8.037787791973599e-05
-8.156609867111404e-05
3.001337323498427e-05
6.965871903961431e-05
7.197433381566631e-05
7.225861393158723e-05
2.883554787376191e-05
6.405680365182275e-05
-7.229473052752301e-05
6.578821528370956e-05
2.574274820217757e-05
-6.266509322913466e-05
6.326761743231178e-05
6.264931909987493e-05
-1.791913373606915e-05
6.322736100202966e-05
6.509751488053747e-05

-0.001746472111232537
-0.001038513385467717
-0.0003189902896197834
0.0003195492910244487
0.0003509835465313111
-0.0001850941920988281
0.0002487789226148157
-0.0001965804761165665
-0.00014998060895366
-0.0001006604138114546
0.0001284515253381723
-1.920182158175864e-05
0.0001342650381581355
-6.477811796439214e-05
0.0001344892043797394
9.704783320474493e-05
-7.597891996383022e-05
-9.662357195753212e-05
7.100441969326021e-05
1.133360391385615e-05
-6.208614571021916e-05
-7.586628516456699e-05
5.893404400457784e-05
5.498649597193422e-05
6.297617387433137e-05
5.030347228751381e-05
-8.929554483870238e-07
5.839267808028059e-05
-5.10022133251224e-05
-4.73690611523064e-05
5.030199565697189e-05
4.365265466139376e-05
6.059436293772624e-06
-4.379020637449034e-05
-4.657639704941004e-05
-3.789602712407095e-05
7.830745785853374e-06
4.162749202449407e-05
3.956595183120532e-05
3.497556826491272e-05
-3.927880824844018e-05
3.30271971846457e-06
3.622431376447734e-05
3.327446771042643e-05
3.531892090682054e-05
8.254166743459358e-06
-3.125761168375774e-05
3.216676106077461e-05
3.264228012134715e-05
-1.201117808113589e-05
-2.787701578019344e-05
-2.880371139768226e-05
-2.891747865306599e-05
-1.153981919550336e-05
-2.563516169765098e-05
2.893193230547954e-05
-2.632806260150571e-05
-1.030209868559623e-05
2.507820724956814e-05
-2.531933394488887e-05
-2.507189453439857e-05
7.171133503669989e-06
-2.530322355472774e-05
-2.605164830184163e-05

0.004021717494429195
0.002391453847831818
0.0007345601570531957
-0.0007358474067697256
-0.0008082331577273105
0.0004262287074006239
-0.0005728797722503843
0.0004526789376013464
0.0003453703239665856
0.0002317974301557927
-0.0002957938711509965
4.42173117358388e-05
-0.0003091810337984376
0.0001491688808531343
-0.0003096972362673403
-0.0002234785005073195
0.000174961712621509
0.0002225015259146562
-0.0001635065999768863
-2.609864356962105e-05
0.0001429698972909666
0.0001747023409774611
-0.0001357113430363139
-0.0001266210616164836
-0.0001450194243434605
-0.0001158371514942261
2.056267904555835e-06
-0.0001344647037142031
0.0001174461889574489
0.0001090798877953145
-0.0001158337511589132
-0.0001005218713777778
-1.395346698772109e-05
0.0001008386208565178
0.000107254567442788
8.726570225446744e-05
-1.803237917104831e-05
-9.585839467315472e-05
-9.111114894994808e-05
-8.054056738958829e-05
9.044992432309064e-05
-7.60539237101941e-06
-8.341613670974932e-05
-7.662332999661746e-05
-8.13312283557162e-05
-1.900741877334315e-05
7.197898147605903e-05
-7.407254021714855e-05
-7.516754958628458e-05
2.765893867241617e-05
6.419425843376185e-05
6.632822206984936e-05
6.659020149583114e-05
2.657350921475593e-05
5.903179192438901e-05
-6.662348488268377e-05
6.062738092293421e-05
2.372332787150635e-05
-5.774925587189272e-05
5.830451435129367e-05
5.773471916286445e-05
-1.651344609578841e-05
5.82674158843012e-05
5.999086332983177e-05

0.002922088924120108
0.001737576249692498
0.0005337147877739056
-0.0005346500742885933
-0.0005872439229191338
0.0003096881336798006
-0.0004162414788369614
0.0003289062724020393
0.000250938262018712
0.000168418767413645
-0.0002149171332671167
3.212729811495371e-05
-0.0002246439427090278
0.0001083827332894694
-0.0002250190037417336
-0.0001623744213799184
0.0001271232211870661
0.0001616645737487381
-0.0001188001955569623
-1.896268383221219e-05
0.000103878692109847
0.00012693476761983
-9.860479084201006e-05
-9.199999806608008e-05
-0.0001053678320874661
-8.416465300005471e-05
1.49403772822133e-06
-9.769901092075687e-05
8.533374320994135e-05
7.925497810637245e-05
-8.416218239335848e-05
-7.303691703648083e-05
-1.013827336066502e-05
7.326706004003053e-05
7.792874164334671e-05
6.340528452494754e-05
-1.310191865148285e-05
-6.964854039259345e-05
-6.619929907539017e-05
-5.851895371502638e-05
6.571886822433985e-05
-5.525905994570696e-06
-6.060827731189254e-05
-5.567277766836745e-05
-5.909343008116876e-05
-1.381036036236155e-05
5.229829913013866e-05
-5.381943153634001e-05
-5.461504056502254e-05
2.009635894602998e-05
4.66420955278924e-05
4.819258521647675e-05
4.838293353907632e-05
1.930771046424783e-05
4.289116418349492e-05
-4.840711649477689e-05
4.405048304330079e-05
1.723683319691809e-05
-4.195930251021432e-05
4.236274075643273e-05
4.194874046637803e-05
-1.19982962508901e-05
4.233578584981899e-05
4.358800376389141e-05

-0.001884873617347012
-0.001120811760429089
-0.000344269099533296
0.0003448723997482434
0.0003787977046558305
-0.0001997622276173751
0.0002684937393346903
-0.0002121587574946361
-0.0001618660218577048
-0.0001086373822314575
0.0001386308373667999
-2.072349548080366e-05
0.0001449050497449948
-6.991154610899966e-05
0.0001451469803171801
0.0001047385178680437
-8.199997056547913e-05
-0.0001042806354739052
7.663125940235901e-05
1.22317504352393e-05
-6.700624493188637e-05
-8.187840987168712e-05
6.360435073277695e-05
5.934397400411386e-05
6.796680456207048e-05
5.428983787710741e-05
-9.637188909615678e-07
6.302008354550209e-05
-5.50439515779632e-05
-5.112288542727837e-05
5.428824422902126e-05
4.711196735939708e-05
6.539624384880962e-06
-4.726041954098358e-05
-5.026740560292962e-05
-4.089914821376758e-05
8.451303654367009e-06
4.492631801485691e-05
4.270140832610799e-05
3.774725370665959e-05
-4.239150966810405e-05
3.564448136785909e-06
3.90949577047554e-05
3.591134717541708e-05
3.811781578550767e-05
8.908279169120575e-06
-3.373466270953966e-05
3.47158588385419e-05
3.522906103972924e-05
-1.296301986891177e-05
-3.008616698574305e-05
-3.108629983039073e-05
-3.120908272328509e-05
-1.245430752124706e-05
-2.766665419366598e-05
3.122468177463609e-05
-2.8414464951538e-05
-1.111850220275516e-05
2.706556314933353e-05
-2.732579825042486e-05
-2.705875017466948e-05
7.739419519280377e-06
-2.730841117095773e-05
-2.811614583293711e-05

-0.002630912121223123
-0.001564432341237606
-0.0004805318184671095
0.0004813739066760927
0.0005287269467297035
-0.0002788287029774528
0.0003747643485413727
-0.0002961318157248105
-0.0002259330678728492
-0.0001516363766251482
0.0001935013292387147
-2.892591574988926e-05
0.0002022588932711703
-9.758274102777858e-05
0.0002025965806732003
0.0001461943303158112
-0.000114455799325392
-0.0001455552167277361
0.0001069621365436661
1.707311311893447e-05
-9.352751312687751e-05
-0.0001142861245525777
8.877913923001119e-05
8.283249290144288e-05
9.486826507492165e-05
7.57779148774728e-05
-1.345161653465498e-06
8.796361737701009e-05
-7.683050899213088e-05
-7.135747336302783e-05
7.57756904588269e-05
6.575902216456869e-05
9.128026889489743e-06
-6.596623215487067e-05
-7.016339211609331e-05
-5.708715098618845e-05
1.179635441855857e-05
6.270828640149688e-05
5.960275093489469e-05
5.268772739232434e-05
-5.91701934795082e-05
4.975267159685946e-06
5.45688565840991e-05
5.012516367343562e-05
5.320495902841842e-05
1.24342021818324e-05
-4.708694111432123e-05
4.845649754787819e-05
4.917282668489757e-05
-1.809382113841162e-05
-4.19943600862665e-05
-4.339034844303597e-05
-4.356172916490449e-05
-1.738375895208301e-05
-3.861719703746263e-05
4.358350236652837e-05
-3.966099348576613e-05
-1.551923797217065e-05
3.777819239551491e-05
-3.814142931255792e-05
-3.776868282552313e-05
1.080270445568332e-05
-3.811716037605522e-05
-3.924459878539654e-05

0.001842135908216428
0.001095398424189322
0.0003364631264944756
-0.0003370527474532922
-0.000370208828472459
0.0001952328098884878
-0.0002624059002193414
0.0002073482602900949
0.0001581958644017627
0.0001061741333431873
-0.0001354875155284518
2.025361001268869e-05
-0.0001416194661331648
6.832636856979484e-05
-0.0001418559111607002
-0.0001023636720055826
8.014069954674805e-05
0.0001019161716574667
-7.489371878184614e-05
-1.195440717601803e-05
6.548694232216159e-05
8.002189512558547e-05
-6.216218282505354e-05
-5.799840606985554e-05
-6.64257221801226e-05
-5.305886765258286e-05
9.418674855059564e-07
-6.159116333824275e-05
5.379588254550964e-05
4.996372282497242e-05
-5.305731013895218e-05
-4.604374849366617e-05
-6.391344647601772e-06
4.618883466381757e-05
4.912764018861517e-05
3.997179908863534e-05
-8.259678415396407e-06
-4.390765666061146e-05
-4.173319467416705e-05
-3.689137077926454e-05
4.143032267227607e-05
-3.483627679500093e-06
-3.820851687632403e-05
-3.509709167523536e-05
-3.725353071688342e-05
-8.706292446788256e-06
3.296976145079637e-05
-3.392870989466071e-05
-3.443027572605852e-05
1.266909577367815e-05
2.940399188305078e-05
3.038144767061671e-05
3.050144657867131e-05
1.217191799265316e-05
2.703933923277462e-05
-3.051669193643369e-05
2.777019409591275e-05
1.086640078399962e-05
-2.645187735381445e-05
2.670621187251664e-05
2.644521885685267e-05
-7.563935573191049e-06
2.668921902846801e-05
2.747863907841303e-05

0.0003583165285724949
0.0002130675369874114
6.544593096543939e-05
-6.556061899379737e-05
-7.200985642469231e-05
3.797501714763345e-05
-5.104095242055094e-05
4.033161098565854e-05
3.077090713787183e-05
2.065208474255077e-05
-2.635387324710857e-05
3.939559072945258e-06
-2.754660785712866e-05
1.3290261096762e-05
-2.759259912256218e-05
-1.991090637851157e-05
1.558828375851136e-05
1.982386243647675e-05
-1.456768591616562e-05
-2.325269086474498e-06
1.273796017712162e-05
1.556517493815026e-05
-1.209125638289416e-05
-1.128135412431699e-05
-1.292056360953993e-05
-1.032055733915629e-05
1.832040113203432e-07
-1.19801865539119e-05
1.046391517546605e-05
9.718516227465915e-06
-1.032025438492892e-05
-8.956036332143872e-06
-1.243189721684656e-06
8.984257253630466e-06
9.555888580661189e-06
7.774972642565458e-06
-1.606602033938495e-06
-8.540542010077345e-06
-8.117584253802926e-06
-7.175794062187824e-06
8.058672181236887e-06
-6.77605474923006e-07
-7.431994060791647e-06
-6.826786230035498e-06
-7.246238317179145e-06
-1.693473577254757e-06
6.41299614118852e-06
-6.599522594501358e-06
-6.697082892165362e-06
2.464284202666923e-06
5.719413128386482e-06
5.909539471976361e-06
5.932880633704505e-06
2.367577431039924e-06
5.259461110102752e-06
-5.935846030372276e-06
5.401620750053426e-06
2.113639384388535e-06
-5.145193047587717e-06
5.194664023867291e-06
5.143897893687406e-06
-1.471272084132086e-06
5.191358721112802e-06
5.344909960534386e-06

-0.001519442636417825
-0.0009035137213026585
-0.0002775237254200025
0.000278010060451033
0.000305358076920578
-0.0001610332082714875
0.000216439357738224
-0.000171026353629251
-0.0001304841516876516
-8.757524586908459e-05
0.000111753702252938
-1.670571560838244e-05
0.000116811498016881
-5.635740399689504e-05
0.0001170065241571337
8.443227612676745e-05
-6.610217805349275e-05
-8.406316595105162e-05
6.177432892408448e-05
9.860312626947642e-06
-5.401536979390064e-05
-6.600418501069173e-05
5.127301983306876e-05
4.783862614791391e-05
5.478970036094572e-05
4.376436363451592e-05
-7.768773242789409e-07
5.080202779028835e-05
-4.437227309818562e-05
-4.121140595317076e-05
4.37630789558985e-05
3.797810698424252e-05
5.271750861753786e-06
-3.809777791183733e-05
-4.052178278281975e-05
-3.296980180381815e-05
6.812802188739595e-06
3.621620169161101e-05
3.442264767709065e-05
3.042898269768733e-05
-3.417283080363937e-05
2.87338865825704e-06
3.151539979066076e-05
2.894901362476012e-05
3.072770183559998e-05
7.181181306854969e-06
-2.719433513967002e-05
2.798530129218751e-05
2.839900611483496e-05
-1.04498067691555e-05
-2.425319366975541e-05
-2.505942517103508e-05
-2.515840345836956e-05
-1.003972132703443e-05
-2.23027653429873e-05
2.517097823446494e-05
-2.290559385044688e-05
-8.962896050160149e-06
2.181821117834391e-05
-2.202799304617955e-05
-2.181271907315088e-05
6.23893500895363e-06
-2.20139768969657e-05
-2.266511152638114e-05

-0.002092330953881886
-0.001244173146803387
-0.0003821608445197567
0.0003828305465639271
0.000420489817151247
-0.0002217489217386951
0.0002980453206851846
-0.0002355098672707641
-0.000179681695790028
-0.0001205944820383446
0.000153889146474126
-2.300441295801874e-05
0.0001608539257831367
-7.760631302354136e-05
0.0001611224842797544
0.0001162664918125815
-9.102524172053186e-05
-0.0001157582129033057
8.506562700376079e-05
1.357802975238491e-05
-7.438124184246528e-05
-9.089030153139487e-05
7.060492046522516e-05
6.587562826093778e-05
7.544752481700386e-05
6.026521206837624e-05
-1.069789957185085e-06
6.995634630615626e-05
-6.110232678239353e-05
-5.674969114470695e-05
6.02634430165126e-05
5.229731409956082e-05
7.259403708195496e-06
-5.246210556984742e-05
-5.580005351360899e-05
-4.540068522767981e-05
9.381490660142772e-06
4.987110274202487e-05
4.740130987712879e-05
4.190187958896986e-05
-4.705730243349886e-05
3.956766703862727e-06
4.339791771371516e-05
3.986390525030824e-05
4.231322733175655e-05
9.88876287505172e-06
-3.744764548475553e-05
3.853683630033114e-05
3.91065237537658e-05
-1.438978586038826e-05
-3.339758055320759e-05
-3.450779234118993e-05
-3.464408924992001e-05
-1.382508243314389e-05
-3.07117657263575e-05
3.466140520029047e-05
-3.154188376820348e-05
-1.234225260809458e-05
3.004451600386312e-05
-3.033339370486559e-05
-3.003695316377742e-05
8.591253480468736e-06
-3.031409292828427e-05
-3.121073035810424e-05

0.001282576269243964
0.0007626646969780432
0.0002342604688354858
-0.0002346709889530302
-0.0002577557149532096
0.0001359296932565644
-0.0001826985615066642
0.0001443650041947825
0.0001101429382431714
7.392311459003233e-05
-9.433238417456586e-05
1.410145660422241e-05
-9.860171864368007e-05
4.757183142696511e-05
-9.876634210058383e-05
-7.12701033411478e-05
5.579748974046612e-05
7.095853386116115e-05
-5.214431030663176e-05
-8.32318554155151e-06
4.559489763655726e-05
5.571477286241869e-05
-4.328005343156537e-05
-4.038104840548355e-05
-4.624851757984179e-05
-3.69419238942295e-05
6.557696857730271e-07
-4.288248447925123e-05
3.745506616973096e-05
3.478694754961599e-05
-3.694083948454237e-05
-3.205768852428436e-05
-4.449936042726818e-06
3.215870391517323e-05
3.420482994161017e-05
2.783012953680199e-05
-5.750752417301191e-06
-3.057044717484309e-05
-2.905649083223484e-05
-2.568539948128246e-05
2.884561798592466e-05
-2.42545524066873e-06
-2.66024546886013e-05
-2.443614322990904e-05
-2.593755120341593e-05
-6.061704804483005e-06
2.29550020988186e-05
-2.362266430118007e-05
-2.397187655525635e-05
8.820783265566864e-06
2.0472356052573e-05
2.115290388391206e-05
2.12364524164203e-05
8.474626165706724e-06
1.882598058118968e-05
-2.124706690690968e-05
1.933483397226517e-05
7.565667503406118e-06
-1.841696371023842e-05
1.859404261993505e-05
1.841232777096689e-05
-5.266345563860322e-06
1.858221145241784e-05
1.913184050964657e-05

0.001328308966620906
0.0007898589579538102
0.0002426134716046365
-0.0002430386295981155
-0.0002669464854296935
0.0001407765251178237
-0.0001892130263575681
0.0001495126131183332
0.0001140702942871662
7.655898390227684e-05
-9.769598482877061e-05
1.460427087181873e-05
-0.0001021175505421183
4.926809559658442e-05
-0.0001022880439616374
-7.381137448914315e-05
5.778705540911054e-05
7.348869540649522e-05
-5.400361491125569e-05
-8.619964559463758e-06
4.722067047014854e-05
5.770138910338105e-05
-4.482328609032911e-05
-4.182091152378576e-05
-4.789759647623054e-05
-3.825915848408735e-05
6.791524017234485e-07
-4.441154106051669e-05
3.879059782383893e-05
3.602734235739908e-05
-3.825803540771122e-05
-3.320076640826397e-05
-4.608606979707162e-06
3.330538369512927e-05
3.542446823842255e-05
2.882246576085117e-05
-5.955806437321619e-06
-3.166049463857359e-05
-3.009255530179763e-05
-2.660126127418823e-05
2.987416338290429e-05
-2.511939462451966e-06
-2.755101582990645e-05
-2.530746041407357e-05
-2.686240394577141e-05
-6.277846423551011e-06
2.377350637762976e-05
-2.446497534624978e-05
-2.482663942772413e-05
9.135305077162803e-06
2.120233686260256e-05
2.190715092181943e-05
2.199367853623115e-05
8.776805087237303e-06
1.949725674104716e-05
-2.200467150657697e-05
2.002425426803616e-05
7.835435774257618e-06
-1.907365559528297e-05
1.925704859045161e-05
1.906885435277865e-05
-5.4541271357879e-06
1.924479556014536e-05
1.981402268724891e-05

0.00187765914070685
0.001116521780353789
0.0003429513871127887
-0.0003435523781569751
-0.0003773478317487982
0.0001989976246693115
-0.0002674660620449107
0.000211346706020482
0.0001612464691075428
0.0001082215655692568
-0.0001381002187998177
2.064417495094695e-05
-0.0001443504162211644
6.964395510895141e-05
-0.0001445914207883933
-0.0001043376243632945
8.168611033284665e-05
0.0001038814945439389
-7.633794826160234e-05
-1.218493261310061e-05
6.674977416145552e-05
8.156501492051756e-05
-6.336090093416979e-05
-5.911683107516188e-05
-6.770665718706149e-05
-5.408203998362758e-05
9.600301940848002e-07
-6.27788700676208e-05
5.483326726518618e-05
5.092720925074552e-05
-5.408045243535224e-05
-4.693164323324581e-05
-6.514593546249186e-06
4.707952720443102e-05
5.00750038311984e-05
4.074260405790541e-05
-8.418955738714054e-06
-4.475435960404036e-05
-4.253796590216821e-05
-3.760277363246976e-05
4.222925340149635e-05
-3.550804979187711e-06
-3.894531920565583e-05
-3.577389415314219e-05
-3.797191736081693e-05
-8.874182149901374e-06
3.360554108897471e-05
-3.458298162582647e-05
-3.509421951211774e-05
1.291340306534503e-05
2.997101022038884e-05
3.096731499136878e-05
3.108962792472788e-05
1.240663784735289e-05
2.756075827122754e-05
-3.110516726970497e-05
2.830570673468378e-05
1.107594541079115e-05
-2.696196794207383e-05
2.722120697632927e-05
2.695518104452717e-05
-7.709796386562953e-06
2.720388644704033e-05
2.800852945195375e-05

0.001245163896556731
0.0007404179919961802
0.0002274271598338479
-0.0002278257052002669
-0.0002502370565300922
0.000131964664068587
-0.000177369298182225
0.000140153919466772
0.0001069301011174405
7.176679907137256e-05
-9.158073626259293e-05
1.369012126100668e-05
-9.572553550047482e-05
4.618417509070444e-05
-9.588535693953479e-05
-6.919117538062876e-05
5.416989336960541e-05
6.888869429074636e-05
-5.062327610579421e-05
-8.080400666381009e-06
4.426490787773206e-05
5.408958931856842e-05
-4.201758699761925e-05
-3.920314509581357e-05
-4.489946191943789e-05
-3.586433883542746e-05
6.366410768400728e-07
-4.163161501475025e-05
3.636251290162556e-05
3.377222251721126e-05
-3.586328605765362e-05
-3.11225751752211e-05
-4.320132716673823e-06
3.122064397686177e-05
3.32070851086798e-05
2.701833284047377e-05
-5.583004660051565e-06
-2.967871621868485e-05
-2.82089215374742e-05
-2.493616393011003e-05
2.800419979009504e-05
-2.354705424399757e-06
-2.582646890665202e-05
-2.372334811629698e-05
-2.518096046064233e-05
-5.884886657521395e-06
2.228541143653446e-05
-2.293359812875189e-05
-2.327262396404311e-05
8.563483611084387e-06
1.987518344554125e-05
2.053587989672508e-05
2.06169913431026e-05
8.227423812055194e-06
1.82768322626084e-05
-2.062729621202336e-05
1.877084254987626e-05
7.344979206693696e-06
-1.787974629353101e-05
1.805165986349377e-05
1.787524558324498e-05
-5.11272781210628e-06
1.804017380765606e-05
1.857377034688006e-05

-0.000125145451151422
-7.441586116117947e-05
-2.285761304206569e-05
2.28976689253683e-05
2.51501263576131e-05
-1.326313545276963e-05
1.782653745645535e-05
-1.408619823532765e-05
-1.074703160205654e-05
-7.212936764655578e-06
9.20434055954839e-06
-1.375928426985284e-06
9.620914451540619e-06
-4.641749928478466e-06
9.636977337860348e-06
6.954073180764361e-06
-5.444356171366332e-06
-6.923672257217674e-06
5.087902680553868e-06
8.12122315524976e-07
-4.448853586140936e-06
-5.436285196350048e-06
4.222986143154813e-06
3.94012008631418e-06
4.512629569415785e-06
3.604552682759467e-06
-6.398574115678303e-08
4.184193950361617e-06
-3.654621768806155e-06
-3.394284105880698e-06
3.604446873116323e-06
3.127980759862684e-06
4.341958190064861e-07
-3.137837184749551e-06
-3.337484855480584e-06
-2.715483047686195e-06
5.611210210118677e-07
2.982865421214953e-06
2.835143407280753e-06
2.506214237060006e-06
-2.814567806348538e-06
2.366601484998987e-07
2.595694520142318e-06
2.384319936552e-06
2.53081756224457e-06
5.914617326832357e-07
-2.239799817549652e-06
2.304945953130434e-06
2.339019813788706e-06
-8.606746653206997e-07
-1.99755936217861e-06
-2.063962793634287e-06
-2.072114916078439e-06
-8.268989067396655e-07
-1.83691675083878e-06
2.07315060903334e-06
-1.886567355425515e-06
-7.382086318600767e-07
1.797007544605686e-06
-1.814285752981261e-06
-1.796555199804742e-06
5.138557505810155e-07
-1.813131344597725e-06
-1.866760573505681e-06

0.001500779212545531
0.0008924157968726918
0.0002741148814149382
-0.0002745952427576592
-0.000301607341561713
0.0001590552257196134
-0.0002137808174423574
0.0001689256245497655
0.0001288814054087792
8.649955278588582e-05
-0.0001103810234400343
1.650051809449956e-05
-0.000115376693932562
5.566516192476445e-05
-0.0001155693245526617
-8.339518836836069e-05
6.529024021637523e-05
8.303061199969072e-05
-6.101555037101005e-05
-9.739197693316496e-06
5.335189509737527e-05
6.519345082920036e-05
-5.064322961960153e-05
-4.725102084064504e-05
-5.411671450604059e-05
-4.322680278856624e-05
7.67334883878926e-07
-5.017802280615743e-05
4.382724525632404e-05
4.070520327118415e-05
-4.32255338897544e-05
-3.751161914751738e-05
-5.206997564378716e-06
3.762982014844509e-05
4.002405079215151e-05
3.256483134210187e-05
-6.729120046382365e-06
-3.577135546510348e-05
-3.399983180435352e-05
-3.005522130093388e-05
3.375308344965138e-05
-2.838094617408371e-06
-3.11282938541194e-05
-2.85934307952343e-05
-3.035027125005885e-05
-7.092974337131136e-06
2.686030515298338e-05
-2.76415558109992e-05
-2.805017906736173e-05
1.032145103631198e-05
2.395528993660322e-05
2.475161843799562e-05
2.484938096785892e-05
9.916402703356435e-06
2.202881886212768e-05
-2.486180128708025e-05
2.262424278340115e-05
8.852804149290965e-06
-2.155021651136671e-05
2.175742161332617e-05
2.154479186610748e-05
-6.162301718700829e-06
2.174357762548891e-05
2.23867143211277e-05

-0.001057225594449343
-0.0006286633060063956
-0.0001931005347280897
0.0001934389258130862
0.0002124676290204823
-0.0001120466316137399
0.0001505981358970373
-0.0001189998451066898
-9.079065015540329e-05
-6.093470668381686e-05
7.775803539041281e-05
-1.162380842255096e-05
8.127724105503412e-05
-3.921338556268956e-05
8.141293991073952e-05
5.874783369860418e-05
-4.59937827279717e-05
-5.849100746800806e-05
4.298247268646045e-05
6.860788705428294e-06
-3.758380215944644e-05
-4.592559933594779e-05
3.56756797347912e-05
3.328603446728681e-05
3.812258004709201e-05
3.045116956062347e-05
-5.40549916982338e-07
3.534796427487644e-05
-3.087415192843601e-05
-2.867482596095262e-05
3.045027568343214e-05
2.642510205396437e-05
3.668075256691612e-06
-2.650836888123864e-05
-2.819498733543281e-05
-2.294033185293596e-05
4.740336141176765e-06
2.519917135692638e-05
2.395121953319203e-05
2.11724342531931e-05
-2.377739737880097e-05
1.999298926790759e-06
2.192836141319656e-05
2.014267429688316e-05
2.1380282519777e-05
4.996653703155806e-06
-1.892177200021161e-05
1.947212489984608e-05
1.975998000971656e-05
-7.270957723977857e-06
-1.687533078264499e-05
-1.743630528590988e-05
-1.750517420939052e-05
-6.985620972902107e-06
-1.551822608005352e-05
1.751392371714947e-05
-1.593767312719674e-05
-6.23636778217519e-06
1.518107411888203e-05
-1.532703998466006e-05
-1.517725272146015e-05
4.34104033642503e-06
-1.531728757194933e-05
-1.577034593634406e-05

-0.0008353831673821586
-0.0004967480418046663
-0.0001525813763602407
0.0001528487613136947
0.0001678845856827111
-8.853538024751809e-05
0.0001189974480641015
-9.402956951205154e-05
-7.17396374943028e-05
-4.814850164456574e-05
6.144171521660069e-05
-9.184732140476141e-06
6.422247004339732e-05
-3.098506355419556e-05
6.432969459459331e-05
4.642051010649083e-05
-3.634269932254437e-05
-4.621757488517899e-05
3.396326608365482e-05
5.421158388116234e-06
-2.969742300513744e-05
-3.628882315998611e-05
2.818969053703431e-05
2.630147534155611e-05
3.012314669236324e-05
2.406146295700872e-05
-4.271238836324384e-07
2.793074109394407e-05
-2.439568902192907e-05
-2.265785756716366e-05
2.406075664610777e-05
2.088020340042168e-05
2.898386439203726e-06
-2.094599797281614e-05
-2.22787056501789e-05
-1.812665828817915e-05
3.745649973726529e-06
1.99115152849849e-05
1.892542683543552e-05
1.67297266359056e-05
-1.878807856969158e-05
1.579776992512171e-06
1.73270341817623e-05
1.591604586761801e-05
1.689396116086058e-05
3.94818326265299e-06
-1.495133102055561e-05
1.538620088266555e-05
1.561365405320376e-05
-5.74525978679189e-06
-1.33343038173119e-05
-1.377756650393175e-05
-1.383198434978563e-05
-5.519796536436097e-06
-1.226196653105045e-05
1.383889790876782e-05
-1.259339910762662e-05
-4.927762530708001e-06
1.199556069043071e-05
-1.211089787856285e-05
-1.199254115410835e-05
3.430140213229175e-06
-1.210319185870897e-05
-1.246118293785356e-05

0.001068196212959338
0.0006351868193773795
0.000195104300349791
-0.0001954462028514334
-0.0002146723631056367
0.000113209317096611
-0.0001521608626281016
0.0001202346826951254
9.173276657065561e-05
6.15670139459271e-05
-7.856491496922274e-05
1.174442635736827e-05
-8.21206387270569e-05
3.9620295020577e-05
-8.22577457026634e-05
-5.935744821718473e-05
4.647105101092325e-05
5.909795695219305e-05
-4.342849320746499e-05
-6.931981737419022e-06
3.7973801756322e-05
4.640216009347857e-05
-3.604587912697076e-05
-3.363143698853971e-05
-3.85181704343467e-05
-3.076715525581437e-05
5.461590953414025e-07
-3.571476302927344e-05
3.119452682705998e-05
2.897237889393766e-05
-3.076625210304117e-05
-2.669931005200056e-05
-3.706138139882226e-06
2.678344092248583e-05
2.848756107898606e-05
2.317837908768239e-05
-4.789525661074301e-06
-2.54606581173502e-05
-2.419975654717441e-05
-2.139213636818519e-05
2.402413067506636e-05
-2.020045251822031e-06
-2.215590763311362e-05
-2.035169079879234e-05
-2.160214143465692e-05
-5.048502979122462e-06
1.911811944322016e-05
-1.967418324480319e-05
-1.996502536956318e-05
7.346406997824647e-06
1.705044271450086e-05
1.761723833796919e-05
1.768682190048869e-05
7.058109364359595e-06
1.567925560787756e-05
-1.769566220014356e-05
1.610305517312564e-05
6.301081323149804e-06
-1.533860508825271e-05
1.548608561261504e-05
1.533474403695838e-05
-4.386086443630817e-06
1.547623200106688e-05
1.59339916614844e-05

0.0005485338817544359
0.0003261774264364055
0.0001001888210419542
-0.0001003643928180738
-0.0001102372983643287
5.813458745159144e-05
-7.8136757662989e-05
6.174221217044882e-05
4.710607463364935e-05
3.161553349287003e-05
-4.034419637042466e-05
6.030929243736993e-06
-4.217011087157415e-05
2.034558254393582e-05
-4.224051724506452e-05
-3.048089020218886e-05
2.386354275643212e-05
3.034763776302304e-05
-2.230114623964701e-05
-3.559670783835164e-06
1.950008493726285e-05
2.382816629478429e-05
-1.851006936636252e-05
-1.727021913809944e-05
-1.977962596205519e-05
-1.579936990813439e-05
2.804604294494784e-07
-1.83400365613697e-05
1.601883126182849e-05
1.487772683103515e-05
-1.579890612639055e-05
-1.371047379246013e-05
-1.903154416317762e-06
1.3753676185805e-05
1.462876601769683e-05
1.190242588345091e-05
-2.459489249969277e-06
-1.307440848384733e-05
-1.242691767232018e-05
-1.098516495255843e-05
1.233673130000316e-05
-1.037321842052883e-06
-1.137737231263134e-05
-1.045088141924693e-05
-1.109300552800476e-05
-2.592477770083887e-06
9.817425059927469e-06
-1.010297169629204e-05
-1.025232324588776e-05
3.772484023603234e-06
8.755643779994503e-06
9.046701358866805e-06
9.082433503576422e-06
3.624439106325329e-06
8.05151978378697e-06
-9.086973122629643e-06
8.269146861835425e-06
3.235694487121851e-06
-7.876590918105409e-06
7.952324255797932e-06
7.87460821358767e-06
-2.252317498831459e-06
7.947264286735758e-06
8.182330354552398e-06

0.0001120883632519252
6.665166013452043e-05
2.04727571810568e-05
-2.050863382179905e-05
-2.252608043726319e-05
1.187932226706974e-05
-1.596660036431693e-05
1.261651054916593e-05
9.625736860622493e-06
6.460372860133452e-06
-8.244002947294367e-06
1.232370524964026e-06
-8.617113478260289e-06
4.157451567917861e-06
-8.631500438524681e-06
-6.228517885345889e-06
4.876317649516544e-06
6.201288851169904e-06
-4.557054839800668e-06
-7.273892919786926e-07
3.984681122888584e-06
4.869088762086852e-06
-3.782379626794044e-06
-3.529026484195524e-06
-4.041803019951128e-06
-3.228470605588629e-06
5.730976980558225e-08
-3.747634828990917e-06
3.273315718625006e-06
3.040140463277332e-06
-3.228375835623976e-06
-2.801621956127943e-06
-3.888938689771524e-07
2.810450007999089e-06
2.989267379571923e-06
2.432162315542797e-06
-5.025762922483099e-07
-2.671647269543719e-06
-2.539337875904015e-06
-2.2447276285753e-06
2.520909036414704e-06
-2.119681414558188e-07
-2.324871959689801e-06
-2.135551206202056e-06
-2.266763958501865e-06
-5.297513967341036e-07
2.006109636828023e-06
-2.064458730962982e-06
-2.094977485227561e-06
7.708759179053864e-07
1.78914341148206e-06
1.848618621152584e-06
1.855920189476299e-06
7.40624163150666e-07
1.645261494819716e-06
-1.856847823092698e-06
1.689731788796738e-06
6.611874145036144e-07
-1.609516227494514e-06
1.624991708861851e-06
1.609111078218822e-06
-4.602424578770479e-07
1.623957746022127e-06
1.67199155336512e-06

-0.0006760972220838395
-0.0004020310490480119
-0.000123488057608513
0.0001237044591728869
0.0001358733410519251
-7.165397506039426e-05
9.630771508518417e-05
-7.610056465472495e-05
-5.806074567577204e-05
-3.896782875264304e-05
4.972637060449764e-05
-7.433441477183966e-06
5.197690746841411e-05
-2.507701401349869e-05
5.20636870733188e-05
3.756932047010272e-05
-2.941308732853512e-05
-3.740507974231427e-05
2.748735041431126e-05
4.387483815561281e-06
-2.403489318529123e-05
-2.93694839555354e-05
2.281464626970592e-05
2.128646483368408e-05
2.437944238564172e-05
1.947356482592807e-05
-3.456824155488905e-07
2.260507178225151e-05
-1.974406263204032e-05
-1.833759065020984e-05
1.947299319023376e-05
1.689888911672526e-05
2.345739172853971e-06
-1.695213836732002e-05
-1.803073318906991e-05
-1.467037377914193e-05
3.031451483599205e-06
1.611490474944942e-05
1.531683784135324e-05
1.353980083199733e-05
-1.520567833449109e-05
1.278554414133453e-06
1.402321729075664e-05
1.288126792328961e-05
1.36727200844151e-05
3.195366917102755e-06
-1.21004992249617e-05
1.245245066140294e-05
1.263653440017033e-05
-4.649787467195552e-06
-1.079179725102342e-05
-1.115054121759891e-05
-1.119458298890793e-05
-4.467314222343019e-06
-9.923926926737529e-06
1.120017831115643e-05
-1.019216389042199e-05
-3.988165776119654e-06
9.708317783744461e-06
-9.801663155718046e-06
-9.705873994836423e-06
2.776101267146068e-06
-9.795426474372071e-06
-1.008515792167862e-05

-0.001057044472649785
-0.0006285556046513167
-0.0001930674531260529
0.0001934057862386041
0.000212431229486236
-0.0001120274360062724
0.0001505723357219831
-0.0001189794582884694
-9.07750960806758e-05
-6.09242674703026e-05
7.774471403745959e-05
-1.162181705466473e-05
8.126331679872671e-05
-3.920666760297539e-05
8.139899240679694e-05
5.873776913583721e-05
-4.59859031640272e-05
-5.848098690422286e-05
4.297510901417779e-05
6.859613328668173e-06
-3.757736337673397e-05
-4.5917731453044e-05
3.566956784784793e-05
3.328033196964975e-05
3.811604896202507e-05
3.044595272643311e-05
-5.404573110390176e-07
3.534190853148733e-05
-3.086886262975997e-05
-2.866991344643641e-05
3.044505900238473e-05
2.642057495770897e-05
3.667446849288235e-06
-2.650382751987476e-05
-2.819015702592241e-05
-2.293640176063054e-05
4.7395240361575e-06
2.51948542846927e-05
2.394711625759888e-05
2.116880703360279e-05
-2.377332388208373e-05
1.998956410850343e-06
2.192460468965584e-05
2.013922349372803e-05
2.137661969203627e-05
4.995797686320106e-06
-1.891853035963294e-05
1.946878897389526e-05
1.975659476899413e-05
-7.269712077870887e-06
-1.687243973433055e-05
-1.743331813254802e-05
-1.750217525753796e-05
-6.984424210122754e-06
-1.551556752823089e-05
1.751092326635473e-05
-1.593494271653561e-05
-6.235299379971456e-06
1.517847332727312e-05
-1.532441418646102e-05
-1.517465258452987e-05
4.34029663797437e-06
-1.531466344451259e-05
-1.576764419184723e-05

-0.0006826985126762967
-0.0004059564072588061
-0.0001246937725950071
0.0001249122870649703
0.0001371999836985189
-7.235359147062561e-05
9.724804613938116e-05
-7.684359675887041e-05
-5.862764026090927e-05
-3.934830356151728e-05
5.021188986378011e-05
-7.506020250901724e-06
5.248440056126812e-05
-2.532186142787343e-05
5.257202746647395e-05
3.793614049788598e-05
-2.970027137593895e-05
-3.777029615341899e-05
2.77557319159284e-05
4.430322411388361e-06
-2.426956552101021e-05
-2.965624226751841e-05
2.303740433595956e-05
2.149430201369772e-05
2.461747883722422e-05
1.966370117923262e-05
-3.49057595927082e-07
2.282578360123969e-05
-1.993684007684029e-05
-1.851663555780055e-05
1.966312396219304e-05
1.706388680360357e-05
2.368642544482066e-06
-1.71176559702227e-05
-1.820678199609112e-05
-1.481361264664914e-05
3.061050025801081e-06
1.627224775522847e-05
1.546638866665679e-05
1.367200099040014e-05
-1.535414381853917e-05
1.291037987427771e-06
1.416013743974351e-05
1.300703828587085e-05
1.380621804228245e-05
3.226565899853107e-06
-1.221864630364819e-05
1.257403413005125e-05
1.27599152290403e-05
-4.695187148279834e-06
-1.089716640111424e-05
-1.125941307868062e-05
-1.130388486585378e-05
-4.510932267775809e-06
-1.002082234846354e-05
1.13095348198117e-05
-1.029167832918847e-05
-4.027105503070439e-06
9.803108036922838e-06
-9.897364816170718e-06
-9.800640387301426e-06
2.803206616169729e-06
-9.891067240999045e-06
-1.018362757358374e-05

0.0001017774096484893
6.052040658333952e-05
1.858947828122913e-05
-1.862205464738394e-05
-2.045391733741385e-05
1.078654923353491e-05
-1.449784062168322e-05
1.145592392685459e-05
8.740270044196353e-06
5.866086326825971e-06
-7.485641156384094e-06
1.11900536433222e-06
-7.824429432462343e-06
3.775009635665132e-06
-7.837492943311888e-06
-5.655559577536862e-06
4.427747578725011e-06
5.630835328881855e-06
-4.137853598401106e-06
-6.604771074883682e-07
3.618132259201715e-06
4.421183673102796e-06
-3.434440378592005e-06
-3.204393067419523e-06
-3.669999540950627e-06
-2.931485176785727e-06
5.203787216756492e-08
-3.402891737707539e-06
2.972205009856628e-06
2.760479431967573e-06
-2.931399124665965e-06
-2.5439021254022e-06
-3.531197125589328e-07
2.551918089105871e-06
2.714286138303065e-06
2.208428896091017e-06
-4.563445454264474e-07
-2.425883746536754e-06
-2.305745429176047e-06
-2.038236234117423e-06
2.289011849601857e-06
-1.924692960046353e-07
-2.11100812748903e-06
-1.939102897332737e-06
-2.05824545285409e-06
-4.810198253690326e-07
1.821568594490962e-06
-1.874550184051127e-06
-1.902261533066972e-06
6.99963420007688e-07
1.624560985883269e-06
1.678565100162211e-06
1.68519500079321e-06
6.724945093473629e-07
1.493914696219233e-06
-1.686037301849367e-06
1.534294189647532e-06
6.003651082774279e-07
-1.461457618519677e-06
1.475509517937661e-06
1.461089738728658e-06
-4.179049797324637e-07
1.474570668832738e-06
1.518185869778994e-06

0.0009051597218271801
0.0005382396209242182
0.0001653259505036533
-0.0001656156691616284
-0.0001819073819166147
9.593042245256368e-05
-0.0001289368773437879
0.0001018835216058236
7.773179165417779e-05
5.217017298970023e-05
-6.657372092895204e-05
9.951899815488115e-06
-6.958674221519757e-05
3.357313458374711e-05
-6.970292284793267e-05
-5.029784852709152e-05
3.937827441789375e-05
5.007796285591113e-05
-3.680009566981966e-05
-5.873968270089911e-06
3.217794204610587e-05
3.931989817304445e-05
-3.054427410222085e-05
-2.849834307581064e-05
-3.263922490330979e-05
-2.60712305051268e-05
4.628000069790788e-07
-3.026369554254471e-05
2.643337327239568e-05
2.455038700021187e-05
-2.607046519861912e-05
-2.262425176803052e-05
-3.140478244587094e-06
2.269554192465064e-05
2.413956588589136e-05
1.964071292603385e-05
-4.0585106579361e-06
-2.157465261479419e-05
-2.050619974006683e-05
-1.812710059200783e-05
2.035737926718384e-05
-1.711730088568753e-06
-1.877429909104235e-05
-1.72454559926898e-05
-1.830505303674012e-05
-4.277960824787527e-06
1.620016198067523e-05
-1.667135495987892e-05
-1.691780647651027e-05
6.225140694103174e-06
1.444807030510986e-05
1.492835713129893e-05
1.498732030429188e-05
5.980845308532525e-06
1.328616453822361e-05
-1.499481132802105e-05
1.364528048708677e-05
5.339360829479284e-06
-1.299750677493613e-05
1.312247766398045e-05
1.299423502759932e-05
-3.716647500769476e-06
1.311412798797549e-05
1.350202077570512e-05

0.0005889190131767564
0.0003501918377094334
0.0001075650995899258
-0.0001077535976218328
-0.0001183533836786331
6.241467484913236e-05
-8.388948020590486e-05
6.628790649446627e-05
5.057420135864475e-05
3.394318820585977e-05
-4.33144881367853e-05
6.474948981091876e-06
-4.527483334413896e-05
2.184350099935203e-05
-4.535042330016781e-05
-3.272500820042024e-05
2.562046669947302e-05
3.258194521454902e-05
-2.39430406635122e-05
-3.821747160897172e-06
2.093575467277429e-05
2.558248568940527e-05
-1.987285042485653e-05
-1.854171775064797e-05
-2.123587656121573e-05
-1.696257905774618e-05
3.01108983128419e-07
-1.969029916401933e-05
1.719819798330872e-05
1.597308114427123e-05
-1.696208113064611e-05
-1.471989053842422e-05
-2.043271816129295e-06
1.476627365476718e-05
1.570579089769406e-05
1.277872732906553e-05
-2.640566116678e-06
-1.403699570489714e-05
-1.334183417987626e-05
-1.179393419191092e-05
1.324500794698129e-05
-1.11369338501878e-06
-1.221501733579256e-05
-1.122031469152855e-05
-1.190971439690104e-05
-2.783345752786798e-06
1.054022088797691e-05
-1.084679054373801e-05
-1.100713791721636e-05
4.050228513323572e-06
9.400267269089277e-06
9.712753603712529e-06
9.751116483563203e-06
3.891283971355703e-06
8.644303010918149e-06
-9.755990326479983e-06
8.877952614540913e-06
3.473918508374942e-06
-8.456495222962996e-06
8.537804334359968e-06
8.454366544267411e-06
-2.41814160053414e-06
8.532371831305748e-06
8.784744348839626e-06

0.0004235156609331353
0.0002518372208783783
7.735444641264851e-05
-7.749000302870738e-05
-8.511274112533169e-05
4.488493609343992e-05
-6.032834372777806e-05
4.767033480448525e-05
3.636996910496086e-05
2.440992982996498e-05
-3.11492134924922e-05
4.65639966765995e-06
-3.255897761552318e-05
1.570855169530143e-05
-3.261333743319907e-05
-2.353388694700658e-05
1.842472164229518e-05
2.343100452401064e-05
-1.721841622442853e-05
-2.748374120297929e-06
1.505575432103417e-05
1.839740795022833e-05
-1.429137656281046e-05
-1.333410481288452e-05
-1.527158420102878e-05
-1.219848182863027e-05
2.165397400138166e-07
-1.416009651214816e-05
1.236792499951039e-05
1.148689355683074e-05
-1.219812374896037e-05
-1.058567312441617e-05
-1.469400026679487e-06
1.06190291134994e-05
1.129467424838847e-05
9.18970355780777e-06
-1.898938698056315e-06
-1.009457562153842e-05
-9.594656640936436e-06
-8.481498682381182e-06
9.525024951172321e-06
-8.009022963762767e-07
-8.784316730362626e-06
-8.068985524557771e-06
-8.564760945853498e-06
-2.001617352677706e-06
7.579902356474296e-06
-7.800369088702645e-06
-7.915681419156913e-06
2.912684371484273e-06
6.760115255814469e-06
6.984836912918981e-06
7.012425223114773e-06
2.798380874336577e-06
6.216470552082709e-06
-7.015930202164962e-06
6.384497503312227e-06
2.498236362188437e-06
-6.081410318559955e-06
6.139883013929957e-06
6.079879498964863e-06
-1.738984164656903e-06
6.135976279608196e-06
6.3174676411915e-06

-0.0008109787425137893
-0.0004822363174392053
-0.0001481239478638081
0.0001483835215802174
0.0001629800976372969
-8.594895629288515e-05
0.0001155211219969363
-9.128264133095934e-05
-6.964387514040477e-05
-4.674191777171779e-05
5.964679070610688e-05
-8.916414422082526e-06
6.234631008923225e-05
-3.007988293161586e-05
6.245040224133022e-05
4.506440682900699e-05
-3.52810036722839e-05
-4.486740004577599e-05
3.297108188867797e-05
5.262787645508501e-06
-2.882985880608483e-05
-3.522870141833052e-05
2.736617240591847e-05
2.553311849172189e-05
2.924314563542361e-05
2.3358544598245e-05
-4.146461211703909e-07
2.711478776957385e-05
-2.368300676655839e-05
-2.199594336507568e-05
2.335785892112957e-05
2.027022061047494e-05
2.813714570226259e-06
-2.033409309637674e-05
-2.162786778387692e-05
-1.759711605226921e-05
3.63622661336236e-06
1.932983121741185e-05
1.837254981404452e-05
1.624099359376364e-05
-1.823921396508225e-05
1.533626255428645e-06
1.682085172514814e-05
1.545108324837599e-05
1.640043026154453e-05
3.832843206065998e-06
-1.451455105082223e-05
1.493671686370772e-05
1.515752534228558e-05
-5.577420923994041e-06
-1.294476279185024e-05
-1.337507624587986e-05
-1.342790435868012e-05
-5.358544233157561e-06
-1.190375217789126e-05
1.343461594875508e-05
-1.22255024652751e-05
-4.783805583590886e-06
1.164512897113453e-05
-1.175709676201416e-05
-1.164219764589278e-05
3.329933981658942e-06
-1.174961586158918e-05
-1.209714878604375e-05

-3.39229534420467e-05
-2.017177428574653e-05
-6.195972253808516e-06
6.206830130380981e-06
6.817399734777928e-06
-3.595214387087696e-06
4.832207600071752e-06
-3.818320542327161e-06
-2.913178619931261e-06
-1.95519785813756e-06
2.495004120350747e-06
-3.729704558868873e-07
2.607924059620796e-06
-1.258230844705151e-06
2.61227819745045e-06
1.885028169805548e-06
-1.475791882348997e-06
-1.876787445863741e-06
1.379168672626775e-06
2.201405424271415e-07
-1.205942778460218e-06
-1.473604097599402e-06
1.144717294973865e-06
1.068041299255575e-06
1.223230420087853e-06
9.770796438179516e-07
-1.734450032536129e-08
1.134201964710678e-06
-9.906517813496196e-07
-9.200825170504657e-07
9.770509621878873e-07
8.478961457059955e-07
1.176966834776825e-07
-8.505679091622118e-07
-9.046860459110412e-07
-7.360811292086959e-07
1.52102070798312e-07
8.085599906089829e-07
7.685172487012844e-07
6.79355007289897e-07
-7.629398573851573e-07
6.415104284857526e-08
7.036102674640923e-07
6.463133374369306e-07
6.86024186609902e-07
1.603264732028465e-07
-6.071385274561939e-07
6.247975738218332e-07
6.340339142397505e-07
-2.333015409807938e-07
-5.414748408131785e-07
-5.594747001215736e-07
-5.616844813604595e-07
-2.24146006558923e-07
-4.979297356959632e-07
5.619652247933395e-07
-5.113884362112907e-07
-2.001048924968447e-07
4.871116185967328e-07
-4.917951916159915e-07
-4.869890023001858e-07
1.392899585439171e-07
-4.914822682017138e-07
-5.06019447288617e-07

0.0004446637081897551
0.0002644125892517914
8.121710283636528e-05
-8.135942840570572e-05
-8.936280419859113e-05
4.712624341021647e-05
-6.33408100466299e-05
5.005072964271419e-05
3.818608571246565e-05
2.562882772961311e-05
-3.270463422356066e-05
4.888914706184727e-06
-3.418479422812776e-05
1.649295053631476e-05
-3.424186847669734e-05
-2.470904007402753e-05
1.934475110030079e-05
2.460102026759491e-05
-1.807820941175852e-05
-2.885612836918718e-06
1.580755604464444e-05
1.931607351238261e-05
-1.500500945715783e-05
-1.399993681089675e-05
-1.603416328407032e-05
-1.280760704870468e-05
2.273525459551289e-07
-1.486717400141152e-05
1.298551128140319e-05
1.206048596480921e-05
-1.280723108850438e-05
-1.111426353116768e-05
-1.542773797875265e-06
1.114928513524418e-05
1.185866827927711e-05
9.648586907453301e-06
-1.993761272587564e-06
-1.059864331483292e-05
-1.007376112459846e-05
-8.905018168170846e-06
1.00006524104864e-05
-8.408949605777728e-07
-9.222957287177571e-06
-8.471906367698933e-06
-8.992438092023333e-06
-2.101567135576439e-06
7.958401070980037e-06
-8.189876701584229e-06
-8.310947096822443e-06
3.058127840083256e-06
7.097678302658592e-06
7.333621325729235e-06
7.362587244692105e-06
2.938116653746472e-06
6.526886966709965e-06
-7.366267243156228e-06
6.703304261514929e-06
2.622984572276939e-06
-6.385082566526259e-06
6.446475067321315e-06
6.383475306205801e-06
-1.825819487846543e-06
6.442373252133628e-06
6.632927296034816e-06

0.0003267204605585695
0.0001942794101400863
5.967496054929154e-05
-5.977953547795873e-05
-6.566008425428399e-05
3.462641017874542e-05
-4.654020161626743e-05
3.677520143643981e-05
2.805755289023917e-05
1.883100024844125e-05
-2.403000955356082e-05
3.592171870600597e-06
-2.511756976925563e-05
1.211833638758417e-05
-2.515950556125979e-05
-1.815517840619536e-05
1.421372122903881e-05
1.807580993007278e-05
-1.328311889704109e-05
-2.120228698019423e-06
1.161473692610612e-05
1.419265012618283e-05
-1.102505896081729e-05
-1.028657324266062e-05
-1.178123853230467e-05
-9.410498757907299e-06
1.670492265402341e-07
-1.092378318149855e-05
9.54121541359679e-06
8.861545155156618e-06
-9.410222517935829e-06
-8.166300133768525e-06
-1.133566235552514e-06
8.192032556725581e-06
8.713257885581568e-06
7.089381705953479e-06
-1.464933137618894e-06
-7.787443772317577e-06
-7.401782096373337e-06
-6.543038218772583e-06
7.348064843747147e-06
-6.178547602182741e-07
-6.776646704192711e-06
-6.224805621155412e-06
-6.607270755083873e-06
-1.544144416969389e-06
5.847503214970185e-06
-6.017581913199966e-06
-6.106539421006603e-06
2.246985571245604e-06
5.215079803525465e-06
5.388440956557091e-06
5.409723913114842e-06
2.158806326234201e-06
4.79568599033755e-06
-5.412427823442813e-06
4.925310105702742e-06
1.927260335638792e-06
-4.691493995163756e-06
4.736602659903696e-06
4.690313046904043e-06
-1.341536475721099e-06
4.7335888161327e-06
4.873600028736925e-06

0.0004819435080163767
0.0002865804617752716
8.802619762071439e-05
-8.818045550801928e-05
-9.68548198300318e-05
5.107722229283115e-05
-6.865118882478153e-05
5.424689215363524e-05
4.138753796798502e-05
2.777750222217241e-05
-3.544653151538161e-05
5.298792459326152e-06
-3.705078545356314e-05
1.78756896337982e-05
-3.711264470375907e-05
-2.678060123564441e-05
2.096657999129841e-05
2.666352524433267e-05
-1.959385374180005e-05
-3.127537390140684e-06
1.713283290946914e-05
2.093549812635417e-05
-1.626300226983445e-05
-1.51736661535094e-05
-1.737843848937794e-05
-1.388137362385256e-05
2.464133715796052e-07
-1.611361093915003e-05
1.407419302516921e-05
1.307161526162167e-05
-1.388096614383057e-05
-1.204606325314498e-05
-1.672117158494531e-06
1.208402100506606e-05
1.285287754690961e-05
1.045750695623985e-05
-2.160914606163902e-06
-1.148721437186729e-05
-1.091832700958332e-05
-9.651598760760424e-06
1.083908899331299e-05
-9.113940708681797e-07
-9.99619331958348e-06
-9.182175651476814e-06
-9.746347812675286e-06
-2.277758717425992e-06
8.625619000853534e-06
-8.876501129028883e-06
-9.007721846894206e-06
3.314515738675576e-06
7.692734794755197e-06
7.948458853489787e-06
7.979853222627595e-06
3.184443031865037e-06
7.074089347135409e-06
-7.983841745500938e-06
7.265297148373779e-06
2.842890847517948e-06
-6.92039632291001e-06
6.986935859760715e-06
6.918654312797815e-06
-1.978892886401611e-06
6.982490155816324e-06
7.189019905589602e-06

7.761109934116981e-06
4.615027346106264e-06
1.417554102230116e-06
-1.420038236543468e-06
-1.559728249947789e-06
8.225361079514534e-07
-1.105543315178594e-06
8.735797589763343e-07
6.664956093873464e-07
4.47322652655675e-07
-5.708229767541101e-07
8.533056283660148e-08
-5.966575216146962e-07
2.878660882185117e-07
-5.976536890601582e-07
-4.312687832383114e-07
3.376410918349009e-07
4.293834177681131e-07
-3.155350168508342e-07
-5.036515920223018e-08
2.75903290494904e-07
3.371405564704309e-07
-2.618957333679986e-07
-2.443533093826188e-07
-2.798584675460566e-07
-2.235425209343448e-07
3.968185553330886e-09
-2.594899689574965e-07
2.266476412315077e-07
2.105023542695833e-07
-2.235359589683372e-07
-1.939870952161713e-07
-2.692739890404179e-08
1.945983583275442e-07
2.06979851272486e-07
1.684053416464078e-07
-3.479888314209088e-08
-1.849875184413641e-07
-1.758262842160041e-07
-1.554271771996902e-07
1.745502530093477e-07
-1.46768852768956e-08
-1.609764505287783e-07
-1.478676929569037e-07
-1.569529946368746e-07
-3.668051444799418e-08
1.389050297390576e-07
-1.429451791449752e-07
-1.450583280938675e-07
5.337621650255672e-08
1.238820721554081e-07
1.280001949238622e-07
1.285057627881221e-07
5.128155486704012e-08
1.139195449106564e-07
-1.285699930609853e-07
1.169987123680535e-07
4.57812752563325e-08
-1.114445069908989e-07
1.125160447397083e-07
1.114164540488201e-07
-3.18676462768863e-08
1.124444521226464e-07
1.157703607936062e-07

-0.0002847643150019524
-0.0001693308189298663
-5.201173882570863e-05
5.210288465684674e-05
5.722827668545916e-05
-3.017982393471606e-05
4.056369353376243e-05
-3.205267594262653e-05
-2.445451324279038e-05
-1.641279789267253e-05
2.094417104551894e-05
-3.130879407895214e-06
2.189207109229802e-05
-1.056214769798642e-05
2.192862165623826e-05
1.582376241065625e-05
-1.238845152977704e-05
-1.575458611940827e-05
1.157735345787367e-05
1.847957338841941e-06
-1.012321848174316e-05
-1.237008629436826e-05
9.609264621706873e-06
8.96561231015498e-06
1.026833861213002e-05
8.202039835646463e-06
-1.455974274950956e-07
9.520994276240598e-06
-8.315970376922325e-06
-7.72358067705005e-06
8.201799069316229e-06
7.117616263511819e-06
9.879981560523202e-07
-7.140044230783084e-06
-7.594335870427611e-06
-6.17899142842794e-06
1.276812234974479e-06
6.787411133201849e-06
6.451274599894913e-06
5.702807204713694e-06
-6.404455503774383e-06
5.385123027295564e-07
5.906416615080358e-06
5.425440774961296e-06
5.758791253500442e-06
1.345851516035127e-06
-5.096590047149351e-06
5.244827913596028e-06
5.322361851114308e-06
-1.958436597209697e-06
-4.545379941594203e-06
-4.69647874301867e-06
-4.715028626716719e-06
-1.881580981065331e-06
-4.179843018304301e-06
4.71738531160665e-06
-4.292821318948596e-06
-1.679769208118655e-06
4.089030945857494e-06
-4.128346934801902e-06
-4.088001650288791e-06
1.169261682925311e-06
-4.125720116892807e-06
-4.247751644950802e-06

0.0003790013078898576
0.0002253674300449717
6.922397225378923e-05
-6.934528095505403e-05
-7.616681785403533e-05
4.016722651175241e-05
-5.398742782090358e-05
4.265986102771335e-05
3.254723999659109e-05
2.18442815330122e-05
-2.787522101871197e-05
4.166980650050721e-06
-2.913680942200493e-05
1.405747694066335e-05
-2.918545565614159e-05
-2.106031666690892e-05
1.648815910268395e-05
2.096824788064886e-05
-1.540864452207351e-05
-2.459501459448088e-06
1.347329297425976e-05
1.646371626390806e-05
-1.278925647500197e-05
-1.193260044384595e-05
-1.366643767786604e-05
-1.091633909625867e-05
1.937799525396843e-07
-1.26717748432844e-05
1.106797264681157e-05
1.027954355226883e-05
-1.091601865317982e-05
-9.473047467031367e-06
-1.314956171155625e-06
9.502897516637028e-06
1.010752778987738e-05
8.223803719227284e-06
-1.699347430459643e-06
-9.033567624695763e-06
-8.586193501460417e-06
-7.590035953824314e-06
8.523880572037062e-06
-7.167220620603302e-07
-7.861025782119712e-06
-7.220880711739438e-06
-7.664546791711882e-06
-1.791233865801279e-06
6.783203484031812e-06
-6.980497675411326e-06
-7.083689902022979e-06
2.606541594781542e-06
6.049581538015712e-06
6.250683432961931e-06
6.275372025640511e-06
2.504252166286106e-06
5.5630775601254e-06
-6.278508607751098e-06
5.713443745254543e-06
2.235654867169113e-06
-5.44221306827941e-06
5.494539888898718e-06
5.440843148154267e-06
-1.556205197590702e-06
5.491043778708743e-06
5.653459173832351e-06

0.0001881076552085306
0.0001118553892653728
3.435755717409953e-05
-3.441776566116557e-05
-3.780346192200645e-05
1.993598079494539e-05
-2.679528604973384e-05
2.117313651004229e-05
1.615399438421225e-05
1.084185329534756e-05
-1.383515664746047e-05
2.068174813813247e-06
-1.446131394940082e-05
6.977070976818093e-06
-1.448545826986805e-05
-1.045275228261515e-05
8.183478217466057e-06
1.040705628330557e-05
-7.647688624418733e-06
-1.220710965601255e-06
6.687126130080951e-06
8.171346636406548e-06
-6.34762201947665e-06
-5.92244259664491e-06
-6.78298858900655e-06
-5.418047136276982e-06
9.617774857181074e-08
-6.289313000983896e-06
5.493306590661091e-06
5.101989871741697e-06
-5.417888092507629e-06
-4.701706061708076e-06
-6.526450355413806e-07
4.716521374274464e-06
5.016614225144961e-06
4.081675715395488e-06
-8.434278559829732e-07
-4.483581424848782e-06
-4.261538662539851e-06
-3.767121211720342e-06
4.230611225614959e-06
-3.557267579916492e-07
-3.901620117462701e-06
-3.583900400735338e-06
-3.804102770121838e-06
-8.890333500472565e-07
3.366670445772679e-06
-3.464592397371861e-06
-3.515809233251709e-06
1.293690595231345e-06
3.00255586041076e-06
3.102367668785267e-06
3.114621223543308e-06
1.242921840226636e-06
2.761091990432235e-06
-3.116177986259798e-06
2.835722420244504e-06
1.109610405462456e-06
-2.701103975386679e-06
2.727075061309623e-06
2.700424050389961e-06
-7.723828510559473e-07
2.725339855978505e-06
2.805950604569314e-06

-0.0002215464117566373
-0.0001317392431474742
-4.046509165298138e-05
4.053600303753472e-05
4.452355398045757e-05
-2.347987914196905e-05
3.155852147392661e-05
-2.493695652228237e-05
-1.902559195370275e-05
-1.276914377417158e-05
1.629454850169971e-05
-2.435821702089347e-06
1.703201398808782e-05
-8.217342551920731e-06
1.706045029793423e-05
1.231087463521365e-05
-9.638205488033298e-06
-1.225705553537793e-05
9.007171829842927e-06
1.437709347455827e-06
-7.875855968974235e-06
-9.623917349412528e-06
7.476000272526147e-06
6.975239283420451e-06
7.988759315596739e-06
6.381180502412339e-06
-1.132746833898601e-07
7.407326013590637e-06
-6.469818373389976e-06
-6.008939655593991e-06
6.380993186399412e-06
5.537499821326581e-06
7.686617836726389e-07
-5.554948762114158e-06
-5.908387298307425e-06
-4.807250442303939e-06
9.933589085547732e-07
5.280600491209502e-06
5.019086534262056e-06
4.436779493024085e-06
-4.982661314529157e-06
4.189621454355946e-07
4.595187453182817e-06
4.220988630133101e-06
4.480335038684212e-06
1.047071414594993e-06
-3.965143024098716e-06
4.080471966902601e-06
4.140793308942146e-06
-1.523662123051172e-06
-3.536301998110768e-06
-3.65385674606178e-06
-3.668288540900773e-06
-1.463868514500732e-06
-3.251914561014413e-06
3.670122039884791e-06
-3.339811589522858e-06
-1.306859114828155e-06
3.181262840507398e-06
-3.211850648793523e-06
-3.180462049372214e-06
9.096846641587336e-07
-3.209806986538243e-06
-3.30474741881419e-06

-0.0001571404903981525
-9.344123025372374e-05
-2.870145490483493e-05
2.87517515882433e-05
3.158007864475539e-05
-1.665402609591011e-05
2.238412033549177e-05
-1.768751543238346e-05
-1.34946480333758e-05
-9.057016535374637e-06
1.155754824494646e-05
-1.727702171989195e-06
1.208062459388333e-05
-5.828472815868776e-06
1.210079416302187e-05
8.731971157048258e-06
-6.836275636036467e-06
-8.693797847541485e-06
6.388690239752617e-06
1.019751798810087e-06
-5.586260050238025e-06
-6.826141212774223e-06
5.302646699287134e-06
4.947462308004081e-06
5.666341181379663e-06
4.526102794970471e-06
-8.034451633136588e-08
5.253936785009101e-06
-4.588972684849228e-06
-4.262076360279822e-06
4.525969933733004e-06
3.927689149201702e-06
5.452035475492132e-07
-3.940065495500428e-06
-4.190755653211455e-06
-3.409731107710102e-06
7.04578804927846e-07
3.745473213515265e-06
3.559984172570452e-06
3.146960042335074e-06
-3.534148155424054e-06
2.971653500041866e-07
3.259317107140904e-06
2.993901900937114e-06
3.177853523072795e-06
7.426765085754788e-07
-2.812433360412059e-06
2.894234940883959e-06
2.937020220931148e-06
-1.08071717938694e-06
-2.508261026535347e-06
-2.59164134669381e-06
-2.601877663774128e-06
-1.038306215040369e-06
-2.306548071793273e-06
2.60317814490619e-06
-2.368892490079608e-06
-9.269411341709356e-07
2.256435565250353e-06
-2.278131169152593e-06
-2.255867572694559e-06
6.452295620580361e-07
-2.276681621464224e-06
-2.344021850392852e-06

-0.000561710607345161
-0.0003340127682176374
-0.0001025955285326595
0.0001027753178443209
0.0001128853875321624
-5.95310800506513e-05
8.001373673120407e-05
-6.322536610904369e-05
-4.823764342050544e-05
-3.237499288655102e-05
4.131333323221976e-05
-6.175802518380418e-06
4.318310933453503e-05
-2.083431836698666e-05
4.32552069900074e-05
3.121309351600312e-05
-2.443678602361099e-05
-3.107664012448881e-05
2.283685806006364e-05
3.645180187490923e-06
-1.996851045620182e-05
-2.440055975861366e-05
1.895471301158161e-05
1.768507945220078e-05
2.025476653634845e-05
1.617889789849263e-05
-2.871975704739101e-07
1.878059572668031e-05
-1.640363109070994e-05
-1.523511537235733e-05
1.617842297592399e-05
1.403982291180339e-05
1.948871452830821e-06
-1.408406310081032e-05
-1.498017409285766e-05
-1.218834258787688e-05
2.518570404330581e-06
1.338847822244533e-05
1.272543356998237e-05
1.124904747461669e-05
-1.263308076617115e-05
1.062240093626923e-06
1.165067632883872e-05
1.070192953354655e-05
1.135947856583718e-05
2.654753537022037e-06
-1.005325646493295e-05
1.034566242174121e-05
1.049860165196743e-05
-3.86310556664602e-06
-8.965969375733731e-06
-9.264018657348956e-06
-9.300609149517138e-06
-3.71150435628327e-06
-8.244931112254974e-06
9.305257818019451e-06
-8.467785966353827e-06
-3.313421423909601e-06
8.065800154900696e-06
-8.14335273738091e-06
-8.06376982242001e-06
2.306422032048875e-06
-8.138171219172706e-06
-8.378883977514452e-06

-0.0003930243603432933
-0.0002337060273717566
-7.178525996904583e-05
7.191105709353802e-05
7.898499093084469e-05
-4.165341432313373e-05
5.598496322883851e-05
-4.423827634287927e-05
-3.375148822524584e-05
-2.265252018382135e-05
2.890660449512699e-05
-4.321158978756656e-06
3.021487168286471e-05
-1.457760373811257e-05
3.026531782817526e-05
2.183954860928151e-05
-1.709822116617106e-05
-2.174407327692483e-05
1.597876453451669e-05
2.55050303980446e-06
-1.397180495869794e-05
-1.707287394210078e-05
1.326245910162875e-05
1.237410678814118e-05
1.417209601840001e-05
1.132024375980254e-05
-2.009498128602429e-07
1.314063064828372e-05
-1.147748775334808e-05
-1.065988677386321e-05
1.131991146032915e-05
9.823550324823732e-06
1.363609563579667e-06
-9.854504826590061e-06
-1.048150642642007e-05
-8.528084544964613e-06
1.762223303597474e-06
9.367809723616647e-06
8.903882753026028e-06
7.870867365452608e-06
-8.839264244544617e-06
7.432407860370797e-07
8.15188382030103e-06
7.488053375458367e-06
7.948135105141168e-06
1.857509538031019e-06
-7.034182085630001e-06
7.238776164206047e-06
7.34578650430843e-06
-2.702983661720839e-06
-6.273416119751723e-06
-6.481958786964965e-06
-6.507560857838861e-06
-2.596909523275286e-06
-5.768911489465743e-06
6.510813493518992e-06
-5.924841225056021e-06
-2.318374121213489e-06
5.643575010125041e-06
-5.697837923670108e-06
-5.642154402938354e-06
1.613784806578272e-06
-5.694212457366088e-06
-5.862637223850537e-06

-2.596112350473592e-05
-1.543739180713667e-05
-4.741756969611225e-06
4.750066466434043e-06
5.217333355028327e-06
-2.751405619447822e-06
3.698072413443573e-06
-2.92214801840174e-06
-2.229445914021705e-06
-1.49630642148454e-06
1.90941835957603e-06
-2.854330500857299e-07
1.995835613731082e-06
-9.629198829214677e-07
1.999167820932264e-06
1.442605792265147e-06
-1.12941862182219e-06
-1.436299193613523e-06
1.05547320062041e-06
1.684728253420656e-07
-9.229039996413321e-07
-1.127744317427752e-06
8.760483406479192e-07
8.173684560050521e-07
9.361341743073416e-07
7.477558034685623e-07
-1.327368844345359e-08
8.680009933538816e-07
-7.581425151994129e-07
-7.04136091821881e-07
7.477338535109802e-07
6.488921017844396e-07
9.007288062580986e-08
-6.50936793477818e-07
-6.923532236379527e-07
-5.633204413463826e-07
1.164032091739683e-07
6.187882730498325e-07
5.881436957743813e-07
5.199081288089456e-07
-5.838753367367293e-07
4.909457984497051e-08
5.38470598793934e-07
4.946214487077356e-07
5.250120295720727e-07
1.226973169945417e-07
-4.646410968490462e-07
4.781555063319567e-07
4.852240469534364e-07
-1.78544893785934e-07
-4.1438889573708e-07
-4.281641282320227e-07
-4.298552664703752e-07
-1.715381937275037e-07
-3.810639715422207e-07
4.300701184843747e-07
-3.91363870307528e-07
-1.531396090520788e-07
3.727849024846948e-07
-3.763692253500626e-07
-3.726910646382708e-07
1.06598142254551e-07
-3.761297461018614e-07
-3.87255000932407e-07

-0.0003964083006350356
-0.0002357182365940418
-7.240333115765516e-05
7.253021139559307e-05
7.966505181315936e-05
-4.201205027867101e-05
5.646699384045703e-05
-4.46191679640384e-05
-3.404208858604075e-05
-2.284755841426575e-05
2.915549040022183e-05
-4.358364163602867e-06
3.047502177027466e-05
-1.470311692666942e-05
3.052590225698e-05
2.202758715332351e-05
-1.724543687431262e-05
-2.193128977823935e-05
1.611634171948529e-05
2.572462874541931e-06
-1.409210221891235e-05
-1.721987141060378e-05
1.33766488930284e-05
1.248064786487995e-05
1.429411778492573e-05
1.141771107439463e-05
-2.026799910298197e-07
1.325377149652571e-05
-1.157630893894925e-05
-1.075166841388115e-05
1.141737591382158e-05
9.908131106852934e-06
1.37535024382806e-06
-9.939352126917522e-06
-1.057175221139818e-05
-8.601511364818153e-06
1.777396048703923e-06
9.448466578427029e-06
8.980545195973854e-06
7.938635544469771e-06
-8.915370322045829e-06
7.496400902437789e-07
8.222071551384706e-06
7.552525525483482e-06
8.016568559504975e-06
1.87350269774993e-06
-7.094746403220331e-06
7.301102037096793e-06
7.409033736376472e-06
-2.726256354826001e-06
-6.327430241310693e-06
-6.537768461178578e-06
-6.563590965917774e-06
-2.619268917899777e-06
-5.818581825452974e-06
6.566871606798814e-06
-5.975854116283645e-06
-2.338335325636208e-06
5.69216619885144e-06
-5.746896316154951e-06
-5.69073336023676e-06
1.627679496018393e-06
-5.743239634580937e-06
-5.913114538540586e-06

0.0002882959558400011
0.0001714308560615974
5.265678727881451e-05
-5.27490634985952e-05
-5.793802052763619e-05
3.055411345444634e-05
-4.106676357827578e-05
3.245019253221608e-05
2.475779758390341e-05
1.661634905499867e-05
-2.120392019907386e-05
3.169708506183769e-06
-2.216357608160561e-05
1.069313922390336e-05
-2.22005799448563e-05
-1.602000836773916e-05
1.254209283608178e-05
1.59499741536507e-05
-1.172093554352904e-05
-1.870875665546982e-06
1.0248766417069e-05
1.252349983541975e-05
-9.728438512446978e-06
-9.076803638934348e-06
-1.039568632415697e-05
-8.303761355210156e-06
1.474031236227248e-07
-9.639073440073279e-06
8.419104860585688e-06
7.819368356537741e-06
-8.303517602902594e-06
-7.205888785532554e-06
-1.000251287684909e-06
7.228594903964533e-06
7.688520658639168e-06
6.255623145670733e-06
-1.292647232528801e-06
-6.871588458379925e-06
-6.531283167103573e-06
-5.773533295573636e-06
6.48388342157393e-06
-5.451909205901434e-07
-5.97966786541519e-06
-5.492726973393261e-06
-5.830211657315457e-06
-1.362542737251708e-06
5.159797846013819e-06
-5.309874155254058e-06
-5.388369666976382e-06
1.98272508527278e-06
4.601751644723734e-06
4.754724370192849e-06
4.773504309144715e-06
1.904916307448931e-06
4.231681340463208e-06
-4.775890221591766e-06
4.34606079553395e-06
1.700601669285422e-06
-4.139743018672821e-06
4.179546603653193e-06
4.138700957804794e-06
-1.183762840874056e-06
4.176887208005438e-06
4.300432168420004e-06

-4.914741947601391e-05
-2.922477413676072e-05
-8.976696204811219e-06
8.992427046623681e-06
9.877017491188823e-06
-5.208730126931358e-06
7.000880224714017e-06
-5.531965302121658e-06
-4.220599833277029e-06
-2.832681696082551e-06
3.614750534818915e-06
-5.403578871435909e-07
3.77834842530195e-06
-1.822919081261655e-06
3.784656680239825e-06
2.731020173222808e-06
-2.138120515506517e-06
-2.719081050139518e-06
1.99813325209601e-06
3.189386089510125e-07
-1.747164370527862e-06
-2.134950862988819e-06
1.658461170652279e-06
1.547373339466274e-06
1.772210626487166e-06
1.415588509950337e-06
-2.512863258043514e-08
1.643226608361589e-06
-1.435251760600443e-06
-1.333011333913722e-06
1.415546956135378e-06
1.228428049942238e-06
1.705184156118604e-07
-1.232298888590048e-06
-1.310704997087674e-06
-1.066430966493323e-06
2.203647830798499e-07
1.171438008715787e-06
1.113424267760029e-06
9.842464210378501e-07
-1.105343768778991e-06
9.294173687097103e-08
1.019387330814307e-06
9.363758011857228e-07
9.93908697470357e-07
2.322802595904323e-07
-8.796195160257855e-07
9.052038614684598e-07
9.185854291382158e-07
-3.380062033381867e-07
-7.844862677582505e-07
-8.105643814303412e-07
-8.137659023631102e-07
-3.247417070276881e-07
-7.213983190370106e-07
8.141726421625099e-07
-7.408972226594972e-07
-2.899110511568609e-07
7.057250805606848e-07
-7.125106196877683e-07
-7.055474346311016e-07
2.01802653564178e-07
-7.12057257679922e-07
-7.331186561153542e-07

-0.0001513213058428409
-8.9980939640429e-05
-2.763859031352492e-05
2.768702442369434e-05
3.04106136302122e-05
-1.603729866182219e-05
2.15551975860804e-05
-1.703251609801376e-05
-1.29949178415529e-05
-8.721619524699348e-06
1.11295522136709e-05
-1.663722367868436e-06
1.163325813934144e-05
-5.612634371531003e-06
1.165268079443092e-05
8.408611139745042e-06
-6.583116507589003e-06
-8.371851454049956e-06
6.15210597380348e-06
9.819886233069002e-07
-5.379391164158129e-06
-6.573357379570293e-06
5.106280506872844e-06
4.764249208843831e-06
5.456506752313053e-06
4.358493368445683e-06
-7.736921972051583e-08
5.059374405085569e-06
-4.41903507741695e-06
-4.104244289967839e-06
4.358365427290061e-06
3.782240016546689e-06
5.250137157925881e-07
-3.794158045296491e-06
-4.035564712223567e-06
-3.283462858531309e-06
6.784870313236361e-07
3.606771852581598e-06
3.428151792128597e-06
3.030422660868319e-06
-3.403272527456204e-06
2.861608023501903e-07
3.138618948935841e-06
2.883032527562768e-06
3.06017210250337e-06
7.1517391101499e-07
-2.708284081440586e-06
2.787056407690154e-06
2.828257274701578e-06
-1.040696350237628e-06
-2.415375775965242e-06
-2.495668378435415e-06
-2.505525626961338e-06
-9.998559373636659e-07
-2.221132601338428e-06
2.5067779490314e-06
-2.281168297823818e-06
-8.926148983424812e-07
2.172875847720964e-06
-2.193768025823324e-06
-2.172328888919307e-06
6.213355937219066e-07
-2.192372157396482e-06
-2.257218661004873e-06

0.0001809958162463907
0.0001076264411419791
3.305859135855577e-05
-3.31165235264672e-05
-3.637421581772456e-05
1.918225556878643e-05
-2.578222914292498e-05
2.037263779025322e-05
1.554325578069617e-05
1.043195230221386e-05
-1.331208699363248e-05
1.989982747653122e-06
-1.391457099056801e-05
6.713286894459727e-06
-1.393780247993433e-05
-1.005756214076596e-05
7.874083157670638e-06
1.001359378294737e-05
-7.358550312267445e-06
-1.174559203213818e-06
6.434304073988106e-06
7.862410238703561e-06
-6.10763569066642e-06
-5.698531145711571e-06
-6.526542234003264e-06
-5.213205506202627e-06
9.254152941420755e-08
-6.051531177611069e-06
5.285619605263987e-06
4.909097507451276e-06
-5.213052475448063e-06
-4.523947339871073e-06
-6.279703013470863e-07
4.538202525754035e-06
4.82694968190822e-06
3.927358655038212e-06
-8.115401421033076e-07
-4.314069402430735e-06
-4.100421473209755e-06
-3.624696601841595e-06
4.070663318584255e-06
-3.422776965247868e-07
-3.754110469671805e-06
-3.448402871525513e-06
-3.660279988078481e-06
-8.554214164430815e-07
3.239385790496265e-06
-3.333605579361987e-06
-3.382886045937915e-06
1.244779671485343e-06
2.889037387545067e-06
2.985075582841067e-06
2.996865864010159e-06
1.195930345062245e-06
2.656702609927004e-06
-2.998363769762963e-06
2.728511466115304e-06
1.067659053160996e-06
-2.59898257862021e-06
2.623971768399577e-06
2.598328359740862e-06
-7.431811556351712e-07
2.622302166463246e-06
2.699865241839795e-06

0.0001169371456350007
6.953491568492069e-05
2.135837939436764e-05
-2.139580800736293e-05
-2.350052647986489e-05
1.239320476892091e-05
-1.665729267452981e-05
1.316228276243914e-05
1.00421324788977e-05
6.739839356081151e-06
-8.600626731400764e-06
1.285681112412225e-06
-8.989877490648602e-06
4.337296980385212e-06
-9.004886810273324e-06
-6.497954666468622e-06
5.087260181193031e-06
6.46954774321951e-06
-4.754186518637441e-06
-7.588551130727878e-07
4.157052732844808e-06
5.079718582419561e-06
-3.945999963189384e-06
-3.681687125770105e-06
-4.216645641536794e-06
-3.368129629441135e-06
5.978890853303163e-08
-3.909752155085732e-06
3.414914677983547e-06
3.171652594356301e-06
-3.36803075986804e-06
-2.922816117519156e-06
-4.057168618923863e-07
2.932026058289005e-06
3.118578813767616e-06
2.537374180963854e-06
-5.243170243043539e-07
-2.787218911762506e-06
-2.649186002871591e-06
-2.341831337338144e-06
2.629959958132462e-06
-2.211375802838071e-07
-2.42544259766047e-06
-2.227932098977811e-06
-2.364820927402895e-06
-5.526676849699331e-07
2.092891072335006e-06
-2.153764264879343e-06
-2.185603216829238e-06
8.042229082800303e-07
1.86653919819422e-06
1.928587220420085e-06
1.93620464415304e-06
7.726625058539338e-07
1.716433155467815e-06
-1.937172405879285e-06
1.762827170799972e-06
6.897894370013657e-07
-1.679141598975308e-06
1.695286527540567e-06
1.678718923524509e-06
-4.801518887681484e-07
1.694207836945475e-06
1.74431951814053e-06

3.361810445839399e-05
1.99905004206524e-05
6.140292082921481e-06
-6.151052385093363e-06
-6.756135099243574e-06
3.562905954600907e-06
-4.788782914830699e-06
3.784007163998307e-06
2.886999309145618e-06
1.93762745170281e-06
-2.472582739162602e-06
3.696187529003851e-07
-2.584487922192911e-06
1.246923739776421e-06
-2.588802931531941e-06
-1.86808834401841e-06
1.462529662840077e-06
1.859921675442507e-06
-1.366774758613317e-06
-2.181622470910762e-07
1.195105560795749e-06
1.460361538638331e-06
-1.134430280772092e-06
-1.058443334711385e-06
-1.212237846851577e-06
-9.682991071585442e-07
1.718863378790764e-08
-1.124009446633717e-06
9.817492785385805e-07
9.118141856797613e-07
-9.682706832776161e-07
-8.402765179365885e-07
-1.166390009743326e-07
8.429242715584451e-07
8.965560750928865e-07
7.294663282809924e-07
-1.507352039138308e-07
-8.012938576125441e-07
-7.616109602369935e-07
-6.732499762605776e-07
7.560836902091047e-07
-6.357454881688441e-08
-6.972872662773485e-07
-6.405052357232574e-07
-6.798592229303993e-07
-1.588856976392629e-07
6.016824705954208e-07
-6.191828237510929e-07
-6.28336161696371e-07
2.312049741907849e-07
5.366088713725926e-07
5.544469747502184e-07
5.566368977665625e-07
2.221317160760596e-07
4.934550848075406e-07
-5.569151182992734e-07
5.067928385657702e-07
1.983066477426348e-07
-4.82734184834845e-07
4.873756688718502e-07
4.826126704324381e-07
-1.380382278435276e-07
4.87065557547286e-07
5.014720981206001e-07

2.79487599281353e-05
1.661930992542509e-05
5.104795528414303e-06
-5.113741217278741e-06
-5.616783009418663e-06
2.962058830383592e-06
-3.981204359690411e-06
3.145873614736863e-06
2.400136828172333e-06
1.610866684790516e-06
-2.055607313161793e-06
3.072863850051722e-07
-2.148640848072589e-06
1.036642987850681e-06
-2.152228175868265e-06
-1.553054626144345e-06
1.215889208898173e-06
1.546265181510126e-06
-1.136282375814376e-06
-1.813714475439966e-07
9.935634071406501e-07
1.214086716349176e-06
-9.431203835945039e-07
-8.79947847624387e-07
-1.007806510904856e-06
-8.050055088066837e-07
1.428994903099953e-08
-9.344569150170425e-07
8.161874483267232e-07
7.580461833028428e-07
-8.049818783153112e-07
-6.985726010288e-07
-9.696904358567749e-08
7.007738384653848e-07
7.453611947646471e-07
6.064494002045592e-07
-1.253152756461115e-07
-6.66163961920475e-07
-6.331731734807824e-07
-5.597133527099276e-07
6.28578020197385e-07
-5.285336074274629e-08
-5.79697003148387e-07
-5.3249067293528e-07
-5.652080184970254e-07
-1.320912731659408e-07
5.002149643644268e-07
-5.147640645255891e-07
-5.223737869938221e-07
1.922146540364773e-07
4.461153525134594e-07
4.609452448263691e-07
4.627658600474913e-07
1.846715067678476e-07
4.102390043347803e-07
-4.629971615756229e-07
4.213274842991628e-07
1.648642890241052e-07
-4.013260729123966e-07
4.051848188216893e-07
4.01225050654713e-07
-1.147595128595545e-07
4.049270045543689e-07
4.169040315270304e-07

-0.000300650493578525
-0.0001787772961967033
-5.491332349601462e-05
5.50095540898281e-05
6.042087693476538e-05
-3.186346913597764e-05
4.282662482554036e-05
-3.384080214759775e-05
-2.581875989842257e-05
-1.732842047784816e-05
2.211258584975965e-05
-3.305542126345647e-06
2.31133665020963e-05
-1.115137940871791e-05
2.315195611643027e-05
1.670652440774025e-05
-1.307956745591388e-05
-1.663348897103931e-05
1.222322056546399e-05
1.9510495408509e-06
-1.06879635993682e-05
-1.30601776770664e-05
1.014533773806753e-05
9.465777923279655e-06
1.084117956264555e-05
8.659607946035483e-06
-1.537198874090311e-07
1.005214304499602e-05
-8.77989434312601e-06
-8.154456933034257e-06
8.659353748050525e-06
7.51468751523112e-06
1.043115719291877e-06
-7.538366674011959e-06
-8.018001931984744e-06
-6.523699511870384e-06
1.348041901421871e-06
7.166061194515417e-06
6.811172574964732e-06
6.020950345796258e-06
-6.761741576716343e-06
5.685543485769854e-07
6.235918537028565e-06
5.728110444113807e-06
6.080057582953081e-06
1.420932684550035e-06
-5.380914084104366e-06
5.537421712926025e-06
5.619281044854129e-06
-2.067692117917603e-06
-4.79895355896015e-06
-4.958481726056374e-06
-4.978066454182122e-06
-1.986548948949957e-06
-4.413024386590354e-06
4.980554611717196e-06
-4.53230542028452e-06
-1.77347868013435e-06
4.317146170941292e-06
-4.35865548533823e-06
-4.316059453948665e-06
1.234491414739989e-06
-4.355882124844937e-06
-4.484721439360418e-06

-0.0002451878988511938
-0.0001457972980353816
-4.478317080630647e-05
4.486164923092796e-05
4.927471658549991e-05
-2.598544560684667e-05
3.492616968919935e-05
-2.759800948683118e-05
-2.105583601438959e-05
-1.413175463908795e-05
1.803335959351481e-05
-2.695751198927785e-06
1.884952091903068e-05
-9.094225171465242e-06
1.888099170207045e-05
1.362458304286934e-05
-1.066671011986275e-05
-1.356502084140416e-05
9.968338092410999e-06
1.59112906079678e-06
-8.716298139862718e-06
-1.065089727659298e-05
8.2737733556454e-06
7.71957555224882e-06
8.841249539936312e-06
7.06212403609049e-06
-1.253623626451641e-07
8.197770783006585e-06
-7.160220562094143e-06
-6.650160915705874e-06
7.061916731357998e-06
6.128413163242991e-06
8.506866176321975e-07
-6.14772410173239e-06
-6.538878494056321e-06
-5.320237984685993e-06
1.099361446039232e-06
5.844099793113828e-06
5.554679363703525e-06
4.910233629758039e-06
-5.514367164461743e-06
4.636701056132493e-07
5.085545496041618e-06
4.671415461397989e-06
4.958437040678333e-06
1.158805678935716e-06
-4.388268259519458e-06
4.515904094100855e-06
4.582662399927621e-06
-1.686253961631295e-06
-3.913665085994919e-06
-4.043764244098141e-06
-4.059736073321071e-06
-1.620079704378315e-06
-3.598930319548882e-06
4.061765227208304e-06
-3.69620694689108e-06
-1.446315640676131e-06
3.520739268001044e-06
-3.554591138521168e-06
-3.519853023467347e-06
1.00675822123923e-06
-3.552329394581102e-06
-3.657401035872019e-06

