-0.3429778627809218
-0.2038709148216216
-0.06267655737588711
0.06270467848816121
0.06895675960153978
-0.03630528506534875
0.04889153980458277
-0.03855943169243452
-0.02948601980870369
-0.01972900862982054
0.02525691623557426
-0.00376302926160465
0.02633155893402256
-0.01275030008768488
0.02637642770041207
0.01908566309502619
-0.01489075056830632
-0.01899950325209624
0.01391552933832429
0.002231307331763867
-0.01221612758522569
-0.0148723057981626
0.01159581787050479
0.01077388813525429
0.01238767937127851
0.009856125893881049
-0.000175087963920525
0.01148613175474728
-0.009994890293820457
-0.009320043083249557
0.009858704917265853
0.008588716367847728
0.001193840304551153
-0.008581403173266012
-0.009161867170649865
-0.007425198034932899
0.001541693560946668
0.008188627607494409
0.007754164221689769
0.006881932608780914
-0.007698910251316346
0.0006521454377090718
0.007125822672143846
0.006520628990128663
0.00694748933316286
0.001616413527998158
-0.006126189129514586
0.006327772271689235
0.006398100453414633
-0.002361593179030373
-0.005484434317470682
-0.00564510504694598
-0.005688323572591712
-0.002259442905893777
-0.005025709333103527
0.005690664645256252
-0.005160244037726427
-0.002026626729276211
0.004932702634647678
-0.004962645171550133
-0.004931424018879875
0.001410646374046762
-0.004960042071215602
-0.005123543856820785

-0.2040807751301538
-0.1213085124094307
-0.03729418659277398
0.03731091938821585
0.04103107073978284
-0.02160259165820781
0.02909174154773148
-0.02294386770203995
-0.01754495094602806
-0.01173927477731942
0.01502852400141531
-0.002239100571446405
0.01566796443966431
-0.007586761151102587
0.01569466252607758
0.01135646740208364
-0.008860385021977344
-0.01130520004800777
0.008280102950910567
0.001327686067337747
-0.007268914577952145
-0.008849409902586333
0.006899814116565629
0.006410744483562801
0.007370992365675298
0.005864652009590173
-0.0001041819058032152
0.006834548016441962
-0.005947220447302609
-0.005545668753241573
0.00586618659578269
0.005110510280499662
0.0007103661232212037
-0.005106158738953457
-0.00545154995912608
-0.004418186521357316
0.0009173478847291497
0.004872447031538931
0.004613929983757703
0.004094929421405458
-0.004581052430050494
0.0003880435470265112
0.004240050371122908
0.00387994434349622
0.004133937382493623
0.0009618082142385394
-0.003645242337240093
0.003765189565244575
0.003807036667923154
-0.00140520954504458
-0.003263381483529123
-0.003358984758756911
-0.003384700908896524
-0.001344427467878333
-0.002990428151729797
0.003386093908199422
-0.003070479810388474
-0.00120589576964802
0.002935086740011315
-0.002952903330538231
-0.002934325930274789
0.0008393713900826905
-0.002951354417933746
-0.003048642245409025

-0.06160696010383333
-0.0366200524253059
-0.0112581964864678
0.01126324770533777
0.01238626978200198
-0.006521290413452751
0.008782080329409553
-0.006926188619413027
-0.005296388610178331
-0.003543797951534858
0.004536741287778102
-0.0006759293200723764
0.004729772608547463
-0.002290256351950639
0.004737832103343035
0.00342823783236982
-0.002674732032969552
-0.003412761480738553
0.002499559166348145
0.0004007957267343654
-0.002194306299141542
-0.002671418914708895
0.002082883959708524
0.001935245881845294
0.002225121069379328
0.00177039401260038
-3.144995166869166e-05
0.002063181731388518
-0.001795319390528762
-0.001674100823128368
0.001770857266379833
0.001542737196877811
0.0002144420383765479
-0.00154142357365096
-0.0016456886770539
-0.001333741703883869
0.0002769247348250404
0.001470871764812705
0.001392831834600504
0.001236158346278894
-0.001382906910812139
0.0001171407904783444
0.001279966787098191
0.001171259645708282
0.001247933889080523
0.0002903462133770414
-0.001100408890038517
0.001136618004226492
0.001149250613953039
-0.0004241981554792661
-0.0009851345024098467
-0.001013994776774152
-0.001021757849188776
-0.0004058495432665067
-0.0009027366135765859
0.00102217836137279
-0.0009269022378886114
-0.0003640302351982158
0.0008860304042740022
-0.0008914087941848795
-0.0008858007345514513
0.0002533855514225603
-0.0008909412156140194
-0.0009203100148157853

0.06147413313694632
0.03654109818892565
0.01123392338341318
-0.01123896371165041
-0.01235956450968293
0.006507230261416279
-0.008763145827676965
0.006911255491323669
0.005284969393363814
0.003536157387346801
-0.004526959899705477
0.000674471990555417
-0.004719575037550302
0.002285318471490561
-0.004727617155764479
-0.003420846420225361
0.002668965208203282
0.003405403436202368
-0.002494170020998209
-0.0003999315957884097
0.002189575290670527
0.002665659233153656
-0.002078393182070101
-0.001931073417562303
-0.002220323623084228
-0.001766576975265317
3.138214436769231e-05
-0.0020587334325125
0.001791448613123815
0.001670491397598635
-0.001767039230251235
-0.001539410996360005
-0.0002139796931240363
0.001538100205354822
0.001642140509199442
0.00133086610565982
-0.0002763276744846474
-0.001467700508921212
-0.001389828835788643
-0.001233493141513304
0.001379925310517475
-0.0001168882304451058
-0.001277207129654567
-0.00116873436502728
-0.001245243295793585
-0.000289720215814536
0.001098036366301724
-0.001134167412251893
-0.001146772785588753
0.0004232835680002912
0.000983010514670751
0.001011808565177341
0.001019554900110284
0.0004049745160982448
0.000900790278842484
-0.001019974505654114
0.0009249038011431084
0.0003632453720609027
-0.0008841200887680417
0.0008894868826633982
0.0008838909142221436
-0.0002528392424635319
0.0008890203122105386
0.000918325791156254

0.06667358881794699
0.03963172852192985
0.01218408378056689
-0.01218955041758897
-0.01340493114806674
0.007057608991846999
-0.009504328924247612
0.007495806501537963
0.005731969826458768
0.003835244054834794
-0.004909848216580736
0.0007315185407714231
-0.005118754659755484
0.002478609722675542
-0.005127476976862657
-0.003710180135820899
0.00289470513499965
0.00369343099086566
-0.002705125846210947
-0.0004337576377615374
0.00237476862489347
0.002891119542006308
-0.002254182781473521
-0.002094402774790527
-0.002408117638008599
-0.001915993294314012
3.403643261039497e-05
-0.002232860218775336
0.001942968564581004
0.001811780839906739
-0.001916494646627035
-0.001669613714836658
-0.0002320780033281229
0.001668192057693592
0.001781032045589294
0.001443430187179882
-0.000299699350075763
-0.001591837985282685
-0.00150737995960497
-0.00133782145969988
0.001496638798435821
-0.0001267745865891122
-0.001385232758114017
-0.001267585413814115
-0.001350565436964042
-0.0003142246267781249
0.001190907808832055
-0.001230094803073804
-0.001243766333453725
0.0004590847097164681
0.001066153120254446
0.001097386897458931
0.001105788414061101
0.000439227086097194
0.0009769787323222925
-0.00110624350966101
0.00100313176594507
0.0003939685090452382
-0.0009588985847574673
0.0009647192997672262
0.0009586500267274277
-0.0002742242765994357
0.0009642132669864957
0.000995997390708468

-0.0346298789581997
-0.02058449208976551
-0.006328343111835289
0.006331182451701827
0.006962444220125779
-0.003665681560796824
0.004936493836024469
-0.003893278829659908
-0.002977152194767759
-0.001992003726644053
0.002550146954106411
-0.0003799465271289039
0.002658651760415419
-0.001287375649077698
0.002663182081805634
0.001927046245664588
-0.001503493215559171
-0.001918346836007531
0.001405026822191049
0.000225291224893877
-0.001233441179510497
-0.001501630879158507
0.001170809585266645
0.001087820767811756
0.001250762465314951
0.000995155908705893
-1.767832754112393e-05
0.001159734768708015
-0.001009166709095978
-0.0009410285586410424
0.0009954163082168267
0.0008671877707027064
0.0001205399815218966
-0.00086644937015074
-0.0009250578115393786
-0.0007497093459764385
0.0001556621205033934
0.0008267915036333474
0.0007829244903509538
0.0006948567796997154
-0.0007773455929526059
6.584599188953796e-05
0.0007194819356942687
0.0006583765810091299
0.0007014759282698294
0.0001632064657674853
-0.0006185506735334585
0.0006389041731929828
0.000646005087522513
-0.0002384459605504593
-0.0005537538050656506
-0.0005699764494916995
-0.0005743401489439457
-0.0002281320249347462
-0.0005074371403266897
0.0005745765229836926
-0.0005210208757269919
-0.0002046249800477559
0.000498046415560736
-0.000501069661493956
-0.0004979173159479562
0.0001424305137071403
-0.0005008068309748466
-0.0005173153222201831

0.04813218413239458
0.02861045413216226
0.008795785173826889
-0.008799731581758292
-0.009677124416726027
0.005094943013456015
-0.006861249228473773
0.005411281215683512
0.004137953753799951
0.002768692615962932
-0.003544457747247458
0.0005280889438366555
-0.003695268939019314
0.001789327703506931
-0.00370156564781394
-0.002678407996745054
0.002089710229146498
0.002666316658280776
-0.001952851460968455
-0.0003131330240311089
0.001714364004573244
0.002087121761580638
-0.001627312143076567
-0.001511965709223801
-0.001738438917418674
-0.001383170512842289
2.457116634424033e-05
-0.001611919218649669
0.001402644170981002
0.001307938728662878
-0.001383532442990012
-0.001205307171508743
-0.0001675389218925802
0.001204280866121593
0.00128574093406116
0.001042023517607555
-0.0002163552998713577
-0.001149160265330479
-0.001088189357427706
-0.0009657837529996262
0.001080435229348295
-9.151956349126393e-05
-0.001000010339353861
-0.0009150798033061157
-0.0009749837296490927
-0.0002268412104876365
0.0008597256418267626
-0.0008880150388111006
-0.00089788462329416
0.0003314168349445733
0.0007696642584747373
0.0007922121660077719
0.0007982772864137973
0.0003170814614718113
0.0007052885718507691
-0.0007986058234791749
0.0007241686509385461
0.0002844089414701665
-0.0006922363722142938
0.0006964383918084413
0.0006920569362324691
-0.0001979646455045108
0.0006960730827946417
0.0007190182897738489

-0.03638714679982747
-0.02162903706287955
-0.006649470247585483
0.006652453667671893
0.007315748352142199
-0.003851693886516155
0.005186992599792166
-0.004090840412075254
-0.003128225602150991
-0.00209308649662583
0.002679552293329147
-0.0003992266353402014
0.002793563096557039
-0.001352702583397933
0.002798323305788351
0.002024832795854813
-0.001579786877485569
-0.00201569194102657
0.001476323879112455
0.0002367234630771915
-0.00129603124867882
-0.001577830038189113
0.001230221460061488
0.001143021435854356
0.001314231490443858
0.00104565436634951
-1.8575401322974e-05
0.001218584660050094
-0.00106037613454256
-0.0009887803635532217
0.001045927979642904
0.0009111925789185423
0.0001266566945896308
-0.0009104167087715641
-0.0009719991925887427
-0.0007877527975823811
0.0001635610807870952
0.0008687464328668954
0.0008226534201277824
0.0007301167780088112
-0.0008167914256677351
6.918729851633531e-05
0.000755991519506299
0.0006917854183567794
0.000737071810424768
0.0001714882583254354
-0.0006499385743783401
0.0006713248974695831
0.0006787861424953494
-0.0002505457261588203
-0.000581853636283469
-0.0005988994869179561
-0.0006034846191024701
-0.0002397084174352105
-0.0005331866663185617
0.0006037329877697009
-0.0005474596984222128
-0.000215008524774041
0.0005233194161032991
-0.0005264960744367399
-0.0005231837654252121
0.0001496580457960118
-0.0005262199067756459
-0.0005435661093167287

-0.02918180090805566
-0.01734607708799065
-0.005332748895553408
0.005335141541819494
0.005867091285835256
-0.003088985370944771
0.004159869587781308
-0.003280776344145289
-0.002508777542236073
-0.001678615632159611
0.002148950066813673
-0.0003201721820559585
0.002240384566458967
-0.001084841790253422
0.002244202163888078
0.001623877459966578
-0.001266959082819929
-0.001616546667937426
0.00118398372241378
0.0001898477230926293
-0.001039392455737586
-0.001265389734855571
0.0009866142546931605
0.0009166814908087326
0.001053988704094161
0.0008385949496209411
-1.489711919915881e-05
0.0009772817620140664
-0.000850401528212735
-0.0007929830791552743
0.0008388143822874592
0.0007307591489151792
0.0001015762644298644
-0.0007301369157875566
-0.0007795248986396193
-0.0006317627878402889
0.000131172881514817
0.0006967181456399528
0.0006597524245186023
0.0005855397943866343
-0.0006550512162540655
5.548689985992647e-05
0.0006062908458245877
0.0005547987716827564
0.0005911175983400159
0.0001375303273997231
-0.0005212383972921947
0.0005383898223829452
0.0005443735992387215
-0.0002009329156625514
-0.0004666355695613854
-0.0004803060181475552
-0.0004839832071088839
-0.0001922415998171305
-0.0004276055836125372
0.0004841823940646493
-0.0004390522843802513
-0.0001724327548408086
0.0004196922362738706
-0.000422239855947131
-0.0004195834470055375
0.0001200229114069715
-0.0004220183747260667
-0.0004359296998390022

-0.0207249308762164
-0.01231919338202823
-0.003787321165981712
0.003789020424662653
0.004166811422176462
-0.002193799090473926
0.002954341643699752
-0.002330009143951691
-0.001781735174963087
-0.001192153734920552
0.001526185506216439
-0.000227386457830536
0.001591122337593229
-0.00077045522945847
0.001593833597363288
0.001153278655258145
-0.0008997950296889359
-0.00114807232277212
0.0008408658835997963
0.0001348299561941927
-0.000738177087366779
-0.0008986804779109743
0.0007006939802804124
0.0006510276933343943
0.0007485433508880957
0.0005955705893134414
-1.057994215744335e-05
0.000694066038903387
-0.0006039556278505917
-0.0005631770141015962
0.0005957264305125722
0.0005189855450028682
7.213951824308952e-05
-0.0005185436346972251
-0.0005536190069795431
-0.0004486782755253776
9.315905179375778e-05
0.0004948096059626979
0.0004685565307175386
0.0004158506804349566
-0.0004652177300509424
3.94068264585612e-05
0.0004305880884523955
0.0003940183893915051
0.0004198120398363037
9.767411331887836e-05
-0.000370183793246537
0.0003823647446742855
0.0003866144262516832
-0.0001427026659863785
-0.0003314048352949496
-0.0003411135953159114
-0.0003437251369161684
-0.0001365300887459293
-0.0003036857180466504
0.0003438665996004822
-0.0003118151711573546
-0.0001224618362701854
0.000298065654462759
-0.0002998749753402767
-0.0002979883922651968
8.524033695895102e-05
-0.0002997176792566218
-0.0003095975099179052

0.02545295868814618
0.01512960029139805
0.004651331758462404
-0.004653418673070109
-0.005117396030095733
0.002694275698838986
-0.003628322635037606
0.002861559676034927
0.002188206661456003
0.001464122604127668
-0.001874357838497928
0.0002792606716987664
-0.001954108863785105
0.0009462210148542189
-0.001957438649700402
-0.001416378860008214
0.001105067411575683
0.001409984794499576
-0.001032694619121906
-0.0001655890350338584
0.0009065791833758534
0.001103698594447963
-0.0008605449658491849
-0.000799548190643128
-0.000919310327268964
-0.000731439525478333
1.299356954504959e-05
-0.0008524049764302039
0.0007417374628157104
0.000691655926847433
-0.0007316309191012228
-0.0006373829527152053
-8.859687825214601e-05
0.0006368402283596726
0.0006799174288101061
0.0005510363185011568
-0.0001144116480240824
-0.0006076916991562328
-0.0005754494473656928
-0.0005107196860038503
0.0005713489581561076
-4.839679957785379e-05
-0.0005288191739912834
-0.0004839067424374503
-0.0005155847597545422
-0.0001199567412820705
0.0004546347031409505
-0.0004695945240119769
-0.0004748136955630658
0.0001752577648501722
0.0004070090092070729
0.0004189326517611807
0.000422139970562891
0.0001676770228713953
0.0003729662637615446
-0.000422313705466105
0.0003829503083609573
0.0001503993464719623
-0.0003660640816950613
0.0003682861672509991
0.0003659691934884273
-0.0001046864179252618
0.0003680929868374025
0.0003802267267842142

-0.003670153354689202
-0.002181591301228261
-0.0006706921999226293
0.0006709931196208296
0.0007378956779541259
-0.0003884972712094504
0.000523180847226171
-0.0004126185475457144
-0.0003155253625989758
-0.0002111170867423315
0.0002702703757600663
-4.026759732043231e-05
0.0002817699619804141
-0.0001364390000586127
0.0002822500957478653
0.0002042327451303773
-0.0001593436314200031
-0.0002033107619038165
0.0001489079390406635
2.387687655000535e-05
-0.0001307229022733578
-0.0001591462567715365
0.0001240850634289321
0.0001152897197562788
0.0001325586515487153
0.0001054688871764151
-1.873589370863614e-06
0.000122911329175071
-0.0001069537836761997
-9.973234747723421e-05
0.0001054964849089947
9.190653278428709e-05
1.277510146918556e-05
-9.18282754139451e-05
-9.803973136612089e-05
-7.945590206941099e-05
1.649742566103466e-05
8.762524449912519e-05
8.297611863435517e-05
7.364250230623403e-05
-8.238485439614326e-05
6.978508019562932e-06
7.625233236055642e-05
6.977624785681655e-05
7.434401473022662e-05
1.729699253544682e-05
-6.555540757892094e-05
6.771251777691747e-05
6.84650888320618e-05
-2.52710453617953e-05
-5.868808804634801e-05
-6.040740080900386e-05
-6.086987560432852e-05
-2.417795100112858e-05
-5.37793425472324e-05
6.089492706281276e-05
-5.521897772790259e-05
-2.168662090565224e-05
5.278409217274444e-05
-5.310450265459365e-05
-5.27704099020865e-05
1.509510987096689e-05
-5.307664727826092e-05
-5.482625473711226e-05

0.02645880643505564
0.0157274904837004
0.004835142671241609
-0.004837312056352273
-0.005319624829112479
0.002800747845139647
-0.003771706364695247
0.002974642535597597
0.002274680016760458
0.001521981670360521
-0.001948428544062899
0.0002902964699676066
-0.002031331163241031
0.000983613692363101
-0.002034792535338761
-0.001472351193227439
0.001148737366794975
0.001465704447609475
-0.001073504552796738
-0.0001721327677230018
0.0009424052985307486
0.00114731445687465
-0.0008945519049092347
-0.0008311446645918605
-0.0009556395506305298
-0.0007603444872833099
1.350704826520072e-05
-0.0008860902401162576
0.0007710493775881544
0.000718988723956731
-0.0007605434443822477
-0.000662570995282602
-9.209804176971727e-05
0.00066200682359446
0.0007067863450030104
0.0005728121224940979
-0.0001189329573066524
-0.0006317064054188718
-0.0005981900072032561
-0.0005309022609164399
0.0005939274752275219
-5.030933997874277e-05
-0.0005497170028527489
-0.0005030297258422081
-0.0005359595922169591
-0.0001246971810644742
0.000472600916712566
-0.000488151918447987
-0.0004935773407540002
0.0001821835855401125
0.0004230931548617887
0.0004354879948567742
0.0004388220601962597
0.0001743032684772861
0.0003877051112437511
-0.0004390026607398605
0.0003980837044255664
0.0001563428144058244
-0.0003805301693632153
0.0003828400670975501
0.0003804315313729308
-0.0001088234064338372
0.0003826392525977059
0.0003952524925954169

-0.01063218591406974
-0.006319922374240356
-0.001942949918313435
0.001943821662319604
0.002137633846599784
-0.001125450305593704
0.001515619511451627
-0.001195328010884617
-0.0009140556242623023
-0.0006115919142763199
0.0007829549897357569
-0.0001166525045819067
0.0008162685128535104
-0.0003952545505214086
0.0008176594278873086
0.0005916484424807523
-0.0004616077176495872
-0.0005889775194630191
0.0004313762229956012
6.916969564836732e-05
-0.0003786954020385546
-0.0004610359366486374
0.0003594660320807432
0.0003339865166295496
0.0003840134434665325
0.000305536229208737
-5.427661624051696e-06
0.0003560658033714213
-0.0003098378738876411
-0.0002889178618846016
0.0003056161779725554
0.0002662470062817805
3.700860448187181e-05
-0.0002660202999754962
-0.0002840144675476555
-0.0002301783716180836
4.779192578084894e-05
0.0002538444038287992
0.0002403762007987996
0.0002133373458894519
-0.000238663348310551
2.021626550616711e-05
0.0002208978469531324
0.000202137068374041
0.0002153695799112126
5.010821691037619e-05
-0.0001899095797076969
0.0001961585819824094
0.0001983387294036831
-7.320850835461857e-05
-0.0001700154197243307
-0.0001749961524541288
-0.0001763359106412071
-7.004188795998682e-05
-0.0001557951161819693
0.0001764084830211727
-0.0001599656418818866
-6.282467325852093e-05
0.0001529119431941977
-0.0001538401506784762
-0.0001528723065819643
4.372951182990927e-05
-0.0001537594555380466
-0.0001588279499527264

0.02438156389520835
0.0144927480036108
0.004455542628904951
-0.004457541698734837
-0.004901988794842292
0.002580865191642381
-0.003475595165281108
0.002741107662021469
0.002096098185907571
0.001402493095609378
-0.0017954602434135
0.0002675057149097444
-0.001871854298131379
0.0009063916071731262
-0.001875043922923334
-0.00135675903529419
0.00105855166128035
0.001350634116039837
-0.0009892252664555226
-0.0001586188736441674
0.0008684184246069244
0.001057240461955318
-0.000824321931552645
-0.0007658927017606868
-0.000880613674758051
-0.0007006509437442138
1.244662948504591e-05
-0.0008165245797971141
0.0007105154086285356
0.0006625419614490816
-0.0007008342810097171
-0.0006105535068728881
-8.486755801111724e-05
0.0006100336274862043
0.0006512975735791804
0.0005278414730770521
-0.000109595703227801
-0.0005821120512195914
-0.0005512269768441532
-0.0004892218939814368
0.0005472990900751672
-4.635962662293229e-05
-0.0005065595178011654
-0.0004635375912331926
-0.0004938821815324054
-0.000114907386133929
0.0004354977038002431
-0.0004498278189313652
-0.0004548272991965807
0.0001678806163236259
0.0003898767245683809
0.0004012984636422818
0.0004043707763448559
0.0001606189715304811
0.0003572669449580118
-0.0004045371982015809
0.0003668307298334458
0.0001440685666735807
-0.0003506552973640952
0.0003527838483756166
0.0003505644032994294
-0.0001002798385397161
0.0003525987995310626
0.0003642217923400697

0.01776747311930409
0.0105612384704195
0.00324686858608419
-0.003248325359721067
-0.003572205397398603
0.001880742888936305
-0.00253275564841165
0.001997515701265864
0.001527480695397715
0.001022032814767404
-0.001308398089176913
0.0001949382992554723
-0.001364068403005212
0.0006605108919683531
-0.001366392764682238
-0.0009887052279572376
0.0007713938395435252
0.0009842418416593471
-0.0007208739113791957
-0.0001155896556020372
0.0006328388565158487
0.0007704383348487351
-0.0006007046071151241
-0.000558125723570829
-0.0006417258491703547
-0.0005105823753757091
9.07017924493693e-06
-0.0005950224762096923
0.0005177708648188311
0.0004828113791656653
-0.0005107159779596389
-0.0004449260542878963
-6.184517376097156e-05
0.0004445472047986748
0.0004746173043275989
0.0003846516664991086
-7.986520960920126e-05
-0.0004242000335549129
-0.0004016932849677325
-0.0003565085852592117
0.0003988309327868881
-3.378345307888432e-05
-0.0003691429579555734
-0.0003377917728091882
-0.0003599046567394545
-8.373596964979914e-05
0.0003173583851735716
-0.000327801108884083
-0.0003314443588250748
0.0001223389258622797
0.0002841132034591064
0.0002924365186838522
0.0002946753920224251
0.0001170471784083701
0.0002603496177785401
-0.0002947966679126018
0.0002673189939604419
0.0001049864724310384
-0.0002555315400126128
0.0002570826699173258
0.0002554653031683447
-7.307649924837803e-05
0.0002569478200616404
0.0002654177940628238

-0.01141357363473015
-0.006784390337708151
-0.002085742493641561
0.002086678304438903
0.002294734263438349
-0.001208162652434416
0.001627006434612941
-0.001283175856794306
-0.00098123201174919
-0.0006565394364257862
0.0008404964416769394
-0.0001252256084949231
0.0008762582645244895
-0.0004243028623935456
0.0008777514016169389
0.0006351302656578161
-0.0004955325008734031
-0.0006322630493785244
0.0004630792129884321
7.42531611989829e-05
-0.0004065267378913135
-0.000494918698160886
0.0003858841502106413
0.0003585320771635256
0.0004122356163779745
0.0003279909021848018
-5.826554963506535e-06
0.0003822340296188618
-0.0003326086862124348
-0.0003101512066905071
0.0003280767265966102
0.0002858142093997876
3.972846560305705e-05
-0.000285570841841996
-0.0003048874488165679
-0.000247094794506099
5.130428196553052e-05
0.0002725001065894175
0.0002580420893714703
0.0002290160768470232
-0.0002562033547823493
2.170201281645411e-05
0.0002371322193131552
0.0002169926610427863
0.000231197665171273
5.379080351246559e-05
-0.0002038665415985608
0.0002105747997293893
0.0002129151720035689
-7.858879703077492e-05
-0.0001825103066995249
-0.0001878570867714327
-0.000189295307363503
-7.518945325150144e-05
-0.0001672449150949727
0.0001893732132814379
-0.0001717219438601219
-6.744182617846122e-05
0.0001641498500291214
-0.0001651462739587602
-0.0001641073004164617
4.694331037053459e-05
-0.0001650596483171703
-0.0001705006399144111

-0.01599712667334207
-0.009508919389054214
-0.002923351436331257
0.00292466305741707
0.00321627177154957
-0.001693346151829008
0.002280392527863026
-0.001798483751210283
-0.001375282912279317
-0.0009201977283074138
0.001178029640522016
-0.0001755146973199447
0.001228152978617352
-0.0005946977567936736
0.001230245741495621
0.000890190893664083
-0.0006945323560277275
-0.0008861722380274652
0.000649046220495628
0.0001040723320855973
-0.0005697829558271622
-0.00069367205757482
0.0005408505547610197
0.0005025142202080323
0.0005777844508222948
0.0004597080789832216
-8.166428920809888e-06
0.0005357345899160202
-0.000466180309189481
-0.0004347041776835637
0.0004598283694400721
0.0004005937368201158
5.568293657437787e-05
-0.0004002526357964096
-0.0004273265583523406
-0.000346325073508314
7.19074606913816e-05
0.0003819328514554103
0.0003616686695012853
0.0003209861616354539
-0.0003590915213546797
3.041727851434146e-05
0.0003323616486900293
0.0003041342875577536
0.0003240438494280235
7.539253919836719e-05
-0.0002857368774039632
0.0002951390908132908
0.0002984193282684356
-0.000110149106795215
-0.000255804237033934
-0.000263298219273173
-0.0002653140118488582
-0.0001053846276948494
-0.000234408448910655
0.0002654232038405645
-0.0002406833982447185
-9.452564735509589e-05
0.0002300704431726165
-0.0002314670188930536
-0.0002300108061504549
6.579517568261088e-05
-0.0002313456054422925
-0.0002389716334152322

0.01115568713065747
0.006631098935518547
0.002038615725348534
-0.002039530391761896
-0.002242885384558606
0.001180864555207285
-0.00159024467927224
0.001254182857194753
0.00095906134887942
0.0006417051114839306
-0.0008215056596512431
0.0001223961708946598
-0.0008564594541138107
0.0004147158578889454
-0.0008579188541913575
-0.0006207796749416793
0.0004843360826090239
0.000617977242612196
-0.0004526160676873257
-7.257543178921021e-05
0.0003973413799480324
0.0004837361485972266
-0.0003771652057624762
-0.0003504311451560851
-0.0004029212679220183
-0.0003205800394840707
5.69490558370721e-06
-0.0003735975586248359
0.0003250934859731453
0.0003031434269198923
-0.0003206639247173191
-0.0002793563172762875
-3.883081203421165e-05
0.0002791184485403845
0.0002979986021829566
0.0002415117567330334
-5.014507606355495e-05
-0.0002663430428951522
-0.0002522117005325588
-0.0002238415226430637
0.0002504145116372528
-2.121166190659831e-05
-0.000231774283140093
-0.000212089772556078
-0.0002259738185892998
-5.25754153515803e-05
0.0001992602341095276
-0.0002058169210240885
-0.0002081044132413517
7.681310514196645e-05
0.0001783865373650347
0.0001836125084366304
0.0001850182328366522
7.349056858464066e-05
0.0001634660630142321
-0.0001850943784921549
0.0001678419345666385
6.591799697840097e-05
-0.0001604409300779438
0.0001614148400875384
0.0001603993418618703
-4.58826394020501e-05
0.0001613301717281174
0.0001666482256420006

0.002180941535730182
0.001296382636641931
0.0003985502335026875
-0.0003987290511713354
-0.000438485037970036
0.0002308595182310843
-0.0003108935050240232
0.0002451932771704363
0.0001874968979127125
0.0001254536197487329
-0.0001606047026941698
2.392850299508128e-05
-0.0001674381842435051
8.107712500389031e-05
-0.000167723497573846
-0.0001213626880854616
9.468790827867723e-05
0.0001208148113839095
-8.8486631992953e-05
-1.418852750252455e-05
7.768040724372561e-05
9.457062092666865e-05
-7.373595668678791e-05
-6.850943657112595e-05
-7.877127769434733e-05
-6.267353283113844e-05
1.113356441796649e-06
-7.303848016803134e-05
6.355591352198759e-05
5.926466772591129e-05
-6.268993242958127e-05
-5.461427776524659e-05
-7.59144011835941e-06
5.45677743271043e-05
5.825885232152309e-05
4.721565022917586e-05
-9.803383504619501e-06
-5.20701771391468e-05
-4.930749375144214e-05
-4.376111201724339e-05
4.895614256504874e-05
-4.14688884263451e-06
-4.53119700377162e-05
-4.146363992226217e-05
-4.417797677343427e-05
-1.027851585972318e-05
3.895545974880951e-05
-4.023729480401331e-05
-4.068450049657901e-05
1.501699442898408e-05
3.487464323782088e-05
3.589632278486009e-05
3.617114249749903e-05
1.436743713171584e-05
3.195768421378182e-05
-3.618602900524773e-05
3.281316894661422e-05
1.288699619112925e-05
-3.136626944981643e-05
3.155666926712221e-05
3.135813893603802e-05
-8.970075340842113e-06
3.154011656720997e-05
3.257979834871992e-05

-0.009248494584051029
-0.005497436587560151
-0.00169009100685803
0.001690849300567365
0.001859438427125852
-0.000978982228115812
0.001318374128936109
-0.001039765926233245
-0.0007950988215247557
-0.0005319982694572891
0.0006810598536035509
-0.00010147114295785
0.0007100378963715296
-0.0003438154298058005
0.0007112477952826897
0.0005146502760738906
-0.0004015332793406196
-0.0005123269516639484
0.0003752361644453822
6.01678300920595e-05
-0.0003294113179608518
-0.0004010359109226743
0.0003126844919486138
0.0002905209253450659
0.0003340372601464525
0.000265773208247778
-4.721296216962691e-06
0.000309726774970268
-0.0002695150293405374
-0.0002513175844054272
0.0002658427523391543
0.00023159715372889
3.219223975955419e-05
-0.0002313999513791177
-0.0002470523264111596
-0.0002002225544665155
4.157220070434938e-05
0.0002208086477206935
0.000209093220264266
0.0001855732493752879
-0.0002076032814043524
1.758528524188623e-05
0.0001921498135648308
0.0001758305956275029
0.0001873410048957621
4.358704564212964e-05
-0.0001651944137904579
0.0001706301599447364
0.0001725265791553455
-6.368102462620886e-05
-0.0001478893146935102
-0.0001522218461266738
-0.0001533872458324921
-6.092651376588539e-05
-0.0001355196664048415
0.0001534503735156406
-0.0001391474325727662
-5.464856004888714e-05
0.0001330117146086087
-0.0001338191235421836
-0.0001329772363746416
3.803847643285502e-05
-0.0001337489302089917
-0.0001381578018673785

-0.01267654221189276
-0.007535116804801393
-0.002316540253732295
0.002317579616637987
0.002548658000246493
-0.001341851846980623
0.001807042772707119
-0.001425165634752016
-0.001089810204469771
-0.0007291887839843411
0.000933501544988351
-0.0001390824436673176
0.0009732205910483698
-0.0004712540802640626
0.0009748789511718726
0.0007054105822004155
-0.0005503656318096004
-0.0007022260942075198
0.0005143212265296276
8.246964206214272e-05
-0.0004515109393486912
-0.0005496839087804504
0.0004285841468755084
0.0003982054311765202
0.000457851533577577
0.0003642847235866568
-6.471292191965239e-06
0.0004245301223224561
-0.0003694134883386328
-0.000344470977233364
0.0003643800448956239
0.0003174409703889236
4.412461752544339e-05
-0.0003171706730027813
-0.0003386247584225961
-0.0002744370600428421
5.698135542824526e-05
0.0003026535960142959
0.0002865957274247598
0.0002543578425359594
-0.0002845535277264191
2.410344825864898e-05
0.000263372076452596
0.0002410039760912013
0.0002567808344372466
5.974302292689523e-05
-0.0002264253863752811
0.000233875946566644
0.0002364752926501182
-8.72850375198184e-05
-0.0002027059780770193
-0.0002086444059041436
-0.0002102417727436837
-8.35095394777797e-05
-0.0001857513951172461
0.0002103282993381515
-0.0001907238293383951
-7.490459901153031e-05
0.000182313845738742
-0.0001834205289221333
-0.0001822665878002244
5.213782067935084e-05
-0.0001833243177233989
-0.0001893673820487738

0.007809292671146027
0.004641954521697083
0.001427087964801088
-0.001427728256845754
-0.001570082433355455
0.0008266381809197919
-0.001113215705471019
0.0008779630407573804
0.0006713697395116973
0.0004492115066921418
-0.0005750769138720309
8.568073926324573e-05
-0.0005995455465727881
0.0002903126873036729
-0.0006005671674012851
-0.0004345631164750179
0.0003390487897331145
0.0004326013355470185
-0.0003168438930597012
-5.080482994356259e-05
0.00027815006731803
0.0003386288191632603
-0.0002640261816843699
-0.0002453115923346325
-0.0002820561447967884
-0.0002244149843516899
3.986593019043441e-06
-0.0002615287290111315
0.0002275745229956133
0.0002122088683938006
-0.0002244737063586031
-0.0001955572270532
-2.718265332128938e-05
0.0001953907122922269
0.0002086073473361997
0.000169064977330456
-3.510295425200972e-05
-0.0001864475714074225
-0.0001765552369368274
-0.0001566953197773614
0.0001752971544983114
-1.484875596903127e-05
-0.0001622484737593526
-0.0001484687663833493
-0.0001581879865141193
-3.680425965507762e-05
0.0001394877310252063
-0.0001440775950532328
-0.0001456789035157346
5.377131968721919e-05
0.0001248755601120727
0.0001285338858710355
0.0001295179322257175
5.144545126845572e-05
0.0001144308112021403
-0.000129571236311995
0.0001174940435466404
4.614443957337558e-05
-0.000112313133627279
0.000112994897844153
0.0001122840207140987
-3.211912950037861e-05
0.0001129356276269984
0.0001166584139482795

0.008040197716965776
0.004779207761735868
0.001469284079837095
-0.001469943304026878
-0.001616506606642511
0.0008510802059634612
-0.001146131250361445
0.0009039226384687984
0.0006912207896633792
0.000462493785626143
-0.0005920807792333888
8.821414604650041e-05
-0.0006172729000902238
0.0002988966483852782
-0.00061832472818769
-0.0004474122720319616
0.0003490737791431962
0.0004453924851955955
-0.0003262123284258304
-5.230702637543517e-05
0.0002863744042385964
0.0003486413908899746
-0.0002718329037713215
-0.000252564961731033
-0.0002903959765562738
-0.0002310504831639874
4.104468540232232e-06
-0.0002692616064558058
0.0002343034429980424
0.0002184834569568287
-0.0002311109414623173
-0.0002013394601406933
-2.798638959741177e-05
0.0002011680218738199
0.0002147754461798983
0.000174063887984862
-3.614087786446474e-05
-0.0001919604503366341
-0.0001817756194722647
-0.0001613284845871142
0.0001804803380715053
-1.528780375758173e-05
-0.0001670458341407906
-0.0001528586885886253
-0.0001628652864710282
-3.789248743957737e-05
0.0001436121021148753
-0.0001483376791720305
-0.0001499863350985809
5.536122924228618e-05
0.0001285678787564978
0.0001323343738353458
0.0001333475164575205
5.296658958182295e-05
0.0001178142996711263
-0.0001334023966382248
0.0001209681056225747
4.750883765431729e-05
-0.0001156340066382394
0.0001163359292490178
0.0001156040329148887
-3.30688274283836e-05
0.0001162749065310009
0.0001201077681410754

0.01141973576593217
0.006788053196046879
0.002086868575560727
-0.002087804891596113
-0.002295973178966577
0.001208814933394825
-0.001627884847233254
0.001283868637007821
0.0009817617739942377
0.0006568938987770324
-0.0008409502214929321
0.0001252932171732755
-0.0008767313519698775
0.0004245319413825619
-0.0008782252951997545
-0.0006354731693050618
0.0004958000363868186
0.0006326044050299867
-0.0004633292271348432
-7.429325010862607e-05
0.0004067462196396339
0.0004951859022855934
-0.0003860924871290151
-0.0003587256468352204
-0.0004124581803212263
-0.0003281679828291145
5.829700691333127e-06
-0.0003824403958559733
0.000332788259975223
0.0003103186557724736
-0.000328253853577072
-0.0002859685190588966
-3.974991480252681e-05
0.0002857250201081287
0.0003050520560220872
0.0002472281997474416
-5.133198089024072e-05
-0.0002726472280311307
-0.0002581814050021438
-0.0002291397214792493
0.0002563416776895806
-2.171372962442141e-05
-0.0002372602458099148
-0.0002171098142929128
-0.0002313224876321432
-5.381984489769604e-05
0.0002039766081226088
-0.0002106884880084096
-0.0002130301238378901
7.863122672842357e-05
0.0001826088430993987
0.0001879585098710697
0.0001893975069511821
7.523004766049345e-05
0.000167335209786305
-0.000189475454930139
0.0001718146556769815
6.747823768237659e-05
-0.0001642384737104417
0.0001652354356042931
0.0001641959011254445
-4.69686548285338e-05
0.0001651487631940272
0.0001705926923553674

0.007537256583896009
0.00448025240622389
0.001377375469386106
-0.001377993456908573
-0.001515388737035286
0.0007978423058286012
-0.001074436925172369
0.000847379268267876
0.0006479826281910973
0.0004335632596901669
-0.0005550441554513416
8.269605754578371e-05
-0.0005786604252838464
0.0002801996679997129
-0.0005796464580322529
-0.0004194251449778233
0.0003272380521887915
0.0004175317025319296
-0.000305806661319661
-4.903504774518933e-05
0.0002684607319111327
0.0003268327112601844
-0.0002548288507068594
-0.0002367661825842183
-0.0002722307414924684
-0.0002165975062734174
3.847720369236237e-06
-0.0002524183965982064
0.0002196469826407103
0.0002048165893912734
-0.0002166541827039479
-0.0001887450066484677
-2.623574776120695e-05
0.000188584292415881
0.0002013405270323881
0.0001631756123315185
-3.38801456408078e-05
-0.0001799526851304089
-0.0001704049493419849
-0.0001512368508125372
0.000169190692104849
-1.433150073933781e-05
-0.0001565965611185514
-0.0001432968687497707
-0.0001526775206225669
-3.55221862058785e-05
0.0001346286870419063
-0.0001390586635226483
-0.0001406041905325974
5.189820005526805e-05
0.0001205255299369198
0.0001240564182099038
0.0001250061853883093
4.965335307733714e-05
0.0001104446230220964
-0.0001250576326309925
0.0001134011479122177
4.453700170179274e-05
-0.0001084007145766179
0.000109058729591398
0.0001083726158094298
-3.100026218638335e-05
0.0001090015240475211
0.0001125946274042649

-0.0007594097341707889
-0.0004514039360280671
-0.00013877626791914
0.0001388385327141405
0.0001526816747112977
-8.038590787442888e-05
0.0001082539582735484
-8.53769614572086e-05
-6.528692634305842e-05
-4.368328928739453e-05
5.592299132343347e-05
-8.331969381526404e-06
5.830242805834676e-05
-2.823127394196467e-05
5.840177493072422e-05
4.225881583127801e-05
-3.297058544531655e-05
-4.206804368382449e-05
3.081128429102522e-05
4.940483604192279e-06
-2.704852764219896e-05
-3.292974567254432e-05
2.567505930301825e-05
2.385517088025997e-05
2.742837167992946e-05
2.182309343332897e-05
-3.876737205703195e-07
2.543219609513949e-05
-2.21303407734823e-05
-2.063611739521668e-05
2.182880381779256e-05
1.901683904869552e-05
2.643359956153375e-06
-1.900064642591979e-05
-2.028588975440041e-05
-1.64406169545788e-05
3.413564618425809e-06
1.813097633826724e-05
1.716900251976212e-05
1.523773741735541e-05
-1.704666108755452e-05
1.443957897097366e-06
1.577775036944257e-05
1.443775142766218e-05
1.538289085155885e-05
3.579006987957884e-06
-1.35643963158556e-05
1.40107347447337e-05
1.416645297493671e-05
-5.228958025939051e-06
-1.214344498312383e-05
-1.249919656128574e-05
-1.259488952760407e-05
-5.002780420366256e-06
-1.112775197128583e-05
1.260007304982053e-05
-1.142563406621967e-05
-4.487286885702545e-06
1.092181975288062e-05
-1.098811748359308e-05
-1.091898868602595e-05
3.123404464760878e-06
-1.098235378877528e-05
-1.13443737936123e-05

0.009130447650417451
0.005427267812942755
0.001668518840803765
-0.001669267455720849
-0.001835704726185859
0.0009664865890619296
-0.001301546522898642
0.001026494449651183
0.0007849502533479382
0.000525207892511356
-0.0006723668683170636
0.0001001759746285651
-0.0007009750380145123
0.0003394270013047811
-0.0007021694938874828
-0.0005080813273187312
0.0003964081455202757
0.0005057876576076596
-0.0003704466845794162
-5.939985344666694e-05
0.000325206742217598
0.0003959171254672388
-0.0003086934158728396
-0.0002868127429937451
-0.000329773639302928
-0.0002623809034796588
4.661034026602005e-06
-0.0003057734509221038
0.0002660749643123789
0.0002481097898894356
-0.0002624495599166323
-0.0002286410689749841
-3.178134097425489e-05
0.0002284463836978015
0.0002438989732556598
0.0001976669322100096
-4.104157696089151e-05
-0.0002179902664645051
-0.0002064243736458158
-0.000183204609500569
0.0002049534522284743
-1.736082827962817e-05
-0.0001896972310300772
-0.0001735863100884516
-0.0001849498015523544
-4.303070460333644e-05
0.0001630858874974246
-0.0001684522522881024
-0.0001703244657784663
6.286820588911729e-05
0.0001460016690925714
0.0001502789004932812
0.0001514294251445109
6.014885335190108e-05
0.0001337899058560893
-0.000151491747071719
0.0001373713675506556
5.395103085829306e-05
-0.00013131396532581
0.0001321110685660239
0.0001312799271688375
-3.755295682075141e-05
0.0001320417711741263
0.0001363943684004512

-0.006397995074262045
-0.003803059177753232
-0.001169184221135785
0.001169708799419456
0.001286336688584984
-0.0006772478933031836
0.0009120350459537493
-0.0007192973098451319
-0.0005500396088719855
-0.0003680298751943148
0.0004711488501217605
-7.019649164779807e-05
0.0004911955045482187
-0.0002378472957259468
0.000492032497769507
0.0003560287462314999
-0.0002777757958363791
-0.0003544214989118182
0.0002595837744173737
4.16233665987021e-05
-0.0002278827078900289
-0.0002774317224676
0.0002163112948927858
0.0002009788114633621
0.000231082877933716
0.000183858644429831
-3.266134792613071e-06
0.0002142651825784067
-0.000186447190349666
-0.000173858421226111
0.0001839067541789156
0.0001602160692536904
2.227019646703165e-05
-0.0001600796470877438
-0.0001709077680803473
-0.0001385115064501607
2.875913835656588e-05
0.0001527527131721184
0.0001446481242059895
0.000128377296934941
-0.0001436174027842825
1.216528455897267e-05
0.0001329268833468526
0.0001216374486145311
0.0001296002085136663
3.015298336238416e-05
-0.0001142794685255717
0.0001180398510185148
0.0001193517705593677
-4.405375147054208e-05
-0.0001023080133037769
-0.0001053052053891045
-0.0001061114146061384
-4.214821465520627e-05
-9.375084239319969e-05
0.0001061550855627669
-9.626048651551793e-05
-3.780520330424484e-05
9.201587211312716e-05
-9.257442770645131e-05
-9.199202049390979e-05
2.63145512643261e-05
-9.252586881984564e-05
-9.557587213628312e-05

-0.005089815852816173
-0.003025458861323119
-0.0009301245647310917
0.0009305418840371139
0.0010233232119789
-0.0005387730099212022
0.0007255539245244716
-0.0005722247060279228
-0.0004375746289920593
-0.0002927798898454363
0.0003748144314822898
-5.58436216117718e-05
0.0003907622054819876
-0.0001892153592311212
0.0003914280611628399
0.0002832325963983731
-0.0002209797964465761
-0.0002819539782075013
0.00020650744410206
3.311275934142098e-05
-0.0001812882013409368
-0.000220706074746785
0.000172082761100843
0.0001598852654296956
0.0001838340420349671
0.0001462656085592785
-2.598317824868299e-06
0.0001704550113489772
-0.0001483248821138162
-0.0001383101015601015
0.0001463038814495751
0.0001274571611415829
1.771667494387707e-05
-0.0001273486328143883
-0.0001359627597783276
-0.0001101904664108836
2.287884198433193e-05
0.0001215198155109203
0.0001150723479962614
0.0001021283688869404
-0.0001142523751498791
9.677884631602781e-06
0.0001057477147561492
9.676659751505e-05
0.0001031012353345945
2.398769160435085e-05
-9.091308195793546e-05
9.390459011058172e-05
9.494826532432813e-05
-3.504621057193253e-05
-8.138939494944716e-05
-8.377375999079584e-05
-8.441512598216797e-05
-3.353029326061052e-05
-7.458188358841204e-05
8.44498676668253e-05
-7.657838816373101e-05
-3.007528465768215e-05
7.320165757491704e-05
-7.364600695009824e-05
-7.318268282607629e-05
2.093409241962509e-05
-7.360737675609316e-05
-7.603375487157293e-05

0.006465891104061099
0.003843417542562863
0.001181591696571326
-0.001182121841720769
-0.001299987395271631
0.0006844349015160205
-0.0009217136340021167
0.0007269305497923223
0.000555876672708513
0.0003719354373404739
-0.0004761487189862464
7.094142236957769e-05
-0.0004964081100952899
0.0002403713500416072
-0.0004972539855548875
-0.0003598069514477647
0.0002807235745532862
0.0003581826478924263
-0.0002623384979642121
-4.206507705740432e-05
0.0002303010172113076
0.000280375849850811
-0.0002186068074639431
-0.0002031116145077484
-0.0002335351477126527
-0.0001858097669074546
3.300795273379147e-06
-0.0002165389816440333
0.0001884257826813534
0.0001757034205440489
-0.0001858583872010227
-0.0001619162948533996
-2.250652955347599e-05
0.0001617784249646353
0.0001727214548337485
0.0001399814015127151
-2.90643326076096e-05
-0.000154373737046773
-0.0001461831415414737
-0.0001297396469644897
0.0001451414820225426
-1.22943835209725e-05
-0.0001343375139472385
-0.0001229282748405591
-0.0001309755361776481
-3.047296920688111e-05
0.000115492211284878
-0.0001192924992542848
-0.0001206183409890904
4.452125336572845e-05
0.0001033937140333617
0.0001064227125581674
0.0001072374773311712
4.259549484299084e-05
9.474573374817533e-05
-0.0001072816117274482
9.728201041248478e-05
3.820639511203325e-05
-9.2992351826301e-05
9.355683485573683e-05
9.296824709181022e-05
-2.659380336378306e-05
9.350776065840307e-05
9.659013085128721e-05

0.003346995236140802
0.001989501523986564
0.0006116375478398594
-0.0006119119714673438
-0.0006729237392018037
0.000354289968382657
-0.000477114614589166
0.0003762873590050159
0.0002877432585075699
0.0001925281630785065
-0.0002464729870166346
3.672202313568277e-05
-0.0002569600311744687
0.0001244255046281981
-0.0002573978890176949
-0.0001862499898381819
0.0001453133762355973
0.000185409187514981
-0.0001357965497425087
-2.177451031158151e-05
0.0001192127109905094
0.0001451333804849079
-0.0001131593358741864
-0.0001051384248854814
-0.0001208868219841572
-9.618231959967583e-05
1.70861925721757e-06
-0.0001120889492781323
9.753647051128724e-05
9.095088396482915e-05
-9.620748734351261e-05
-8.381413463453749e-05
-1.165024990139895e-05
8.37427678494562e-05
8.940730321685098e-05
7.245978573884963e-05
-1.504482231662912e-05
-7.990981508433592e-05
-7.567004616521908e-05
-6.715825759201602e-05
7.513084292289535e-05
-6.364048267083443e-06
-6.953829131670924e-05
-6.363242802217444e-05
-6.779800163382037e-05
-1.577398708468914e-05
5.978323401381053e-05
-6.175041000314157e-05
-6.243671694812139e-05
2.304592213570048e-05
5.352058405363558e-05
5.508851080489882e-05
5.55102645539198e-05
2.204907506576563e-05
4.904405508791629e-05
-5.5533110223862e-05
5.035692995327695e-05
1.977710734253164e-05
-4.813643681142368e-05
4.842863505295994e-05
4.812395926885669e-05
-1.376598085815844e-05
4.840323235096493e-05
4.999878634121081e-05

0.0006844322727400467
0.0004068362676408205
0.0001250747155061233
-0.0001251308328217414
-0.0001376072243036059
7.244930786006783e-05
-9.756591120728059e-05
7.694758855535821e-05
5.884106743253308e-05
3.937038415814541e-05
-5.040164528812368e-05
7.509343748985913e-06
-5.254615729392523e-05
2.54439653812187e-05
-5.263569552670407e-05
-3.808655072656604e-05
2.97153588038226e-05
3.791461374893805e-05
-2.776924812048717e-05
-4.452703553151931e-06
2.437799308519046e-05
2.967855119216833e-05
-2.314012897239299e-05
-2.14999203822066e-05
-2.472033465167738e-05
-1.966847245260603e-05
3.493982151024958e-07
-2.292124394890659e-05
1.994538488320889e-05
1.859868802550396e-05
-1.967361904377918e-05
-1.713928303103809e-05
-2.382377761374159e-06
1.712468912591744e-05
1.828303879237295e-05
1.481741452750369e-05
-3.076539165622367e-06
-1.634088264061036e-05
-1.54738856858932e-05
-1.373329677336095e-05
1.536362317441098e-05
-1.301394149662852e-06
-1.421999357944881e-05
-1.301229438898443e-05
-1.386411902961069e-05
-3.225647205579457e-06
1.222516670654254e-05
-1.262743759079595e-05
-1.276778156771649e-05
4.712696538798693e-06
1.094450765470775e-05
1.126513543997824e-05
1.135138052149533e-05
4.508849727695741e-06
1.002909526903909e-05
-1.135605226814809e-05
1.029756709658627e-05
4.044251506701366e-06
-9.843494992976136e-06
9.903247066838301e-06
9.840943440844583e-06
-2.815026882473895e-06
9.898052428704691e-06
1.022432975113789e-05

-0.004087088136217522
-0.002429423259367223
-0.0007468838134120947
0.0007472189180276782
0.0008217217047019083
-0.0004326311286378961
0.0005826149556017815
-0.0004594926171962703
-0.0003513695046302781
-0.0002351002961429794
0.0003009734851893754
-4.484205518880993e-05
0.0003137794411999972
-0.0001519386697410067
0.0003143141188646328
0.0002274338832689399
-0.0001774453006783801
-0.0002264071614012756
0.0001658240984029096
2.658932459940744e-05
-0.000145573214898705
-0.0001772255039815404
0.0001381813078667123
0.000128386800306766
0.0001476175079729653
0.0001174503068020511
-2.08643185986114e-06
0.0001368742356872773
-0.0001191038897129861
-0.0001110620878145382
0.000117481039677354
0.0001023472491425122
1.422637165473684e-05
-0.0001022601016206153
-0.0001091771880410725
-8.848220859365577e-05
1.837155731141421e-05
9.757960025513062e-05
9.240232690186273e-05
8.200839812664425e-05
-9.174389418261096e-05
7.771276723031099e-06
8.491470868691405e-05
7.770293152492638e-05
8.278960338658394e-05
1.926195615056364e-05
-7.300259762671701e-05
7.540475869376439e-05
7.624282291996292e-05
-2.81418730244781e-05
-6.535514056519658e-05
-6.726976976883676e-05
-6.778478237638026e-05
-2.692460154791287e-05
-5.988875440793877e-05
6.781267971713271e-05
-6.149193424777094e-05
-2.415025271489498e-05
5.878044213728221e-05
-5.913725171784699e-05
-5.8765205540691e-05
1.680993639944599e-05
-5.910623193006738e-05
-6.10545973516362e-05

-0.006432815411882444
-0.003823756881176871
-0.001175547369098436
0.001176074802337242
0.001293337425108058
-0.0006809337355119315
0.0009169986896974997
-0.0007232120010704782
-0.0005530331349160764
-0.0003700328346151721
0.0004737130224662343
-7.057852781856383e-05
0.0004938687784578382
-0.0002391417517302873
0.0004947103269166627
0.0003579663909158287
-0.0002792875580182343
-0.0003563503963411816
0.0002609965286569977
4.184989688844787e-05
-0.0002291229327939833
-0.0002789416120706257
0.0002174885437388686
0.0002020726150672535
0.0002323405193877362
0.0001848592735330444
-3.283910348061027e-06
0.0002154312956984538
-0.0001874619073103801
-0.0001748046252876398
0.0001849076451137927
0.0001610880264150249
2.239139939870585e-05
-0.0001609508617874626
-0.0001718379135583328
-0.000139265339074815
2.891565659323684e-05
0.000153584051893559
0.0001454353546527541
0.0001290759753131473
-0.0001443990236506825
1.223149269303789e-05
0.0001336503223153551
0.0001222994461588902
0.00013030554244472
3.031708743698435e-05
-0.0001149014211264823
0.0001186822690600141
0.0001200013285690663
-4.429350884482015e-05
-0.0001028648126640693
-0.0001058783166157033
-0.0001066889135318082
-4.237760136891954e-05
-9.426107035463485e-05
0.0001067328221624965
-9.678437292073506e-05
-3.801095368815732e-05
9.251665770239502e-05
-9.307825316897755e-05
-9.249267627353344e-05
2.645776512252949e-05
-9.302943000634929e-05
-9.609603260802764e-05

-0.004128298735367485
-0.00245391942504103
-0.0007544147323499001
0.0007547532158657452
0.0008300072230603279
-0.0004369934001201904
0.0005884895319734264
-0.0004641257362846069
-0.000354912405425728
-0.0002374708405847605
0.0003040082368853731
-4.529420300159784e-05
0.000316943316884097
-0.0001534706855442628
0.0003174833857676214
0.0002297271263516166
-0.0001792345028961524
-0.0002286900519243684
0.0001674961226462826
2.685742794369789e-05
-0.0001470410470584942
-0.0001790124899628662
0.0001395746065426527
0.0001296813397899334
0.0001491059529846186
0.000118634572311461
-2.10746960217626e-06
0.0001382543549978411
-0.0001203048284969186
-0.000112181940146869
0.0001186656150700431
0.0001033792287128209
1.436981786389074e-05
-0.0001032912024720163
-0.0001102780347032175
-8.937438529958938e-05
1.855679992397395e-05
9.856350705070302e-05
9.333403063018427e-05
8.283529862632476e-05
-9.266895885496858e-05
7.849635436921772e-06
8.577091386405065e-05
7.848641948924803e-05
8.362438087244445e-05
1.945617676125385e-05
-7.373869156143123e-05
7.616507390619091e-05
7.701158843434026e-05
-2.842563090047292e-05
-6.601412427449007e-05
-6.794805891369041e-05
-6.846826445504247e-05
-2.719608552982861e-05
-6.049261989096266e-05
6.849644308801211e-05
-6.211196478509921e-05
-2.439376260527134e-05
5.937313237494178e-05
-5.973353970924508e-05
-5.93577421459215e-05
1.697943300133081e-05
-5.970220714522836e-05
-6.167021816867793e-05

0.0006218917483135939
0.0003696612913174388
0.0001136459173448674
-0.0001136969068974797
-0.0001250332585284143
6.582919672796819e-05
-8.865075116001834e-05
6.991644357096347e-05
5.346441971781722e-05
3.577288507722933e-05
-4.579615625166401e-05
6.823171698265882e-06
-4.774471182640335e-05
2.311900350872231e-05
-4.782606843445346e-05
-3.46063629111808e-05
2.700009507773854e-05
3.445013680690358e-05
-2.523181175234431e-05
-4.045834347215132e-06
2.215043524968369e-05
2.696665078987647e-05
-2.10256819205969e-05
-1.953534864972457e-05
-2.24614950926891e-05
-1.787125068086251e-05
3.174716849310525e-07
-2.082679768423849e-05
1.812286002550296e-05
1.689921862715335e-05
-1.787592699831191e-05
-1.557316788457477e-05
-2.164686164246416e-06
1.55599075087316e-05
1.661241208505764e-05
1.346346189830651e-05
-2.795418037207715e-06
-1.484772194283537e-05
-1.405994750052449e-05
-1.247840623632538e-05
1.395976031071186e-05
-1.18247826003296e-06
-1.292063074806488e-05
-1.182328599838889e-05
-1.259727450847337e-05
-2.93090121553025e-06
1.110808271228966e-05
-1.147359578563377e-05
-1.160111572390748e-05
4.282070274173944e-06
9.944444864601545e-06
1.023577503980979e-05
1.031413941078461e-05
4.09685012194841e-06
9.112678988507205e-06
-1.031838427300476e-05
9.356618996698111e-06
3.674704920111802e-06
-8.944038080187232e-06
8.998330262414687e-06
8.941719678089073e-06
-2.557801639718705e-06
8.993610288338549e-06
9.29007376991982e-06

0.00550934861953439
0.003274835098771143
0.001006790939963306
-0.001007242657197593
-0.001107671571680616
0.0005831818722495261
-0.0007853583760336058
0.0006193908552650965
0.0004736421214230205
0.0003169125423378243
-0.0004057088567408668
6.044658363548636e-05
-0.0004229711407234901
0.0002048116097555952
-0.0004236918801732159
-0.000306578304421566
0.0002391942600091987
0.0003051942949468745
-0.0002235290106729406
-3.584210907468722e-05
0.0001962310485639684
0.0002388979765458967
-0.0001862668414204806
-0.00017306395591735
-0.0001989867325255796
-0.0001583216862660385
2.812486568376539e-06
-0.0001845049228940099
0.0001605506973428672
0.0001497104392639331
-0.0001583631138346258
-0.0001379629352202175
-1.917698821869491e-05
0.0001378454613455413
0.0001471696156705478
0.0001192730172489562
-2.476465163925214e-05
-0.0001315361983991147
-0.0001245572924271478
-0.000110546393899779
0.0001236697325625781
-1.047559319963665e-05
-0.0001144640676908497
-0.0001047426735766027
-0.0001115994497618231
-2.596489921205064e-05
9.840667660017949e-05
-0.0001016447625718003
-0.000102774463677765
3.793492680635136e-05
8.80979909049866e-05
9.067888943429674e-05
9.13731206091182e-05
3.629405861230934e-05
8.072936414045023e-05
-9.14107259091891e-05
8.289043244710556e-05
3.255426773823096e-05
-7.923537172466157e-05
7.971634700694482e-05
7.921483296464214e-05
-2.265960429775691e-05
7.967453268360232e-05
8.230090725342893e-05

0.003560106038205846
0.0021161776127089
0.0006505819021626945
-0.0006508737989668131
-0.0007157703247724747
0.0003768484167814466
-0.0005074935876736368
0.0004002464313151127
0.0003060645264756394
0.0002047868692788262
-0.0002621664828971281
3.906019790192346e-05
-0.0002733212610175877
0.0001323479596118061
-0.0002737869982659906
-0.0001981089504636287
0.0001545658095303624
0.0001972146123434691
-0.0001444430250409485
-2.316094292641987e-05
0.0001268032555425982
0.0001543743530406909
-0.0001203644482594129
-0.0001118328276182161
-0.0001285839609922864
-0.0001023064667311329
1.817410932926808e-06
-0.000119225907713399
0.000103746839512365
9.674193368636896e-05
-0.0001023332369624812
-8.915077128805e-05
-1.239204782030197e-05
8.907486041737574e-05
9.510006964007155e-05
7.707346516378877e-05
-1.600276038484067e-05
-8.499785482862935e-05
-8.048813017573394e-05
-7.143437665733234e-05
7.991459463615043e-05
-6.769261700297432e-06
-7.396595254453994e-05
-6.768404949647687e-05
-7.211485465788412e-05
-1.677835273274789e-05
6.358976854757411e-05
-6.568219910804232e-05
-6.641220477775594e-05
2.451330843420306e-05
5.692836141510086e-05
5.859612163009812e-05
5.90447293999322e-05
2.345298984321263e-05
5.216680166472673e-05
-5.906902970566208e-05
5.356327025994911e-05
2.103636076565206e-05
-5.120139326749353e-05
5.151219643588625e-05
5.118812125139024e-05
-1.464249218097586e-05
5.148517628606554e-05
5.318232282922138e-05

0.002585117143591655
0.001536630360666594
0.0004724102064776258
-0.0004726221629264282
-0.0005197457934077537
0.0002736427770135235
-0.0003685087915018564
0.0002906328913100761
0.0002222441258621135
0.0001487028871819516
-0.0001903682255919809
2.836297181733824e-05
-0.0001984680989785007
9.61024687579712e-05
-0.0001988062870358849
-0.0001438538174555646
0.0001122356243724414
0.00014320440735884
-0.0001048851175493896
-1.68179683352896e-05
9.207626577650824e-05
0.0001120966011387321
-8.740082327191273e-05
-8.12057160066466e-05
-9.336929810090612e-05
-7.42882931599915e-05
1.319685455780957e-06
-8.657408927779917e-05
7.533419806562109e-05
7.024769166789061e-05
-7.43077319585121e-05
-6.473548392882512e-05
-8.998298062102778e-06
6.468036239844288e-05
6.905547692821984e-05
5.596573078796332e-05
-1.162016236923199e-05
-6.171990646569123e-05
-5.84452381305519e-05
-5.187099197518722e-05
5.802877397470511e-05
-4.915396980621347e-06
-5.370925750888665e-05
-4.914774864099995e-05
-5.236511078124394e-05
-1.218334701977099e-05
4.617474846682223e-05
-4.769413526473527e-05
-4.822421783851938e-05
1.77999680906507e-05
4.13376684490324e-05
4.254868729985951e-05
4.287443704554016e-05
1.703003378593652e-05
3.78801338675438e-05
-4.289208234493783e-05
3.889415841264709e-05
1.52752351391986e-05
-3.717911716423863e-05
3.740480218325691e-05
3.716947989052408e-05
-1.063242419066271e-05
3.738518191020501e-05
3.861753919867689e-05

-0.004909176282274164
-0.002918084133983082
-0.0008971140773614383
0.0008975165858403382
0.0009870050678883243
-0.0005196517434653495
0.0006998037297983907
-0.0005519162256937913
-0.0004220449329584185
-0.0002823890161685726
0.0003615121195922907
-5.386170947244792e-05
0.0003768939008078185
-0.0001825000315611878
0.0003775361250082312
0.0002731805599285791
-0.0002131371363811816
-0.0002719473204012135
0.0001991784135251526
3.19375744624827e-05
-0.0001748542116286438
-0.0002128731291724849
0.0001659754760904343
0.0001542108743479529
0.0001773096994331074
0.0001410745844674092
-2.506102501252956e-06
0.0001644054958189821
-0.0001430607735919308
-0.0001334014215468938
0.0001411114990377552
0.0001229336562610287
1.708790316787548e-05
-0.0001228289796469309
-0.0001311373878500832
-0.0001062797633313293
2.206686286562682e-05
0.0001172070293667536
0.0001109883850151497
9.850379282581053e-05
-0.0001101975133283087
9.334412691923765e-06
0.0001019946866836749
9.333231283295691e-05
9.944213185985646e-05
2.313635897563056e-05
-8.768654084987266e-05
9.057187919921996e-05
9.15785139683125e-05
-3.38024067468232e-05
-7.850085324666311e-05
-8.080059623299905e-05
-8.141919989254804e-05
-3.234028993831991e-05
-7.193494314665941e-05
8.145270858113409e-05
-7.386059098782747e-05
-2.900790095233126e-05
7.060370189838302e-05
-7.103228113908119e-05
-7.058540057085012e-05
2.019113322940647e-05
-7.099502194592123e-05
-7.333528694583302e-05

-0.0002022851433377143
-0.0001202411633590245
-3.696604874096137e-05
3.698263431087449e-05
4.067005341684628e-05
-2.141251838772004e-05
2.88357739976293e-05
-2.274199303621174e-05
-1.739057936598182e-05
-1.16359852097625e-05
1.489629353792045e-05
-2.219399547823422e-06
1.553010777459922e-05
-7.520008025934788e-06
1.555657095429592e-05
1.125654601604052e-05
-8.782425748131389e-06
-1.120572974457739e-05
8.207249365872303e-06
1.316004245216581e-06
-7.204958068068589e-06
-8.771547194761949e-06
6.839105186106695e-06
6.354338697166005e-06
7.306137710823784e-06
5.813051090331601e-06
-1.032652474744239e-07
6.774413338397787e-06
-5.894893038680645e-06
-5.496874450518353e-06
5.814572174269972e-06
5.065544777366732e-06
7.04115872582157e-07
-5.061231523437264e-06
-5.403583773087403e-06
-4.379312520715544e-06
9.092764775834846e-07
4.829576159503522e-06
4.573333708287183e-06
4.058899641271799e-06
-4.540745432096411e-06
3.846292943630984e-07
4.202743725051648e-06
3.845806138110304e-06
4.097564385627415e-06
9.533456169821052e-07
-3.613169188613893e-06
3.7320610450064e-06
3.773539950403422e-06
-1.392845622318152e-06
-3.234668188320538e-06
-3.329430285442656e-06
-3.354920168620579e-06
-1.332598344322173e-06
-2.964116472653668e-06
3.356300911433063e-06
-3.043463786152996e-06
-1.195285535633736e-06
2.909261989687449e-06
-2.92692181857524e-06
-2.908507874032765e-06
8.319860694781961e-07
-2.925386534283629e-06
-3.021818361900493e-06

0.00271218645632374
0.001612162165612606
0.0004956311426791071
-0.0004958535176731854
-0.0005452934715575212
0.0002870934632600492
-0.0003866225388761109
0.000304918712688621
0.0002331683535714916
0.0001560122556267648
-0.000199725619569987
2.975713043207624e-05
-0.0002082236355888993
0.0001008263067810362
-0.0002085784470028632
-0.0001509248338554511
0.0001177524744263659
0.0001502435025381116
-0.0001100406594697593
-1.764464177375124e-05
9.66021990945387e-05
0.0001176066176196414
-9.169693904864876e-05
-8.519731636738104e-05
-9.795878936220837e-05
-7.793987327476548e-05
1.384553511878543e-06
-9.082956762322718e-05
7.903718877811584e-05
7.370065933063539e-05
-7.796026757148723e-05
-6.791750354159586e-05
-9.440602022424772e-06
6.785967255759195e-05
7.244984225335019e-05
5.87166803785652e-05
-1.219134191896973e-05
-6.475369784180013e-05
-6.131806587072363e-05
-5.44206680381837e-05
6.088113076092611e-05
-5.157009287314365e-06
-5.634929200632821e-05
-5.156356591164241e-05
-5.49390748488422e-05
-1.278220944905025e-05
4.844443035252743e-05
-5.003850136220217e-05
-5.059463971010891e-05
1.867491092159573e-05
4.33695876341209e-05
4.464013312321176e-05
4.498189483044182e-05
1.786713112767643e-05
3.974210077633235e-05
-4.500040747005434e-05
4.080596886620591e-05
1.602607679283981e-05
-3.900662617200399e-05
3.924340455300715e-05
3.899651518600164e-05
-1.115505228043177e-05
3.922281986153527e-05
4.051575266166356e-05

0.00197033101088081
0.001171192748223165
0.000360062785544115
-0.0003602243350371206
-0.0003961411408627468
0.000208565732036494
-0.0002808709467879574
0.0002215152995869972
0.0001693905803293169
0.0001133387362149051
-0.0001450953274206769
2.161776036763731e-05
-0.0001512689090540176
7.324761854040393e-05
-0.0001515266700683102
-0.0001096428601964565
8.554402719226651e-05
0.0001091478911945635
-7.994159962915201e-05
-1.281836091380749e-05
7.017891714318435e-05
8.543806611839664e-05
-6.661537675228658e-05
-6.18935744963609e-05
-7.116444373456363e-05
-5.662123595497767e-05
1.00584114131143e-06
-6.598525458146855e-05
5.741840635597358e-05
5.354156026513379e-05
-5.663605186675779e-05
-4.934025206770242e-05
-6.858345185965177e-06
4.92982394026426e-05
5.263287507110232e-05
4.265609981794961e-05
-8.856684241303385e-06
-4.704183174038354e-05
-4.454593688815535e-05
-3.953516161046672e-05
4.422851520257862e-05
-3.746429489943145e-06
-4.093625540470296e-05
-3.745955323626169e-05
-3.991177031040493e-05
-9.285933718279977e-06
3.519358457288248e-05
-3.635163457958105e-05
-3.675565423340918e-05
1.356682392851829e-05
3.150684690036424e-05
3.242986425856974e-05
3.267814500952281e-05
1.297999348615979e-05
2.887157459790379e-05
-3.269159394767947e-05
2.964444634647382e-05
1.164251669130994e-05
-2.833727194431502e-05
2.850928511314342e-05
2.832992658308357e-05
-8.103847500929055e-06
2.849433088465983e-05
2.943361202631797e-05

0.002937927706987613
0.001746345972440426
0.0005368836140037892
-0.0005371244977578963
-0.0005906794478650883
0.0003109888843519187
-0.0004188019840826395
0.0003302977685394647
0.0002525754690475015
0.0001689974991825517
-0.0002163492226581987
3.223388191950098e-05
-0.0002255545472620474
0.0001092183023017025
-0.0002259388904112881
-0.0001634866400953195
0.0001275532721494038
0.0001627486000722134
-0.0001191995858535974
-1.91132441599427e-05
0.0001046426128314291
0.0001273952753595781
-9.932907719107373e-05
-9.228847660278303e-05
-0.0001061121150941519
-8.442698054154509e-05
1.499792949291175e-06
-9.838951253220176e-05
8.561562803039552e-05
7.983492748658179e-05
-8.444907230047662e-05
-7.357042690740113e-05
-1.022636411580777e-05
7.350778252325797e-05
7.84800021498328e-05
6.360379897349124e-05
-1.320605415073712e-05
-7.014329069291353e-05
-6.642170350803261e-05
-5.895022006670788e-05
6.594840132699494e-05
-5.586238525407534e-06
-6.103936765429929e-05
-5.585531503915958e-05
-5.951177501770512e-05
-1.384610088636439e-05
5.247656695950012e-05
-5.420331600927366e-05
-5.480574297642661e-05
2.022926487747924e-05
4.697933390746122e-05
4.835562969518698e-05
4.872583698181966e-05
1.935425179268192e-05
4.304992333118384e-05
-4.874589046919797e-05
4.420233950472518e-05
1.735996245177258e-05
-4.225323355613253e-05
4.250971952312676e-05
4.224228101050492e-05
-1.208351184379883e-05
4.248742152247213e-05
4.388796796644102e-05

4.279418299939154e-05
2.543747041455964e-05
7.820306664350221e-06
-7.823815404449131e-06
-8.603902786882156e-06
4.529898811452224e-06
-6.100316459205587e-06
4.811154174329396e-06
3.679042482217352e-06
2.461636441656933e-06
-3.151366932695428e-06
4.695223229614914e-07
-3.285452718617849e-06
1.590885985517187e-06
-3.291051103742338e-06
-2.381364652934675e-06
1.8579552035118e-06
2.370614279540211e-06
-1.736274476137489e-06
-2.784056484184274e-07
1.524235981865997e-06
1.855653804558708e-06
-1.446838428531944e-06
-1.344284254182867e-06
-1.545640915868666e-06
-1.229772824828575e-06
2.184615155059753e-08
-1.433152624680789e-06
1.247086796862764e-06
1.162884467365809e-06
-1.230094615871927e-06
-1.071635052508332e-06
-1.489583614838754e-07
1.070722567405941e-06
1.14314847358159e-06
9.264600371827941e-07
-1.923608592134447e-07
-1.021715003745314e-06
-9.675059492996455e-07
-8.586754872643349e-07
9.606117768658533e-07
-8.136977406122589e-08
-8.891062442965529e-07
-8.135947550988799e-07
-8.668551593547956e-07
-2.016838514267615e-07
7.64379533337048e-07
-7.895315527734875e-07
-7.983065712475274e-07
2.946617308049725e-07
6.843062229364842e-07
7.043535010505282e-07
7.097459817231467e-07
2.819161925081936e-07
6.270699897936298e-07
-7.100380830548693e-07
6.438562123992599e-07
2.528671513169789e-07
-6.154653175560489e-07
6.19201320797449e-07
6.153057815466458e-07
-1.760097826408696e-07
6.18876525617357e-07
6.392770415033858e-07

-0.001717223915327053
-0.001020742294365674
-0.0003138094172711107
0.0003139502142495687
0.0003452531768408137
-0.0001817735502272556
0.0002447904967649213
-0.0001930596270174836
-0.0001476308061773859
-9.877933569860814e-05
0.0001264565014066157
-1.88407607118356e-05
0.0001318370298384035
-6.383828991359485e-05
0.0001320616790855144
9.555822886331717e-05
-7.455511205818716e-05
-9.512684317087737e-05
6.967236771620157e-05
1.117172484975121e-05
-6.116379136527155e-05
-7.446276265643564e-05
5.805802043199592e-05
5.394277699701311e-05
6.202271802407967e-05
4.93477187134183e-05
-8.766316184142139e-07
5.750884323523219e-05
-5.004248526260467e-05
-4.66636556210429e-05
4.936063138539894e-05
4.300204400733373e-05
5.977327823533787e-06
-4.296542825456192e-05
-4.587169937711444e-05
-3.717653243920826e-05
7.718961893041959e-06
4.09988768583923e-05
3.882360259904539e-05
3.445650737815549e-05
-3.854695664122661e-05
3.265166249574845e-06
3.567761781989942e-05
3.264752994270527e-05
3.478473723531088e-05
8.09307033646253e-06
-3.067264574373335e-05
3.168193360230331e-05
3.203405322483993e-05
-1.1824040923291e-05
-2.745950334998516e-05
-2.826395066011713e-05
-2.84803374707031e-05
-1.131259423524945e-05
-2.516275595261718e-05
2.849205876936426e-05
-2.583634523421949e-05
-1.014692860565274e-05
2.469708937695354e-05
-2.484700587607506e-05
-2.469068759475811e-05
7.06283393902348e-06
-2.483397265543826e-05
-2.565259451682199e-05

0.002312273733935287
0.001374448361283356
0.0004225501791241624
-0.0004227397648569888
-0.0004648897824223641
0.0002447614443073454
-0.0003296149272874039
0.0002599583552565705
0.0001987876085330376
0.0001330082008250953
-0.0001702760158869999
2.536943244994502e-05
-0.0001775209968452488
8.595943701290267e-05
-0.0001778234912077497
-0.0001286709209496955
0.0001003898360627055
0.0001280900521434452
-9.381513057987399e-05
-1.504293394838013e-05
8.23581752964821e-05
0.0001002654858868034
-7.817619734436606e-05
-7.263494601517753e-05
-8.351473591436078e-05
-6.644761512591979e-05
1.180400673147663e-06
-7.743672010099008e-05
6.738313112273622e-05
6.283347457419414e-05
-6.646500227734028e-05
-5.790304687476895e-05
-8.048582367225812e-06
5.785374308704229e-05
6.17670908574933e-05
5.005888790085646e-05
-1.039372482483191e-05
-5.520574529293865e-05
-5.227669830662721e-05
-4.639632389379923e-05
5.190418941241252e-05
-4.396606690858768e-06
-4.804057166803892e-05
-4.396050234951747e-05
-4.683829146171615e-05
-1.089746875691066e-05
4.130128428244057e-05
-4.26603090342748e-05
-4.313444461270937e-05
1.592128959530268e-05
3.697472867478513e-05
3.805793184296358e-05
3.834930068194749e-05
1.523261717902514e-05
3.388211586346138e-05
-3.836508362719288e-05
3.47891162781792e-05
1.36630268688602e-05
-3.325508721447467e-05
3.345695255076916e-05
3.324646709644876e-05
-9.510236410398525e-06
3.343940307836889e-05
3.45416925417296e-05

0.001130525197957402
0.0006720002406801346
0.0002065947547171076
-0.0002066874476562841
-0.0002272955859800864
0.0001196696464683568
-0.0001611565168311238
0.0001270997748770356
9.719195318014755e-05
6.503084836405424e-05
-8.325196266471016e-05
1.240371424093969e-05
-8.679420483598092e-05
4.202759738998857e-05
-8.694210146861664e-05
-6.291024987360177e-05
4.908296004150291e-05
6.262624940579398e-05
-4.586843136848492e-05
-7.354845419142923e-06
4.026685554741663e-05
4.902216230582193e-05
-3.822218783240221e-05
-3.551293928450304e-05
-4.083232532822255e-05
-3.248780719234327e-05
5.77125746443139e-07
-3.786063995645674e-05
3.294520304127943e-05
3.072076858326083e-05
-3.249630818100976e-05
-2.831016612338972e-05
-3.935141865101428e-06
2.828606033801003e-05
3.019938841760057e-05
2.447497167961537e-05
-5.081737357760822e-06
-2.699139172398216e-05
-2.555931152714603e-05
-2.268425770041743e-05
2.537718313757218e-05
-2.149604770651143e-06
-2.348816924134096e-05
-2.149332706228251e-05
-2.290034607475871e-05
-5.328029654460765e-06
2.019317259200223e-05
-2.085763186601826e-05
-2.108944793987379e-05
7.784294224036016e-06
1.807781744912381e-05
1.860742104153775e-05
1.874987814319613e-05
7.447586027112322e-06
1.656576606031928e-05
-1.875759479760211e-05
1.700921996817339e-05
6.68017628230006e-06
-1.625919695599609e-05
1.635789368292709e-05
1.625498237686545e-05
-4.649779021702653e-06
1.634931333169282e-05
1.688824866426032e-05

-0.001347968555010052
-0.0008012516616451231
-0.0002463308500261811
0.0002464413713723161
0.0002710132451249042
-0.0001426867094335853
0.0001921530962034468
-0.0001515459365191359
-0.000115885693590457
-7.753877477365893e-05
9.926450822812807e-05
-1.47894242360107e-05
0.0001034880594323551
-5.011111634372925e-05
0.0001036644022601643
7.501030385755941e-05
-5.852349584266063e-05
-7.467167920688044e-05
5.469069001214176e-05
8.769464289599717e-06
-4.801171631124721e-05
-5.845100437058273e-05
4.557378057095055e-05
4.234343961374851e-05
4.868594761958301e-05
3.873645859078787e-05
-6.881291632408034e-07
4.514269317139159e-05
-3.928182920496455e-05
-3.662955068206869e-05
3.87465946456245e-05
3.375529691009895e-05
4.692020578793068e-06
-3.372655465760422e-05
-3.600788911296769e-05
-2.918244747534091e-05
6.059150362555519e-06
3.218287161186767e-05
3.047534746550041e-05
2.704731051478474e-05
-3.025818880108726e-05
2.563056216506608e-06
2.800584507916678e-05
2.562731823655591e-05
2.730496097163618e-05
6.35281411449576e-06
-2.407709419399354e-05
2.486935447186893e-05
2.51457576680592e-05
-9.281512571241202e-06
-2.1554875122336e-05
-2.218634179860321e-05
-2.235619886486575e-05
-8.88004247355933e-06
-1.975199825643953e-05
2.236539972789218e-05
-2.028074535958023e-05
-7.965030400671642e-06
1.938646415488214e-05
-1.950414404791535e-05
-1.938143895053265e-05
5.544109870637904e-06
-1.949391336605708e-05
-2.013650663401648e-05

-0.0009645104933166551
-0.0005733187414297977
-0.0001762568487184904
0.0001763359299391645
0.0001939178163905473
-0.0001020964680476089
0.0001374910986776545
-0.0001084355012950053
-8.29195659482901e-05
-5.548123628714094e-05
7.102662702650025e-05
-1.058226084930372e-05
7.404870008616584e-05
-3.585595329034949e-05
7.417487848035409e-05
5.367204220649483e-05
-4.187525416387243e-05
-5.342974647368493e-05
3.913277072179042e-05
6.274805370369906e-06
-3.435377183855429e-05
-4.182338441856641e-05
3.260935829517809e-05
3.029795589722439e-05
3.48362038429063e-05
2.771705663746171e-05
-4.923763215655971e-07
3.230090279070761e-05
-2.810728508764413e-05
-2.620950308304472e-05
2.772430927790611e-05
2.415289136669022e-05
3.357276448537375e-06
-2.413232545361654e-05
-2.576468624772814e-05
-2.08808853188352e-05
4.335497355295298e-06
2.302777558080622e-05
2.180599266114056e-05
1.935313306123484e-05
-2.165060935504067e-05
1.833940863521753e-06
2.003899226925975e-05
1.833708751057938e-05
1.953748941604777e-05
4.545622264515234e-06
-1.722785736535246e-05
1.779474251158665e-05
1.799251699388344e-05
-6.641190727738982e-06
-1.542313666024311e-05
-1.587496933332857e-05
-1.599650697764556e-05
-6.353927259655009e-06
-1.413312611155701e-05
1.600309046128457e-05
-1.451145995867398e-05
-5.699209653292401e-06
1.387157588818089e-05
-1.395577925575122e-05
-1.386798020910659e-05
3.966970984937189e-06
-1.394845890692032e-05
-1.440825297822333e-05

-0.003399088828903976
-0.00202046669569374
-0.0006211572498674286
0.0006214359447024912
0.0006833973170702116
-0.0003598042389537841
0.0004845405631433287
-0.0003821440032660032
-0.0002922217770208018
-0.0001955247265676054
0.0002503091632004677
-3.729357522453224e-05
0.0002609594307182864
-0.0001263620988299253
0.0002614041035065004
0.000189148838040276
-0.0001475750752552692
-0.0001882949492288233
0.0001379101261482033
2.211341502844345e-05
-0.0001210681717786009
-0.0001473922779992139
0.0001149205801975763
0.0001067748294524131
0.0001227683391153718
9.76793287780093e-05
-1.735212696854144e-06
0.000113833533798019
-9.90545560823556e-05
-9.23664695800998e-05
9.770488823981425e-05
8.511864183855867e-05
1.183157772863975e-05
-8.504616428036787e-05
-9.079886409912277e-05
-7.358757060375078e-05
1.527898424147935e-05
8.115355434028455e-05
7.684779644302543e-05
6.820352795393378e-05
-7.630020088701512e-05
6.46310013760535e-06
7.062060520537212e-05
6.462282136247079e-05
6.885322915529837e-05
1.601949793889877e-05
-6.071371739577729e-05
6.271151107580675e-05
6.340849989870937e-05
-2.340461547043537e-05
-5.435359375739199e-05
-5.594592416981949e-05
-5.637424221500865e-05
-2.239225318711513e-05
-4.980739081229476e-05
5.63974434615044e-05
-5.114069963824139e-05
-2.008492390730689e-05
4.888564610495117e-05
-4.918239220360517e-05
-4.887297435832937e-05
1.398023852816288e-05
-4.915659412670499e-05
-5.077698177638155e-05

-0.002395961559526837
-0.001424193593889772
-0.0004378434833617835
0.0004380399307469599
0.000481715478471868
-0.0002536200637528224
0.0003415446379190125
-0.00026936699454377
-0.0002059823028585771
-0.0001378221495152806
0.0001764387938102615
-2.628762505278075e-05
0.00018394599143166
-8.907055585103607e-05
0.0001842594339336294
0.0001333278910277426
-0.0001040232324761187
-0.00013272599891155
9.721056952401237e-05
1.55873809202782e-05
-8.533895413296539e-05
-0.0001038943817102506
8.100561839122617e-05
7.526381326593187e-05
8.65373740003741e-05
6.885254510630166e-05
-1.223122762756391e-06
8.023937734306736e-05
-6.982192011315388e-05
-6.51075984308768e-05
6.887056154867314e-05
5.999872439642729e-05
8.33988367274006e-06
-5.994763616305048e-05
-6.400261922556125e-05
-5.187066278650118e-05
1.0769903569421e-05
5.720379972565192e-05
5.416874211882227e-05
4.807554007182807e-05
-5.378275105813441e-05
4.55573251083868e-06
4.977929789411819e-05
4.555155915197754e-05
4.853350371502028e-05
1.129187944078793e-05
-4.279609634772873e-05
4.420430810744905e-05
4.469560401383392e-05
-1.649752678006618e-05
-3.83129502699204e-05
-3.943535767092746e-05
-3.973727198478842e-05
-1.578392933167576e-05
-3.510840692125079e-05
3.975362616014258e-05
-3.604823428519277e-05
-1.415753104147281e-05
3.445868430507298e-05
-3.466785572751773e-05
-3.444975220022635e-05
9.854439172539634e-06
-3.464967108930342e-05
-3.579185557331501e-05

-0.0001511542070925096
-8.984820836375896e-05
-2.762226476236153e-05
2.763465805369617e-05
3.039002061737842e-05
-1.600014803538564e-05
2.154705225788879e-05
-1.699357584241836e-05
-1.299482103120952e-05
-8.694796311286518e-06
1.113100745414161e-05
-1.658409378657628e-06
1.160461459500134e-05
-5.619200855433836e-06
1.162438876561532e-05
8.411266688113306e-06
-6.562521490281521e-06
-8.373295074915087e-06
6.132730510177621e-06
9.833622723472315e-07
-5.383785017253626e-06
-6.55439267225132e-06
5.110407539496616e-06
4.748173847647484e-06
5.459389821537922e-06
4.343705691117255e-06
-7.716323771754212e-08
5.062067632747739e-06
-4.404860725076488e-06
-4.107447958604064e-06
4.344842295781981e-06
3.785144038185972e-06
5.261388684570452e-07
-3.781921030963206e-06
-4.037738052344186e-06
-3.272368404077543e-06
6.794417164255242e-07
3.608820415279374e-06
3.417347507792701e-06
3.032945211978175e-06
-3.392996460696402e-06
2.874078395191328e-07
3.140430309860271e-06
2.873714637891493e-06
3.061836798760943e-06
7.123716474782102e-07
-2.699880548742337e-06
2.788720509919255e-06
2.819714931718929e-06
-1.040780712660078e-06
-2.417051974974091e-06
-2.487861375097021e-06
-2.50690826612532e-06
-9.957619367619204e-07
-2.214886707767779e-06
2.507940003214104e-06
-2.274177667317992e-06
-8.931572255255356e-07
2.173897608199766e-06
-2.187093621466558e-06
-2.173334107826453e-06
6.216877451744682e-07
-2.185946405816986e-06
-2.258003484266465e-06

-0.00239842828950665
-0.001425659853237856
-0.0004382942592279262
0.0004384909088625549
0.0004822114221600402
-0.0002538811748762843
0.0003418962706047315
-0.0002696443177079373
-0.0002061943691664399
-0.0001379640424545687
0.0001766204439959402
-2.631468912337805e-05
0.0001841353705516467
-8.916225724317202e-05
0.0001844491357542042
0.0001334651569636504
-0.0001041303281951541
-0.0001328626451775461
9.731065135768067e-05
1.560342869854418e-05
-8.542681370472994e-05
-0.0001040013447727761
8.108901663543794e-05
7.534130011203238e-05
8.662646738919578e-05
6.892343131753573e-05
-1.224382012337103e-06
8.032198671422532e-05
-6.989380433138824e-05
-6.517462908262864e-05
6.894146630848633e-05
6.006049527565832e-05
8.348469887741739e-06
-6.000935444508394e-05
-6.406851226087938e-05
-5.192406552934753e-05
1.078099157870566e-05
5.726269312781965e-05
5.422451081827512e-05
4.812503559714701e-05
-5.383812236570346e-05
4.560422803939026e-06
4.983054750035823e-05
4.559845614669095e-05
4.858347073066406e-05
1.130350484330629e-05
-4.284015649279116e-05
4.424981805798496e-05
4.474161977145865e-05
-1.651451158674429e-05
-3.835239485227131e-05
-3.947595781271e-05
-3.977818295838733e-05
-1.580017946370942e-05
-3.514455230909969e-05
3.979455397096406e-05
-3.608534725968897e-05
-1.417210673702767e-05
3.449416077976539e-05
-3.470354755181955e-05
-3.448521947899197e-05
9.864584677771961e-06
-3.468534419186999e-05
-3.582870459654358e-05

0.001759744334453793
0.001046017035643589
0.000321579695700951
-0.0003217239789725889
-0.000353802038554851
0.0001862744702719615
-0.0002508517881480507
0.0001978400031721607
0.0001512863130094081
0.0001012252245063855
-0.0001295877083465052
1.930727939641737e-05
-0.0001351014647877841
6.541899864893129e-05
-0.0001353316766060677
-9.792435939874717e-05
7.64011815103739e-05
9.748229210547731e-05
-7.139753485976268e-05
-1.144834947554931e-05
6.267827647173243e-05
7.630654543234176e-05
-5.949560311431118e-05
-5.527846156693002e-05
-6.355847113246391e-05
-5.056962440894908e-05
8.983380152927204e-07
-5.893282766503929e-05
5.12815941688596e-05
4.78191008587057e-05
-5.058285681337898e-05
-4.406682357285212e-05
-6.12533326536712e-06
4.402930117235633e-05
4.700753487658115e-05
3.809706570625683e-05
-7.910092177209823e-06
-4.201405572479751e-05
-3.978491919832307e-05
-3.530968972805662e-05
3.950142317166137e-05
-3.346015483163047e-06
-3.656103625450429e-05
-3.345591995185036e-05
-3.564604693016531e-05
-8.293463971596071e-06
3.143213537179067e-05
-3.246641434677974e-05
-3.282725285203777e-05
1.211681763769695e-05
2.813943191435247e-05
2.896379825571033e-05
2.918554305006653e-05
1.1592706947404e-05
2.578581443666384e-05
-2.919755458143562e-05
2.647608255575831e-05
1.039817810975343e-05
-2.530861742646277e-05
2.546224602876081e-05
2.530205712885568e-05
-7.237717748076184e-06
2.544889009076059e-05
2.628778196139093e-05

-0.000288972591521756
-0.0001717694142543175
-5.280751085708053e-05
5.283120402121893e-05
5.809883286174184e-05
-3.058865731519046e-05
4.1193081227523e-05
-3.248786616563608e-05
-2.484315310822343e-05
-1.662248025483037e-05
2.127996389998054e-05
-3.170502926588309e-06
2.218539343116564e-05
-1.074263869141643e-05
2.22231971645713e-05
1.608043586477574e-05
-1.254605398307691e-05
-1.600784274494181e-05
1.172439102244097e-05
1.879965829020849e-06
-1.02925769553818e-05
-1.253051352514199e-05
9.769941166781968e-06
9.077432432402516e-06
1.043711620871041e-05
8.304180971986373e-06
-1.475186248697465e-07
9.677526219345011e-06
-8.42109553882172e-06
-7.852509724773124e-06
8.306353902526111e-06
7.23633766490878e-06
1.00585829030521e-06
-7.230176005460745e-06
-7.719240180737527e-06
-6.256026850567812e-06
1.29893859628986e-06
6.899246853912301e-06
6.533194043685169e-06
5.798303961973275e-06
-6.48664035975063e-06
5.494586608442212e-07
6.003791112340035e-06
5.493891186891339e-06
5.853538128916241e-06
1.361893162341571e-06
-5.161559800262301e-06
5.331401674387287e-06
5.390655985339126e-06
-1.989736875527302e-06
-4.620855657857678e-06
-4.756227185055206e-06
-4.792640524556189e-06
-1.903671177540546e-06
-4.234361478774482e-06
4.794612972073956e-06
-4.347712357798804e-06
-1.707514220478566e-06
4.155999608791083e-06
-4.18122739585477e-06
-4.15492232377604e-06
1.18852609064618e-06
-4.179034179510739e-06
-4.316790984932705e-06

-0.0009223058853800984
-0.0005482317228088962
-0.0001685442823466803
0.0001686199031667582
0.0001854324494927488
-9.762897760999745e-05
0.0001314748262219641
-0.0001036906303470381
-7.929120960023444e-05
-5.305351378792457e-05
6.791867644673585e-05
-1.011920713101972e-05
7.080851101921952e-05
-3.428698492635354e-05
7.092916815725079e-05
5.132348559231177e-05
-4.004289599190749e-05
-5.109179212507433e-05
3.7420416883064e-05
6.000235314001928e-06
-3.285053524168696e-05
-3.999329593928468e-05
3.118245294617626e-05
2.897219183479134e-05
3.331185720762673e-05
2.650422638146389e-05
-4.708311442431809e-07
3.088749469650832e-05
-2.687737939404647e-05
-2.506263966418722e-05
2.651116166417342e-05
2.309602022034461e-05
3.210370285020293e-06
-2.307635422106729e-05
-2.463728692007161e-05
-1.99671891130481e-05
4.14578664985932e-06
2.202013673518123e-05
2.085181603232146e-05
1.850628753822971e-05
-2.070323191773215e-05
1.753692120087785e-06
1.916213523346652e-05
1.753470164288331e-05
1.868257691224038e-05
4.346717009642937e-06
-1.647400868175743e-05
1.701608832770593e-05
1.720520868487988e-05
-6.350588548870318e-06
-1.474825811779912e-05
-1.518031970393583e-05
-1.529653915972398e-05
-6.075895023925027e-06
-1.351469525917131e-05
1.530283456631427e-05
-1.387647414736223e-05
-5.449826250369967e-06
1.326458983059997e-05
-1.334510866578982e-05
-1.326115148960727e-05
3.79338608744099e-06
-1.333810863745733e-05
-1.377778325059025e-05

0.001107148377273417
0.0006581047263167462
0.0002023228211556274
-0.000202413597404726
-0.000222595603914072
0.0001171951365043627
-0.0001578241479438933
0.0001244716258966252
9.518223339190348e-05
6.368615079882394e-05
-8.153049178870645e-05
1.214723220571952e-05
-8.499948803843328e-05
4.115855739891325e-05
-8.514432648799045e-05
-6.160940170751058e-05
4.806803038080531e-05
6.133127375629667e-05
-4.49199712217657e-05
-7.202763092429496e-06
3.943422389680794e-05
4.80084898111004e-05
-3.743183549634258e-05
-3.477860836017485e-05
-3.998800098319279e-05
-3.181602946947286e-05
5.651920318205523e-07
-3.707776365011456e-05
3.226396735960494e-05
3.008552940436995e-05
-3.182435467604191e-05
-2.772477299972705e-05
-3.853771625930854e-06
2.770116566994776e-05
2.957493025506979e-05
2.396888209824847e-05
-4.976657998902243e-06
-2.643326800812112e-05
-2.503080013839365e-05
-2.221519621860123e-05
2.485243777078403e-05
-2.105155584243836e-06
-2.300248460421008e-05
-2.104889145523266e-05
-2.242681635182363e-05
-5.217857502566976e-06
1.977562137281675e-05
-2.042634106338874e-05
-2.065336368124679e-05
7.623331823064963e-06
1.770400720798055e-05
1.822265974133447e-05
1.836217113763743e-05
7.293586024818942e-06
1.622322177788745e-05
-1.836972822828973e-05
1.665750601621488e-05
6.542044656952457e-06
-1.592299186088462e-05
1.601964775254003e-05
1.591886443014722e-05
-4.553631628786257e-06
1.601124482445885e-05
1.653903613772139e-05

0.0007187242516033115
0.0004272199071121215
0.0001313413099836402
-0.0001314002389337527
-0.0001445017326650282
7.607922163327586e-05
-0.0001024542373401787
8.080287882334406e-05
6.178917014622776e-05
4.134295096297117e-05
-5.292690925303274e-05
7.885582958259746e-06
-5.51788673325785e-05
2.671877949770085e-05
-5.527289168240075e-05
-3.999479387124477e-05
3.120418172541502e-05
3.981424236820533e-05
-2.916056543199471e-05
-4.675796505104838e-06
2.559939899616663e-05
3.116552994916348e-05
-2.429951441508706e-05
-2.257712676871689e-05
-2.595889283648668e-05
-2.065391815479589e-05
3.66904046847782e-07
-2.406966263743929e-05
2.094470467579227e-05
1.953053452373013e-05
-2.065932260463164e-05
-1.799800924077649e-05
-2.501741577327971e-06
1.798268414001872e-05
1.919907037765873e-05
1.555980860512312e-05
-3.230682417250768e-06
-1.715960674876331e-05
-1.624917081193279e-05
-1.44213735071015e-05
1.613338383903544e-05
-1.366597651095208e-06
-1.493245518987315e-05
-1.366424687853684e-05
-1.455875032578874e-05
-3.387261188731647e-06
1.283768188882131e-05
-1.32601076740327e-05
-1.34074832782953e-05
4.948815869419408e-06
1.149285822218541e-05
1.182955035986682e-05
1.192011656214953e-05
4.734755760655029e-06
1.053158110532187e-05
-1.192502237643579e-05
1.081350412540438e-05
4.246879864103122e-06
-1.033668173427259e-05
1.039942755480903e-05
1.033400234221458e-05
-2.956067634343933e-06
1.039397265074037e-05
1.073659738325611e-05

0.0001956381425719262
0.0001162900916597824
3.575136065166824e-05
-3.576740122665783e-05
-3.933365336422059e-05
2.070891245901111e-05
-2.788824315747126e-05
2.199470115578893e-05
1.681913258316185e-05
1.12536318578278e-05
-1.440680788941174e-05
2.146471055631536e-06
-1.501979526930615e-05
7.272903872466248e-06
-1.504538888066269e-05
-1.088666086898176e-05
8.493839103945251e-06
1.083751439782515e-05
-7.93756276449851e-06
-1.272760925021256e-06
6.968206317504441e-06
8.483318015100791e-06
-6.614375200148919e-06
-6.145537924722333e-06
-7.066061241741025e-06
-5.62203679035949e-06
9.98719968992116e-08
-6.551809098166191e-06
5.701189448315208e-06
5.316249575735595e-06
-5.623507892147403e-06
-4.899093205772522e-06
-6.809789349549525e-07
4.894921683459057e-06
5.226024388919412e-06
4.235410239042731e-06
-8.793980527867798e-07
-4.670878412822414e-06
-4.423055975753216e-06
-3.925525985765767e-06
4.391538535990059e-06
-3.719905450632453e-07
-4.064643416259501e-06
-3.719434641305839e-06
-3.962920223658328e-06
-9.220190996636289e-07
3.494442039566359e-06
-3.609427161896565e-06
-3.649543088714684e-06
1.347077328284678e-06
3.128378415524706e-06
3.220026671842252e-06
3.244678968677815e-06
1.288809749332144e-06
2.866716910121596e-06
-3.246014340894997e-06
2.9434569058556e-06
1.156008979082503e-06
-2.813664921333828e-06
2.830744456015495e-06
2.812935585593007e-06
-8.046473734669816e-07
2.829259620496294e-06
2.922522740698421e-06

0.0001722118554903615
0.0001023651737669382
3.14703874880803e-05
-3.148450731707252e-05
-3.46237259259716e-05
1.822916632139642e-05
-2.454882282871626e-05
1.936099089473176e-05
1.480516013804547e-05
9.906088852438512e-06
-1.268169430413192e-05
1.889446292972436e-06
-1.32212807707078e-05
6.40202495393233e-06
-1.324380972777845e-05
-9.583060050000243e-06
7.47676180672891e-06
9.539798521998278e-06
-6.987095633708986e-06
-1.120356785300854e-06
6.133812781073147e-06
7.467500544086463e-06
-5.822350443239546e-06
-5.409653123324463e-06
-6.219950268660336e-06
-4.94883755578552e-06
8.791303000272777e-08
-5.76727619056329e-06
5.01851224148636e-06
4.679666202340171e-06
-4.950132503490954e-06
-4.312461364073992e-06
-5.99436512721768e-07
4.308789352137498e-06
4.600244845048343e-06
3.728249749464034e-06
-7.740963413098293e-07
-4.111573682243274e-06
-3.893426233290101e-06
-3.455471948870118e-06
3.865682784544103e-06
-3.274473021893774e-07
-3.577931048712204e-06
-3.274058588653511e-06
-3.488388490660078e-06
-8.116138185689418e-07
3.076007263342001e-06
-3.177223728661594e-06
-3.21253605630654e-06
1.185774323670886e-06
2.753777175207351e-06
2.834451199527848e-06
2.856151557773926e-06
1.134483876145689e-06
2.523447788681444e-06
-2.85732702859077e-06
2.59099871146097e-06
1.017585061040716e-06
-2.476748401210538e-06
2.491782782130867e-06
2.476106398284821e-06
-7.082965283693963e-07
2.490475745192465e-06
2.572571264835583e-06

-0.001816671466323084
-0.001079855331673012
-0.0003319826896956366
0.0003321316404821289
0.0003652474144029965
-0.0001923003861538035
0.0002589667583422802
-0.0002042400601173968
-0.0001561803738806779
-0.0001044998261579754
0.0001337798267225661
-1.993186333097773e-05
0.0001394719513131031
-6.753528104856286e-05
0.000139709610405552
0.0001010921791845923
-7.887273379762868e-05
-0.0001006358111644383
7.370722087638739e-05
1.181869969491013e-05
-6.47058974392786e-05
-7.877503627460645e-05
6.142026567909669e-05
5.706670103419487e-05
6.561456609849374e-05
5.220553459258447e-05
-9.273989451442583e-07
6.083928463508282e-05
-5.294053633254049e-05
-4.936603253914854e-05
5.221919506081162e-05
4.549237035682075e-05
6.323485717239031e-06
-4.545363411940133e-05
-4.852821267298375e-05
-3.932949284970749e-05
8.165980974038387e-06
4.337319616569337e-05
4.107194782927978e-05
3.645194620478917e-05
-4.077928080239518e-05
3.454257948229437e-06
3.774377336659136e-05
3.453820760558186e-05
3.679918444820974e-05
8.56175471583801e-06
-3.244895428133464e-05
3.351669183007365e-05
3.388920333849601e-05
-1.250879257518933e-05
-2.904973298476842e-05
-2.990076729743981e-05
-3.012968546061876e-05
-1.196772708197578e-05
-2.661997678061209e-05
3.014208556094686e-05
-2.733257483905238e-05
-1.073455564191072e-05
2.612734260912678e-05
-2.628594104455611e-05
-2.612057008811384e-05
7.471855460362853e-06
-2.627215304649678e-05
-2.71381827843805e-05

-0.001496509197200637
-0.0008895463298964324
-0.0002734755059737861
0.0002735982063224237
0.0003008778004391513
-0.0001584102034073022
0.0002133275844381038
-0.0001682456812189763
-0.0001286558248243922
-8.608323180623897e-05
0.0001102030525615708
-1.641915852431776e-05
0.0001148920218987249
-5.563315717686087e-05
0.0001150877969875235
8.327613369797658e-05
-6.497254661872081e-05
-8.29001939905931e-05
6.071738120312666e-05
9.735823521341554e-06
-5.330241181528544e-05
-6.489206688172711e-05
5.059582549033088e-05
4.700951412222004e-05
5.40509406664803e-05
4.300505848792526e-05
-7.63958193107395e-07
5.011723401576443e-05
-4.361052672155417e-05
-4.066597791272164e-05
4.301631149471447e-05
3.747499308681528e-05
5.209062127985274e-06
-3.744308355521314e-05
-3.997581177174941e-05
-3.239823427728779e-05
6.726844043268723e-06
3.572929292787161e-05
3.383360657823868e-05
3.00278139237337e-05
-3.359251791383039e-05
2.845494567869613e-06
3.109197509139204e-05
2.845134428251424e-05
3.031385641106508e-05
7.052868344080898e-06
-2.673029186716491e-05
2.760985599942784e-05
2.79167177015767e-05
-1.030429743718586e-05
-2.393013453110264e-05
-2.463118626206072e-05
-2.48197608849146e-05
-9.858586970604713e-06
-2.192858798080332e-05
2.482997564555067e-05
-2.251560086018064e-05
-8.84274429569785e-06
2.152277351067287e-05
-2.165342124841629e-05
-2.151719454927631e-05
6.155048187781418e-06
-2.164206318709118e-05
-2.235546761481196e-05

