-0.3996932212747156
-0.2375633168091395
-0.07304935903292277
0.07306055678058687
0.08036734523797388
-0.04229712674649508
0.05698570952256209
-0.04492360845132199
-0.03437042064965289
-0.02298111944315401
0.02944168167396681
-0.004383205426118968
0.03067631394545254
-0.01486636398677082
0.03072882563386116
0.0222488590694712
-0.01734511725376778
-0.02214770086356839
0.01620907756304685
0.002601753956873093
-0.01424240336240685
-0.01732459312811861
0.01351917762940586
0.01254898914651714
0.01444146872403001
0.01147996762695843
-0.0002039684808361111
0.01339046312122895
-0.01164208606125557
-0.01086586037242302
0.01148373106616778
0.01001320749531789
0.001392278350499608
-0.009995610228630603
-0.01068086512073117
-0.008648560083459888
0.001797652671963347
0.009546330399734645
0.009032194381226525
0.008023460961316582
-0.0089681037715912
0.000760922991373155
0.008307326241223016
0.007595210096975898
0.008099363596272537
0.001882498746201764
-0.007135977704348262
0.007376987956083002
0.007452848800114205
-0.00275285015332426
-0.006393955420401822
-0.006575557617479828
-0.006631443820119255
-0.002631273830154399
-0.005854492363131204
0.0066340405740526
-0.006010866740760913
-0.002362669885747938
0.005750435426071414
-0.005780724388072014
-0.005748935164593443
0.001644536137981078
-0.005777839024694557
-0.005972748280386382

-0.2378079236735609
-0.1413445014934458
-0.0434626245145705
0.04346928690712543
0.04781665158404524
-0.02516578053754132
0.03390513658799757
-0.02672847444260939
-0.02044957966616761
-0.01367321737665756
0.01751709765307116
-0.002607902576120005
0.01825167437681672
-0.008845131626178006
0.01828291757764101
0.0132375399376062
-0.0103199306379002
-0.01317735322032094
0.00964401414574227
0.001547981485449684
-0.008473889952228282
-0.01030771927317
0.008043587908666017
0.007466348925351789
0.008592329089563634
0.006830306644933822
-0.0001213563761921259
0.007967005849462611
-0.006926763242636593
-0.006464927490766892
0.006832545801407378
0.005957619386636663
0.0008283723768235264
-0.005947149433096889
-0.006354859732919096
-0.005145686758584817
0.001069560419470004
0.005679838661809796
0.005373940006197651
0.004773767705649692
-0.005335807623677999
0.000452731012241945
0.004942660769680178
0.00451896866617822
0.004818927961203557
0.001120041807874983
-0.00424573635709294
0.004389131702574968
0.004434267093536322
-0.00163788011479841
-0.003804250814503057
-0.003912299785871722
-0.003945550742120824
-0.001565545105241519
-0.003483283175524533
0.00394709574871122
-0.003576322196656284
-0.001405732171448034
0.003421371782412083
-0.00343939299163377
-0.003420479162657907
0.0009784597375260681
-0.003437676269317431
-0.003553642622845952

-0.07180291392091552
-0.04267707701727596
-0.01312295670635188
0.01312496832647155
0.01443759679930208
-0.007598469999561323
0.01023720137789809
-0.008070304470909815
-0.006174476383325643
-0.004128444650425868
0.005289052759467115
-0.0007874212149649093
0.005510848351679195
-0.002670668895142091
0.005520281817237459
0.003996897689453195
-0.003115964681987915
-0.003978725117179444
0.0029118807601656
0.0004673922535209933
-0.002558577449464977
-0.003112277624139974
0.002428653517088242
0.00225436394595047
0.002594338558902094
0.002062319507710124
-3.664193059200553e-05
0.002405530591158163
-0.002091443284052572
-0.001951998171272595
0.002062995590983827
0.001798823291437039
0.000250115932004071
-0.001795662029352258
-0.001918764687626225
-0.00155367112114297
0.000322939427526811
0.00171495112618053
0.001622589128741354
0.001441375149964763
-0.001611075567136333
0.0001366960587317827
0.001492370146054982
0.001364441996450265
0.001455010683599672
0.0003381816058791751
-0.001281943164340832
0.001325239466202365
0.001338867492308442
-0.0004945359392527872
-0.001148642524385709
-0.001181266462523449
-0.001191306142920694
-0.0004726953530163666
-0.001051730649469455
0.001191772636943354
-0.001079822534393704
-0.0004244419804990604
0.001033037334454752
-0.001038478596944259
-0.001032767819889127
0.0002954327981314151
-0.001037960255658442
-0.001072974741179174

0.07162660492012719
0.04257228527001735
0.01309073384437711
-0.01309274052504146
-0.0144021458945003
0.007579812279692754
-0.01021206436537767
0.008050488181570453
0.006159315219209501
0.00411830743019917
-0.00527606571539713
0.0007854877356667375
-0.005497316697966159
0.00266411118127431
-0.005506727000054952
-0.003987083477195834
0.003108313563255698
0.003968955526899298
-0.002904730760820456
-0.0004662445917242208
0.002552294971373874
0.003104635558821678
-0.002422690061685846
-0.002248828451175098
-0.002587968270925541
-0.002057255569883529
3.655195789009868e-05
-0.002399623913117604
0.002086307834033555
0.001947205122795615
-0.002057929993063528
-0.001794406357361595
-0.0002495017829722924
0.001791252857621899
0.001914053242555104
0.001549856147794108
-0.0003221464634994194
-0.001710740136639871
-0.001618604930156536
-0.001437835914595634
0.001607119639611798
-0.0001363604073741842
-0.00148870569464314
-0.00136109166716827
-0.001451437966758195
-0.0003373512153311789
0.001278795407431166
-0.001321985397064599
-0.001335579960132075
0.0004933216272903245
0.001145822081528023
0.001178365912972268
0.00118838094136085
0.0004715346696843181
0.001049148169597683
-0.001188846289927506
0.001077171076093171
0.0004233997812704724
-0.001030500755223193
0.001035928656923346
0.001030231902438417
-0.0002947073754624284
0.001035411588402265
0.001070340097343265

0.07770669583763865
0.0461860732653725
0.01420195295130179
-0.01420412997091183
-0.01562468543191893
0.008223231688580697
-0.01107892493857543
0.008733861351764349
0.006682154415120763
0.004467893783341089
-0.005723929456421934
0.000852164592021458
-0.005963961534243991
0.00289025673451811
-0.005974170638572267
-0.004325530763147231
0.003372165648465949
0.00430586400494542
-0.003151301530667373
-0.0005058221971495809
0.002768948901733975
0.003368175433209178
-0.002628342358852358
-0.002439722343972161
-0.002807650362466461
-0.002231887620633979
3.965470480143631e-05
-0.002603318218827975
0.002263406013223003
0.002112495439080495
-0.002232619292851904
-0.001946726208455036
-0.0002706809736689958
0.001943305020959443
0.002076529430678863
0.001681417127101265
-0.0003494921654075179
-0.001855957902841309
-0.001756001713738498
-0.001559887952311046
0.001743541483632914
-0.0001479354872667693
-0.001615075860909884
-0.001476629198127957
-0.001574644627312335
-0.0003659875867276742
0.001387347143909467
-0.001434203355946886
-0.001448951906132871
0.0005351976920411694
0.001243086253671469
0.00127839259848932
0.001289257761868693
0.0005115613282931986
0.001138206086893403
-0.001289762611981217
0.001168607743846495
0.0004593404651470038
-0.001117975769421475
0.00112386442360097
0.001117684094817935
-0.0003197238848848318
0.001123303463238084
0.001161196911117863

-0.04034476554856941
-0.02397948178615444
-0.00737355328231766
0.007374683575468718
0.00811222589927319
-0.004269443591071688
0.005752099279975312
-0.004534558891897664
-0.003469327196729388
-0.002319698775526719
0.002971823591861038
-0.0004424378144419044
0.003096446544871773
-0.0015006008050175
0.003101747039454772
0.002245784904776965
-0.001750804496470435
-0.002235574063353131
0.001636133412406512
0.0002626192985465631
-0.001437618638293676
-0.001748732804998485
0.001364616718111251
0.001266686543677353
0.001457712162318852
0.001158780228841412
-2.058844158622003e-05
0.001351624362029464
-0.001175144354812396
-0.001096792654653965
0.001159160107869589
0.001010726445394932
0.0001405356424361013
-0.001008950189102464
-0.001078119358086142
-0.0008729798513619778
0.000181453854425762
0.0009636001846552692
0.0009117036399496454
0.0008098827654387275
-0.0009052343768207421
7.680705614562602e-05
0.0008385359363066757
0.0007666554105593477
0.0008175443264753457
0.0001900181602246682
-0.0007203008010072463
0.0007446282140932512
0.0007522855567843393
-0.0002778708472257793
-0.0006454015695866667
-0.0006637323734987629
-0.0006693734892933084
-0.0002655990147466397
-0.0005909485305818985
0.0006696356038922171
-0.000606732855328661
-0.0002384863128403667
0.0005804450931809678
-0.0005835024406816189
-0.0005802936577950428
0.0001659983742316033
-0.0005832111940382268
-0.0006028852035179339

0.05610079288557612
0.03334429938795559
0.01025318104834283
-0.01025475276007981
-0.01128033088872913
0.005936809084960396
-0.007998493137227541
0.006305461086783299
0.004824219545449362
0.003225621435477464
-0.004132423563567009
0.0006152250943897208
-0.004305716093105511
0.002086637357327799
-0.004313086614286121
-0.003122841639935037
0.002434554250199495
0.003108643111523131
-0.002275100138878534
-0.0003651812242603719
0.001999058474594094
0.002431673491504058
-0.001897546777879435
-0.001761371480824457
-0.002026999215215804
-0.001611324015252027
2.862894062118847e-05
-0.001879480457062266
0.001634078898800468
0.001525128147865509
-0.001611852250188967
-0.001405450105016137
-0.0001954196749479531
0.00140298015916361
0.001499162282678108
0.001213908698407051
-0.0002523178649575318
-0.001339919408350709
-0.001267755466723105
-0.001126170016547409
0.001258759732431357
-0.0001068028699730283
-0.001166013242368612
-0.001066060883428484
-0.001136823682348189
-0.0002642268285940543
0.001001603194446596
-0.001035431304348576
-0.001046079104392406
0.0003863890305769395
0.0008974532207860384
0.0009229428380813443
0.0009307870048398301
0.0003693246227689061
0.0008217343853525131
-0.0009311514842621397
0.0008436830352304261
0.000331623472358484
-0.0008071289921071103
0.0008113803396253394
0.0008069184159612569
-0.0002308264848112358
0.0008109753510873925
0.0008383327422144503

-0.04239222405217347
-0.02519641769412773
-0.007747754102783996
0.007748941757235191
0.008523913652931349
-0.004486113795181376
0.006044012851023673
-0.004764683445531825
-0.003645392254342804
-0.002437421283494319
0.003122640814408873
-0.0004648911129844907
0.003253588263828715
-0.001576754869541152
0.003259157753476024
0.00235975635406024
-0.001839656160513382
-0.002349027322139676
0.001719165627929529
0.0002759469783263891
-0.001510576417720477
-0.001837479332669021
0.001433869719477847
0.001330969681774556
0.001531689668990547
0.001217587224026267
-2.163328542726615e-05
0.001420218013673711
-0.001234781813835981
-0.001152453839368313
0.001217986381553891
0.001062019851796271
0.0001476676927096172
-0.001060153452185475
-0.001132832890748773
-0.0009172827490456187
0.0001906624650646674
0.00101250197811809
0.0009579717330965465
0.000850983545985137
-0.0009511741610125212
8.07049412393554e-05
0.0008810908380401832
0.0008055624439340704
0.0008590339239624458
0.0001996614012425173
-0.0007568553820074459
0.0007824173881839577
0.0007904633337383544
-0.0002919725286043844
-0.0006781550857845675
-0.0006974161605715749
-0.0007033435576304985
-0.0002790779122913685
-0.0006209386068084771
0.0007036189742963735
-0.0006375239710327235
-0.0002505892665341549
0.0006099021299429673
-0.0006131146349228504
-0.0006097430093548616
0.0001744226339412356
-0.0006128086077893825
-0.0006334810545497774

-0.03401588719228533
-0.02021782345928183
-0.006216864895541421
0.006217817879743383
0.006839662030896546
-0.00359969650568123
0.004849768180979279
-0.00382322320222444
-0.002925094270655181
-0.001955807916975584
0.002505633994438127
-0.0003730326494904836
0.002610707360301246
-0.001265201743276986
0.002615176366959765
0.001893488905941608
-0.001476156012753782
-0.001884879837942958
0.001379473367392534
0.0002214222418302407
-0.001212099581217289
-0.00147440930726563
0.00115054946317906
0.001067981583034571
0.001229041036626109
0.0009770025183926494
-1.735873531397603e-05
0.001139595216380264
-0.0009907996059567794
-0.0009247389272623323
0.0009773228058449243
0.0008521739135509991
0.0001184898336773756
-0.000850676298362697
-0.0009089949084056907
-0.0007360356106009529
0.0001529892108387773
0.0008124403434753417
0.0007686848032863332
0.0006828365567017811
-0.0007632303726598736
6.475834279605472e-05
0.0007069949082183051
0.0006463902716092066
0.0006892962496116412
0.0001602100350517506
-0.000607307303895153
0.0006278184787142309
0.0006342746150092783
-0.0002342812819641837
-0.0005441575055966487
-0.0005596127585777234
-0.0005643689532384978
-0.0002239345303204399
-0.0004982465080515192
0.000564589949952993
-0.0005115547477371799
-0.0002010749945917351
0.0004893907435699555
-0.0004919684853479592
-0.0004892630638339431
0.0001399582299013963
-0.0004917229265293244
-0.0005083106765875803

-0.02414171452909413
-0.01434896933878143
-0.004412225873329306
0.004412902224131242
0.004854236706865481
-0.002554772272740563
0.003441971638005886
-0.002713413370856165
-0.00207599438620168
-0.001388073641544247
0.00177829554367245
-0.00026474828315142
0.001852868086465583
-0.0008979374589065654
0.001856039824493496
0.001343844668017686
-0.001047655669212891
-0.001337734650636124
0.0009790381784788482
0.0001571475270493189
-0.0008602498563440246
-0.001046415999495605
0.0008165665806289256
0.0007579666040812475
0.0008722735256924203
0.000693397051792714
-1.231982074043846e-05
0.0008087921457716152
-0.0007031891041775147
-0.0006563045987808823
0.0006936243658177974
0.000604803844562105
8.409446218670011e-05
-0.0006037409589124077
-0.0006451307726616834
-0.0005223783079334865
0.0001085793186349197
0.0005766041830166527
0.0005455500536818704
0.0004846219394115262
-0.0005416789417406788
4.596021312988451e-05
0.000501767575581386
0.000458755325808675
0.0004892065048906958
0.0001137040733070123
-0.0004310174089885458
0.0004455745753015695
0.0004501566165846413
-0.0001662738295407301
-0.0003861988101240701
-0.000397167693673468
-0.0004005432544254609
-0.0001589305454137129
-0.0003536149121878644
0.0004007000999477723
-0.0003630600200447466
-0.0001427067032216691
0.0003473298096755816
-0.0003491592814687267
-0.0003472391929670206
9.933098652334458e-05
-0.0003489850037594227
-0.0003607576417718781

0.02967011488274256
0.01763485224786307
0.00542261604463043
-0.00542344727829914
-0.00596584640196704
0.003139809591407263
-0.004230175690285558
0.003334779157490237
0.002551392605537747
0.001705939499893307
-0.00218552137267024
0.0003253750667395862
-0.002277170866292139
0.001103563192712863
-0.0022810689254617
-0.001651582187197516
0.001287566548997071
0.001644072989065416
-0.001203235801460941
-0.0001931339704756653
0.001057245210767205
0.001286042997599077
-0.001003558559499925
-0.0009315393152077987
-0.00107202227436156
-0.0008521834752561565
1.514103301417043e-05
-0.0009940037958937158
0.0008642178864346588
0.0008065969308200193
-0.0008524628437008617
-0.0007433026153988087
-0.000103351911939614
0.0007419963312369109
0.0007928643227139501
0.0006420018093566196
-0.0001334437474979778
-0.0007086452924196256
-0.000670479834707842
-0.0005955993141954967
0.0006657222465140356
-5.648500242001078e-05
-0.0006166712639236743
-0.00056380930208644
-0.0006012337352429647
-0.0001397420598934621
0.0005297194623747589
-0.0005476101882529913
-0.000553241507068547
0.0002043501764766538
0.0004746375014149378
0.0004881182355466214
0.0004922667924014458
0.0001953252961847743
0.000434591961404719
-0.0004924595552088651
0.000446199978509375
0.0001753862292598709
-0.0004268675840259782
0.0004291160008983029
0.0004267562162872901
-0.000122077567358051
0.000428901813971031
0.0004433703605972545

-0.004274979943198323
-0.002540894767641558
-0.0007813105854854413
0.0007814303527086626
0.0008595812255329494
-0.0004523953844390087
0.0006094993667413739
-0.0004804873209829521
-0.0003676140877446438
-0.0002457980757801287
0.0003148980066481459
-4.688124362934492e-05
0.0003281032048276851
-0.0001590054684164002
0.0003286648516171322
0.0002379660730238186
-0.0001855173528733925
-0.0002368841199700326
0.000173366666712036
2.78274571364705e-05
-0.0001523318021832399
-0.0001852978339502182
0.0001445964308072995
0.0001342196315906544
0.0001544609361867609
0.0001227857485231327
-2.181576064355904e-06
0.0001432197451105964
-0.0001245197110176916
-0.0001162174705129335
0.0001228260009624203
0.0001070977913336187
1.489132591428144e-05
-0.0001069095770778408
-0.0001142388255210659
-9.250199634693124e-05
1.922706893295043e-05
0.0001021042359932991
9.66052156192382e-05
8.581615313696625e-05
-9.591972470736267e-05
8.138568165015983e-06
8.885227762814807e-05
8.123573055694009e-05
8.662798137100396e-05
2.013455308908298e-05
-7.632394030570539e-05
7.890170229284078e-05
7.971308354585215e-05
-2.944352960138607e-05
-6.838752754606373e-05
-7.03298816036811e-05
-7.09276210266098e-05
-2.814319145339256e-05
-6.261761795741285e-05
7.095539500518811e-05
-6.429014401601048e-05
-2.527029690859402e-05
6.150466108150216e-05
-6.182862130448642e-05
-6.148861480561745e-05
1.758938763912995e-05
-6.179776045943134e-05
-6.388244219654644e-05

0.03082462066722492
0.01832104908293067
0.005633617640522864
-0.005634481218658874
-0.006197985852980524
0.003261983986409222
-0.004394777759509635
0.00346454009176737
0.0026506708703239
0.00177231999853265
-0.00227056307462621
0.0003380358669475133
-0.00236577877858909
0.001146504384365462
-0.002369828516709082
-0.001715847566559969
0.001337667569319768
0.001708046174996513
-0.001250055394117364
-0.0002006490841506817
0.001098384104777923
0.001336084734400099
-0.001042608430610669
-0.0009677868165110137
-0.001113736164642306
-0.0008853431295247039
1.573019184510295e-05
-0.001032681877751213
0.0008978458165212618
0.0008379827487062872
-0.0008856333685874063
-0.0007722255626974395
-0.0001073734797914281
0.000770868449186913
0.000823715785557859
0.0006669830002109521
-0.00013863623087722
-0.0007362196746720552
-0.0006965691454708467
-0.0006187749188800638
0.0006916264328474995
-5.868291308830093e-05
-0.0006406668077272679
-0.0005857479128123678
-0.0006246285831533385
-0.0001451796194418667
0.0005503315896241338
-0.0005689184687391441
-0.0005747689100681716
0.0002123017284586721
0.000493106312307049
0.0005071116007114204
0.0005114215837320269
0.000202925677416643
0.0004515025441684354
-0.0005116218472106955
0.0004635622454996326
0.0001822107534317101
-0.0004434776004319033
0.0004458135063581856
0.0004433618992182041
-0.0001268277767262028
0.00044559098511718
0.0004606225231857083

-0.01239805938895994
-0.00736896187792222
-0.002265913564219629
0.002266260906470387
0.002492909727156215
-0.00131201196686118
0.001767636210413935
-0.001393482640933157
-0.001066133959138077
-0.0007128499271820062
0.0009132497087147783
-0.000135962378880817
0.0009515466910288589
-0.0004611388279682465
0.0009531755478508415
0.0006901359877957288
-0.0005380271227395974
-0.0006869981676432405
0.0005027883776114908
8.07036455856224e-05
-0.0004417842318300531
-0.0005373904861509483
0.0004193505374058569
0.0003892563206695482
0.0004479590280104598
0.0003560964080616558
-6.326885732045459e-06
0.0004153579500129228
-0.0003611251497799089
-0.0003370474529938871
0.00035621314595027
0.0003105990659658012
4.318699631778218e-05
-0.0003100532174347874
-0.0003313090966869631
-0.0002682691520293643
5.576127740333997e-05
0.0002961170341212455
0.0002801690806609972
0.0002488792408999365
-0.000278181057992251
2.360302335722569e-05
0.0002576844405152804
0.00023559535374009
0.000251233660052954
5.839311254914411e-05
-0.0002213504524657006
0.0002288263346062082
0.0002311794574501197
-8.539048918792236e-05
-0.0001983337089870592
-0.0002039668163420456
-0.000205700347016854
-8.161932071489699e-05
-0.0001816001376720186
0.0002057808955668171
-0.000186450704851374
-7.328751152335692e-05
0.0001783724019568362
-0.0001793119334022454
-0.0001783258654389032
5.101176507561775e-05
-0.0001792224324933978
-0.0001852683106794465

0.02840418739727221
0.01688243034956483
0.005191250621168239
-0.005192046388794154
-0.005711303102616771
0.003005844108745019
-0.004049687825784434
0.003192494956363514
0.002442532965514289
0.001633152599337131
-0.002092272270444901
0.0003114923688902581
-0.002180011377690339
0.001056477733720858
-0.002183743119330025
-0.001581114536716643
0.001232630264112699
0.001573925731692217
-0.001151897635815393
-0.0001848935709164233
0.001012135989704893
0.001231171717706992
-0.0009607399735670915
-0.0008917935566362553
-0.001026282563965432
-0.0008158235727664368
1.449501428702001e-05
-0.0009515928807065979
0.0008273445146867366
0.0007721820581961781
-0.0008160910214665767
-0.0007115883057450402
-9.894222136319619e-05
0.0007103377564880791
0.0007590353758985671
0.0006146096762493547
-0.0001277501359838333
-0.0006784096982312763
-0.0006418726367053461
-0.0005701870249222172
0.0006373180393553629
-5.407497073112113e-05
-0.000590359902960607
-0.0005397533894318397
-0.0005755810435145598
-0.0001337797198353342
0.0005071180525165214
-0.0005242454391991224
-0.0005296364879215382
0.0001956312178179561
0.0004543862600210762
0.0004672918149891205
0.0004712633663901422
0.0001869913998711493
0.0004160493332053566
-0.0004714479046343742
0.0004271620739025895
0.0001679030682047023
-0.0004086545299341022
0.0004108070141572803
0.0004085479138952235
-0.0001168689138530457
0.0004106019658908941
0.0004244531866010267

0.0207127254419051
0.01231090119677862
0.003785531594776632
-0.003786111879512558
-0.004164761041231855
0.002191903006230142
-0.002953088250253333
0.002328011380186732
0.001781128746614318
0.001190917413748806
-0.001525713813998757
0.0002271445341432952
-0.001589694381845671
0.0007703981433434541
-0.001592415619348552
-0.00115297054033507
0.0008988509994974999
0.001147728364502105
-0.0008399796527928426
-0.0001348269435348103
0.0007380635316692145
0.0008977874073297272
-0.000700584847411067
-0.0006503081686906535
-0.00074837940884996
-0.0005949098080295731
1.056996445644828e-05
-0.0006939146610629135
0.0006033110378724676
0.0005630858133304227
-0.0005951048353126202
-0.0005189000128192308
-7.215003326954015e-05
0.0005179880950426814
0.000553499071168323
0.0004481818578377714
-9.315716217438372e-05
-0.000494705714338919
-0.0004680623848448389
-0.0004157882474359659
0.0004647411096015905
-3.94322149184337e-05
-0.0004304985884969006
-0.0003935956204369118
-0.0004197216402333072
-9.755401793010539e-05
0.0003697974823744761
-0.000382287009109979
-0.0003862182362374716
0.0001426569838402185
0.0003313447315620873
0.000340755640347795
0.0003436517504389372
0.0001363567093596557
0.0003033889154594756
-0.0003437863182733093
0.0003114924793372914
0.0001224372344801116
-0.0002979965228621472
0.0002995661440631415
0.0002979187769753525
-8.522242483037114e-05
0.0002994166200375478
0.0003095171213330859

-0.0132931029634055
-0.007900943680256343
-0.002429494920970917
0.00242986733863236
0.002672878443465527
-0.001406729038597405
0.001895245813050911
-0.001494081262439344
-0.001143100548802216
-0.0007643121542010918
0.0009791792431691412
-0.0001457778064219816
0.001020240970098385
-0.0004944294690238808
0.001021987417730429
0.000739958444842731
-0.0005768685013759992
-0.0007365940984511951
0.0005390857925995233
8.652982185643416e-05
-0.0004736776213990772
-0.00057618590457143
0.0004496243885121255
0.0004173576031120024
0.0004802981898949603
0.0003818038024140957
-6.783637731943325e-06
0.000445343567325339
-0.0003871955802191409
-0.0003613796607709248
0.0003819289678714989
0.0003330219056620588
4.630476195685871e-05
-0.0003324366511076764
-0.0003552270397166316
-0.0002876361007765437
5.978680845435869e-05
0.000317494383621144
0.000300395111811386
0.0002668463886921163
-0.0002982635693496749
2.530697828521788e-05
0.0002762872553175271
0.0002526035080746541
0.0002693707786182003
6.260864165250632e-05
-0.0002373302355887295
0.0002453458183437213
0.0002478688183769142
-9.155501915745229e-05
-0.0002126518620347773
-0.0002186916359804595
-0.0002205503141029827
-8.751160161673669e-05
-0.0001947102568644956
0.0002206366776325804
-0.0001999109973127832
-7.857830052658085e-05
0.0001912495037050421
-0.0001922568620219591
-0.0001911996076118984
5.469441823283038e-05
-0.0001921608998428233
-0.0001986432434668215

-0.01864894816828441
-0.01108426599713043
-0.003408348297688926
0.003408870763936798
0.003749792030463142
-0.001973505884956611
0.002658848053088045
-0.00209605267477021
-0.001603660405281516
-0.001072256627164072
0.001373694539461127
-0.0002045122770457457
0.001431300203037203
-0.0006936371113716867
0.001433750301518603
0.001038090709336034
-0.0008092911648761468
-0.001033370854111303
0.0007562856491910972
0.0001213930387249963
-0.0006645242600066318
-0.0008083335470453013
0.000630779881841323
0.0005855126774764628
0.000673812282453996
0.000535634105992703
-9.516792941703006e-06
0.0006247743004015754
-0.0005431982529867922
-0.0005069809946811978
0.000535809701121574
0.0004671977847980727
6.496113872401255e-05
-0.0004663767288055191
-0.0004983494576009939
-0.0004035258546842675
8.38751565440857e-05
0.0004454141610257617
0.000421425523115178
0.0003743598831144562
-0.0004184351735333213
3.550326267960681e-05
0.0003876045132697787
0.0003543784880160195
0.000377901360000869
8.783391780523825e-05
-0.0003329515519774718
0.0003441966455982056
0.000347736172597872
-0.0001284429084401596
-0.0002983301614298952
-0.0003068033848428998
-0.0003094109319341263
-0.0001227703815405258
-0.0002731598106249633
0.000309532091680857
-0.0002804559505346305
-0.000110237817137685
0.0002683047059535522
-0.000269717933029915
-0.000268234706521618
7.673102160769816e-05
-0.0002695833072989168
-0.0002786774135121219

0.01299298865024339
0.007722566495300001
0.0023746449584348
-0.00237500896813583
-0.002612533685703159
0.001374969748054629
-0.001852457428952452
0.001460349847500213
0.001117293117909122
0.0007470565128484112
-0.0009570726133750344
0.0001424866255465087
-0.000997207302274715
0.0004832668863740085
-0.0009989143208939428
-0.0007232526297253901
0.0005638447179482752
0.0007199642391516241
-0.0005269150178128113
-8.457626457745501e-05
0.0004629835468554487
0.0005631775319227764
-0.0004394733564385455
-0.0004079350483670946
-0.0004694546448045153
-0.0003731839349353919
6.630485621087907e-06
-0.0004352891820401139
0.0003784539842247992
0.000353220902880978
-0.0003733062745705859
-0.0003255033721217072
-4.525935353197069e-05
0.0003249313306801071
0.0003472071876673704
0.000281142228648901
-5.84370199960127e-05
-0.0003103264101889514
-0.0002936131834003054
-0.0002608218795248922
0.0002915297641197208
-2.473563038945328e-05
-0.0002700496025969272
-0.0002469005560598779
-0.0002632892770731142
-6.119514553053814e-05
0.0002319721035677524
-0.0002398067209664495
-0.0002422727600008588
8.948800953851346e-05
0.000207850886093132
0.0002137543019127674
0.0002155710172286708
8.553587899688605e-05
0.0001903143430462644
-0.0002156554309553517
0.000195397667970675
7.680426230864984e-05
-0.0001869317222506325
0.0001879163377473845
0.0001868829526462588
-5.345959910842451e-05
0.0001878225420769859
0.0001941585358149046

0.002543058065152272
0.001511502514025852
0.0004647783643927257
-0.0004648496103406875
-0.0005113392337014209
0.0002691165213219707
-0.0003625729947022483
0.0002858275765186544
0.0002186826565559856
0.0001462179442516796
-0.0001873234321909167
2.788825358248813e-05
-0.0001951788107371295
9.458761075677519e-05
-0.0001955129176612754
-0.0001415589194047667
0.0001103587400920047
0.0001409152978027785
-0.000103130659293908
-1.655372428500786e-05
9.061764575943368e-05
0.0001102281548319497
-8.601610403860291e-05
-7.984325567688639e-05
-9.188420407570838e-05
-7.30415796603069e-05
1.297754534272448e-06
-8.519715477774763e-05
7.407306223221505e-05
6.913430697366154e-05
-7.306552463591854e-05
-6.370928182821011e-05
-8.858405646415913e-06
6.359731878105548e-05
6.795727008191751e-05
5.502667871638874e-05
-1.143760985287458e-05
-6.073876469114973e-05
-5.746756148114321e-05
-5.104946999858247e-05
5.705978338267932e-05
-4.841391465183778e-06
-5.2855569904882e-05
-4.832471321890644e-05
-5.153240240204134e-05
-1.197744511127545e-05
4.540283569461482e-05
-4.69362694178634e-05
-4.741893592551522e-05
1.751507759436055e-05
4.06817004507077e-05
4.18371489480755e-05
4.219272630286414e-05
1.674154521324538e-05
3.724935332642953e-05
-4.220924821438929e-05
3.824428919483941e-05
1.503254593380962e-05
-3.658728847531583e-05
3.67800027496565e-05
3.657774302434387e-05
-1.04634020957104e-05
3.676164455340451e-05
3.800175954228707e-05

-0.01078413865693304
-0.006409705273708956
-0.001970947653545759
0.001971249780423426
0.002168394529614814
-0.001141220454451249
0.001537533688949729
-0.00121208566150612
-0.0009273496828417587
-0.0006200544952351236
0.0007943671810409261
-0.0001182634394607363
0.0008276788433303461
-0.0004011099563966282
0.0008290956632763587
0.0006002973490478341
-0.0004679892966134525
-0.0005975679954818662
0.0004373377646572682
7.019802670816578e-05
-0.0003842748500418656
-0.0004674355343650269
0.0003647614678530394
0.0003385847739143197
0.0003896458404601926
0.0003097414618928761
-5.503281671786452e-06
0.0003612886166029198
-0.0003141155857988773
-0.0002931722096997838
0.0003098430033953317
0.0002701667486020558
3.756511739912862e-05
-0.0002696919560512507
-0.0002881808454761477
-0.0002333471426538671
4.850253804564483e-05
0.0002575699191673618
0.0002436979948591806
0.0002164813184460138
-0.000241968763578609
2.053049341204095e-05
0.0002241402988218781
0.0002049266648881073
0.0002185292504497764
5.079177334001835e-05
-0.0001925360974873325
0.0001990388046493462
0.0002010856090910724
-7.427475917775968e-05
-0.0001725155648121621
-0.0001774153808946803
-0.0001789232487451474
-7.099450358001992e-05
-0.0001579602906660946
0.0001789933118659297
-0.000162179433951685
-6.3747289901958e-05
0.0001551527263199925
-0.0001559699540053997
-0.0001551122477057428
4.43712947689349e-05
-0.0001558921039015891
-0.0001611509582605568

-0.01476583658167916
-0.008776283727348948
-0.002698656971051331
0.00269907064860387
0.00296900478447665
-0.001562579568954437
0.002105218776583873
-0.001659609484833159
-0.001269743862400053
-0.0008489897653988114
0.00108766182949241
-0.0001619284280568743
0.001133272756546779
-0.0005492069655124326
0.001135212691896485
0.0008219379255438622
-0.0006407793608370462
-0.0008182008455590438
0.0005988107320720338
9.61164005493432e-05
-0.0005261560351433494
-0.0006400211396082311
0.0004994379613387371
0.0004635963612586826
0.000533510091811164
0.0004241035797457152
-7.53519223126158e-06
0.0004946828709541544
-0.0004300927088583571
-0.000401416661675873
0.0004242426121969673
0.0003699171706307483
5.143483428141803e-05
-0.0003692670761320136
-0.0003945823960205301
-0.0003195031040347451
6.641054731971097e-05
0.0003526693652383487
0.0003336756770148392
0.0002964101142285901
-0.0003313079824484136
2.8110720782369e-05
0.0003068969278919565
0.000280589274788485
0.0002992141795566116
6.954500945240708e-05
-0.0002636238870820998
0.0002725275106672412
0.000275330032116833
-0.0001016983359591454
-0.0002362114137113177
-0.0002429203300055453
-0.0002449849297824705
-9.720695100545626e-05
-0.0002162820706011792
0.0002450808614674276
-0.0002220589974611146
-8.728393570981148e-05
0.0002124379030096344
-0.0002135568658526841
-0.0002123824789630093
6.075397473254363e-05
-0.0002134502720906191
-0.0002206507900495383

0.009106640084742237
0.00541266028134913
0.001664362029986631
-0.00166461716030556
-0.001831095572035666
0.0009637008820683717
-0.001298366644648967
0.001023542836600885
0.0007830982207291538
0.0005236035348454017
-0.0006708014652816618
9.986727847387456e-05
-0.0006989314187943364
0.000338716342910003
-0.0007001278490076283
-0.0005069196600221208
0.000395192441728383
0.0005046148639341223
-0.0003693088289104216
-5.927855568505694e-05
0.0003244999776315026
0.0003947248185227127
-0.0003080219487334627
-0.0002859171021720281
-0.0003290354976386409
-0.0002615604363513182
4.64723303958089e-06
-0.0003050893078050552
0.0002652541548174021
0.0002475685709834864
-0.0002616461828300923
-0.0002281416644065753
-3.172177350251562e-05
0.0002277407269731214
0.0002433536254080948
0.0001970494362649666
-4.095785219658977e-05
-0.0002175043019319258
-0.0002057901886424086
-0.0001828071313689012
0.0002043299434251847
-1.733692603678007e-05
-0.0001892747390210195
-0.0001730498318197046
-0.0001845365026492122
-4.289099146328218e-05
0.0001625866468260685
-0.0001680778423294641
-0.0001698062614427063
6.272114266427336e-05
0.0001456803559133105
0.0001498179938799814
0.0001510913092783252
5.995113867370364e-05
0.0001333891894882747
-0.0001511504739130133
0.0001369520349402893
5.38312464242723e-05
-0.0001310183484941055
0.0001317084544575953
0.0001309841664251507
-3.74692336967447e-05
0.0001316427141237098
0.000136083541103836

0.009363373009115232
0.005565253124564421
0.001711283455144127
-0.001711545778055749
-0.001882717522243164
0.0009908693814678275
-0.001334969987098696
0.001052398390703807
0.0008051751991105487
0.0005383648810127606
-0.000689712591696256
0.0001026827206361882
-0.0007186355803086391
0.0003482653792657924
-0.0007198657400890279
-0.0005212106570888987
0.0004063336431276332
0.0005188408845623379
-0.0003797203236835091
-6.094972713929038e-05
0.0003336482285166703
0.0004058528367641409
-0.000316705653693025
-0.0002939776308725788
-0.0003383116131702578
-0.0002689343058684487
4.77824708179506e-06
-0.0003136903362259247
0.0002727321570481286
0.0002545479840951985
-0.0002690224696980972
-0.0002345733973101927
-3.261606861045793e-05
0.0002341611567134734
0.0002502142114558708
0.0002026046221016213
-4.211252934124492e-05
-0.000223636148033124
-0.0002115917923563715
-0.0001879608004494468
0.0002100903801421504
-1.782568585155512e-05
-0.0001946107418504407
-0.0001779284246894964
-0.0001897389258851946
-4.410016735747538e-05
0.0001671702632768157
-0.0001728162656757065
-0.0001745934121010238
6.44893669738278e-05
0.000149787352945052
0.0001540416385320646
0.0001553508510321625
6.164127147877468e-05
0.0001371496759441422
-0.0001554116836266608
0.0001408129645588871
5.534884821686572e-05
-0.0001347119965841064
0.0001354215579032837
0.0001346768508597943
-3.852556027289141e-05
0.0001353539642285545
0.0001399199862846445

0.01331348943923255
0.007913060670381784
0.002433220826023846
-0.002433593814827845
-0.00267697760465597
0.001408886416571052
-0.001898152386712725
0.001496372604921848
0.001144853622690704
0.0007654843132747472
-0.000980680925208967
0.0001460013731644406
-0.001021805624936667
0.0004951877324970088
-0.00102355475094444
-0.0007410932547506996
0.0005777531944222891
0.0007377237487537656
-0.0005399125415915835
-8.666252511818027e-05
0.0004744040595682315
0.0005770695507785982
-0.0004503139383301692
-0.0004179976681675229
-0.0004810347814538931
-0.0003823893416978004
6.794041207117265e-06
-0.0004460265520199918
0.0003877893884035945
0.0003619338773249599
-0.0003825146991105814
-0.0003335326323937563
-4.637577554285304e-05
0.0003329464802854638
0.0003557718205309329
0.0002880772232470152
-5.987849828242534e-05
-0.0003179812971428774
-0.0003008558016670816
-0.0002672556277888256
0.0002987209902440267
-2.53457893966984e-05
-0.0002767109730506218
-0.0002529909041045233
-0.0002697838891524997
-6.270465908073014e-05
0.0002376942083289691
-0.0002457220838858901
-0.0002482489532248543
9.16954291272354e-05
0.0002129779876999251
0.000219027024321588
0.0002208885529369221
8.764581054872091e-05
0.0001950088670503812
-0.0002209750489148217
0.0002002175834218119
7.869880923164798e-05
-0.0001915428064347405
0.00019255170964937
0.0001914928338202329
-5.477829830493685e-05
0.0001924556003014315
0.0001989478853320093

0.008777750749029815
0.005217180254928606
0.001604253041673233
-0.001604498957875898
-0.001764964946392051
0.0009288965041662097
-0.001251475701414382
0.0009865772466060058
0.0007548163680133031
0.0005046934190233102
-0.0006465752472409076
9.626053849390859e-05
-0.0006736892781258947
0.0003264834895219103
-0.0006748424988640259
-0.0004886120878887294
0.0003809199352463605
0.0004863905302779832
-0.0003559711177147334
-5.713769092924629e-05
0.0003127805530040731
0.0003804692004083419
-0.0002968976336006025
-0.0002755911109252968
-0.000317152271197595
-0.0002521140941921997
4.479396672592547e-06
-0.0002940709059748113
0.0002556744127872839
0.0002386275496960712
-0.0002521967439083965
-0.0002199022523120388
-3.057613110116664e-05
0.0002195157948673098
0.0002345648282821531
0.0001899329303316013
-3.947864574110538e-05
-0.0002096490617213347
-0.0001983580075296255
-0.000176204991014199
0.0001969504995541245
-1.671079718635181e-05
-0.0001824390188646772
-0.0001668000795836536
-0.0001778719054754484
-4.134196904016985e-05
0.0001567147759963275
-0.0001620076551476398
-0.0001636736518297082
6.045594773462792e-05
0.0001404190614032613
0.0001444072671985164
0.0001456345963877205
5.77859833595379e-05
0.0001285717945419801
-0.0001456916242719436
0.0001320059666454209
5.188711305430098e-05
-0.0001262865772588684
0.0001269517598159465
0.0001262536296867394
-3.611601985876245e-05
0.0001268883937161238
0.0001311688387527548

-0.0008848920608423722
-0.0005259481067035809
-0.0001617260299079736
0.000161750820916215
0.0001779275253286487
-9.364279818164039e-05
0.000126162264591755
-9.945763987737692e-05
-7.609364067688392e-05
-5.087854650039869e-05
6.518176687622925e-05
-9.704101736435583e-06
6.791515397647061e-05
-3.291306123115771e-05
6.803141107999424e-05
4.925737466997445e-05
-3.840084278457787e-05
-4.903341767364876e-05
3.588573257100609e-05
5.760096239211438e-06
-3.153165726082927e-05
-3.835540384572382e-05
2.993048747543887e-05
2.778255991415228e-05
3.197237366205381e-05
2.541582311408154e-05
-4.515715547498153e-07
2.964552280668899e-05
-2.577474167410601e-05
-2.40562337962914e-05
2.542415509796411e-05
2.216852161743636e-05
3.082404187169126e-06
-2.212956253395132e-05
-2.364666760701108e-05
-1.914729034225591e-05
3.979873795453633e-06
2.113488928825826e-05
1.999662910079636e-05
1.776336581965394e-05
-1.985473709806978e-05
1.684628805639035e-06
1.839182314437265e-05
1.68152491898984e-05
1.793140879738149e-05
4.167716904848108e-06
-1.579854168351767e-05
1.633212105635729e-05
1.650007151195241e-05
-6.094612356942635e-06
-1.41557576854874e-05
-1.455781189573965e-05
-1.468153993111339e-05
-5.825451116686313e-06
-1.29614252547921e-05
1.468728895766315e-05
-1.330762688623343e-05
-5.230781291764722e-06
1.273105067604902e-05
-1.279810826065082e-05
-1.272772920496515e-05
3.640884795659248e-06
-1.279172027353409e-05
-1.322323535501694e-05

0.01064531925462728
0.006327195999361325
0.001945576524340764
-0.001945874762073113
-0.002140481754924061
0.001126530033043786
-0.001517741704210504
0.001196483023926821
0.000915412324393686
0.0006120728105439936
-0.0007841416469681244
0.0001167410870037868
-0.0008170245031007082
0.0003959466470053558
-0.0008184230849565923
-0.0005925699892789993
0.0004619650793338894
0.0005898757694629306
-0.0004317081108640988
-6.929439885057905e-05
0.0003793282514584764
0.0004614184454196967
-0.000360066056326785
-0.0003342263232823328
-0.0003846301035149096
-0.0003057542983392724
5.432440383790687e-06
-0.0003566379095402312
0.0003100721161011131
0.0002893983347322416
-0.0003058545327433456
-0.0002666890126644602
-3.708155841396271e-05
0.0002662203319062728
0.0002844712221118583
0.0002303433690655014
-4.787818652754441e-05
-0.0002542543365912232
-0.0002405609793714214
-0.0002136946510825652
0.0002388540077130539
-2.02662135362728e-05
-0.0002212550408236242
-0.0002022887354214525
-0.0002157162209721103
-5.013795351802175e-05
0.0001900576662630181
-0.0001964766669787867
-0.0001984971238207553
7.331865336317281e-05
0.0001702948489666898
0.00017513159190432
0.0001766200496450616
7.008062303127411e-05
0.0001559269383665005
-0.0001766892108745842
0.0001600917705041665
6.292669949931725e-05
-0.000153155514542747
0.0001539622224209347
0.0001531155569915742
-4.380012290112694e-05
0.0001538853744467859
0.0001590765339213778

-0.007450555645692117
-0.004428343081768197
-0.001361690129795664
0.001361898863490837
0.001498102409349483
-0.0007884474384446962
0.001062252690833322
-0.0008374068579499276
-0.0006406882028158616
-0.0004283838206346937
0.000548813129517027
-8.170595395551693e-05
0.0005718275214339855
-0.0002771192160306175
0.0005728063753030665
0.0004147339852838015
-0.0003233248761842731
-0.0004128483269788456
0.0003021483175614275
4.849847733279545e-05
-0.0002654881622498997
-0.0003229422924121313
0.0002520067387947145
0.0002339217603819366
0.0002691988770558552
0.0002139944664126891
-3.802112309007265e-06
0.0002496074121250996
-0.0002170164651647104
-0.0002025470862000195
0.0002140646194994179
0.0001866530520526396
2.595302289990901e-05
-0.0001863250269379508
-0.0001990986478889717
-0.0001612150887904855
3.350947814771062e-05
0.0001779501429332349
0.0001683662950934805
0.0001495628126311024
-0.0001671716021940092
1.418412619366516e-05
0.0001548542560458485
0.0001415799229411428
0.0001509776897796894
3.509106713588816e-05
-0.0001330195163256469
0.0001375121126376255
0.0001389262107750789
-5.131501401538185e-05
-0.0001191877122754552
-0.0001225729017224462
-0.0001236146588514625
-4.904874800745258e-05
-0.0001091317510704695
0.0001236630641248652
-0.0001120466766687165
-4.404178634807361e-05
0.0001071920584297162
-0.0001077566654455203
-0.0001071640925274279
3.065528098851303e-05
-0.0001077028802941291
-0.0001113361224361659

-0.005936269667003516
-0.003528305801807429
-0.001084933822088251
0.001085100131765465
0.001193621028228717
-0.0006281996720032307
0.0008463554568486779
-0.0006672083487709537
-0.000510471718519636
-0.0003413170777053269
0.0004372697673211406
-6.509965150856244e-05
0.0004556066059595506
-0.000220796202927129
0.0004563865129634012
0.0003304414991033618
-0.0002576108073483374
-0.0003289390908629258
0.0002407382721197627
3.864141865082855e-05
-0.0002115290992321644
-0.0002573059817017996
0.0002007877036999712
0.0001863784013760296
0.0002144856309048633
0.0001705012243760317
-3.029353117246705e-06
0.0001988760274697461
-0.0001729090178854576
-0.0001613804635690889
0.0001705571192194025
0.0001487168076912972
2.067820843628441e-05
-0.0001484554519440133
-0.0001586329020826827
-0.000128448975748978
2.669885417208528e-05
0.0001417827187619589
0.0001341467372419349
0.000119164963011466
-0.0001331948593474879
1.130127766042397e-05
0.0001233809485743027
0.0001128045533755609
0.0001202922738724424
2.795899357412321e-05
-0.0001059840040708851
0.0001095635039741367
0.000110690194153861
-4.088550916836392e-05
-9.496344094407814e-05
-9.766060856309447e-05
-9.849063407253212e-05
-3.90798497249593e-05
-8.695130060011464e-05
9.852920123046153e-05
-8.927378300726236e-05
-3.50905265072213e-05
8.540584021647073e-05
-8.585569384633982e-05
-8.538355823572314e-05
2.442475747037506e-05
-8.581284024212415e-05
-8.870764515955596e-05

0.007530020514352888
0.004475574149907216
0.001376213412684833
-0.001376424372655749
-0.001514080615118114
0.0007968567269757193
-0.001073582284836231
0.0008463383295271043
0.0006475215460334336
0.0004329528038974169
-0.0005546665672108752
8.257739941657874e-05
-0.0005779264221129671
0.0002800748670119653
-0.000578915716075366
-0.0004191573844552579
0.0003267733396334538
0.0004172516144167894
-0.0003053709196749217
-4.9015744140107e-05
0.0002683197607168336
0.0003263866753644809
-0.0002546945493893277
-0.0002364166832909888
-0.0002720700526333088
-0.0002162768521803993
3.842664231527027e-06
-0.0002522696323895202
0.0002193310824525451
0.0002047073784476864
-0.0002163477534940039
-0.0001886438244153981
-2.622982823553588e-05
0.0001883123007063088
0.0002012221603700805
0.0001629345492531125
-3.386687783794745e-05
-0.0001798480932887852
-0.0001701620276754203
-0.000151157994229209
0.0001689545926236851
-1.433540883332758e-05
-0.0001565058742208764
-0.0001430899619928334
-0.0001525879619338405
-3.546533546885132e-05
0.0001344382532490418
-0.0001389787659302799
-0.0001404079463150421
5.186232096040526e-05
0.00012045892429674
0.0001238802189213396
0.0001249330870462322
4.957188379810267e-05
0.0001102957099318267
-0.0001249820085923767
0.000113241725047501
4.45115197390024e-05
-0.0001083353292473419
0.0001089059581525414
0.0001083070650710539
-3.09822388683452e-05
0.0001088515993486468
0.0001125235923065037

0.003904900938586836
0.002320933079183191
0.0007136736263390281
-0.0007137830254822612
-0.0007851684870982414
0.0004132321519120469
-0.0005567358632976712
0.0004388922089962409
0.0003357902529006552
0.0002245196818628269
-0.0002876377288449567
4.282280026637632e-05
-0.0002996997715799945
0.0001452405885195799
-0.0003002127973961723
-0.0002173656845761413
0.0001694573764053073
0.000216377394677367
-0.0001583585580654649
-2.541847328747168e-05
0.0001391446521914943
0.0001692568609267001
-0.0001320789210424376
-0.0001226004267479717
-0.0001410894700571717
-0.00011215635886575
1.992720090968991e-06
-0.0001308214130914157
0.0001137402146644593
0.000106156687450277
-0.0001121931267079249
-9.78264860785009e-05
-1.360220476168203e-05
9.765456526626679e-05
0.0001043493309740865
8.449422854737695e-05
-1.756260860171006e-05
-9.326521580486182e-05
-8.824223789497821e-05
-7.838716938632817e-05
8.761608896779763e-05
-7.434023758846917e-06
-8.116046084792677e-05
-7.420326755058815e-05
-7.912871879123548e-05
-1.839153313004088e-05
6.971668407720627e-05
-7.207129283254101e-05
-7.281243395096744e-05
2.68946446307138e-05
6.24673154144599e-05
6.42415226115422e-05
6.478751657285653e-05
2.570687492838377e-05
5.71968987884652e-05
-6.481288619713873e-05
5.872463661715477e-05
2.308268282608928e-05
-5.618028902492039e-05
5.647620446678476e-05
5.616563185257721e-05
-1.606669907551134e-05
5.64480152016809e-05
5.835222897113704e-05

0.0007986511999214935
0.0004746896317676254
0.0001459643424997059
-0.0001459867173969938
-0.000160586853347542
8.451644719319307e-05
-0.0001138665928418323
8.976457914387664e-05
6.867761631314899e-05
4.5919964717587e-05
-5.882920486266389e-05
8.758347869668591e-06
-6.129619827827118e-05
2.97053810385109e-05
-6.140112505871111e-05
-4.445679097592112e-05
3.465832786289811e-05
4.425466064637506e-05
-3.238833824617754e-05
-5.198721942108822e-06
2.845860757624161e-05
3.461731736607542e-05
-2.70134864965317e-05
-2.507489420937018e-05
-2.885637211536828e-05
-2.293881765395572e-05
4.075617581057214e-07
-2.675629425280528e-05
2.326275630285613e-05
2.171173280583453e-05
-2.294633760944297e-05
-2.00079955213815e-05
-2.781995580767325e-06
1.997283335842342e-05
2.134208260444307e-05
1.728121099022534e-05
-3.591998530591228e-06
-1.907510015871222e-05
-1.804777388387291e-05
-1.603216262677973e-05
1.791971056040193e-05
-1.520446251677946e-06
-1.659937101137679e-05
-1.517644867292218e-05
-1.618382827238757e-05
-3.761534603232771e-06
1.425882865363626e-05
-1.474040581460963e-05
-1.489198795531482e-05
5.500636390925686e-06
1.277614904864717e-05
1.313901938239907e-05
1.325068898408125e-05
5.257707386346306e-06
1.169821528575767e-05
-1.325587771516676e-05
1.201067638765315e-05
4.720993599168556e-06
-1.149029282618903e-05
1.155081503314851e-05
1.148729506301808e-05
-3.286047123151851e-06
1.154504961407154e-05
1.193450958650815e-05

-0.004758294385449398
-0.002828159539349982
-0.0008696428571839017
0.0008697761648750634
0.0009567625050029438
-0.0005035416414536014
0.0006784072564631756
-0.0005348095551535795
-0.0004091752646723818
-0.0002735871558414343
0.0003504992858286426
-5.218147483927988e-05
0.0003651974180285715
-0.0001769820765651106
0.0003658225626607768
0.0002648696939498799
-0.000206491302955843
-0.0002636654190270245
0.0001929669022547059
3.097353316579801e-05
-0.000169553908716497
-0.00020624696598265
0.0001609440030147979
0.0001493940387792887
0.0001719237552443389
0.0001366674804499396
-2.428217506604029e-06
0.0001594116739961701
-0.000138597478745155
-0.0001293566156521457
0.0001367122836907372
0.0001192058970960749
1.657488770269794e-05
-0.0001189964039876939
-0.0001271542719029977
-0.0001029599520251688
2.140081482671459e-05
0.0001136477876651566
0.0001075270670725547
9.551823051294456e-05
-0.0001067640769297866
9.058686524789527e-06
9.889760873496987e-05
9.041996120284815e-05
9.642184123840199e-05
2.241089600192068e-05
-8.495286093909331e-05
8.782205577825383e-05
8.872516898857573e-05
-3.277231319248483e-05
-7.611918481043096e-05
-7.828113469783687e-05
-7.894645247194273e-05
-3.132496331224749e-05
-6.969694920579505e-05
7.89773664804471e-05
-7.155856527415788e-05
-2.812726924955852e-05
6.845816527599687e-05
-6.88187513209978e-05
-6.844030486367581e-05
1.957798295169383e-05
-6.878440145555991e-05
-7.110477009752237e-05

-0.007500629801538697
-0.004458105364229042
-0.001370841861159077
0.001371051997723994
0.001508170948809486
-0.0007937464848226998
0.001069391944510337
-0.0008430349538272095
-0.0006449941797713934
-0.0004312629291491034
0.0005525016267896231
-8.225508839144506e-05
0.0005756706952570124
-0.0002789816960216522
0.0005766561278680708
0.0004175213551393998
-0.00032549789803773
-0.0004156230235853194
0.0003041790146881021
4.882442890310102e-05
-0.0002672724715342104
-0.0003251127429729343
0.0002537004412933166
0.0002354939162374411
0.0002710081255420019
0.0002154326936766225
-3.827665780904623e-06
0.0002512849890803266
-0.0002184750028650442
-0.0002039083772020086
0.0002155033182525825
0.0001879075214455838
2.612744958366059e-05
-0.0001875772917194368
-0.0002004367624131687
-0.0001622985931444598
3.37346907239083e-05
0.0001791461212755653
0.000169497861717602
0.0001505680036455762
-0.0001682951394520815
1.427945574750506e-05
0.0001558950101210872
0.0001425314620562785
0.000151992389988251
3.532690935332494e-05
-0.0001339135221297847
0.0001384363125612659
0.0001398599146570824
-5.165989513987642e-05
-0.0001199887564342248
-0.0001233966972721354
-0.0001244454559069196
-4.937839787099362e-05
-0.0001098652105023694
0.0001244941865055067
-0.0001127997269130891
-4.433778511357342e-05
0.0001079124814551571
-0.0001084808831167279
-0.0001078843275978725
3.086131089966497e-05
-0.0001084267364827784
-0.0001120843971436157

-0.004806619136002719
-0.002856882038042266
-0.0008784748609943433
0.0008786095225448358
0.0009664792870360904
-0.0005086555588041398
0.0006852970910943724
-0.0005402410262339181
-0.0004133308067629934
-0.000276365678982196
0.0003540589206861649
-5.271142455461857e-05
0.0003689063256116918
-0.0001787794884126037
0.0003695378191487261
0.0002675596834403047
-0.0002085884074849708
-0.0002663431780246388
0.0001949266543551676
3.128809719709558e-05
-0.000171275880851944
-0.0002083415890505486
0.0001625785338295541
0.0001509112693399327
0.0001736697952984976
0.0001380554613873385
-2.45287823496349e-06
0.0001610306426343216
-0.0001400050605476094
-0.0001306703481952334
0.0001381007196452629
0.0001204165399809233
1.674322056502129e-05
-0.0001202049192819357
-0.0001284456376684943
-0.0001040056027553297
2.161815931076079e-05
0.0001148019829597148
0.0001086191009555165
9.64883038814514e-05
-0.0001078483619629727
9.15068561757225e-06
9.99020027226596e-05
9.133825707026373e-05
9.740109158488521e-05
2.263849876695057e-05
-8.581563349603222e-05
8.871396758420371e-05
8.96262527198262e-05
-3.31051454495395e-05
-7.689224345712777e-05
-7.907614988623142e-05
-7.974822455954245e-05
-3.164309643212554e-05
-7.040478428531013e-05
7.97794525275484e-05
-7.228530673584178e-05
-2.841292691596724e-05
6.915341939275796e-05
-6.951766751272339e-05
-6.913537759193823e-05
1.977681494186577e-05
-6.948296879358157e-05
-7.182690286187446e-05

0.0007257843424161773
0.0004313801848390803
0.0001326469356683278
-0.0001326672691381323
-0.0001459353266719185
7.680538645087054e-05
-0.0001034777011753926
8.157469249733315e-05
6.241164928996699e-05
4.173034661387664e-05
-5.346178127612609e-05
7.959258998000077e-06
-5.570369263118751e-05
2.699513936170622e-05
-5.579904616525094e-05
-4.040066903745637e-05
3.149619220463581e-05
4.021698055326019e-05
-2.943331053436077e-05
-4.724404078440046e-06
2.586211826619238e-05
3.145892339884329e-05
-2.454884627379852e-05
-2.278712610296288e-05
-2.622359180364671e-05
-2.08459396146878e-05
3.703768837132138e-07
-2.431511958119215e-05
2.114032294411323e-05
1.973081079541271e-05
-2.08527734690093e-05
-1.818251806792875e-05
-2.528173542331129e-06
1.815056400925387e-05
1.939488651662745e-05
1.570451826272775e-05
-3.264273930522234e-06
-1.73347376509019e-05
-1.640114195241774e-05
-1.456942982206518e-05
1.628476279337175e-05
-1.381724691656117e-06
-1.508488758949006e-05
-1.379178898294732e-05
-1.470725788880787e-05
-3.41834197300476e-06
1.29578902267029e-05
-1.339552954048167e-05
-1.353328172107311e-05
4.99877263848552e-06
1.161048645115558e-05
1.194024943978796e-05
1.2041730597549e-05
4.778007844216817e-06
1.063090056016863e-05
-1.204644592230859e-05
1.091485352409519e-05
4.290262426524082e-06
-1.044194840481907e-05
1.04969487230768e-05
1.043922414975823e-05
-2.986236733454986e-06
1.049170932583877e-05
1.084563598370339e-05

0.006424097268712001
0.003818253033645116
0.001174090934910809
-0.001174270911495247
-0.001291709780292176
0.000679823529505972
-0.0009159068040529875
0.0007220378405023583
0.0005524209910686396
0.0003693656504251565
-0.0004732034889777439
7.044937593970945e-05
-0.0004930472025588836
0.0002389406754971049
-0.0004938912003447427
-0.0003575963443269513
0.0002787806108397553
0.0003559704719836474
-0.0002605215334126756
-4.181687253762298e-05
0.0002289120246986075
0.0002784507353939043
-0.0002172879284949079
-0.000201694506211874
-0.000232111516653716
-0.0001845125830307557
3.278297681563693e-06
-0.000215219155555208
0.0001871182429106577
0.0001746423012081339
-0.0001845730711707509
-0.0001609379781736997
-2.237749121739005e-05
0.0001606551448733184
0.0001716689520797185
0.0001390045871509813
-2.889289836646146e-05
-0.000153434063383675
-0.0001451705762480418
-0.0001289576377675167
0.0001441404754397849
-1.222998802679538e-05
-0.0001335200823428639
-0.0001220745457819366
-0.0001301775881790977
-3.025659283200389e-05
0.0001146935010152278
-0.0001185671551518185
-0.0001197864338760731
4.42453767284953e-05
0.0001027672959312267
0.0001056861099519164
0.0001065843448548008
4.229133276666702e-05
9.409673819256762e-05
-0.0001066260813640622
9.661007631988873e-05
3.797417707382477e-05
-9.242427578999285e-05
9.291109725142355e-05
9.240016273249749e-05
-2.643192215922329e-05
9.286472204660916e-05
9.5997414698143e-05

0.004144773203260649
0.002463504550934967
0.0007575135371794823
-0.0007576296565493839
-0.0008334002210428631
0.0004386163892265616
-0.0005909353204553098
0.0004658527055044869
0.0003564173493840894
0.0002383115924385585
-0.0003053068872970431
4.545334128165977e-05
-0.0003181098834013764
0.000154162502145234
-0.0003186544236315535
-0.0002307181357244953
0.0001798668913413133
0.0002296691366451733
-0.0001680862890760212
-2.697989234724428e-05
0.0001476921015028526
0.0001796540584947182
-0.0001401923329841007
-0.000130131588863598
-0.0001497563866413196
-0.000119045957404019
2.115129926352824e-06
-0.0001388575781874151
0.000120727107111946
0.0001126777350848656
-0.0001190849838401456
-0.0001038358218157754
-1.443776799671912e-05
0.0001036533401633959
0.0001107593553848297
8.968458350705081e-05
-1.864145356221553e-05
-9.899435948411464e-05
-9.366282750189203e-05
-8.320237677254839e-05
9.299821517614011e-05
-7.890684796530917e-06
-8.614602740948255e-05
-7.876146406146093e-05
-8.398947845599021e-05
-1.952129769311259e-05
7.399927642926874e-05
-7.649852530310733e-05
-7.728519361962254e-05
2.854674270353001e-05
6.630458981711712e-05
6.818778392707124e-05
6.876731748645001e-05
2.728601007259445e-05
6.071041932600516e-05
-6.879424552907788e-05
6.233200382033225e-05
2.450061774718249e-05
-5.9631360734649e-05
5.994545382256606e-05
5.961580319397928e-05
-1.705365253571079e-05
5.991553293279375e-05
6.193671972575061e-05

0.003016276124967094
0.00179276635809327
0.0005512653852170203
-0.0005513498887753743
-0.0006064904075562527
0.0003191943389816072
-0.0004300414066291247
0.0003390150255407799
0.0002593756253359562
0.0001734265136653844
-0.000222181004793581
3.307776357943516e-05
-0.0002314981301425479
0.0001121886896537225
-0.000231894408446401
-0.0001679005268213903
0.0001308945467988588
0.0001671371386399292
-0.0001223214481978299
-1.963407915229912e-05
0.0001074799844919696
0.0001307396619348753
-0.0001020221773655918
-9.470067126579246e-05
-0.00010898222687607
-8.66333238231531e-05
1.539243665501373e-06
-0.0001010508361538168
8.785674703059166e-05
8.199897690046494e-05
-8.666172453454532e-05
-7.556445067073681e-05
-1.050679802505163e-05
7.543165328367671e-05
8.060291429243401e-05
6.526616891774919e-05
-1.356594644796464e-05
-7.204117291226682e-05
-6.816125672896403e-05
-6.054887210769107e-05
6.767759834956623e-05
-5.742288659532229e-06
-6.269105521418514e-05
-5.731708635566658e-05
-6.112166967685661e-05
-1.420623548564124e-05
5.385149918040988e-05
-5.567027775740578e-05
-5.624275995244141e-05
2.077432328371049e-05
4.825184429481781e-05
4.96223012906429e-05
5.004404529281985e-05
1.985685022832958e-05
4.418079816903277e-05
-5.006364163936382e-05
4.536087397898685e-05
1.782983645513268e-05
-4.339553477657993e-05
4.3624109763855e-05
4.33842130863196e-05
-1.241045588368478e-05
4.360233543240899e-05
4.507321385416015e-05

-0.005717172737682698
-0.003398082444338217
-0.001044890885654173
0.001045051057142634
0.001149566644460964
-0.0006050139633246478
0.0008151180144630157
-0.0006425829006981009
-0.0004916311347343913
-0.0003287196844188449
0.0004211309345728773
-6.269694163426498e-05
0.0004387909938083933
-0.0002126470161852924
0.0004395421158619493
0.0003182455036660519
-0.0002481028604361376
-0.0003167985465844302
0.0002318530598314832
3.721523408614298e-05
-0.0002037219444525965
-0.0002478092853505323
0.0001933769943162352
0.0001794995131644456
0.0002065693559121188
0.0001642083339242856
-2.917545196946418e-06
0.0001915358745827404
-0.0001665272601494175
-0.00015542420382955
0.0001642621657905425
0.0001432279404849326
1.991501332784837e-05
-0.0001429762309035462
-0.0001527780498462894
-0.0001237081574002699
2.571344796690662e-05
0.0001365497761812292
0.0001291956248672224
0.0001147668007069407
-0.0001282788790566002
1.088416803237437e-05
0.0001188271819017521
0.0001086411422362301
0.0001158525045720681
2.692707791284453e-05
-0.0001020723270158599
0.0001055197140803054
0.0001066048201723141
-3.937649929939143e-05
-9.145851285361902e-05
-9.40561329156235e-05
-9.485552369130145e-05
-3.763748346580465e-05
-8.374208605458861e-05
9.489266740551062e-05
-8.597884985515878e-05
-3.379539892084206e-05
8.225366580612197e-05
-8.268691615569048e-05
-8.223220621277991e-05
2.352328404323133e-05
-8.264564420018837e-05
-8.54336071269189e-05

-0.0002347665580259983
-0.0001395368228226023
-4.290677367852612e-05
4.291335086469276e-05
4.720511636149797e-05
-2.484393112542745e-05
3.347151807721262e-05
-2.638663947452141e-05
-2.018804654252583e-05
-1.349834829327629e-05
1.729306853647462e-05
-2.574549670191121e-06
1.80182506346217e-05
-8.732009745857486e-06
1.804909426085906e-05
1.306824280651365e-05
-1.018794730426729e-05
-1.300882582729286e-05
9.520675222123159e-06
1.52818408912664e-06
-8.36551594429764e-06
-1.017589211275048e-05
7.940717106152615e-06
7.370860529564326e-06
8.482440343544578e-06
6.742952701162359e-06
-1.198043290273159e-07
7.86511446783145e-06
-6.83817569916957e-06
-6.382246442619605e-06
6.745163220680838e-06
5.881426387406408e-06
8.177781827689391e-07
-5.871090335846417e-06
-6.273586359904427e-06
-5.079877702661398e-06
1.055881630858551e-06
5.607198247106034e-06
5.305211781012184e-06
4.712715185262695e-06
-5.267567079956656e-06
4.469409589622261e-07
4.879448247385324e-06
4.461174813665181e-06
4.757297878665865e-06
1.105717404269871e-06
-4.191436918662033e-06
4.332998356897754e-06
4.377556503726589e-06
-1.616932989738917e-06
-3.755597609154413e-06
-3.862264723997344e-06
-3.895090428165587e-06
-1.545523084820324e-06
-3.438734879447859e-06
3.896615675411382e-06
-3.530584008844177e-06
-1.387754025596265e-06
3.377615281580849e-06
-3.395406014521533e-06
-3.376734077699363e-06
9.659460509022547e-07
-3.393711247665098e-06
-3.50819448793992e-06

0.00316400837292578
0.001880573108262473
0.0005782654578916626
-0.0005783541002951265
-0.0006361953110735961
0.0003348279531733093
-0.0004511041280394247
0.0003556194243889716
0.000272079417233296
0.0001819206593132039
-0.0002330630652986983
3.469785808291884e-05
-0.0002428365281363576
0.0001176835073134923
-0.0002432522155004521
-0.0001761240187144269
0.0001373055466022552
0.0001753232410343362
-0.0001283125517198894
-2.059572408452903e-05
0.0001127441775107158
0.000137143075732186
-0.0001070190559600906
-9.933895452293246e-05
-0.0001143199972581218
-9.08764816595988e-05
1.614633290801191e-06
-0.0001060001400519375
9.21598261253103e-05
8.601515204024554e-05
-9.090627339116027e-05
-7.926547328965635e-05
-1.102140372651373e-05
7.912617170479741e-05
8.455071257983449e-05
6.846279861957483e-05
-1.423038421208584e-05
-7.556963117637546e-05
-7.14996830742728e-05
-6.351445636363737e-05
7.099233590222861e-05
-6.023536521782476e-06
-6.576156007847474e-05
-6.012438305630184e-05
-6.411530861648735e-05
-1.490203355464434e-05
5.648905711618795e-05
-5.839691647907959e-05
-5.899743791127528e-05
2.179181549973786e-05
5.061514033620146e-05
5.205272006361344e-05
5.249512039395012e-05
2.082940612178723e-05
4.634470106113584e-05
-5.251567653735403e-05
4.758257504502758e-05
1.870311254496517e-05
-4.552097675812944e-05
4.576074697264854e-05
4.550910055007867e-05
-1.301829961878367e-05
4.573790617024493e-05
4.728082579999704e-05

0.002292653356562144
0.001362670935327441
0.0004190135065265574
-0.0004190777371733418
-0.0004609897141370047
0.0002426176988917846
-0.0003268718888858083
0.0002576832836349289
0.0001971498541246347
0.0001318204508469023
-0.0001688784465679355
2.514220931905236e-05
-0.0001759603375552901
8.527394881852404e-05
-0.0001762615463126943
-0.0001276201814546452
9.94921584234687e-05
0.0001270399346854498
-9.297579769601886e-05
-1.492374557452693e-05
8.169489032158644e-05
9.937443136910195e-05
-7.75464439229944e-05
-7.198141113443437e-05
-8.283673573015638e-05
-6.584946882324443e-05
1.169969860209158e-06
-7.680813330510102e-05
6.677938545117786e-05
6.232692957697193e-05
-6.58710560333e-05
-5.743608485743256e-05
-7.9861540392365e-06
5.73351463615579e-05
6.126579077812163e-05
4.960842278354456e-05
-1.031139437183075e-05
-5.475806260602775e-05
-5.18089616310948e-05
-4.602283382635931e-05
5.144133580340163e-05
-4.364679102372034e-06
-4.765109433236005e-05
-4.356637289735737e-05
-4.645821381650959e-05
-1.079807422161229e-05
4.093220091156056e-05
-4.231464357814653e-05
-4.274978385433091e-05
1.579043828662554e-05
3.667593688361379e-05
3.771761301051295e-05
3.803817809212856e-05
1.509307253069826e-05
3.358155918797343e-05
-3.805307315737502e-05
3.447852771956201e-05
1.355235154283918e-05
-3.29846852023329e-05
3.31584236765585e-05
3.297607965359636e-05
-9.433112937732011e-06
3.314187313808e-05
3.425987898734595e-05

0.003426923341259643
0.002036840336705823
0.000626316735458406
-0.0006264127436494944
-0.0006890603007796198
0.0003626506610583123
-0.0004885888668770092
0.0003851698106971848
0.0002946880019570869
0.0001970374538172659
-0.0002524295653867424
3.758109516193045e-05
-0.000263015159347113
0.0001274624813085252
-0.0002634653884752686
-0.0001907591382670221
0.0001487150244486862
0.0001898918195372514
-0.0001389747518457963
-2.230713679501688e-05
0.0001221127152534404
0.0001485390529747568
-0.00011591186166495
-0.0001075935780903684
-0.0001238194785857007
-9.842791151742474e-05
1.748802107848586e-06
-0.000114808278394292
9.981789617804785e-05
9.316262711279945e-05
-9.846017880887694e-05
-8.585208019572241e-05
-1.193723316506988e-05
8.570120327118546e-05
9.157649927201214e-05
7.415175149508269e-05
-1.541286560072827e-05
-8.184913010496678e-05
-7.744098748808492e-05
-6.879222409217161e-05
7.689148203135496e-05
-6.524065511347593e-06
-7.122605209235574e-05
-6.512045082991471e-05
-6.944300448446562e-05
-1.614032600471061e-05
6.118304553608563e-05
-6.324943949330253e-05
-6.389986157516597e-05
2.360261806622552e-05
5.482103249900874e-05
5.637806868291124e-05
5.685723050531221e-05
2.256023676617346e-05
5.01957387879251e-05
-5.687949477246931e-05
5.153647457269129e-05
2.025725768711782e-05
-4.930356667330719e-05
4.956326072203688e-05
4.92907036053699e-05
-1.410006218974294e-05
4.953852195094279e-05
5.120965131270526e-05

4.872728795529365e-05
2.896175248823214e-05
8.905572981809891e-06
-8.906938118768471e-06
-9.797721265166273e-06
5.156515459738684e-06
-6.947225845711747e-06
5.476714361002494e-06
4.190157088034582e-06
2.801667791725267e-06
-3.589286043463962e-06
5.343641112688595e-07
-3.73980218695697e-06
1.812383999148196e-06
-3.746203977061622e-06
-2.712396670345087e-06
2.114573072718634e-06
2.700064299471385e-06
-1.976076520339103e-06
-3.171842990932228e-07
1.736315886451296e-06
2.112070941251005e-06
-1.648146193601531e-06
-1.52986884725738e-06
-1.760584287080046e-06
-1.399542595435252e-06
2.486614826151034e-08
-1.632454386592318e-06
1.419306732552912e-06
1.324675723946066e-06
-1.40000140277802e-06
-1.220727345381791e-06
-1.69735047995165e-07
1.218582032290827e-06
1.302122634693997e-06
1.054360832575621e-06
-2.191549286507449e-07
-1.163809555740663e-06
-1.101130349596478e-06
-9.781539237132967e-07
1.093316953169071e-06
-9.276543043272853e-08
-1.012760428079981e-06
-9.259451243226328e-07
-9.874073444054726e-07
-2.29498659462552e-07
8.699593135971737e-07
-8.993412878845459e-07
-9.085896138323102e-07
3.356046962351405e-07
7.794981009225944e-07
8.016375370683896e-07
8.084507201692744e-07
3.207831176061825e-07
7.137312318917537e-07
-8.087672949003629e-07
7.327951012001377e-07
2.880371488359115e-07
-7.010454717425794e-07
7.04738051213373e-07
7.008625723177023e-07
-2.004882286785527e-07
7.043862916119389e-07
7.281480141662113e-07

-0.001998118218605567
-0.00118760981203244
-0.0003651832139543374
0.0003652391929469843
0.0004017667755007216
-0.0002114488188649369
0.0002848789479941817
-0.0002245789413333715
-0.0001718221876823891
-0.0001148855947490248
0.0001471827827139296
-2.19122120457486e-05
0.0001533548694637497
-7.431888044438507e-05
0.00015361738219998
0.0001112249302304871
-8.671048930502303e-05
-0.000110719227247738
8.10312796455264e-05
1.300650525163319e-05
-7.119962040982893e-05
-8.660788654065894e-05
6.758412123103855e-05
6.273402325606935e-05
7.219477395415705e-05
5.738984612070567e-05
-1.019664872673489e-06
6.694066072166134e-05
-5.820029718639159e-05
-5.431984435896157e-05
5.740866004107499e-05
5.005732211132608e-05
6.960179931569628e-06
-4.996935109425402e-05
-5.339502911795779e-05
-4.323527282325433e-05
8.986698706374283e-06
4.772334299710594e-05
4.515311040190133e-05
4.011032129085692e-05
-4.48327131373727e-05
3.803952659417541e-06
4.152940061762023e-05
3.796943971299715e-05
4.0489768400858e-05
9.410855228640446e-06
-3.567367745975745e-05
3.687851894631167e-05
3.725775713816307e-05
-1.376185472172327e-05
-3.196421188655884e-05
-3.287206480775674e-05
-3.315144717839377e-05
-1.315407892432128e-05
-2.926736614178209e-05
3.316442868786171e-05
-3.004910192375448e-05
-1.181129299167369e-05
2.874717202630084e-05
-2.889859047323511e-05
-2.873967202475238e-05
8.221249307096654e-06
-2.88841661677188e-05
-2.985854279972425e-05

0.002697629712773647
0.001603374358077663
0.000493028430148395
-0.0004931040065541023
-0.0005424193529209889
0.0002854739079947651
-0.000384610834082287
0.0003032006912119215
0.0002319745821291288
0.0001551053341483159
-0.000198709287649124
2.958335184414462e-05
-0.0002070421302461667
0.0001003368160302471
-0.0002073965447902776
-0.0001501631253832313
0.0001170665430003983
0.0001494803833014963
-0.0001093991264382368
-1.755988944970951e-05
9.612554941309906e-05
0.0001169280205330453
-9.124431770200362e-05
-8.469627250357724e-05
-9.746909142418799e-05
-7.748117837327091e-05
1.376634391290301e-06
-9.037559123076418e-05
7.857535631290667e-05
7.333641461824531e-05
-7.750657876758328e-05
-6.758164667735641e-05
-9.396835489925881e-06
6.74628783145942e-05
7.208783530511149e-05
5.837129931650099e-05
-1.213280837155454e-05
-6.443057616068481e-05
-6.096054333027713e-05
-5.415234869263463e-05
6.052797974486938e-05
-5.135659954688531e-06
-5.606822660272077e-05
-5.126197629020542e-05
-5.466463459690526e-05
-1.270545578885338e-05
4.816250178957487e-05
-4.978914037531553e-05
-5.030114422224973e-05
1.857967554398407e-05
4.315440744580636e-05
4.438008618305267e-05
4.475727616969912e-05
1.775912647210525e-05
3.951343608379934e-05
-4.477480231272064e-05
4.056884594558755e-05
1.594625113965822e-05
-3.881112973911971e-05
3.901555753405919e-05
3.880100409847187e-05
-1.109938651298291e-05
3.899608349354975e-05
4.031157490413091e-05

0.001314431571114755
0.0007812509873365104
0.0002402302031945828
-0.0002402670281205831
-0.000264296140751724
0.0001390983779653271
-0.000187403267585845
0.0001477358286148177
0.0001130306034971735
7.557573490810419e-05
-9.682194703108547e-05
1.441461422937861e-05
-0.0001008821600896066
4.888954110740235e-05
-0.0001010548500861488
-7.316762263045276e-05
5.704117185263312e-05
7.283495364223018e-05
-5.330519046476887e-05
-8.556130950321559e-06
4.683758350562624e-05
5.697367619019268e-05
-4.445918255731642e-05
-4.126861963571156e-05
-4.749223007487514e-05
-3.77530342799802e-05
6.707709724671132e-07
-4.403589188293849e-05
3.828617714292632e-05
3.573348048109577e-05
-3.776541073032555e-05
-3.292944528300408e-05
-4.578648128776789e-06
3.287157489221203e-05
3.512510489105136e-05
2.844166428964357e-05
-5.911762572284915e-06
-3.139407274825187e-05
-2.970328446717365e-05
-2.638596262290556e-05
2.94925160172017e-05
-2.502372193999953e-06
-2.731948229736533e-05
-2.497761635500778e-05
-2.663557611238014e-05
-6.190787466191032e-06
2.346738419890958e-05
-2.425997078031533e-05
-2.450944683617875e-05
9.05302606967336e-06
2.102716889234396e-05
2.162438607920758e-05
2.180817350728796e-05
8.653210038354995e-06
1.925309008340806e-05
-2.1816713195139e-05
1.976734303527658e-05
7.769878808657667e-06
-1.891088832471469e-05
1.901049663880575e-05
1.890595456317337e-05
-5.408223368681259e-06
1.900100782958221e-05
1.964198662420703e-05

-0.001571648638625624
-0.0009341315878707038
-0.0002872401120799619
0.0002872841431617934
0.0003160154388668892
-0.0001663181113177686
0.0002240756360756893
-0.0001766457980935996
-0.0001351492143168004
-9.036491780306764e-05
0.0001157687357673391
-1.723536571074877e-05
0.0001206234794192469
-5.845658489429135e-05
0.0001208299625898049
8.74855694474609e-05
-6.820338316410474e-05
-8.708780148911595e-05
6.373631908017838e-05
1.023045387489323e-05
-5.60030860265725e-05
-6.812267948332068e-05
5.315926311892386e-05
4.93443487616733e-05
5.67858383674825e-05
4.514080933081576e-05
-8.020320790186369e-07
5.265313999555028e-05
-4.577828127928123e-05
-4.272605526647744e-05
4.515560769064016e-05
3.937330705309834e-05
5.474629685167786e-06
-3.930411218373172e-05
-4.199862853017058e-05
-3.400732601341015e-05
7.068617189961424e-06
3.753748219387951e-05
3.551582875932859e-05
3.154935041607487e-05
-3.526381568025337e-05
2.992053704780956e-06
3.266554768178965e-05
2.986540920288102e-05
3.184781000092945e-05
7.402243606351467e-06
-2.805964436558185e-05
2.900732977497993e-05
2.930562503219258e-05
-1.08245848704011e-05
-2.514191083816433e-05
-2.585599561773506e-05
-2.607574784175568e-05
-1.034653007079726e-05
-2.302066800885881e-05
2.608595863484398e-05
-2.363555353765735e-05
-9.290342472197676e-06
2.261150184150333e-05
-2.27306021998844e-05
-2.260560260733409e-05
6.466541949813547e-06
-2.271925655481418e-05
-2.348566651640384e-05

-0.00112677951826727
-0.0006697173367575321
-0.0002059342445640944
0.0002059658122572915
0.0002265644592693483
-0.000119240291210204
0.0001606490350753054
-0.0001266446344226155
-9.689402762142866e-05
-6.478632440351321e-05
8.299936583299115e-05
-1.235674221033636e-05
8.64799311318936e-05
-4.19099288147501e-05
8.662796740496444e-05
6.272200119964063e-05
-4.889780917770773e-05
-6.243682499834671e-05
4.569518729842455e-05
7.33463294879318e-06
-4.015091461514156e-05
-4.883994939124826e-05
3.81120610653068e-05
3.537699213451503e-05
4.071210194674853e-05
3.236330191237624e-05
-5.750097683540823e-07
3.774920059190667e-05
-3.28203317581759e-05
-3.063206545500379e-05
3.237391146486213e-05
2.82283424319496e-05
3.924987079001891e-06
-2.817873378550802e-05
-3.011054332381661e-05
-2.438125003327242e-05
5.067782248764747e-06
2.691216412103603e-05
2.546275766526835e-05
2.261902628226898e-05
-2.52820791288344e-05
2.145126301927341e-06
2.341927398794096e-05
2.141173960092678e-05
2.283300422798993e-05
5.30697274178594e-06
-2.011711255550825e-05
2.079654718416072e-05
2.10104073167203e-05
-7.760589883724932e-06
-1.802526944399274e-05
-1.853722617792055e-05
-1.869477558120607e-05
-7.417852745433294e-06
-1.650446325701442e-05
1.870209611852003e-05
-1.694529997009794e-05
-6.660628436966535e-06
1.621111521115281e-05
-1.629650315423568e-05
-1.620688580769173e-05
4.63612975826256e-06
-1.628836899486429e-05
-1.683783980285031e-05

-0.003958231135072662
-0.002352630635431052
-0.0007234204433057305
0.0007235313365394755
0.0007958917270340456
-0.0004188757654637653
0.0005643393424761038
-0.0004448862682850158
-0.0003403762233123828
-0.000227586002606117
0.0002915660683438237
-4.34076418252782e-05
0.0003037928453751469
-0.0001472241751061737
0.0003043128777119158
0.0002203343014117975
-0.0001717716976445572
-0.0002193325141938141
0.0001605213000016624
2.576561965460081e-05
-0.0001410449850701357
-0.0001715684436766239
0.0001338827554858074
0.0001242748110538749
0.0001430163637936048
0.0001136881059572416
-2.019935161381076e-06
0.0001326080734380632
-0.0001152935928657906
-0.0001076064955475483
0.0001137253759469479
9.9162526558469e-05
1.378797343136179e-05
-9.898825778126137e-05
-0.0001057744555576249
-8.564818709372681e-05
1.780246548470307e-05
9.45389618902396e-05
8.944738393051908e-05
7.945772231731759e-05
-8.881268353277882e-05
7.535552057252002e-06
8.226888930543266e-05
7.521667990105046e-05
8.020939924567423e-05
1.864271084003497e-05
-7.066882204913782e-05
7.305558827769759e-05
7.38068513434363e-05
-2.726195143443889e-05
-6.332044696823033e-05
-6.511888495117536e-05
-6.567233568680893e-05
-2.605796006795246e-05
-5.797805096082169e-05
6.569805179033997e-05
-5.952665348228397e-05
-2.339792872602867e-05
5.694755710662607e-05
-5.724751393872701e-05
-5.693269975765539e-05
1.628612595267065e-05
-5.721893968590273e-05
-5.914915977305791e-05

-0.00279477380844242
-0.001661113324732993
-0.0005107828316358997
0.0005108611296169145
0.0005619523663896195
-0.0002957540826599998
0.0003984610194817577
-0.0003141192234383207
-0.0002403281974873274
-0.0001606908180817953
0.0002058649895448492
-3.064867520863238e-05
0.0002144979053708666
-0.0001039500358911124
0.0002148650827044622
0.0001555706358910665
-0.0001212822155217568
-0.0001548633076469728
0.0001133386883263979
1.819223701488879e-05
-9.958711773885857e-05
-0.0001211387047345447
9.453010844120155e-05
8.774626218894832e-05
0.0001009790419178757
8.027134596700649e-05
-1.426208245839272e-06
9.363009834085465e-05
-8.140492624785181e-05
-7.597732550529169e-05
8.029766105258925e-05
7.001532314495962e-05
9.73522406916187e-06
-6.989227782556563e-05
-7.468378371727461e-05
-6.0473302811705e-05
1.256972181879468e-05
6.675077971747515e-05
6.315578785372723e-05
5.610242394472007e-05
-6.270764726081261e-05
5.320599733339462e-06
5.80872943581109e-05
5.31079666072888e-05
5.663315772956783e-05
1.316299078960432e-05
-4.98968772152646e-05
5.158209253365235e-05
5.211253410406976e-05
-1.924874653247658e-05
-4.470843684634103e-05
-4.59782533879637e-05
-4.636902632858068e-05
-1.839864874338426e-05
-4.093635079923094e-05
4.638718360391866e-05
-4.202976692856745e-05
-1.652049012395353e-05
4.020875376531071e-05
-4.042054319080838e-05
-4.01982634911732e-05
1.149908550064658e-05
-4.040036787242266e-05
-4.176323132330442e-05

-0.0001744414340063003
-0.0001036817325028759
-3.188153880151908e-05
3.18864259280152e-05
3.50753883338415e-05
-1.846008651454723e-05
2.487074675732072e-05
-1.96063837508617e-05
-1.500056830190745e-05
-1.002984093132363e-05
1.284947779289374e-05
-1.91299876850063e-06
1.338831861502076e-05
-6.488250773965964e-06
1.341123672738925e-05
9.710254451371796e-06
-7.570073660789877e-06
-9.666105134932673e-06
7.0742624180596e-06
1.135505099930498e-06
-6.215930453615262e-06
-7.561116146047855e-06
5.900287036947082e-06
5.476859615143557e-06
6.302810203673786e-06
5.010297669823726e-06
-8.901965906616383e-08
5.844111094574333e-06
-5.081052365298782e-06
-4.74227773749953e-06
5.011940178867703e-06
4.370147356781723e-06
6.076436103179428e-07
-4.362467235410192e-06
-4.661538722503973e-06
-3.77456294656884e-06
7.845644940954795e-07
4.166384306179159e-06
3.941995651195691e-06
3.501745742244001e-06
-3.914024053851755e-06
3.320959443849772e-07
3.625635425187883e-06
3.314840658686523e-06
3.534872559893161e-06
8.215945713375179e-07
-3.114414049358041e-06
3.219600156349338e-06
3.252708734904651e-06
-1.2014492685505e-06
-2.790567097793692e-06
-2.8698252537689e-06
-2.894216133638822e-06
-1.14838870353155e-06
-2.555124752758514e-06
2.895349456526051e-06
-2.623372521876327e-06
-1.031159651987743e-06
2.509710319011264e-06
-2.5229295824254e-06
-2.509055547452364e-06
7.177385727717708e-07
-2.521670299310945e-06
-2.60673616547734e-06

-0.002792867551570748
-0.001659980314011212
-0.0005104344373297036
0.0005105126819050412
0.0005615690704116451
-0.000295552354974263
0.0003981892375386744
-0.0003139049692735762
-0.0002401642746407905
-0.000160581214229361
0.0002057245733330996
-3.06277703870859e-05
0.0002143516008273885
-0.0001038791337417268
0.0002147185277171168
0.0001554645244080177
-0.0001211994914543784
-0.000154757678617765
0.0001132613823731151
1.817982846980361e-05
-9.951919144482699e-05
-0.0001210560785528918
9.446563142765299e-05
8.768641229527812e-05
0.0001009101662213725
8.021659455763428e-05
-1.425235458968344e-06
9.356623520538522e-05
-8.134940164704136e-05
-7.592550295765366e-05
8.024289169424952e-05
6.996756715467369e-05
9.728583876058122e-06
-6.984460576196483e-05
-7.463284346746883e-05
-6.043205523433626e-05
1.256114827394346e-05
6.670525040413939e-05
6.311271060927469e-05
5.606415765250264e-05
-6.266487568369764e-05
5.316970663332611e-06
5.804767422727546e-05
5.307174277196584e-05
5.659452943496988e-05
1.315401258837844e-05
-4.986284359697779e-05
5.154690946514257e-05
5.207698923244613e-05
-1.923561736431034e-05
-4.467794215490912e-05
-4.594689258117172e-05
-4.633739898369587e-05
-1.838609940917183e-05
-4.090842896895105e-05
4.63555438743459e-05
-4.200109930195945e-05
-1.650922184252116e-05
4.01813282137777e-05
-4.039297318211008e-05
-4.01708450948158e-05
1.149124221447918e-05
-4.037281162488505e-05
-4.173474549504941e-05

0.002053244407961477
0.00122037484203385
0.0003752582729849862
-0.0003753157963847648
-0.0004128511403480013
0.0002172824915271894
-0.0002927384883779964
0.000230774861639891
0.0001765625991182381
0.0001180551795070647
-0.0001512434163012481
2.251674922437644e-05
-0.0001575857850791902
7.636926797302502e-05
-0.0001578555402933351
-0.0001142935207212451
8.910274958672147e-05
0.0001137738658721223
-8.326685591116554e-05
-1.336534241386793e-05
7.316395050815247e-05
8.899731610926863e-05
-6.944870313104841e-05
-6.4464795546154e-05
-7.41865593962676e-05
-5.897317762474733e-05
1.047796460848769e-06
-6.878749015556874e-05
5.980598826781495e-05
5.581847742181584e-05
-5.899251060337835e-05
-5.143835622215673e-05
-7.152204704325206e-06
5.13479581680813e-05
5.486814740414952e-05
4.442809305501462e-05
-9.234633212929883e-06
-4.903998483456187e-05
-4.6398841956151e-05
-4.121692706922084e-05
4.606960523451787e-05
-3.908900110799605e-06
-4.267515745073012e-05
-3.901698059616843e-05
-4.160684276567079e-05
-9.670491811956532e-06
3.665788043653224e-05
-3.789596235864349e-05
-3.828566337306526e-05
1.414153126049559e-05
3.284607422117287e-05
3.377897394469577e-05
3.406606421033151e-05
1.351698750442876e-05
3.007482505632545e-05
-3.40794038673546e-05
3.087812818816825e-05
1.213715537956211e-05
-2.954027927784047e-05
2.969587521630606e-05
2.953257235833908e-05
-8.448065789635793e-06
2.968105295786103e-05
3.068231171836511e-05

-0.0003342699876112208
-0.0001986780929470373
-6.109237544974134e-05
6.110174030985209e-05
6.721252717628492e-05
-3.537377989166424e-05
4.765808225457987e-05
-3.757034956097317e-05
-2.874454574969e-05
-1.921948660287585e-05
2.462256061538325e-05
-3.665746491305364e-06
2.565510380646494e-05
-1.243298370139511e-05
2.569902019141423e-05
1.860708525851397e-05
-1.450600565867751e-05
-1.852248499401414e-05
1.355591705788056e-05
2.175889448802283e-06
-1.191115521128823e-05
-1.448884099621008e-05
1.130630968488953e-05
1.049492516576724e-05
1.207763683379655e-05
9.600884959253735e-06
-1.705821813654366e-07
1.119866363350174e-05
-9.73646726121456e-06
-9.087297003688587e-06
9.604032385090823e-06
8.374209436745919e-06
1.164385188939943e-06
-8.359492554359732e-06
-8.932582444618172e-06
-7.232932454321189e-06
1.503406373695621e-06
7.983752474623608e-06
7.553772101223682e-06
6.71015181994306e-06
-7.500172074637341e-06
6.363723610038048e-07
6.947553002945465e-06
6.351998607622975e-06
6.773630436717693e-06
1.574364535288197e-06
-5.967935035806295e-06
6.169495856922842e-06
6.232939523314979e-06
-2.302253672727966e-06
-5.347369646007361e-06
-5.499246537921543e-06
-5.54598508459109e-06
-2.200577402335892e-06
-4.896207855220776e-06
5.548156792431881e-06
-5.0269863085379e-06
-1.975939524115682e-06
4.80918333439504e-06
-4.834514489446917e-06
-4.807928641163922e-06
1.375352508397606e-06
-4.8321014127887e-06
-4.995107215794205e-06

-0.001075777592415252
-0.0006394036210773885
-0.0001966129506459217
0.0001966430894756677
0.0002163093707048419
-0.0001138430645191164
0.000153377505870101
-0.000120912261629729
-9.250826986471387e-05
-6.18538719939753e-05
7.924252837434113e-05
-1.179743345492254e-05
8.256555128749073e-05
-4.00129409417093e-05
8.270688692880013e-05
5.988298717555175e-05
-4.668452574679068e-05
-5.961071903238262e-05
4.362686557566147e-05
7.002642173557091e-06
-3.833354578934174e-05
-4.662928489378912e-05
3.638697778065642e-05
3.377570749945187e-05
3.886933184737611e-05
3.089842728717632e-05
-5.489828437489094e-07
3.604054162325662e-05
-3.133477038645781e-05
-2.924555256076608e-05
3.090855661476074e-05
2.695063032922001e-05
3.747328631436833e-06
-2.690326714123059e-05
-2.874763631928572e-05
-2.327767059642735e-05
4.838396951732017e-06
2.569402678656027e-05
2.431022546411732e-05
2.159521116788042e-05
-2.413772506115938e-05
2.048030489639463e-06
2.235923690348779e-05
2.044257044430516e-05
2.179950373417988e-05
5.066760858382555e-06
-1.920654268250706e-05
1.985522375726756e-05
2.005940384290869e-05
-7.409318829030085e-06
-1.720938360234934e-05
-1.769816740940727e-05
-1.784858558344241e-05
-7.082095155288259e-06
-1.575741434678699e-05
1.785557476801217e-05
-1.617829727030635e-05
-6.359145429728382e-06
1.547734424486158e-05
-1.55588672351935e-05
-1.547330627873651e-05
4.426282541182427e-06
-1.555110125591784e-05
-1.607570112067934e-05

0.00129242543454179
0.0007681713289481762
0.0002362082831676058
-0.0002362444915724266
-0.0002598713102036075
0.000136769601047692
-0.0001842657730282707
0.0001452624440031383
0.0001111382517367968
7.431045036950003e-05
-9.520095965035913e-05
1.417328560007178e-05
-9.919319685898874e-05
4.807103526641961e-05
-9.936299568983299e-05
-7.194265456693879e-05
5.608619188584245e-05
7.16155551034799e-05
-5.241275808013127e-05
-8.412884705816173e-06
4.605343141889621e-05
5.601982623187695e-05
-4.37148495203357e-05
-4.05777028167244e-05
-4.669711793349486e-05
-3.712097518563226e-05
6.595409640338525e-07
-4.329864555365446e-05
3.764519220193103e-05
3.513523263845939e-05
-3.713314443017168e-05
-3.23781424338784e-05
-4.501992669296599e-06
3.232124090579495e-05
3.453704243700181e-05
2.796549560775562e-05
-5.812788188671497e-06
-3.086847501640664e-05
-2.920599381393286e-05
-2.59442103781415e-05
2.899875403702584e-05
-2.460477624919252e-06
-2.686210112080695e-05
-2.45594425612406e-05
-2.618964485319917e-05
-6.087141664108644e-06
2.307449462365387e-05
-2.385381176679874e-05
-2.409911110911335e-05
8.901460836109122e-06
2.067513325919064e-05
2.12623518708055e-05
2.144306234047405e-05
8.508338501430781e-06
1.893075597404963e-05
-2.14514590573863e-05
1.943639933301824e-05
7.639795951572436e-06
-1.859428333719531e-05
1.869222401468755e-05
1.858943217639493e-05
-5.317679208997651e-06
1.868289406657218e-05
1.931314163164974e-05

0.0008398982192689107
0.0004992053808551282
0.0001535027949056812
-0.0001535263253730231
-0.0001688804977413237
8.888137087055884e-05
-0.0001197473297123225
9.440054705223838e-05
7.222453012112611e-05
4.829154028569753e-05
-6.186748909923194e-05
9.210680182029815e-06
-6.446189248426979e-05
3.123954066489533e-05
-6.457223829765352e-05
-4.675279969375631e-05
3.644828663338973e-05
4.654023017174351e-05
-3.406106147552107e-05
-5.467214351009605e-06
2.992837652848659e-05
3.640515811465851e-05
-2.840862094360079e-05
-2.636990841167609e-05
-3.034668395488784e-05
-2.412351236878986e-05
4.286106311608309e-07
-2.81381457879945e-05
2.446418110429427e-05
2.283305368179602e-05
-2.413142069879594e-05
-2.104132543871119e-05
-2.925674104709769e-06
2.100434729606351e-05
2.24443125818894e-05
1.817371380525219e-05
-3.777510344634958e-06
-2.006024990295766e-05
-1.897986649032565e-05
-1.686015727833841e-05
1.884518922776486e-05
-1.598970989342084e-06
-1.745665962169706e-05
-1.596024925086523e-05
-1.701965582510186e-05
-3.955802251707139e-06
1.499523796653214e-05
-1.550168658882685e-05
-1.566109731792188e-05
5.784721427893841e-06
1.343598411439894e-05
1.381759519466072e-05
1.393503206768372e-05
5.529246148603738e-06
1.230237954708754e-05
-1.394048877520005e-05
1.263097796787177e-05
4.964813322156404e-06
-1.208371875553576e-05
1.214736668322438e-05
1.208056617031615e-05
-3.455757816978555e-06
1.214130350419392e-05
1.255087746757047e-05

0.0002257514777564652
0.0001341785824123102
4.125914544740367e-05
-4.126547006810463e-05
-4.539243095730175e-05
2.388991946728814e-05
-3.218620544700437e-05
2.537338752385499e-05
1.941282173368436e-05
1.298000916364163e-05
-1.662901143116666e-05
2.475686475492545e-06
-1.732634639940077e-05
8.396698918699641e-06
-1.735600562463363e-05
-1.256641980895077e-05
9.796728199198436e-06
1.250928445300364e-05
-9.155079491346261e-06
-1.46950153082665e-06
8.044278548463449e-06
9.785135929321268e-06
-7.63579206613244e-06
-7.087818089937314e-06
-8.156713028608563e-06
-6.484022040985967e-06
1.152038201140789e-07
-7.563092583397202e-06
6.575588457852932e-06
6.137166971059482e-06
-6.486147676151871e-06
-5.655578500789589e-06
-7.863753457507732e-07
5.64563935560644e-06
6.032679456083545e-06
4.884809437324001e-06
-1.015335576355698e-06
-5.391880773018473e-06
-5.101490644354495e-06
-4.531746030004863e-06
5.065291506945135e-06
-4.297783415326819e-07
-4.692076511044477e-06
-4.289864856348008e-06
-4.574616739598533e-06
-1.063257646639412e-06
4.030484947575884e-06
-4.166610399753773e-06
-4.209457505322567e-06
1.554842456857509e-06
3.611381950044038e-06
3.713953027494835e-06
3.745518218385059e-06
1.48617470580678e-06
3.306686809152125e-06
-3.746984895844731e-06
3.395008914582265e-06
1.33446400831617e-06
-3.247914215408893e-06
3.265021780822985e-06
3.247066849909334e-06
-9.288535396941696e-07
3.263392093333318e-06
3.373479155498708e-06

0.0002013588341766966
0.0001196804698446512
3.680105888568272e-05
-3.680670012554687e-05
-4.048773930017381e-05
2.130859288416941e-05
-2.87084579459789e-05
2.263177092662232e-05
1.731524945579159e-05
1.157750788072684e-05
-1.483223227852834e-05
2.208186397922284e-06
-1.545421959671506e-05
7.489428295267982e-06
-1.548067411692733e-05
-1.120860721558841e-05
8.738183193944122e-06
1.115764538457764e-05
-8.165865187252918e-06
-1.310720611928766e-06
7.175087252651452e-06
8.727843478878104e-06
-6.810738090118261e-06
-6.321973178792066e-06
-7.275373089364643e-06
-5.783417818232507e-06
1.027559471215284e-07
-6.745893849740102e-06
5.865090404082797e-06
5.474040740409307e-06
-5.785313776668447e-06
-5.044488323322003e-06
-7.014068054850388e-07
5.035623111466916e-06
5.380843192300279e-06
4.357001527778809e-06
-9.056276839687181e-07
-4.809283364487588e-06
-4.550270141859971e-06
-4.042086928752399e-06
4.517982352747283e-06
-3.833404178149876e-07
-4.185093561851568e-06
-3.826341226373136e-06
-4.080325420913627e-06
-9.483717328712039e-07
3.594987542418983e-06
-3.716404521036566e-06
-3.754621959569011e-06
1.386840376661461e-06
3.221168988383696e-06
3.312657171673696e-06
3.340811716214572e-06
1.325592235850809e-06
2.949396422549945e-06
-3.34211991789794e-06
3.028175247648542e-06
1.190274011209235e-06
-2.896974258711203e-06
2.912233336787999e-06
2.896218451767638e-06
-8.284901066113868e-07
2.910779738422414e-06
3.008971797743628e-06

-0.002114803644601182
-0.001256963444636812
-0.0003865090586869372
0.0003865683067213465
0.0004252290145781105
-0.0002237969348451125
0.0003015152116018115
-0.000237693825725753
-0.0001818562011748982
-0.0001215946445135498
0.0001557779126418503
-2.319183392860447e-05
0.0001623104348076993
-7.865892906789185e-05
0.0001625882776733247
0.0001177202057574654
-9.177417887480053e-05
-0.0001171849709044716
8.576331666729323e-05
1.37660547076572e-05
-7.535751155006282e-05
-9.166558434925068e-05
7.153087568380998e-05
6.63975433420513e-05
7.641077973146953e-05
6.074127877369381e-05
-1.079210914010694e-06
7.084983858710592e-05
-6.159905828421035e-05
-5.749199609651111e-05
6.076119138298332e-05
5.298055252902087e-05
7.366638144484575e-06
-5.288744421053894e-05
-5.65131738106134e-05
-4.576011153427607e-05
9.511500871269499e-06
5.051027449883316e-05
4.778994633744496e-05
4.245267014838811e-05
-4.745083862276315e-05
4.026094588956737e-06
4.395462038556704e-05
4.018676609865103e-05
4.285427608130621e-05
9.960427141411013e-06
-3.775693670462696e-05
3.903213811320471e-05
3.943352292759508e-05
-1.456551481838805e-05
-3.383084702650702e-05
-3.479171643284745e-05
-3.508741407981361e-05
-1.392224633733608e-05
-3.097651180407999e-05
3.510115367905497e-05
-3.180389912550089e-05
-1.250104484992801e-05
3.04259395701141e-05
-3.058620049981943e-05
-3.041800158601762e-05
8.701351019136115e-06
-3.057093384864357e-05
-3.160221179475136e-05

-0.001746077881323286
-0.001037806074296992
-0.0003191194227544456
0.000319168340621119
0.0003510883758628812
-0.0001847769076995601
0.0002489446446739458
-0.0001962508115996131
-0.0001501487342636731
-0.0001003940577719863
0.0001286173155399176
-1.914823078418645e-05
0.0001340108623556308
-6.494438221941095e-05
0.0001342402620368608
9.719514527158841e-05
-7.577292776993156e-05
-9.675323108229681e-05
7.081008709438877e-05
1.136587961699768e-05
-6.221858206317149e-05
-7.568326720044887e-05
5.905913779844979e-05
5.482082561175196e-05
6.308820808231873e-05
5.015075684252229e-05
-8.910455167064038e-07
5.849684265869856e-05
-5.085897854157583e-05
-4.746800157714382e-05
5.016719759659839e-05
4.3743148990387e-05
6.082230828678305e-06
-4.366627453638702e-05
-4.665984146851152e-05
-3.778162516449951e-05
7.853126852658185e-06
4.170357532109001e-05
3.945754891356117e-05
3.505085142939763e-05
-3.917756619200729e-05
3.324126439748256e-06
3.629092971969819e-05
3.318001819501493e-05
3.538243551674823e-05
8.223780758344047e-06
-3.11738407557405e-05
3.222670492091587e-05
3.255810644280083e-05
-1.202595017244002e-05
-2.793228290966796e-05
-2.872562030604955e-05
-2.896976170531398e-05
-1.149483851609816e-05
-2.557561418985835e-05
2.898110574209004e-05
-2.625874271809468e-05
-1.032143005882026e-05
2.512103676265946e-05
-2.525335546059357e-05
-2.511448280269309e-05
7.184230361496284e-06
-2.52407506204128e-05
-2.609222050311223e-05

