-0.4460634042480602
-0.2650722868886416
-0.08154617691360797
0.08150280245646002
0.08971128308718695
-0.04717401995871236
0.06362118494710649
-0.05010413798669498
-0.03838001673443357
-0.02562056623722257
0.03287868563058152
-0.004886323320803024
0.03421067920085073
-0.01661089853466848
0.03426986089829675
0.02484859230418539
-0.01933670702920419
-0.0247337543270425
0.01807002396531492
0.002907412713251459
-0.01591077891323638
-0.01931631478345066
0.01510276680974467
0.01398805539064893
0.01613072658130579
0.01279631506871405
-0.000227444509542207
0.01495681400058395
-0.0129782972283461
-0.01213847616751533
0.01280247745507467
0.01118588610291403
0.001556451842020887
-0.01114274236252089
-0.0119303019082221
-0.009640313091068059
0.002008854322491703
0.01066321582269939
0.01006915293495988
0.008963419717539044
-0.009998404344441289
0.0008516302276720363
0.009279298617891483
0.008466830727335013
0.009046847322441239
0.002097767983288848
-0.007955441274199955
0.008240196475525903
0.008309063682009735
-0.003074138233989731
-0.007142499274781557
-0.007330565639316074
-0.007407238647333342
-0.002931891762211534
-0.006527801355108469
0.007409796288625409
-0.006701262367463908
-0.00263914946116467
0.006422889252075955
-0.006444761440451338
-0.006421188606326371
0.001836940320047598
-0.006441925094250892
-0.006670770557708329

-0.2653453728808983
-0.1576809577631199
-0.04850857639093004
0.04848277465195749
0.05336567321077919
-0.02806194768953644
0.03784571180270131
-0.02980495833178966
-0.02283074503442407
-0.01524065555904054
0.01955822202715878
-0.002906679344744951
0.0203505720097074
-0.009881162685818562
0.020385776847002
0.01478143897867915
-0.01150263771490494
-0.01471312643482424
0.01074913835427659
0.001729504153825194
-0.009464689376774816
-0.01149050717921795
0.008984035122580275
0.008320937647340293
0.009595527494048083
0.007612018742345622
-0.000135297690013054
0.008897213603040634
-0.007720272689082664
-0.007220696551652451
0.007615684500818738
0.006654038620326069
0.0009258712785201544
-0.006628374125605243
-0.007096861966869489
-0.005734638725072289
0.001194987515650014
0.006343122864677152
0.005989738487114209
0.00533198178686219
-0.005947652965298412
0.0005066009409558002
0.00551988557767235
0.005036580753024676
0.005381609549908976
0.001247878715092958
-0.004732375512605583
0.004901765053094795
0.004942731414401639
-0.001828682533058305
-0.004248788659457094
-0.004360661857641445
-0.004406271579722182
-0.001744065766169466
-0.003883129322349395
0.004407793018776079
-0.003986314377579251
-0.001569925017815577
0.003820721286108606
-0.003833732180801067
-0.003819709639607965
0.001092722715068012
-0.003832044951290889
-0.003968176013046852

-0.08015518182410636
-0.04763205667573425
-0.01465340706126776
0.01464561290582534
0.01612063249091128
-0.008476916310891858
0.01143238292747734
-0.009003442677017083
-0.006896681481747912
-0.004603877219299138
0.005908122028739629
-0.0008780458798011812
0.00614747407106421
-0.002984888649522761
0.006158108702086983
0.004465157677686631
-0.00347470169719885
-0.004444521914138573
0.003247085599744744
0.0005224463438359343
-0.002859080939181256
-0.003471037320912659
0.002713885533206044
0.002513577918573687
0.002898604345848664
0.002299428626611479
-4.087054854446595e-05
0.002687658602586373
-0.002332129836698448
-0.002181218533078663
0.002300535974117627
0.002010043249241862
0.0002796859800861103
-0.002002290552378288
-0.002143810744311102
-0.001732312136115042
0.000360980259631427
0.001916122226029194
0.001809372337269421
0.001610678056935589
-0.001796659198100318
0.0001530333470438426
0.001667439787332728
0.00152144370051535
0.001625669546431547
0.0003769575637089917
-0.001429549780931049
0.001480718750902182
0.001493093815533918
-0.0005524060184065198
-0.001283468499312402
-0.001317263008124628
-0.001331040733081221
-0.0005268450965732301
-0.001173010606893115
0.001331500327393272
-0.001204180612888995
-0.0004742408879680944
0.001154158469251969
-0.001158088783235547
-0.001153852872404426
0.0003300882429513527
-0.00115757910716115
-0.001198701399546784

0.07990269527428254
0.04748201704789416
0.01460724924453984
-0.01459947964047379
-0.01606985295569507
0.008450214264889976
-0.01139637124544168
0.008975082087892862
0.006874957130643905
0.004589375136609699
-0.005889511611888598
0.0008752800601779026
-0.006128109702064252
0.002975486334919014
-0.0061387108343032
-0.004451092557619185
0.003463756485389731
0.004430521796142759
-0.00323685737218035
-0.000520800652667776
0.002850074915298873
0.003460103651781036
-0.002705336870733922
-0.002505660219407519
-0.002889473824355149
-0.002292185491642586
4.074180747551513e-05
-0.002679192554201337
0.002324783693843542
0.002174347756551683
-0.002293289351035222
-0.002003711670006163
-0.0002788049771798348
0.001995983393915676
0.002137057801257163
0.001726855402009659
-0.0003598431820495496
-0.001910086495352272
-0.001803672865716458
-0.001605604466729976
0.001790999772575137
-0.0001525512963402099
-0.001662187399287095
-0.001516651196001303
-0.001620548733459873
-0.0003757701580727489
0.001425046739657711
-0.001476054528825663
-0.001488390612354561
0.0005506659551135279
0.001279425609935083
0.001313113667001553
0.001326847992516122
0.000525185549458272
0.001169315656744849
-0.001327306139118561
0.001200387478105489
0.0004727470426190552
-0.001150522902801991
0.001154440836408999
0.00115021826857638
-0.0003290484743464849
0.001153932765799172
0.001194925524130511

0.08674214220428378
0.0515463447230923
0.01585758886897445
-0.01584915420856772
-0.01744538736145775
0.009173528939236583
-0.01237186870594967
0.009743323977877468
0.007463434206162193
0.004982212794725303
-0.006393637310963377
0.0009502015819106177
-0.006652658729411363
0.003230179631667968
-0.006664167288879219
-0.004832093614264548
0.003760244339509941
0.004809762053217826
-0.003513923297690869
-0.0005653797299164675
0.003094033345771061
0.003756278833572499
-0.002936906129963179
-0.00272013771652304
-0.003136804691098713
-0.002488390149944389
4.422919208881005e-05
-0.002908523933158318
0.002523778666955824
0.002360465834761911
-0.002489588496610914
-0.002175223777112292
-0.000302669902370249
0.002166833982233358
0.002319983963731914
0.001874669387973872
-0.0003906447506111314
-0.002073584549726831
-0.001958062211430146
-0.001743039712225357
0.001944304337009253
-0.000165609260052738
-0.001804465985336064
-0.001646472290655653
-0.001759263166332679
-0.0004079350311748598
0.001547026749408666
-0.001602400662469953
-0.001615792680199292
0.0005978014186070995
0.001388940858825794
0.001425512519225703
0.001440422464538886
0.0005701399615912596
0.001269405802030199
-0.001440919827207449
0.001303137284275596
0.0005132128654326701
-0.001249004440983191
0.001253257738733783
0.001248673730921397
-0.0003572141021762694
0.001252706178702727
0.001297207802338427

-0.04499539664749629
-0.02673842457202837
-0.008225742215967722
0.008221366939065033
0.009049374433819632
-0.004758547146623984
0.006417608852499751
-0.005054114596538972
-0.003871476700079512
-0.002584402865599175
0.00331654533213439
-0.000492894180229579
0.003450906453119269
-0.001675577868797646
0.003456876241100877
0.002506532157109926
-0.001950536166712517
-0.002494948197785116
0.001822763060153289
0.0002932771148785348
-0.001604955262756114
-0.001948479156039342
0.001523449304755856
0.001411005912241627
0.001627141867781618
0.001290792444886061
-2.294282791341414e-05
0.001508726723891891
-0.001309149385575297
-0.001224434788084969
0.001291414058350737
0.001128344933167138
0.0001570027205270161
-0.001123992929184054
-0.001203435792698862
-0.00097243958416649
0.0002026375537350204
0.001075622032452807
0.001015697602397665
0.0009041598608344299
-0.001008561036469648
8.590581411993173e-05
0.0009360232602497456
0.0008540678372078142
0.0009125753868287035
0.0002116064702540033
-0.0008024828583317731
0.0008312067417729382
0.0008381535283559449
-0.0003100950848471242
-0.0007204796108864799
-0.0007394502787068382
-0.0007471844536562506
-0.0002957463703856526
-0.0006584736797769393
0.0007474424485591456
-0.0006759710735991735
-0.0002662168106289655
0.0006478909652032102
-0.0006500972609489546
-0.0006477194173252339
0.0001852962102046749
-0.000649811152470334
-0.0006728952976852408

0.06263362424690042
0.03721990608767842
0.01145023903539612
-0.01144414864683239
-0.01259673567048738
0.006623901024314866
-0.008933316102978595
0.0070353311255446
0.005389098329613847
0.003597490633422833
-0.004616633469377162
0.0006861090506624221
-0.004803664245685029
0.002332405589239722
-0.004811974194817668
-0.003489094551630695
0.002715147736180729
0.00347296967198185
-0.002537287480653512
-0.0004082419532250664
0.002234098871227129
0.002712284375851902
-0.002120642519518728
-0.001964121236887488
-0.002264982641257569
-0.001796784004529815
3.193643282996802e-05
-0.002100148676447512
0.001822336879070741
0.001704414098903999
-0.001797649290916936
-0.001570656952277359
-0.0002185478990276757
0.001564598959626905
0.001675183482337951
0.001353636595197404
-0.0002820716194232077
-0.001497266636854424
-0.001413851787450106
-0.001258591171588229
0.001403917682584567
-0.0001195809545666997
-0.001302945046315061
-0.001188863038948325
-0.001270305589779001
-0.0002945563576188853
0.001117056711536761
-0.001157040377787446
-0.001166710309668836
0.0004316525794246463
0.001002908132565914
0.001029315315710614
0.001040081292761344
0.0004116791586533662
0.0009165958322074788
-0.001040440421850182
0.0009409522168962706
0.000370573990396483
-0.000901864685967889
0.0009049358512210311
0.0009016258911996788
-0.000257932456852501
0.0009045375880141172
0.0009366707346293815

-0.04727936898986587
-0.02809567057386514
-0.00864328198928439
0.008638684622747295
0.009508721888503966
-0.005000091635227668
0.00674336753483849
-0.00531066212836976
-0.00406799337436019
-0.002715587500169919
0.00348489361607481
-0.0005179135546376516
0.003626074925503495
-0.001760630425169042
0.003632347740721008
0.002633764064119605
-0.002049545643004648
-0.00262159210147204
0.001915286756492263
0.0003081639003930549
-0.001686423006214504
-0.002047384218193588
0.001600779794902031
0.001482628760768741
0.001709735806274076
0.001356313241756702
-2.410740892201723e-05
0.001585309893866921
-0.001375601983206623
-0.001286587261435623
0.001356966408404063
0.001185619872650141
0.0001649721995865926
-0.001181046960363725
-0.001264522354239052
-0.001021800747315295
0.0002129234630221877
0.001130220750455019
0.001067254548328752
0.0009500551361091906
-0.001059755729361208
9.026640471629468e-05
0.0009835359259336813
0.0008974204346740748
0.0009588978353271011
0.000222347642941386
-0.0008432169953820013
0.0008733989069823284
0.0008806983133797771
-0.0003258355527630955
-0.0007570512521456255
-0.0007769848735975177
-0.0007851116363004778
-0.0003107584956394761
-0.000691897891692893
0.0007853827270592013
-0.0007102834555621303
-0.0002797300114862241
0.0006807779971141852
-0.0006830962847269037
-0.0006805977414432524
0.0001947018705786352
-0.0006827956533434565
-0.0007070515528523026

-0.03798433063885457
-0.02257211260215004
-0.006944028397591197
0.00694033486499207
0.007639324379377285
-0.004017082671678426
0.005417633685372442
-0.004266595568110281
-0.003268233241469157
-0.002181707913810836
0.002799769840045721
-0.0004160926874027468
0.002913195159629052
-0.001414493670945232
0.002918234750731236
0.002115970817158765
-0.001646608679993429
-0.002106191840332573
0.00153874484751311
0.0002475794354614982
-0.001354875296215565
-0.001644872187386786
0.001286069385202507
0.00119114663048434
0.001373604841987526
0.001089664513834245
-1.936793597089507e-05
0.001273640838704793
-0.001105161123634517
-0.001033646535015829
0.001090189269101276
0.0009525291520787623
0.0001325389638059493
-0.0009488552660694169
-0.001015919548628609
-0.0008209165702140435
0.0001710630956588659
0.0009080213970154051
0.000857434236235933
0.0007632760162863425
-0.0008514096715018443
7.252019296322385e-05
0.000790174543443201
0.0007209892018657141
0.0007703802568463872
0.0001786344988670478
-0.0006774420606111268
0.0007016902630308727
0.0007075546193450301
-0.0002617768729675687
-0.0006082163465045124
-0.0006242310540658212
-0.0006307601099338731
-0.000249663937979603
-0.0005558720187661978
0.0006309779047401298
-0.0005706430140632259
-0.000224735597638354
0.0005469382753307021
-0.000548800791795689
-0.0005467934575983473
0.0001564238353021655
-0.0005485592639979161
-0.0005680464975751935

-0.02691576988024231
-0.01599464248263016
-0.004920551902533799
0.004917934658215169
0.00541323997494727
-0.002846512521407895
0.003838945668342604
-0.003023317840590164
-0.002315876372252591
-0.001545962431518327
0.001983922303351567
-0.0002948440800356832
0.002064295703359982
-0.001002312940728276
0.002067866767325161
0.001499380998165869
-0.00116679008338669
-0.001492451596344226
0.001090357563855823
0.0001754352650128256
-0.0009600672455197005
-0.00116555960138005
0.0009113112443984428
0.0008440487975045702
0.0009733390377425208
0.0007721383741071115
-1.37241567477956e-05
0.0009025043524024516
-0.0007831193016711016
-0.000732443926378728
0.000772510216700519
0.0006749639925298727
9.391736513365849e-05
-0.0006723606698246094
-0.0007198825496680508
-0.0005817030634248647
0.0001212156391942903
0.0006434257115328426
0.0006075795519311857
0.0005408588558475945
-0.000603310533752368
5.138794846819475e-05
0.0005599192040200333
0.0005108943376695169
0.0005458929343971574
0.0001265807500964277
-0.0004800367494683104
0.0004972190724251737
0.0005013745666091024
-0.0001854955965857501
-0.0004309832750658646
-0.0004423313277016099
-0.0004469578292699379
-0.0001769123475136358
-0.0003938919835715778
0.0004471121590893663
-0.0004043587393002812
-0.0001592480775150438
0.0003875615157593721
-0.0003888812985151106
-0.0003874588976350782
0.0001108422310980607
-0.0003887101514523335
-0.000402518842713756

0.03313355023830716
0.01968954603935992
0.006057242812973483
-0.00605402096212373
-0.006663746177796493
0.003504082032640791
-0.004725775994151527
0.003721730940755763
0.002850864250479822
0.001903093395401787
-0.002442225862365604
0.0003629556643483303
-0.002541166227023871
0.001233856074854366
-0.00254556223827753
-0.001845751239891814
0.001436328888881097
0.001837221085101375
-0.001342239782866069
-0.0002159623593430903
0.001181851251259806
0.00143481415467194
-0.001121832183636435
-0.001039031517959024
-0.001198188944601812
-0.0009505091521894657
1.689455806409429e-05
-0.001110990821873699
0.0009640267709209332
0.0009016449367561681
-0.000950966893703374
-0.0008308866309616255
-0.0001156131052446406
0.0008276819177387018
0.0008861817711783739
0.000716081604260821
-0.0001492175215043991
-0.0007920627287476747
-0.0007479357899571534
-0.0006658020243075677
0.0007426805909074001
-6.325901803256806e-05
-0.0006892654811041284
-0.0006289154380111373
-0.0006719990194248803
-0.0001558220203688902
0.0005909294746355251
-0.0006120810658192808
-0.000617196515829434
0.0002283467162858565
0.0005305442147781727
0.0005445137677125447
0.0005502090319694865
0.0002177806609359708
0.0004848845076400341
-0.0005503990133389593
0.000497769176305008
0.0001960357886909393
-0.0004770916459006346
0.0004787163101193064
0.0004769653220841497
-0.0001364477645988016
0.0004785056265747169
0.000495504247371137

-0.004765564218259727
-0.002831927016697028
-0.0008712069610169661
0.0008707435655457821
0.0009584397118952959
-0.0005039884899895993
0.0006797034673091893
-0.000535292707050514
-0.0004100368528421536
-0.0002737199522509398
0.0003512628166583119
-5.220353733278706e-05
0.0003654933068462515
-0.0001774642414868953
0.000366125580592447
0.0002654724894064607
-0.0002065856966510587
-0.0002642456060766444
0.0001930529579699745
3.106164249753671e-05
-0.000169984441564557
-0.0002063678339984453
0.0001613519612229645
0.0001494428272254749
0.0001723342750789096
0.0001367107470290483
-2.429926790654827e-06
0.0001597926593877664
-0.000138654972132576
-0.0001296826575261889
0.0001367765835169196
0.0001195055636797882
1.662851320046083e-05
-0.0001190446330956942
-0.0001274586064345134
-0.0001029932755794487
2.146180159096679e-05
0.0001139215620297018
0.0001075748301205123
9.57616156634125e-05
-0.0001068189802833843
9.0984790537099e-06
9.913634035611538e-05
9.04562561554918e-05
9.665292305362839e-05
2.241171982314165e-05
-8.499277438076759e-05
8.803498583651098e-05
8.877073571400945e-05
-3.284287173159392e-05
-7.630762498938395e-05
-7.83168513213234e-05
-7.913599528148568e-05
-3.13231669326462e-05
-6.974043659609212e-05
7.916332010512146e-05
-7.159362514703869e-05
-2.819562447623929e-05
6.861959736225392e-05
-6.885327113436179e-05
-6.860142833855491e-05
1.962514067936444e-05
-6.882296873830755e-05
-7.126786276399761e-05

0.03437623676765588
0.02042801002694929
0.006284422031454413
-0.006281079343852743
-0.006913672537953563
0.0036355039753056
-0.004903018038135077
0.00386131588932569
0.002957787009302513
0.001974469644235795
-0.002533822481471441
0.0003765684559627059
-0.002636473642512726
0.001280132320905723
-0.002641034527857507
-0.001914976849156642
0.001490198955599341
0.001906126767634022
-0.001392581001519877
-0.0002240621105883463
0.001226177036425623
0.001488627410701347
-0.001163906930615693
-0.001078000794165713
-0.001243127481232365
-0.0009861583630635165
1.7528194954035e-05
-0.001152658959415468
0.001000182965277955
0.0009354614764602143
-0.0009866332723486744
-0.0008620493532261724
-0.0001199492191675604
0.0008587244460027783
0.0009194183589173275
0.0007429385198986146
-0.0001548139819676757
-0.000821769345646146
-0.0007759874090658256
-0.0006907731849853059
0.0007705351117570126
-6.563157180371701e-05
-0.0007151166477420404
-0.0006525031531003991
-0.0006972026007850214
-0.0001616661850990982
0.0006130925115768288
-0.0006350374013129592
-0.0006403447082407862
0.0002369109475955218
0.0005504424793525607
0.0005649359657357335
0.0005708448330666007
0.0002259486082809416
0.0005030702873588932
-0.0005710419397602777
0.0005164382004715338
0.0002033881862494479
-0.00049498515134634
0.0004966707492207973
0.0004948540897067666
-0.0001415652904240861
0.0004964521639087735
0.0005140883245080856

-0.01385640141398314
-0.008234138859809965
-0.002533129932499049
0.002531782559265277
0.002786768737318156
-0.001465401892720818
0.001976312489804431
-0.001556422342279847
-0.001192227188071799
-0.000795870826558846
0.001021335222127805
-0.0001517875188295488
0.00106271193542557
-0.000515996774788709
0.001064550340791021
0.0007718904224369623
-0.0006006706043769131
-0.0007683231243950224
0.0005613226802276063
9.03151373712353e-05
-0.0004942484349331876
-0.000600037144785431
0.0004691485501489871
0.0004345214349521816
0.0005010808339818366
0.0003975015132904232
-7.065279046890201e-06
0.0004646147087896137
-0.0004031545613325746
-0.0003770665710952714
0.0003976929401102931
0.0003474755528856535
4.834922860561607e-05
-0.0003461353465838538
-0.0003705998982569744
-0.000299464261524842
6.240254548921058e-05
0.000331239454741333
0.0003127856345902866
0.0002784374159934462
-0.0003105879181664257
2.645482722523069e-05
0.0002882497987171915
0.0002630115004838894
0.0002810289901315501
6.516453708819384e-05
-0.0002471258271151359
0.0002559713910790725
0.0002581106646625764
-9.549425701935214e-05
-0.0002218728012833068
-0.0002277148475369936
-0.0002300965985754975
-9.10755483921373e-05
-0.0002027779796899924
0.000230176048501718
-0.0002081663289560897
-8.19818751710523e-05
0.0001995190165047392
-0.0002001984486636943
-0.0001994661880724734
5.706225214989504e-05
-0.0002001103411189516
-0.0002072191390454688

0.03167578849381227
0.01882327403481061
0.00579074505506867
-0.005787664954528023
-0.006370564367119469
0.003349914528705493
-0.004517858176478249
0.003557987636772316
0.002725436072297346
0.001819363860593038
-0.002334776361543842
0.0003469868690146934
-0.002429363691965297
0.001179570670145499
-0.002433566293911166
-0.001764544561826673
0.001373135379835446
0.001756389704377889
-0.00128318586943596
-0.0002064607616139952
0.001129853879128874
0.001371687288698078
-0.00107247544313375
-0.0009933177206959856
-0.001145472770405525
-0.0009086900332032364
1.615125587466089e-05
-0.001062111063835059
0.000921612923409546
0.0008619756744386956
-0.0009091276356717878
-0.0007943304896512325
-0.0001105265280207778
0.0007912667727388797
0.0008471928347255982
0.0006845764875099657
-0.0001426524660577942
-0.0007572147050103201
-0.0007150291990820591
-0.0006365090353746535
0.0007100052106354256
-6.04758397791622e-05
-0.0006589401811310171
-0.0006012453314435764
-0.000642433384115564
-0.0001489663897887366
0.0005649306192270593
-0.0005851516134708478
-0.0005900420013528287
0.0002183002496353814
0.0005072021021912767
0.000520557043056796
0.0005260017353620255
0.0002081990642184776
0.0004635512644273782
-0.0005261833582075439
0.0004758690521835325
0.0001874108912304928
-0.0004561012616825084
0.0004576544462884186
0.0004559804956777148
-0.0001304445343405907
0.0004574530320917913
0.0004737037722982767

0.0231343339174257
0.0137475317157677
0.004229256353345723
-0.004227006809519414
-0.004652725956299136
0.002446601804941345
-0.003299606564383715
0.002598567485675769
0.001990515506171295
0.001328767903488226
-0.001705198150979205
0.000253421003057761
-0.001774279774211636
0.0008614965265245011
-0.001777349134166143
-0.00128873076398531
0.001002866034325596
0.001282774883982502
-0.0009371716314956533
-0.0001507881074833363
0.0008251859909585489
0.001001808424539357
-0.0007832797918997749
-0.0007254671447614661
-0.0008365932096386604
-0.0006636595221510915
1.179602984983685e-05
-0.0007757101930691841
0.0006730977231060281
0.0006295418055671908
-0.0006639791240334713
-0.0005801373118769907
-8.07227768447232e-05
0.000577899733794546
0.0006187451950825229
0.0004999787474010337
-0.0001041858763695817
-0.0005530298902051021
-0.0005222198101082496
-0.0004648728024146936
0.000518550552550771
-4.416838026497037e-05
-0.0004812553343343108
-0.0004391180433165186
-0.0004691996358900099
-0.0001087972349770829
0.0004125956829118489
-0.0004273640361311577
-0.000430935718846151
0.0001594350483274677
0.000370433803029272
0.0003801875511165514
0.0003841640686982428
0.0001520576724985547
0.0003385535214443404
-0.0003842967164950957
0.0003475497873188655
0.000136875081683797
-0.0003331124303341065
0.000334246794876042
0.0003330242291805668
-9.52698435818609e-05
0.0003340996925149372
0.0003459683805007471

-0.01481499956618792
-0.008803783896794303
-0.002708374110263168
0.002706933524553856
0.002979559872793796
-0.001566779696714518
0.002113035542515223
-0.001664097021786297
-0.001274706523459216
-0.0008509298769527889
0.001091992099586091
-0.0001622883141465821
0.001136231290646106
-0.0005516938897956202
0.001138196878527429
0.00082529048718323
-0.0006422255300931128
-0.0008214764002952533
0.0006001554816150522
9.656321876072647e-05
-0.000528440980479839
-0.0006415482472038147
0.0005016046633812597
0.0004645820136116225
0.0005357460509608271
0.0004250010209007848
-7.554061324255456e-06
0.0004967571668511214
-0.0004310451518255755
-0.0004031523712618394
0.0004252056907981584
0.0003715142201398696
5.169407116733348e-05
-0.0003700812971761838
-0.000396238328254815
-0.0003201814650160013
6.671960899015722e-05
0.0003541548943108813
0.000334424422497834
0.0002976999636422422
-0.0003320746661004095
2.828499566056927e-05
0.0003081911757146618
0.0002812068696016926
0.0003004708251802453
6.967267762022673e-05
-0.0002642222112453175
0.0002736797191778253
0.0002759669896072053
-0.0001021006345044144
-0.0002372221586655177
-0.0002434683628656838
-0.0002460148855559645
-9.737623569119156e-05
-0.0002168063403611008
0.0002460998318985218
-0.0002225674604134492
-8.765345408282234e-05
0.0002133219192092034
-0.0002140483550882542
-0.000213265436059202
6.100986941630774e-05
-0.000213954152185205
-0.0002215547430639871

-0.02082935889029481
-0.01237780491046219
-0.003807877016788526
0.003805851604868626
0.0041891544882107
-0.002202836149883071
0.002970852308592186
-0.002339660824166702
-0.001792191726925181
-0.001196376936653961
0.001535301789651423
-0.0002281715584234965
0.001597500508152484
-0.0007756618538391381
0.001600264054329423
0.001160328872740893
-0.0009029460983153239
-0.001154966403152101
0.0008437971166103354
0.00013576442781407
-0.0007429690959883838
-0.0009019938628245618
0.0007052381951099885
0.0006531856752518517
0.0007532397635025305
0.000597536216827644
-1.062073972390602e-05
0.0006984227885690989
-0.0006060340484778323
-0.0005668177977982485
0.0005978239753745004
0.0005223356902285709
7.268001298509126e-05
-0.0005203210518520306
-0.0005570969009101099
-0.0004501636746624257
9.380538112520034e-05
0.0004979290997207654
0.0004701887628662703
0.0004185554887551884
-0.0004668850895122053
3.976769106151954e-05
0.00043330575725667
0.0003953667891234721
0.0004224512208579223
9.795728987479897e-05
-0.0003714869676660043
0.0003847838851620158
0.0003879997054825265
-0.000143549836064366
-0.0003335258605644177
-0.0003423078000037693
-0.0003458881197199968
-0.0001369075005055366
-0.0003048219510839931
0.0003460075512357417
-0.0003129218795816753
-0.000123237617720337
0.0002999229797154697
-0.0003009443225491283
-0.0002998435664292851
8.577769174043224e-05
-0.0003008118766405801
-0.0003114980352521754

0.01448114634311245
0.008605392285907107
0.002647341410128319
-0.002645933287747705
-0.002912416052610941
0.00153147261153649
-0.002065418684803482
0.001626596909028699
0.001245981252193739
0.0008317543325484922
-0.001067384263427276
0.0001586311775733848
-0.001110626532654512
0.0005392615719654508
-0.001112547826383354
-0.0008066927215952472
0.0006277530988114781
0.0008029645844363892
-0.000586631090946591
-9.438718482499163e-05
0.0005165326625788595
0.0006270910783642889
-0.0004903010968281996
-0.0004541127454936482
-0.0005236731146733297
-0.0004154237029937583
7.383831976010548e-06
-0.0004855628377187662
0.000421331630567183
0.0003940674085566748
-0.0004156237606935483
-0.0003631422172074112
-5.052915501623097e-05
0.0003617415848926183
0.0003873091722056664
0.000312966236045692
-6.521609517604794e-05
-0.0003461740805142789
-0.0003268882311651049
-0.0002909913510684345
0.0003245914260852758
-2.764759861417223e-05
-0.0003012461456540361
-0.000274869925793615
-0.0002936997717639192
-6.810261696111545e-05
0.0002582680135122508
-0.0002675123982859337
-0.0002697481255072986
9.979981594853812e-05
0.000231876402028696
0.0002379818491943415
0.0002404709864758033
9.518188057214811e-05
0.0002119206503420702
-0.0002405540185685325
0.0002175519446398042
8.567820001490381e-05
-0.0002085147499640866
0.0002092248157475561
0.0002084595396513008
-5.963502350741714e-05
0.000209132735689149
0.0002165620486849932

0.002841903303180422
0.001688795360740731
0.0005195367907911816
-0.0005192604488814372
-0.000571557292774893
0.0003005492086286228
-0.0004053353266183748
0.0003192172096866026
0.0002445219565087109
0.0001632305432938823
-0.000209472564680135
3.113113125522426e-05
-0.0002179587953170649
0.0001058292766563788
-0.0002183358463368292
-0.000158312239641569
0.0001231956063994575
0.0001575805983020724
-0.000115125473882172
-1.852334380002852e-05
0.0001013687621963257
0.0001230656858768754
-9.622085666525063e-05
-8.911894686088319e-05
-0.0001027700652363151
-8.152628015655342e-05
1.449065977622136e-06
-9.529098040436619e-05
8.268570210341012e-05
7.733513932663827e-05
-8.156554118083335e-05
-7.126611679443949e-05
-9.91627107033408e-06
7.099124479826056e-05
7.600884555429747e-05
6.141915556462251e-05
-1.279856110213684e-05
-6.79361453561302e-05
-6.41513262768732e-05
-5.710661726667671e-05
6.370058171640311e-05
-5.425799861769497e-06
-5.911910536090382e-05
-5.394281167728645e-05
-5.763814077587148e-05
-1.336503668366468e-05
5.068471123183488e-05
-5.249890791225791e-05
-5.293766603436768e-05
1.958556455967572e-05
4.550539696521e-05
4.670358183645699e-05
4.719207130382179e-05
1.867930165138541e-05
4.158911055449598e-05
-4.720836622773867e-05
4.269424363487366e-05
1.681421856139645e-05
-4.092070770119528e-05
4.106005704885138e-05
4.090987275996408e-05
-1.17032841375763e-05
4.104198647511026e-05
4.249997803488451e-05

-0.01205156645590036
-0.007161619291420334
-0.002203182688696676
0.002202010814588404
0.002423784331270885
-0.001274529206184225
0.001718892272020142
-0.001353693988145347
-0.001036936269259014
-0.0006922064300841171
0.0008883034588483578
-0.0001320167708554867
0.0009242907397547061
-0.0004487867546996233
0.0009258896876906334
0.0006713495405300043
-0.0005224315816559203
-0.0006682468930142548
0.0004882088344479764
7.855133865454531e-05
-0.0004298711968112247
-0.0005218806319434624
0.0004080406420750217
0.0003779238052787754
0.0004358136568141935
0.0003457258317375465
-6.145006731488494e-06
0.0004040973462067753
-0.0003506425544942527
-0.0003279525977985969
0.0003458923246799564
0.0003022158923005723
4.205160663460362e-05
-0.0003010502516100918
-0.0003223282271459935
-0.0002604582056414196
5.42744397706006e-05
0.000288094591255392
0.0002720444326848072
0.0002421701654276376
-0.0002701329749589954
2.300901214241459e-05
0.000250704457914685
0.0002287535184675393
0.0002444241798011381
5.667667425500094e-05
-0.0002149369983928602
0.0002226304029621122
0.0002244910301905501
-8.305586351334659e-05
-0.0001929732496580372
-0.0001980543530815296
-0.0002001258743999823
-7.921270401762386e-05
-0.0001763655818719044
0.0002001949757514657
-0.0001810520836069189
-7.130350711445849e-05
0.0001735311077374007
-0.0001741220419614391
-0.0001734851603560262
4.962973454380678e-05
-0.0001740454106701956
-0.0001802282678259423

-0.01646096956755352
-0.009781898282004686
-0.00300927877907698
0.003007678142007262
0.003310593710896476
-0.0017408514115346
0.002347797150118531
-0.001848980846114769
-0.001416328444457454
-0.0009454695388997462
0.001213314157654601
-0.000180318803817829
0.001262468393163102
-0.00061298795791101
0.001264652360982671
0.0009169815721712576
-0.0007135778073532467
-0.0009127437341670353
0.0006668337096147306
0.000107291545859577
-0.0005871516134083167
-0.0007128252772577561
0.0005573337388214489
0.0005161978138123367
0.0005952682888316756
0.000472219309894041
-8.393329545134673e-06
0.0005519476777213041
-0.0004789349533721502
-0.0004479432405503355
0.0004724467189424299
0.000412790040547335
5.743736464565112e-05
-0.0004111979175645395
-0.0004402610363746232
-0.0003557541347318543
7.413226360481948e-05
0.0003935020660247677
0.000371579507430427
0.0003307749028196045
-0.0003689686893621073
3.142750363961194e-05
0.0003424317052298443
0.0003124493998140004
0.0003338536114790319
7.741342285385111e-05
-0.0002935777189158726
0.0003040859710131485
0.0003066273608230585
-0.0001134441772945687
-0.0002635779175757922
-0.000270518084991268
-0.0002733475304005641
-0.0001081948902633518
-0.000240893869405352
0.0002734419144167251
-0.0002472950590531975
-9.739189216319891e-05
0.0002370223235246426
-0.0002378294675846983
-0.0002369595650070308
6.778816288830364e-05
-0.0002377247985892894
-0.0002461698271965596

0.01017865661963334
0.006048646362666031
0.001860790474053557
-0.001859800718556483
-0.00204710885662296
0.001076457171680774
-0.001451762662310973
0.00114331911322996
0.0008757880778282119
0.0005846320133993247
-0.0007502539951744839
0.000111500308568834
-0.0007806485647401769
0.0003790417028560407
-0.0007819990233757692
-0.0005670164513309366
0.0004412415345661261
0.0005643959800594397
-0.0004123372760463236
-6.634383223980551e-05
0.0003630657739824186
0.0004407762068464171
-0.0003446278620902861
-0.0003191914226580967
-0.0003680847281630028
-0.0002919972717795914
5.190023527151773e-06
-0.0003412973859452015
0.000296149896487571
0.0002769861405754652
-0.000292137890386868
-0.0002552491249979615
-3.551645056298485e-05
0.0002542646341955983
0.0002722358421155704
0.0002199809168949723
-4.583975765054444e-05
-0.0002433223871015128
-0.0002297665515693573
-0.0002045349844294128
0.0002281521496652534
-1.943322759008878e-05
-0.0002117429795921344
-0.0001932033917361719
-0.0002064387069378113
-4.786866567889316e-05
0.0001815340694092468
-0.0001880318573634456
-0.0001896033282361312
7.014831790066701e-05
0.0001629836629314119
0.0001672751222355508
0.0001690247125695433
6.690241613473231e-05
0.0001489569595757364
-0.0001690830750182257
0.0001529151414504864
6.022237170159117e-05
-0.0001465629853967042
0.0001470620837150218
0.000146524178605955
-4.19168767722837e-05
0.0001469973615394648
0.0001522193532321536

0.01043317671615386
0.006199894421577519
0.001907320049493367
-0.001906305544889166
-0.00209829737424804
0.001103374278080569
-0.001488064385293014
0.001171908120790365
0.0008976873985765224
0.0005992508970143373
-0.0007690143018045938
0.000114288404322481
-0.0008001688959068615
0.0003885197444484849
-0.000801553123130389
-0.0005811948529918055
0.0004522748999859397
0.0005785088561185031
-0.0004226478825654392
-6.800277793531501e-05
0.000372144333097909
0.0004517979366191531
-0.0003532453761690709
-0.0003271728916023398
-0.000377288787602381
-0.0002992987435331203
5.319801486899973e-06
-0.0003498316205558325
0.0003035552057592483
0.0002839122548819507
-0.0002994428783471751
-0.0002616316992765803
-3.640454913661246e-05
0.0002606225910120309
0.0002790431739080721
0.0002254815999706629
-4.698599334525849e-05
-0.0002494067300324996
-0.000235511927120198
-0.0002096494377334341
0.000233857156654337
-1.991916076838229e-05
-0.0002170376707893553
-0.0001980344954613959
-0.0002116007633445411
-4.906563477453889e-05
0.0001860733785336484
-0.0001927336454552662
-0.0001943444113875345
7.190239580211e-05
0.0001670591140612292
0.0001714578824806185
0.000173251221800096
6.8575329373521e-05
0.0001526816691465013
-0.0001733110436177683
0.0001567388264431008
6.172824859978624e-05
-0.0001502278329874516
0.0001507394113959264
0.0001501880558222767
-4.296501975623899e-05
0.0001506730708246366
0.0001560256398498116

0.01487195017838143
0.008837626684319307
0.002718785420969822
-0.002717339297480284
-0.002991013653677065
0.00157280258335106
-0.002121158301290733
0.001670494007740725
0.001279606646239999
0.0008542009521365097
-0.001096189846491938
0.0001629121696385511
-0.001140599098239793
0.0005538146664197719
-0.00114257224207381
-0.0008284630015176107
0.0006446943210608046
0.0008246342528279566
-0.0006024625503350765
-9.693441920518641e-05
0.0005304723701680973
0.000644014434615295
-0.0005035328910893296
-0.0004663679218713078
-0.0005378055222048125
-0.0004266347751384719
7.583100030269684e-06
-0.0004986667602086385
0.0004327021404180086
0.0004047021367039677
-0.000426840231811182
-0.000372942364783459
-5.189278929665046e-05
0.0003715039334941978
0.0003977615152968987
0.0003214122804718751
-6.697608706565482e-05
-0.0003555163076509287
-0.000335709989568649
-0.0002988443575455366
0.0003333512004294528
-2.839372653239829e-05
-0.0003093758990791665
-0.0002822878620988758
-0.0003016258706033929
-6.994050764117237e-05
0.0002652379127051129
-0.0002747317764177534
-0.0002770278393854698
0.0001024931214305753
0.0002381340687267473
0.0002444042840751814
0.0002469605959003784
9.775056146897401e-05
0.0002176397695999414
-0.0002470458687866528
0.0002234230360797488
8.79904043370756e-05
-0.0002141419539205553
0.000214871182305243
0.0002140852536427615
-6.12443985769898e-05
0.0002147766172749971
0.0002224064257250229

0.009780872102635075
0.005812263708080343
0.001788070304033177
-0.001787119228435361
-0.001967107316320761
0.00103438894872094
-0.00139502740430918
0.001098637908408255
0.0008415620546356744
0.0005617844440429564
-0.0007209338761991104
0.0001071428478501354
-0.0007501406181735472
0.0003642286556801948
-0.0007514383005384333
-0.0005448573026680133
0.0004239977019792932
0.0005423392400873501
-0.0003962230293119645
-6.375109822297424e-05
0.0003488770702134026
0.0004235505593865593
-0.0003311597166572725
-0.0003067173398162582
-0.0003536998823745356
-0.0002805859433440196
4.98719607367585e-06
-0.0003279593963759718
0.0002845762824110057
0.0002661614510057565
-0.0002807210665399069
-0.0002452739235842728
-3.412845854589624e-05
0.0002443279069354811
0.0002615967954307194
0.0002113840061192276
-4.404832813899218e-05
-0.000233813285670416
-0.0002207872156752451
-0.0001965417046645971
0.0002192359050125374
-1.867377206078493e-05
-0.0002034680095236432
-0.0001856529535264896
-0.0001983710292080172
-4.59979459200866e-05
0.0001744396713155239
-0.0001806835240462852
-0.0001821935814333472
6.740690360630593e-05
0.0001566142194910094
0.0001607379674624984
0.0001624191833565003
6.428785251571125e-05
0.0001431356833078835
-0.0001624752649856851
0.0001469391784175475
5.786886593603866e-05
-0.000140835266255116
0.0001413148596828704
0.0001407979760437182
-4.027875445378283e-05
0.0001412526668665751
0.0001462705817816305

-0.0009873066646333868
-0.0005867050131490208
-0.0001804924662623657
0.0001803964622186939
0.0001985649278584285
-0.0001044139103527656
0.0001408176938793434
-0.0001108993674192507
-8.49494622283827e-05
-5.670798266971135e-05
7.277294021061185e-05
-1.081527768079308e-05
7.572114469602293e-05
-3.676618765998006e-05
7.585213612857538e-05
5.499931300135576e-05
-4.279943061954848e-05
-5.474513321636575e-05
3.999578293384438e-05
6.435201635677105e-06
-3.521655870209254e-05
-4.275429488328261e-05
3.342812296114285e-05
3.096084588183751e-05
3.570338590309371e-05
2.832307476867733e-05
-5.034205405932731e-07
3.310507430967663e-05
-2.872586997073586e-05
-2.686702900205018e-05
2.833671445548719e-05
2.475858766727881e-05
3.445015354708417e-06
-2.466309428668227e-05
-2.640626079811266e-05
-2.133765126957392e-05
4.446352787484615e-06
2.360172107354616e-05
2.228683569473753e-05
1.983943076423288e-05
-2.213024236232916e-05
1.884979111886264e-06
2.053858998816238e-05
1.874029190874643e-05
2.002408754072301e-05
4.643152276184293e-06
-1.760839404290254e-05
1.823866477433968e-05
1.83910938938055e-05
-6.804228137794144e-06
-1.580904658166475e-05
-1.622530842543196e-05
-1.639501472974411e-05
-6.489383009784489e-06
-1.444848808919835e-05
1.640067575520613e-05
-1.483242277633317e-05
-5.84143381222844e-06
1.421627800977435e-05
-1.426468941755395e-05
-1.421251383889284e-05
4.065842217152528e-06
-1.425841151292453e-05
-1.476493289329034e-05

0.01189340060625523
0.007067629551229537
0.002174267919553038
-0.002173111425227348
-0.002391974366191226
0.001257802169451716
-0.001696333374166888
0.001335927985644427
0.001023327423748531
0.0006831218502044034
-0.0008766452838034466
0.0001302841707984008
-0.0009121602643759543
0.0004428968366855453
-0.0009137382275745089
-0.0006625386883579135
0.0005155751422634188
0.0006594767602691175
-0.0004818015374888579
-7.752042377185417e-05
0.0004242295282921377
0.0005150314232645407
-0.000402685479733316
-0.0003729638990308878
-0.0004300939989118535
-0.0003411884946102979
6.06435910660914e-06
-0.0003987939360371313
0.0003460406898522742
0.0003236485182033976
-0.0003413528024842905
-0.0002982495835591072
-4.149971754062621e-05
0.0002970992408426151
0.0003180979623004747
0.0002570399285615571
-5.356213710755879e-05
-0.0002843136117478262
-0.0002684740969120215
-0.0002389919022439022
0.0002665877253305118
-2.270703978320084e-05
-0.0002474141899034514
-0.0002257513365735753
-0.0002412163347286742
-5.593284444903757e-05
0.0002121161457597158
-0.0002197085813906489
-0.000221544789578859
8.196583083847267e-05
0.0001904406512524397
0.0001954550698143568
0.0001974994042995317
7.817310931602166e-05
0.0001740509440024834
-0.0001975675987585845
0.0001786759396642655
7.0367713429305e-05
-0.0001712536697632197
0.0001718368485130252
0.0001712083253994617
-4.897838941284858e-05
0.0001717612229377281
0.0001778629357162631

-0.00830088503917728
-0.004932784352139433
-0.001517509469502997
0.00151670230536494
0.001669455598760485
-0.0008778709770487297
0.001183939631165883
-0.0009323981421781524
-0.0007142215740641617
-0.0004767783524683989
0.0006118461793980238
-9.093058915825125e-05
0.0006366335199291522
-0.0003091156051371978
0.0006377348442299118
0.0004624125318012859
-0.0003598407324086109
-0.0004602754884186467
0.000336268768437039
5.410463728767879e-05
-0.000296086936037837
-0.0003594612489412314
0.0002810504736932669
0.0002603065811126965
0.0003001799871374602
0.0002381292419394976
-4.232561354551905e-06
0.0002783344080433919
-0.000241515785134724
-0.0002258873834025995
0.000238243919046398
0.0002081604402364803
2.896433037678808e-05
-0.0002073575695553667
-0.0002220134260729617
-0.0001793985562334406
3.738318058072192e-05
0.0001984339621882823
0.0001873789245180732
0.0001668021091274052
-0.0001860623495402775
1.584816093062404e-05
0.0001726803641314568
0.0001575609831348189
0.0001683546304747148
3.903779306326941e-05
-0.0001480444323029414
0.0001533435000318519
0.0001546250639497621
-5.720726657208923e-05
-0.0001329162285176208
-0.0001364159939252839
-0.0001378428175986843
-5.45601729118572e-05
-0.0001214771893216908
0.0001378904132682344
-0.0001247051607460144
-4.911247161214419e-05
0.000119524858558443
-0.0001199318825812241
-0.0001194932108940537
3.418399777992371e-05
-0.0001198791004353048
-0.0001241377324273679

-0.006637379299532892
-0.003944249389483623
-0.001213399040245404
0.001212753632615165
0.00133489501184569
-0.0007019447472436263
0.0009466769341713614
-0.0007455446134487586
-0.0005710908497828638
-0.0003812314894379985
0.0004892315875316633
-7.270800731786312e-05
0.0005090515200033577
-0.000247168525888142
0.0005099321378027195
0.0003697445937314264
-0.0002877282864591756
-0.0003680358159995345
0.0002688801678579561
4.32620133693115e-05
-0.0002367508152256298
-0.0002874248518616948
0.000224727675110692
0.0002081408795393519
0.0002400236147539429
0.0001904079015193058
-3.38435178732325e-06
0.000222555911758316
-0.0001931157780402965
-0.0001806193237884498
0.0001904995972182526
0.0001664448779240149
2.31598493365944e-05
-0.000165802903337714
-0.0001775217114175309
-0.0001434469045035633
2.989155346280821e-05
0.0001586675958932879
0.0001498279989296467
0.0001333747981107337
-0.0001487752669061706
1.267217348513141e-05
0.0001380750448792459
0.0001259856030938005
0.0001346161926131337
3.121457993390621e-05
-0.0001183761786533699
0.0001226133078612236
0.0001236380450765548
-4.574287261374284e-05
-0.0001062796821749839
-0.0001090780910627723
-0.0001102189778319605
-4.362625919464476e-05
-9.713303797893362e-05
0.0001102570352813158
-9.971412067196087e-05
-3.927028273357071e-05
9.557195627106503e-05
-9.589741226888145e-05
-9.55466508305569e-05
2.73334901241089e-05
-9.585520771827952e-05
-9.926040556104065e-05

0.008390452977797044
0.004986009920736128
0.001533883650614191
-0.001533067777040474
-0.001687469304033036
0.0008873433517916067
-0.001196714537903377
0.0009424588741572586
0.0007219281443640738
0.0004819228706743003
-0.0006184481020585346
9.1911745431356e-05
-0.000643502902141902
0.0003124510142431778
-0.0006446161099162067
-0.0004674020403983332
0.000363723474126245
0.0004652419379599224
-0.000339897164718712
-5.4688435377732e-05
0.0002992817636241037
0.0003633398959685476
-0.0002840830553346561
-0.0002631153326819506
-0.0003034189794300472
-0.0002406986963078923
4.278231399833365e-06
-0.0002813376828818924
0.0002441217808708611
0.0002283247460689096
-0.0002408146108000072
-0.0002104065262196017
-2.927686034836205e-05
0.0002095949924294857
0.0002244089880913552
0.000181334296675237
-3.778655135478196e-05
-0.0002005750978456749
-0.000189400774469178
-0.0001686019317971212
0.0001880699934270316
-1.60191652390571e-05
-0.0001745436141563119
-0.0001592610925086599
-0.0001701712051095943
-3.945901738290337e-05
0.000149641856500848
-0.0001549981020572868
-0.00015629349426435
5.782454255131947e-05
0.0001343504168651593
0.00013788794532716
0.0001393301646668304
5.514888630752306e-05
0.0001227879485221401
-0.0001393782739015946
0.0001260507502982894
4.96424033991744e-05
-0.0001208145517832515
0.0001212259676633777
0.0001207825626352886
-3.455284883623638e-05
0.0001211726159892384
0.0001254771993331692

0.004369429573550114
0.002596524795423336
0.0007987884090546149
-0.0007983635330515506
-0.0008787699902510189
0.0004620947514359675
-0.0006232035274911969
0.0004907968243781614
0.0003759527873299243
0.0002509671466923416
-0.0003220643073729198
4.786414985066151e-05
-0.0003351118966667216
0.0001627126336960148
-0.000335691613039944
-0.0002434052492108837
0.0001894133855043657
0.0002422803498162396
-0.0001770055475453279
-2.84796622426657e-05
0.000155854587620378
0.0001892136325531349
-0.0001479396769886357
-0.0001370204825551795
-0.0001580090926444307
-0.0001253467488281908
2.227940595148323e-06
-0.0001465099911758223
0.0001271293613953499
0.0001189028650165144
-0.0001254071126978247
-0.00010957173594378
-1.524627809313238e-05
0.0001091491199358431
0.0001168636868273473
9.443202180959877e-05
-1.967780230804741e-05
-0.0001044519010551187
-9.863273739907686e-05
-8.780148925227745e-05
9.793971712273794e-05
-8.342173482683779e-06
-9.089569199503269e-05
-8.293713454621092e-05
-8.861870725450707e-05
-2.054875916142482e-05
7.792780139115748e-05
-8.071713085876002e-05
-8.139172197247141e-05
3.011282787344158e-05
6.996459979251231e-05
7.18068104002484e-05
7.2557863513886e-05
2.871944761720435e-05
6.394330496431822e-05
-7.25829169780904e-05
6.564244833729124e-05
2.585188023680281e-05
-6.291563481421055e-05
6.312988459525882e-05
6.289897607961224e-05
-1.79938127243979e-05
6.3102101067587e-05
6.534376475538168e-05

0.0008940004031356716
0.0005312579536499852
0.000163434871233115
-0.0001633479401332624
-0.0001797993793751619
9.454618437404068e-05
-0.0001275095971760255
0.0001004187277688693
7.692124058197419e-05
5.134874622423103e-05
-6.589547120056487e-05
9.793170605437942e-06
-6.85650530972475e-05
3.329156762245119e-05
-6.868366507220363e-05
-4.980155584539247e-05
3.875463379131393e-05
4.95713975386017e-05
-3.621594723041996e-05
-5.8270373964223e-06
3.18883876756881e-05
3.87137636466773e-05
-3.026896958543701e-05
-2.803486463853581e-05
-3.232920685531745e-05
-2.564637834249907e-05
4.5584435146392e-07
-2.997645092334544e-05
2.601110703919878e-05
2.432793742736723e-05
-2.565872899899561e-05
-2.241875614587657e-05
-3.119441229602982e-06
2.233228744894972e-05
2.391071451706537e-05
1.932111827085459e-05
-4.026146411124196e-06
-2.137122021985056e-05
-2.018059920928687e-05
-1.79644883768217e-05
2.003880486383021e-05
-1.706837547327279e-06
-1.859757295980209e-05
-1.696922457981071e-05
-1.813169400655111e-05
-4.204347195671716e-06
1.594429769067562e-05
-1.65150041470889e-05
-1.665302782214246e-05
6.161188733045432e-06
1.431499910156551e-05
1.469192176350869e-05
1.484558982816769e-05
5.876098313383689e-06
1.308302135407653e-05
-1.48507158536082e-05
1.343067196494884e-05
5.289384109408359e-06
-1.287275648700461e-05
1.291659273321324e-05
1.286934805228006e-05
-3.681596317953282e-06
1.291090812736952e-05
1.336956027103545e-05

-0.005298304323427984
-0.003148506759956985
-0.0009685987632841232
0.0009680835650585165
0.001065583220938085
-0.0005603291180586912
0.0007556871871947781
-0.0005951328183131205
-0.0004558746731089225
-0.0003043189725285437
0.0003905303160177679
-5.803934537041393e-05
0.0004063516257796065
-0.000197302882693558
0.0004070545811002205
0.0002951495298256443
-0.0002296798111607565
-0.000293785493805366
0.0002146342542072176
3.453400839860606e-05
-0.0001889869195773145
-0.0002294375937482688
0.0001793894184586725
0.0001661489681662478
0.0001915994398369072
0.0001519935749197812
-2.701567124246749e-06
0.0001776558030300404
-0.0001541551440016275
-0.0001441798187110206
0.0001520667712365969
0.0001328650324954826
1.848740660017045e-05
-0.0001323525747056485
-0.0001417071420299941
-0.0001145068437428292
2.386100594810016e-05
0.0001266567980179089
0.0001196005680367417
0.0001064667600834714
-0.0001187602221141081
1.011559360005573e-05
0.0001102187436075295
0.000100568317017615
0.000107457706293155
2.491711507724507e-05
-9.449407527365846e-05
9.787637406778705e-05
9.869437306609345e-05
-3.6514360382033e-05
-8.483801725778769e-05
-8.707185402374019e-05
-8.798256968859973e-05
-3.482476852305801e-05
-7.75366860694059e-05
8.801294914098965e-05
-7.959704166675837e-05
-3.134759961723864e-05
7.629054876298399e-05
-7.655034481237172e-05
-7.627034863295933e-05
2.181902560685697e-05
-7.651665492623009e-05
-7.923486246541066e-05

-0.008381363814596386
-0.004980608703660571
-0.001532222033670603
0.001531407043912017
0.001685641311677728
-0.0008863821154244244
0.001195418167639592
-0.0009414379325537376
-0.0007211460980620542
-0.0004814008159493109
0.0006177781530408203
-9.18121797873403e-05
0.0006428058118998188
-0.0003121125440475804
0.0006439178137646119
0.0004668957157175638
-0.0003633294617856584
-0.0004647379532628928
0.0003395289628099662
5.462919279384605e-05
-0.0002989575593410235
-0.0003629462991483704
0.0002837753154236704
0.0002628303065688543
0.0003030902934068117
0.0002404379535638645
-4.273596901134958e-06
0.0002810329169626765
-0.0002438573299868397
-0.0002280774077088513
0.0002405537424887657
0.0002101785982089736
2.92451454740378e-05
-0.0002093679435326969
-0.0002241658915718061
-0.0001811378618676241
3.774561814975051e-05
0.0002003578199700975
0.000189195601452397
0.0001684192896348886
-0.0001878662620113591
1.600181208690028e-05
0.000174354535521474
0.0001590885690388025
0.0001699868629936804
3.941627243818282e-05
-0.0001494797533034458
0.0001548301965760138
0.0001561241855178096
-5.77619027027125e-05
-0.0001342048784933616
-0.0001377385748412223
-0.0001391792318615596
-5.508914492892229e-05
-0.0001226549354766915
0.0001392272889808148
-0.0001259142027430972
-4.958862705272336e-05
0.0001206836764680458
-0.0001210946466718666
-0.0001206517219731162
3.451541861847203e-05
-0.0001210413527922293
-0.0001253412730910761

-0.005353010896256579
-0.003181016031575195
-0.0009785998344854817
0.0009780793166845527
0.001076585685598943
-0.0005661146833704362
0.0007634898828532123
-0.0006012777422132418
-0.0004605817151138522
-0.0003074611567100664
0.0003945626580409094
-5.863861892674838e-05
0.0004105473275461236
-0.0001993400938204072
0.0004112575410900642
0.00029819703677557
-0.0002320513237332861
-0.0002968189166764249
0.0002168504169156246
3.489058233815067e-05
-0.0001909382659040488
-0.0002318066053538142
0.0001812416677230574
0.0001678645058312263
0.0001935777612146822
0.0001535629539263916
-2.729461610786227e-06
0.0001794901521979171
-0.0001557468418539079
-0.0001456685183536196
0.0001536369060170003
0.0001342369035947689
1.86782945888239e-05
-0.0001337191545253624
-0.000143170310548194
-0.0001156891610662942
2.410737795317599e-05
0.0001279645672440647
0.0001208354795831736
0.0001075660611444694
-0.0001199864568381841
1.022004012184678e-05
0.0001113567850177812
0.000101606714894245
0.0001085672391693946
2.517439172415717e-05
-9.546975479209569e-05
9.888697683032755e-05
9.971342191233165e-05
-3.689138204662406e-05
-8.571399509642983e-05
-8.79708968934542e-05
-8.889101596923417e-05
-3.518434464763453e-05
-7.833727548525611e-05
8.892170909854041e-05
-8.041890486883226e-05
-3.167127293548448e-05
7.707827143938484e-05
-7.734074996047263e-05
-7.705786273697317e-05
2.204431355570478e-05
-7.73067122162104e-05
-8.005298605916649e-05

0.0008127201467773883
0.0004829573236796755
0.0001485757859516555
-0.000148496758407807
-0.0001634524743878587
8.59502843312534e-05
-0.0001159167469824307
9.12889109280988e-05
6.9927755867611e-05
4.668024804219095e-05
-5.990442156213347e-05
8.902800293995755e-06
-6.233129182225925e-05
3.02647824650591e-05
-6.243911989636209e-05
-4.527372430089254e-05
3.523116047015903e-05
4.50644914054537e-05
-3.292328487273101e-05
-5.297257888797376e-06
2.898917609144652e-05
3.519400613567217e-05
-2.751699139955525e-05
-2.548600562597139e-05
-2.938991710576598e-05
-2.331467446516022e-05
4.144001355372359e-07
-2.725106779464769e-05
2.364624295087885e-05
2.21161028646481e-05
-2.332590223118382e-05
-2.038049951828264e-05
-2.835829519868094e-06
2.030189233665218e-05
2.173681280646114e-05
1.756449104710587e-05
-3.660099358702026e-06
-1.942820291018376e-05
-1.834583015167403e-05
-1.633120251309584e-05
1.821692738960288e-05
-1.551656192911326e-06
-1.690672864642697e-05
-1.542642558417645e-05
-1.648320622972087e-05
-3.82209857846601e-06
1.449468245649316e-05
-1.50135017248127e-05
-1.513897663629269e-05
5.601029030734222e-06
1.301351557575977e-05
1.335616938224126e-05
1.349586633500251e-05
5.341858311230194e-06
1.189354613028041e-05
-1.350052631515855e-05
1.220958922657153e-05
4.808486679292466e-06
-1.170239801330773e-05
1.174224877885653e-05
1.169929946485776e-05
-3.346874888884643e-06
1.173708100298756e-05
1.215403365337467e-05

0.007179006191597562
0.004266110088102665
0.001312415462441585
-0.0013117173879213
-0.00144382581176975
0.000759225209108814
-0.001023928159768943
0.0008063829343666261
0.0006176933035668668
0.0004123409405425877
-0.000529154119045627
7.864116410380968e-05
-0.0005505914079982208
0.0002673381010248957
-0.0005515438864312154
-0.0003999166851735533
0.0003112076403612021
0.0003980684668686581
-0.0002908214677418836
-4.679230277846029e-05
0.0002560702788961982
0.0003108794447349915
-0.0002430660202222878
-0.0002251257002961027
-0.0002596101471208637
-0.0002059456665422447
3.660523429398616e-06
-0.0002407170355025469
0.0002088745126173077
0.0001953583161792754
-0.0002060448448415258
-0.0001800271997805349
-2.504975145771224e-05
0.0001793328384487681
0.0001920079308258115
0.000155152533721991
-3.233077961976144e-05
-0.000171615271919761
-0.0001620543415481563
-0.0001442585180430513
0.0001609157039362832
-1.370625480408952e-05
-0.0001493423168031351
-0.0001362663460752053
-0.0001456012134679904
-3.376176838793579e-05
0.0001280359734074694
-0.0001326188630458674
-0.0001337272214026231
4.947560639463897e-05
0.0001149523723058721
0.0001179791384171767
0.0001192131244244427
4.718627198187563e-05
0.000105059338873192
-0.0001192542874576106
0.0001078510444241279
4.247483685463992e-05
-0.0001033708689604913
0.0001037228829886436
0.0001033434985322403
-2.956397186053011e-05
0.0001036772344402327
0.0001073603050158189

0.004615168390824073
0.002742554596684319
0.0008437126527318323
-0.0008432638814986512
-0.0009281924364593851
0.0004880831821396599
-0.0006582527931192958
0.0005183994734458297
0.0003970965526095478
0.0002650816595286141
-0.0003401773586644038
5.055605262107304e-05
-0.0003539587506451021
0.0001718636703443714
-0.00035457107054559
-0.0002570944773018499
0.0002000660852553653
0.0002559063130250624
-0.0001869604245315236
-3.008137212219947e-05
0.0001646199244644833
0.0001998550981021524
-0.0001562598754582745
-0.0001447265802868828
-0.0001668955998855921
-0.0001323963101697268
2.353241044004035e-06
-0.0001547497834288742
0.000134279177723586
0.0001255900192383463
-0.0001324600689323583
-0.0001157341029860359
-1.610373609385423e-05
0.0001152877188508768
0.0001234361566886673
9.974292405933981e-05
-2.07844913584897e-05
-0.0001103263261248671
-0.0001041798899106541
-9.273948716724098e-05
0.0001034478938411942
-8.811341324990962e-06
-9.600770935798863e-05
-8.76015588167924e-05
-9.360266590231871e-05
-2.170443124351367e-05
8.231049835978869e-05
-8.525670105599461e-05
-8.596923149784894e-05
3.180638777225008e-05
7.389944247955453e-05
7.584525989643553e-05
7.663855259782365e-05
3.033464314133768e-05
6.753950713900511e-05
-7.666501508088866e-05
6.933421115113604e-05
2.730580239454698e-05
-6.645404032619983e-05
6.668033961782912e-05
6.643644469637606e-05
-1.900579339206518e-05
6.665099353119225e-05
6.901872946118075e-05

0.003375740228365473
0.002006026887106545
0.0006171291059870775
-0.0006168008546691959
-0.000678921391828445
0.0003570058323360897
-0.0004814754838814875
0.0003791805214201754
0.000290454148943893
0.0001938925616780741
-0.0002488209090496771
3.697895421532656e-05
-0.0002589012344836699
0.0001257087622045448
-0.000259349112598944
-0.0001880503799696386
0.0001463372677084831
0.0001871813035660529
-0.0001367512022872859
-2.200285870375791e-05
0.0001204103630346408
0.0001461829422841262
-0.0001142954499152466
-0.0001058594828651151
-0.0001220748936465657
-9.684057275477257e-05
1.721265571821358e-06
-0.0001131909011793293
9.821778615373312e-05
9.186214766657445e-05
-9.688720876058408e-05
-8.465309045289519e-05
-1.17789916110311e-05
8.432658516539218e-05
9.028671642778192e-05
7.29564281796057e-05
-1.520270500735639e-05
-8.069760099934297e-05
-7.620182311379731e-05
-6.783380173318161e-05
7.566640850497396e-05
-6.445008471578738e-06
-7.022432536964352e-05
-6.407569152912145e-05
-6.846516920094688e-05
-1.587559011458098e-05
6.020557366495774e-05
-6.236055786493421e-05
-6.288173444460021e-05
2.326461217216334e-05
5.40533518404277e-05
5.547660957992116e-05
5.605685928221512e-05
2.218811243570911e-05
4.940141116115963e-05
-5.607621512388406e-05
5.071413780919131e-05
1.997268307573702e-05
-4.860745226817436e-05
4.877297767432508e-05
4.859458203886551e-05
-1.390168589582502e-05
4.875151263627141e-05
5.048338041487865e-05

-0.006370623194611256
-0.00378573010702195
-0.001164632563735776
0.001164013095022201
0.001281245615333719
-0.0006737336057381922
0.0009086300123091789
-0.000715581194431437
-0.0005481387230818055
-0.0003659098055915979
0.0004695693824950027
-6.978587435644671e-05
0.0004885927523857355
-0.0002372348291307521
0.0004894379781782422
0.0003548845679309381
-0.0002761644939582189
-0.0003532444659324524
0.0002580738807629727
4.152331415434638e-05
-0.0002272358059944194
-0.0002758732543892229
0.0002156958755742952
0.0001997757028943707
0.0002303770717930639
0.0001827554128089747
-3.248334775227968e-06
0.0002136113953356659
-0.0001853544598415643
-0.0001733602377677976
0.0001828434232601218
0.0001597554625213968
2.222905558188672e-05
-0.0001591392888773643
-0.0001703871183590628
-0.0001376817770666812
2.869021269079875e-05
0.0001522907492573292
0.0001438064154704869
0.0001280144683732035
-0.0001427959927202024
1.216287915566641e-05
0.0001325258123438524
0.0001209222449156849
0.0001292059712621986
2.996006676174874e-05
-0.0001136186430496297
0.0001176854821426012
0.000118669035195363
-4.390446772897978e-05
-0.0001020083044564665
-0.0001046942453623008
-0.0001057892799213989
-4.187292094924583e-05
-9.322926365761325e-05
0.0001058258078427906
-9.57066127029512e-05
-3.769201107113697e-05
9.173092178378941e-05
-9.20432977133784e-05
-9.170663336832309e-05
2.623495785251948e-05
-9.200278936255513e-05
-9.527113239082908e-05

-0.0002594933945387516
-0.0001542034313239052
-4.743875883442549e-05
4.741352613196726e-05
5.218873629850369e-05
-2.744306404988802e-05
3.701105513080339e-05
-2.914763399723755e-05
-2.232723135327506e-05
-1.490453518400171e-05
1.912688120339742e-05
-2.842574874448186e-06
1.990175654562863e-05
-9.663241606551648e-06
1.993618496859899e-05
1.445544625516379e-05
-1.12489563107065e-05
-1.438864028941883e-05
1.051207477118856e-05
1.691361333617672e-06
-9.255953280686206e-06
-1.123709330422982e-05
8.785899468682219e-06
8.137426073833133e-06
9.383905868711225e-06
7.444141803946378e-06
-1.323138085035329e-07
8.700992727783212e-06
-7.550008297126021e-06
-7.061449908753525e-06
7.44772671705331e-06
6.50728916142075e-06
9.05451933684517e-07
-6.482190676429076e-06
-6.940346395954649e-06
-5.608165889866481e-06
1.1686330290973e-06
6.203230402158799e-06
5.857639632231087e-06
5.214389225889078e-06
-5.816482272691751e-06
4.954282654999685e-07
5.398148950038525e-06
4.925503023781607e-06
5.262922488618245e-06
1.220357755766271e-06
-4.628006784752283e-06
4.793660575446685e-06
4.833723456671065e-06
-1.788352413630176e-06
-4.155085049911477e-06
-4.264490974879595e-06
-4.309094811279103e-06
-1.705601801332456e-06
-3.797490034773411e-06
4.310582696229388e-06
-3.89839942677028e-06
-1.535301586837912e-06
3.73645835747586e-06
-3.749182307372368e-06
-3.735469022019647e-06
1.06862359627164e-06
-3.747532288350456e-06
-3.880661089244455e-06

0.00353970663264248
0.002103463595297913
0.0006471042917647804
-0.0006467600966289979
-0.0007118979515972771
0.0003743463143264511
-0.0005048617039395901
0.0003975980720796212
0.0003045620835560937
0.000203310308306594
-0.0002609066345516856
3.877509543071909e-05
-0.0002714765814030443
0.0001318146863368447
-0.0002719462138474428
-0.0001971843602349316
0.0001534451593040761
0.0001962730710651405
-0.0001433934796554116
-2.307158123019925e-05
0.0001262589334011032
0.0001532833379874377
-0.0001198470068124112
-0.0001110012880959504
-0.0001280043135692244
-0.0001015443116175192
1.804870857632781e-06
-0.0001186888079516688
0.0001029884190052574
9.632407453983902e-05
-0.0001015932128267236
-8.876485910613488e-05
-1.235112061676307e-05
8.842249480863629e-05
9.467212147828028e-05
7.650006672648731e-05
-1.594113056936989e-05
-8.461724367754751e-05
-7.990309693527701e-05
-7.112862414433872e-05
7.934167617601354e-05
-6.758055327419223e-06
-7.363526025940003e-05
-6.718797506720405e-05
-7.179065838338597e-05
-1.664669904204032e-05
6.312987789557694e-05
-6.538953395613609e-05
-6.593602511689405e-05
2.439462056935228e-05
5.667883044387692e-05
5.817121863715922e-05
5.877965221940808e-05
2.326583310366708e-05
5.180093577098529e-05
-5.879994821272156e-05
5.317742415827911e-05
2.094279594169544e-05
-5.096841271842194e-05
5.114197802214972e-05
5.095491735653576e-05
-1.45769183768641e-05
5.111947038458368e-05
5.293545841923971e-05

0.002549581527045436
0.001515083729235969
0.000466096577931382
-0.0004658486609000671
-0.0005127661851397234
0.0002696343360556289
-0.0003636420211231282
0.0002863821228615137
0.00021937011810876
0.0001464404427011607
-0.0001879259511514583
2.792894363275762e-05
-0.0001955392773479425
9.494354311134447e-05
-0.0001958775444217345
-0.0001420280419967698
0.0001105235501632721
0.0001413716582129902
-0.0001032835217068093
-1.661800917674784e-05
9.094184282260856e-05
0.000110406993430674
-8.63234573800049e-05
-7.995205902031936e-05
-9.219900605564075e-05
-7.314038363775787e-05
1.300013214340378e-06
-8.548922937005494e-05
7.418054597349913e-05
6.93803488661386e-05
-7.317560622328596e-05
-6.393559368474786e-05
-8.896270858273145e-06
6.368899537053247e-05
6.819047935253703e-05
5.510150336893811e-05
-1.148208488383733e-05
-6.094814732958016e-05
-5.755263953832491e-05
-5.123255822677713e-05
5.714825913472827e-05
-4.867695210288071e-06
-5.303803924462962e-05
-4.839418569076601e-05
-5.17094085540261e-05
-1.199029206897327e-05
4.54712175870501e-05
-4.709880369724773e-05
-4.749243060274037e-05
1.75709685625764e-05
4.082465415117981e-05
4.189959220782577e-05
4.233783502924994e-05
1.675792500582073e-05
3.73112019248826e-05
-4.235245383668244e-05
3.830265961577427e-05
1.508468672664505e-05
-3.671155183634818e-05
3.683656753341819e-05
3.670183139085712e-05
-1.049946949619109e-05
3.682035572185036e-05
3.81283764215864e-05

0.003832721722188393
0.002277587226913837
0.0007006712513110129
-0.0007002985638795496
-0.0007708284968891031
0.0004053345091678637
-0.0005466538954235886
0.0004305110354364301
0.0003297735757634765
0.0002201402307766532
-0.0002825043512047065
4.198487783332183e-05
-0.0002939492728053486
0.0001427262380921228
-0.0002944577811814093
-0.0002135071798829492
0.0001661472704563957
0.0002125204546656465
-0.0001552635179501097
-2.49814348259134e-05
0.0001367105827936208
0.0001659720536544943
-0.0001297678802286467
-0.000120189917478778
-0.0001386004446319202
-0.000109950097364579
1.95427713641707e-06
-0.0001285138062635081
0.0001115137472171161
0.0001042977317538509
-0.0001100030465906765
-9.611276836495451e-05
-1.337354001167557e-05
9.574206332748093e-05
0.0001025090308697463
8.283270279734706e-05
-1.726072913671192e-05
-9.162181547023047e-05
-8.651743409186354e-05
-7.701661496843922e-05
8.590953921166569e-05
-7.317483662149857e-06
-7.973074912838058e-05
-7.274976099296121e-05
-7.773345206039036e-05
-1.802470420368193e-05
6.835573663032884e-05
-7.080244585423663e-05
-7.139417527145231e-05
2.641399467925204e-05
6.137067479751296e-05
6.298660211573991e-05
6.364540151619904e-05
2.519176676928824e-05
5.608899051923825e-05
-6.366737760135649e-05
5.757942390534394e-05
2.267642978908837e-05
-5.518755163773156e-05
5.537548458781121e-05
5.517293913676906e-05
-1.578358816247399e-05
5.535111377959168e-05
5.731742836724862e-05

5.141839291351641e-05
3.055527727292557e-05
9.399949256806348e-06
-9.394949418251454e-06
-1.034115320517202e-05
5.43781953505368e-06
-7.333708737434537e-06
5.775578603917103e-06
4.424121686953127e-06
2.953320825972997e-06
-3.789975057572309e-06
5.632537662003203e-07
-3.943515940032084e-06
1.914763012060959e-06
-3.950337902346729e-06
-2.864334240942227e-06
2.228971016568821e-06
2.851096696311992e-06
-2.082958573497466e-06
-3.351417933615186e-07
1.834059180623597e-06
2.226620372165181e-06
-1.740918422125288e-06
-1.612423976747611e-06
-1.8594128758604e-06
-1.475050295079044e-06
2.621786733882723e-08
-1.724094224476253e-06
1.496027649628976e-06
1.399220225177736e-06
-1.475760642493767e-06
-1.289413749821412e-06
-1.794145217975548e-07
1.28444050658984e-06
1.375223668340813e-06
1.111253246984577e-06
-2.315636294636406e-07
-1.229164768193821e-06
-1.160686254389211e-06
-1.03322673970749e-06
1.152530959006253e-06
-9.816868464138783e-08
-1.069638570986456e-06
-9.759841872845531e-07
-1.042843563947852e-06
-2.418128395582231e-07
9.170355633993237e-07
-9.498597195238671e-07
-9.57798144982341e-07
3.543604924289466e-07
8.233265284654216e-07
8.450052184130781e-07
8.538434301819058e-07
3.379635297839613e-07
7.52469383806524e-07
-8.541382533175456e-07
7.724644930284506e-07
3.042186887771489e-07
-7.403760094584153e-07
7.428972491684153e-07
7.401799734683247e-07
-2.117468463715107e-07
7.425702993323785e-07
7.689496566848364e-07

-0.002221979710384328
-0.001320407004123542
-0.0004062067159872542
0.0004059906544071423
0.0004468796339578037
-0.000234988376556381
0.0003169167897584914
-0.0002495842002559857
-0.0001911827279620998
-0.0001276239606421991
0.0001637788970793113
-2.434028699461958e-05
0.000170413968818611
-8.274402061182778e-05
0.000170708771148608
0.0001237785198374008
-9.632211536574588e-05
-0.0001232064763728754
9.001237544873359e-05
1.448272150783141e-05
-7.925650834588035e-05
-9.622053528591891e-05
7.52315502736135e-05
6.967882809869241e-05
8.035213567406994e-05
6.374240114656807e-05
-1.132971413094244e-06
7.450451421208901e-05
-6.464891054076095e-05
-6.046550221855439e-05
6.377309789801661e-05
5.572035662788997e-05
7.753167778899538e-06
-5.550544431974618e-05
-5.942852187914651e-05
-4.80213796651358e-05
1.000672438757572e-05
5.311677438640854e-05
5.015756349687801e-05
4.464956452006505e-05
-4.980514289664889e-05
4.242233432766295e-06
4.622305497196137e-05
4.217590124685084e-05
4.506514321044856e-05
1.044963081832477e-05
-3.962851229236406e-05
4.104696597795701e-05
4.139001482271986e-05
-1.531323286731505e-05
-3.557899688444154e-05
-3.651581358413603e-05
-3.689774553929046e-05
-1.460465921802717e-05
-3.251699652185807e-05
3.691048594125644e-05
-3.338105944728723e-05
-1.314641931962449e-05
3.199439690466212e-05
-3.21033490363865e-05
-3.198592546241473e-05
9.150367596745834e-06
-3.208922031917825e-05
-3.322917031676152e-05

0.003018352006862192
0.001793649650419469
0.0005517939028293059
-0.0005515004033430203
-0.000607044264931155
0.0003192097725526336
-0.0004305018735794331
0.0003390368364765685
0.000259703888349961
0.0001733652363825635
-0.0002224783423408019
3.306400762998879e-05
-0.0002314914678911554
0.0001124000275530746
-0.0002318919293356698
-0.0001681415640348749
0.0001308446017130597
0.0001673644963905816
-0.0001222734090722345
-1.967342515491633e-05
0.0001076625677114849
0.0001307066146573689
-0.0001021950379143918
-9.465218320612191e-05
-0.0001091508751561366
-8.658810137814007e-05
1.539035897785303e-06
-0.0001012074272961929
8.781950976427733e-05
8.213674009462476e-05
-8.662980004934347e-05
-7.569090278586068e-05
-1.053195464189381e-05
7.539896447807472e-05
8.072809910929117e-05
6.523256130878286e-05
-1.359320091727145e-05
-7.215417936447207e-05
-6.813436762390737e-05
-6.065226520515656e-05
6.765563713821894e-05
-5.762678090863031e-06
-6.278970509313364e-05
-5.729202457371479e-05
-6.121679006031232e-05
-1.419484795656195e-05
5.38316344868599e-05
-5.575847140107099e-05
-5.622447123184801e-05
2.080159730559542e-05
4.833074584182932e-05
4.96033238731681e-05
5.012214277959767e-05
1.983906615089761e-05
4.417130419788258e-05
-5.01394494262865e-05
4.534505301872775e-05
1.785818338078667e-05
-4.346140140444311e-05
4.36094027043389e-05
4.344989374100748e-05
-1.242992016088501e-05
4.359021016096308e-05
4.513872581432261e-05

0.001459051705989013
0.0008670385615870304
0.0002667335795983382
-0.0002665917038576386
-0.0002934412448731118
0.0001543039255038313
-0.000208101802456955
0.0001638881990999216
0.0001255391685554749
8.380362639219432e-05
-0.0001075445820102625
1.598292599062826e-05
-0.0001119014682119075
5.433344142157876e-05
-0.0001120950486665586
-8.127853719343885e-05
6.324942846779445e-05
8.090290775412788e-05
-5.910616975700712e-05
-9.510005615540116e-06
5.204338418229468e-05
6.318272642366157e-05
-4.940041588045482e-05
-4.575424903007024e-05
-5.276282230985991e-05
-4.185612438408464e-05
7.439599314910809e-07
-4.892301133849593e-05
4.245137917957618e-05
3.97043653248326e-05
-4.187628125021721e-05
-3.65884895421525e-05
-5.091078294620169e-06
3.644736846513724e-05
3.902343744496794e-05
3.153299537207241e-05
-6.570864810700568e-06
-3.487886046975896e-05
-3.29357096495273e-05
-2.931891006034591e-05
3.270429445002419e-05
-2.785641065196732e-06
-3.035213458416508e-05
-2.76945916194692e-05
-2.959179769938908e-05
-6.861697071838268e-06
2.602186158395185e-05
-2.695328200160125e-05
-2.717854328541665e-05
1.005535668703375e-05
2.336276783222735e-05
2.397792376615079e-05
2.422871744717525e-05
9.590075394418844e-06
2.13521208259173e-05
-2.4237083367502e-05
2.191950336300291e-05
8.632529561952476e-06
-2.100895843813585e-05
2.108050130278129e-05
2.100339570854944e-05
-6.00854246780951e-06
2.107122375229307e-05
2.181976613588743e-05

-0.001755997817107349
-0.001043498194918874
-0.0003210191808834129
0.0003208484306013704
0.0003531623885096707
-0.0001857078506839477
0.0002504546681591842
-0.0001972427150373421
-0.0001510888922166433
-0.0001008593351464359
0.0001294320485536502
-1.923577007953461e-05
0.0001346756479602031
-6.539137999056095e-05
0.0001349086258968255
9.782033995344342e-05
-7.612194815789355e-05
-9.736826243427979e-05
7.113545369557495e-05
1.144548135820791e-05
-6.26352504465392e-05
-7.604167091777763e-05
5.945438540266705e-05
5.50661509050614e-05
6.350110857642604e-05
5.037468017704827e-05
-8.953706097956837e-07
5.887981951843977e-05
-5.109108119095449e-05
-4.778499524994032e-05
5.039893936732006e-05
4.403497662454573e-05
6.12721422782655e-06
-4.386513459485281e-05
-4.696548497087869e-05
-3.795058860002765e-05
7.908166802271576e-06
4.197740395128132e-05
3.963878319879759e-05
3.528589278545594e-05
-3.93602703924734e-05
3.352574558981417e-06
3.652939909914961e-05
3.333099315798144e-05
3.561431849959984e-05
8.258189226847392e-06
-3.131782921123323e-05
3.243881225349662e-05
3.27099186995838e-05
-1.210182224536014e-05
-2.811755686694371e-05
-2.885790929767932e-05
-2.915974449290615e-05
-1.154184693343926e-05
-2.569770310882671e-05
2.916981304479024e-05
-2.638055930404443e-05
-1.038942143357091e-05
2.528470033353184e-05
-2.537080359749355e-05
-2.527800547760323e-05
7.231400651655743e-06
-2.535963788049714e-05
-2.626052356279537e-05

-0.001264694062985094
-0.0007515419204937558
-0.000231202481126818
0.0002310795043972317
0.0002543524665388857
-0.0001337493782290065
0.0001803809371411936
-0.0001420569480466268
-0.0001088163226104644
-7.264029665280183e-05
9.321876244428986e-05
-1.38538692813305e-05
9.699527570267151e-05
-4.709578180495665e-05
9.716306965447872e-05
7.045157002639225e-05
-5.482408631716493e-05
-7.012597750639924e-05
5.12327436174329e-05
8.243194940633235e-06
-4.511077895513673e-05
-5.47662695319276e-05
4.281987568812271e-05
3.965940813963314e-05
4.573438202887404e-05
3.628054563854347e-05
-6.448583724573202e-07
4.240606534312312e-05
-3.679650761764396e-05
-3.441541851791368e-05
3.629801744491813e-05
3.171460292161672e-05
4.412904948447557e-06
-3.159228032843295e-05
-3.382519581134557e-05
-2.733254200073552e-05
5.695571774915118e-06
3.023271045071501e-05
2.854840324229124e-05
2.541339099519026e-05
-2.834781444363341e-05
2.41457084920265e-06
2.630898154599363e-05
2.400544508064341e-05
2.564992776461145e-05
5.947662795728865e-06
-2.255553639254324e-05
2.336288397830721e-05
2.355813861328323e-05
-8.715900780681273e-06
-2.025065571770907e-05
-2.078386784053274e-05
-2.100125374816846e-05
-8.312598768856767e-06
-1.850784336828679e-05
2.100850525936649e-05
-1.899964590218313e-05
-7.482605887600388e-06
1.821039302250241e-05
-1.827240579132636e-05
-1.82055712940704e-05
5.208155375875913e-06
-1.826436408659914e-05
-1.891319449097629e-05

-0.004409836191401419
-0.00262053634736168
-0.0008061752629775965
0.0008057464579032867
0.00088689647966499
-0.0004663680062667705
0.0006289666474488655
-0.0004953355037163988
-0.0003794294380806218
-0.0002532879836389569
0.0003250426204852353
-4.830677705847327e-05
0.0003382108683102777
-0.0001642173306132218
0.0003387959456528895
0.000245656156960536
-0.0001911649995666249
-0.0002445208549767863
0.0001786424192230742
2.874302999111065e-05
-0.0001572958642576898
-0.0001909633993852428
0.0001493077599139914
0.0001382875894357579
0.0001594702932236542
0.0001265059020067754
-2.248543637882176e-06
0.0001478648529776227
-0.0001283049994133141
-0.0001200024279108336
0.0001265668240956761
0.0001105850085430922
1.538726915894153e-05
-0.0001101584843628681
-0.000117944392272959
-9.5305288801058e-05
1.985977421642493e-05
0.000105417827608878
9.954485081362953e-05
8.861343991160248e-05
-9.884542178185364e-05
8.41931833885106e-06
9.173625651932301e-05
8.370410173149272e-05
8.943821519677786e-05
2.073878530667547e-05
-7.864844440367133e-05
8.14635683984489e-05
8.214439784256375e-05
-3.039129843988275e-05
-7.061160251890291e-05
-7.247084910322957e-05
-7.322884763523714e-05
-2.898503279834218e-05
-6.453462532877809e-05
7.325413278314727e-05
-6.624948165368304e-05
-2.60909473799664e-05
6.349745172418565e-05
-6.371368279570014e-05
-6.348063893675463e-05
1.816021181660725e-05
-6.368564233780253e-05
-6.594803597365926e-05

-0.003125775774663018
-0.001857486009838977
-0.0005714323611526365
0.0005711284159592312
0.0006286490949882822
-0.0003305705139135993
0.0004458235236719337
-0.0003511032271144473
-0.0002689468030715561
-0.0001795353407493099
0.0002303963922348181
-3.424076245186735e-05
0.0002397302967745018
-0.000116400367617167
0.0002401450107240347
0.0001741257568299448
-0.0001355013879593595
-0.0001733210331886151
0.0001266251448123183
2.037360639649548e-05
-0.0001114943006068829
-0.0001353584899161271
0.0001058321803014591
9.80208738450561e-05
0.0001130355772191228
8.966978968873296e-05
-1.593810501457531e-06
0.0001048094204185681
-9.094502415222898e-05
-8.506000354293752e-05
8.971297242416601e-05
7.838475756059031e-05
1.090678907053812e-05
-7.808242910847564e-05
-8.360122873569168e-05
-6.755420156252498e-05
1.407698572954401e-05
7.472216142629644e-05
7.055928376031009e-05
6.281089177990036e-05
-7.006351515832322e-05
5.967772987591348e-06
6.50244035924591e-05
5.933105949431972e-05
6.339550819056621e-05
1.470004551051773e-05
-5.574751341359702e-05
5.774292684928786e-05
5.822551170974677e-05
-2.154193042570346e-05
-5.005084701197876e-05
-5.136871635684442e-05
-5.190600013465042e-05
-2.054514258954663e-05
-4.574336998570068e-05
5.19239227284662e-05
-4.695889276813348e-05
-1.849375979482842e-05
4.500820160606131e-05
-4.516147030260192e-05
-4.499628438250375e-05
1.287230357212786e-05
-4.514159469267736e-05
-4.674522233613257e-05

-0.000190254595031113
-0.0001130584130330216
-3.478100807513418e-05
3.476250803720015e-05
3.826358242116153e-05
-2.012062405864067e-05
2.713565529519662e-05
-2.137037558169154e-05
-1.636981306151752e-05
-1.092766276614378e-05
1.402338985936407e-05
-2.084110589954218e-06
1.45915106575351e-05
-7.084866733545372e-06
1.461675278621765e-05
1.05984010812608e-05
-8.247476322825364e-06
-1.054942048207789e-05
7.707211707999312e-06
1.240067270889125e-06
-6.786252290415189e-06
-8.238778639141349e-06
6.441619634933164e-06
5.966173840442286e-06
6.880064188245182e-06
5.457873741976868e-06
-9.700944449284838e-08
6.379367963247536e-06
-5.535492622500172e-06
-5.17729283670251e-06
5.460502117884892e-06
4.770994908601568e-06
6.638565550767146e-07
-4.752593276040085e-06
-5.088502523501423e-06
-4.111778383194637e-06
8.568148876630725e-07
4.548066012034242e-06
4.294686799419255e-06
3.823070380135628e-06
-4.264511168992758e-06
3.632366218286205e-07
3.957798788018868e-06
3.611265653910936e-06
3.85865385330931e-06
8.947382688805488e-07
-3.393148246398985e-06
3.51460179984954e-06
3.543974983921036e-06
-1.311178902383083e-06
-3.046412895777388e-06
-3.126626806392758e-06
-3.159329314435777e-06
-1.250508054643568e-06
-2.784232446391952e-06
3.160420197505557e-06
-2.858216894223079e-06
-1.125647850014749e-06
2.739485422804476e-06
-2.748814330521981e-06
-2.738760064760179e-06
7.834902692188813e-07
-2.747604574496656e-06
-2.845211552664078e-06

-0.003111262326731765
-0.001848861422398027
-0.0005687791145929128
0.0005684765806630882
0.0006257301825118576
-0.000329035625205329
0.0004437534978723504
-0.0003494730019248042
-0.0002676980425384265
-0.0001787017311087936
0.0002293266270683195
-3.408177743221483e-05
0.0002386171928827985
-0.0001158599031704731
0.0002390299812530099
0.0001733172647027818
-0.0001348722345970743
-0.000172516277514563
0.0001260372051843574
2.0279008671985e-05
-0.0001109766157686172
-0.0001347300000508779
0.0001053407855409553
9.756574815747799e-05
0.000112510736001297
8.925343934324293e-05
-1.5864101991355e-06
0.0001043227744862812
-9.052275270096388e-05
-8.466505712918278e-05
8.929642157475378e-05
7.802080531978016e-05
1.085614720538679e-05
-7.7719880624228e-05
-8.321305563313816e-05
-6.724053722521084e-05
1.401162416360209e-05
7.437521517125042e-05
7.023166637357498e-05
6.251925134468064e-05
-6.973819969989997e-05
5.940063718354977e-06
6.472248548834684e-05
5.905557644474445e-05
6.310115329328383e-05
1.46317909841302e-05
-5.54886693084796e-05
5.747481773891585e-05
5.795516188515078e-05
-2.144190799668278e-05
-4.981845338736e-05
-5.113020366624479e-05
-5.166499275455505e-05
-2.044974839664693e-05
-4.55309766259941e-05
5.168283213105162e-05
-4.674085555298812e-05
-1.840789048135526e-05
4.47992217439167e-05
-4.495177879081798e-05
-4.478735985384184e-05
1.281253552697751e-05
-4.493199546633176e-05
-4.652817722502066e-05

0.002297942982840275
0.001365548027030874
0.000420093787635747
-0.0004198703395146034
-0.0004621571989286346
0.0002430219719979046
-0.0003277512885317776
0.0002581167860920369
0.0001977187307820338
0.0001319870669517817
-0.0001693780395572492
2.517241333852773e-05
-0.0001762399458441244
8.557280728008009e-05
-0.0001765448266414382
-0.0001280101612798465
9.961509912213216e-05
0.0001274185612489859
-9.308964684262118e-05
-1.497784525476017e-05
8.196606672275476e-05
9.951004630336517e-05
-7.780350658988811e-05
-7.20609523722042e-05
-8.309915048532059e-05
-6.592157558395893e-05
1.171704537315471e-06
-7.705161519858789e-05
6.685907599925485e-05
6.253264864559368e-05
-6.595332177150573e-05
-5.762527979712697e-05
-8.018226903260483e-06
5.74030202381691e-05
6.146021684829233e-05
4.96630963424459e-05
-1.034882631024216e-05
-5.493268835982405e-05
-5.187231032553248e-05
-4.617600826699509e-05
5.150784145053231e-05
-4.387263530284578e-06
-4.780329195711833e-05
-4.361777736412712e-05
-4.660579443063619e-05
-1.080687447325812e-05
4.098330030516071e-05
-4.245024695552477e-05
-4.280502368093903e-05
1.583674947507469e-05
3.679534329003761e-05
3.776418713283513e-05
3.815917627349123e-05
1.51039516742656e-05
3.362866169805834e-05
-3.817235223415764e-05
3.452226451852714e-05
1.359585863174854e-05
-3.308819586141405e-05
3.320087276184789e-05
3.307943480426268e-05
-9.463193075570288e-06
3.318626102329818e-05
3.436518272340925e-05

-0.0003666053309670184
-0.0002178544855727289
-6.702021033765939e-05
6.6984562250002e-05
7.373085152125502e-05
-3.877082727542718e-05
5.228822930083765e-05
-4.117899813009328e-05
-3.154331559929134e-05
-2.10567288764722e-05
2.702194645993705e-05
-4.015913794256176e-06
2.811666962934071e-05
-1.365196942176157e-05
2.816530918495417e-05
2.042226804297311e-05
-1.589222476600581e-05
-2.032788636044963e-05
1.485117822558513e-05
2.389510078275435e-06
-1.307656336265339e-05
-1.587546502763767e-05
1.241248390267023e-05
1.149633802553822e-05
1.325733135859372e-05
1.051688454210135e-05
-1.869294116105851e-07
1.229252992887985e-05
-1.066644989363517e-05
-9.976227662784262e-06
1.052194921152667e-05
9.193324172904576e-06
1.279198287160052e-06
-9.157865704277972e-06
-9.805135857265391e-06
-7.923066850423084e-06
1.651013503344591e-06
8.763758086001292e-06
8.275516684643297e-06
7.366749706076242e-06
-8.217370667297243e-06
6.999278095951523e-07
7.626360532046401e-06
6.958619002314978e-06
7.435316202255595e-06
1.724088814459041e-06
-6.538324268563194e-06
6.772355515753517e-06
6.828955283378046e-06
-2.526536483322626e-06
-5.870193083826735e-06
-6.024758849967668e-06
-6.087773957669368e-06
-2.409628630388435e-06
-5.364992405747974e-06
6.08987600175255e-06
-5.507554497238212e-06
-2.169033039853682e-06
5.27876848357712e-06
-5.296744539837713e-06
-5.277370776883955e-06
1.509722850117113e-06
-5.294413437084983e-06
-5.482494248154122e-06

-0.001203064659305733
-0.000714918770470407
-0.0002199358266379399
0.0002198188426486809
0.0002419576974827315
-0.0001272316798671521
0.0001715908511304135
-0.0001351344161451566
-0.0001035136290424705
-6.910048548670161e-05
8.867614861449266e-05
-1.317876078875288e-05
9.226862980792871e-05
-4.480077225808356e-05
9.242824704624634e-05
6.701841700075886e-05
-5.215247122419436e-05
-6.670869082609536e-05
4.873613710169887e-05
7.84149843277221e-06
-4.291249995012919e-05
-5.209747189004399e-05
4.073323396071071e-05
3.772677815000591e-05
4.350571442107304e-05
3.451256992142912e-05
-6.134339844462455e-07
4.033958887581322e-05
-3.500338872161963e-05
-3.273833171673527e-05
3.452919031483932e-05
3.016912870518811e-05
4.197861082558443e-06
-3.005276697535848e-05
-3.21768709648297e-05
-2.600060859970027e-05
5.418022680335865e-06
2.875944986446866e-05
2.715722009436637e-05
2.417497913078065e-05
-2.696640612455049e-05
2.296907166003864e-06
2.502692694360091e-05
2.28356433802261e-05
2.439998930224291e-05
5.657829133893156e-06
-2.145638973076514e-05
2.222439471841486e-05
2.2410134461948e-05
-8.291168995064168e-06
-1.926382746213519e-05
-1.977105579472679e-05
-1.997784833902482e-05
-7.907520165149634e-06
-1.760594354638864e-05
1.998474647909896e-05
-1.80737802076054e-05
-7.117973402695463e-06
1.732298815867439e-05
-1.738197900304364e-05
-1.731840139639736e-05
4.95435841465081e-06
-1.737432917603405e-05
-1.799154163263694e-05

0.001448058349675027
0.0008605057815576512
0.0002647238514510524
-0.0002645830446860959
-0.0002912302854197544
0.0001531413086981863
-0.0002065338407084835
0.0001626533687227704
0.0001245932823981943
8.31722004313736e-05
-0.000106734277684
1.58625011971682e-05
-0.0001110583365347169
5.392406122012185e-05
-0.0001112504584400392
-8.066613674435658e-05
6.277286996011686e-05
8.029333751878595e-05
-5.86608290045906e-05
-9.438351622844434e-06
5.165125862313916e-05
6.270667048842253e-05
-4.902820400365923e-05
-4.540950952540125e-05
-5.236527607940774e-05
-4.154075565012004e-05
7.383544984716863e-07
-4.855439650915175e-05
4.213152544480661e-05
3.94052092130671e-05
-4.156076064253522e-05
-3.631281027670781e-05
-5.052719107288039e-06
3.617275248912837e-05
3.872941184554389e-05
3.129540718217368e-05
-6.52135603876212e-06
-3.461606255834619e-05
-3.268755258277897e-05
-2.909800409540424e-05
3.245788100190297e-05
-2.764652402036833e-06
-3.012344369611128e-05
-2.74859242279049e-05
-2.936883563799993e-05
-6.80999699807636e-06
2.582579752730414e-05
-2.675020007403603e-05
-2.697376410645373e-05
9.979593697644067e-06
2.318673895661379e-05
2.379725994279901e-05
2.40461639963079e-05
9.517818108769417e-06
2.119124135103006e-05
-2.405446688284006e-05
2.175434889334993e-05
8.567486991504603e-06
-2.085066455111599e-05
2.092166836962597e-05
2.084514373443792e-05
-5.963270564150476e-06
2.091246072166996e-05
2.165536314536229e-05

0.0009433613191345627
0.0005605905793743221
0.0001724586870182845
-0.0001723669561461647
-0.0001897267373838461
9.976641274154411e-05
-0.0001345498518484397
0.0001059631999735161
8.116833362736939e-05
5.418389164484923e-05
-6.953379262339665e-05
1.033388610168808e-05
-7.235077155412142e-05
3.512971251268688e-05
-7.24759325147268e-05
-5.255127542738789e-05
4.089441383683704e-05
5.230840926849143e-05
-3.821555743501481e-05
-6.148768686961871e-06
3.364905805117857e-05
4.085128710714191e-05
-3.194022617531973e-05
-2.95827684131515e-05
-3.411421641276682e-05
-2.706240536281588e-05
4.810131261793631e-07
-3.163155652596023e-05
2.744727201749688e-05
2.567116867382491e-05
-2.707543794263766e-05
-2.365657475873018e-05
-3.291676584257152e-06
2.356533182003851e-05
2.523090941473224e-05
2.03879053691523e-05
-4.248444157415912e-06
-2.255120067891535e-05
-2.129484128226776e-05
-1.895637115298831e-05
2.114521797077415e-05
-1.801078069486423e-06
-1.962441056910416e-05
-1.790615533074039e-05
-1.913280879540355e-05
-4.436484035917748e-06
1.682463861247521e-05
-1.742685578562646e-05
-1.757250023468779e-05
6.501369697670234e-06
1.510538070059526e-05
1.550311459233119e-05
1.566526721301267e-05
6.200538430229738e-06
1.380538111567672e-05
-1.567067626436859e-05
1.417222674317094e-05
5.581429665299514e-06
-1.358350678353759e-05
1.36297633835685e-05
1.357991015713893e-05
-3.88487023815248e-06
1.362376491055031e-05
1.410774085708928e-05

0.0002461442287548885
0.0001462707162232539
4.499835815505973e-05
-4.497442350329529e-05
-4.950398166666202e-05
2.603130552611334e-05
-3.510708870563435e-05
2.76481869723159e-05
2.117864753911375e-05
1.413779847587245e-05
-1.814293358287888e-05
2.69634377936621e-06
-1.887794687234701e-05
9.166133715074508e-06
-1.891060418772532e-05
-1.371181211038991e-05
1.067027421001998e-05
1.36484428560248e-05
-9.971300201166582e-06
-1.604352325608426e-06
8.779797596476975e-06
1.065902147424349e-05
-8.333924848001693e-06
-7.718810987701971e-06
-8.901167896319963e-06
-7.061191466270971e-06
1.255071652430544e-07
-8.253385979976879e-06
7.161611850229358e-06
6.698186459733283e-06
-7.064591960048808e-06
-6.172533504242528e-06
-8.588726055517141e-07
6.148726165190136e-06
6.58331289687047e-06
5.319663994293001e-06
-1.108514828119728e-06
-5.884116494937828e-06
-5.556304013715338e-06
-4.946144454739176e-06
5.517263919676256e-06
-4.699418593381752e-07
-5.120450994049294e-06
-4.672119477925802e-06
-4.99218101202855e-06
-1.157578670288417e-06
4.389927391921044e-06
-4.547059424604271e-06
-4.585061343763942e-06
1.696353875896582e-06
3.941334255680326e-06
4.045111991788272e-06
4.087421264980151e-06
1.61786021836706e-06
3.602135065815435e-06
-4.088832608375398e-06
3.697853357645807e-06
1.456320788700766e-06
-3.544243052161356e-06
3.556312441602475e-06
3.543304611281853e-06
-1.013650198698391e-06
3.554747304797661e-06
3.681027536653019e-06

0.0002264544930281557
0.0001345701301008339
4.139881903655201e-05
-4.13767989817065e-05
-4.554402566307786e-05
2.394899171768393e-05
-3.229877870700188e-05
2.543653448896507e-05
1.948451083239746e-05
1.30068781322941e-05
-1.669163176136888e-05
2.480656023000735e-06
-1.736784937043914e-05
8.43291014372532e-06
-1.739789433983689e-05
-1.26149675565015e-05
9.816730414282391e-06
1.255666737842734e-05
-9.173669207361758e-06
-1.47601588862097e-06
8.077478085369842e-06
9.806377814909099e-06
-7.667271891544926e-06
-7.101362635401991e-06
-8.189139650073398e-06
-6.49634785976417e-06
1.154675111436924e-07
-7.593175543133171e-06
6.588735348428669e-06
6.1623805954211e-06
-6.499476338991368e-06
-5.678776026866094e-06
-7.901690868402806e-07
5.656873100615116e-06
6.056696076301766e-06
4.894129831940925e-06
-1.019841759795076e-06
-5.413430266178244e-06
-5.111840382808929e-06
-4.550489120185864e-06
5.075923210378704e-06
-4.323499520915201e-07
-4.710852412825559e-06
-4.298384134749208e-06
-4.592843090047363e-06
-1.064980853895844e-06
4.038765349090445e-06
-4.183327969881666e-06
-4.218290013795252e-06
1.560657988636978e-06
3.626056378584464e-06
3.721532655763745e-06
3.760457496977186e-06
1.4884432488851e-06
3.313990639864684e-06
-3.761755943230839e-06
3.402052169329829e-06
1.339825790599515e-06
-3.26072956333885e-06
3.271833490021487e-06
3.259866190867217e-06
-9.325656060112231e-07
3.27039355269225e-06
3.386572290801661e-06

-0.002354255931361368
-0.001399011884194894
-0.0004303885251525084
0.0004301596012548346
0.0004734827343079472
-0.0002489774216765148
0.0003357830985360006
-0.0002644421463799722
-0.0002025639879495238
-0.0001352215166148971
0.0001735287851995261
-2.578928365562447e-05
0.0001805588480413584
-8.766983802763431e-05
0.0001808712001887978
0.0001311471536578841
-0.0001020562475713147
-0.0001305410559904982
9.537088381393917e-05
1.534488944823323e-05
-8.397471138030211e-05
-0.0001019486203483722
7.971014434985318e-05
7.3826864203621e-05
8.51355622755013e-05
6.753703702926179e-05
-1.200418103223804e-06
7.893982725281086e-05
-6.849751164931641e-05
-6.406506169951304e-05
6.756956118275702e-05
5.90374338144075e-05
8.214720028722395e-06
-5.880972760546714e-05
-6.296634909496785e-05
-5.088013062424097e-05
1.060243265626934e-05
5.62788582495052e-05
5.314348318005582e-05
4.730758863947321e-05
-5.277008270095258e-05
4.494776966072411e-06
4.89747502305524e-05
4.468666622240419e-05
4.774790706013305e-05
1.107170565942561e-05
-4.198762917560417e-05
4.349052453828018e-05
4.385399535385942e-05
-1.622484181008568e-05
-3.769704289179754e-05
-3.868962903536031e-05
-3.909429770388886e-05
-1.547408620738582e-05
-3.445275921012917e-05
3.910779655211069e-05
-3.536826048934128e-05
-1.392903612698639e-05
3.389904882169725e-05
-3.401448696057397e-05
-3.389007306776994e-05
9.695096263983758e-06
-3.399951714956308e-05
-3.520732927799046e-05

-0.001954098519487426
-0.001161219141569958
-0.0003572345591665989
0.0003570445459042918
0.0003930039626486634
-0.0002066582501089701
0.0002787093989983863
-0.0002194944057897394
-0.0001681337970442289
-0.0001122376551759153
0.0001440337635894178
-2.140582947621408e-05
0.0001498689131193038
-7.276842692052394e-05
0.0001501281741710506
0.0001088558195325779
-8.470955074456033e-05
-0.0001083527414523058
7.916051113241701e-05
1.273668905451158e-05
-6.970136806140826e-05
-8.462021712791309e-05
6.616165769712255e-05
6.127837000084903e-05
7.066490689567192e-05
5.60576368573164e-05
-9.963807277819948e-07
6.552227287970713e-05
-5.685485775759661e-05
-5.31757998568471e-05
5.608463281784954e-05
4.900272756002124e-05
6.818448254624853e-06
-4.881372501368983e-05
-5.226383754840145e-05
-4.223193689339481e-05
8.80031677125422e-06
4.671303239330079e-05
4.41105830590162e-05
3.926662674581229e-05
-4.380065017802832e-05
3.730791074080948e-06
4.065041767248073e-05
3.709118755645977e-05
3.963210339702563e-05
9.189826538853419e-06
-3.48509110313177e-05
3.609835637658419e-05
3.640004735806284e-05
-1.346707421977585e-05
-3.128960395623539e-05
-3.211347832256914e-05
-3.244936467862427e-05
-1.28439259918499e-05
-2.859675741618562e-05
3.246056910163938e-05
-2.935664918091437e-05
-1.156149104736282e-05
2.813716224820235e-05
-2.823297914441913e-05
-2.8129712120437e-05
8.047202091904264e-06
-2.822055378101072e-05
-2.922307175728693e-05

