-0.44064730627282
-0.2618641116216319
-0.08055165594364223
0.08051993785616925
0.08861799119478557
-0.04660724902159576
0.0628438529711678
-0.04950200329029494
-0.03790959684544783
-0.02531480150165542
0.0324752196747638
-0.004828069234459179
0.03380018208783821
-0.01640525907574432
0.03385853008594407
0.02454318539173052
-0.01910604514329306
-0.02443012913218988
0.01785451227353135
0.002871350103702211
-0.01571439157396223
-0.01908539978853688
0.01491636602234702
0.01382156034877795
0.01593210941991384
0.01264403045539477
-0.0002247202027560901
0.01477264477442025
-0.0128235926415535
-0.01198869547447909
0.01264972700265165
0.0110478744313234
0.001537025432847769
-0.01100993929298695
-0.01178339097799637
-0.009525573525166598
0.001983935053295151
0.0105318749555414
0.009949067227643998
0.008852767914608182
-0.009879022736065021
0.0008408055614270979
0.009164994531338302
0.008365926791074044
0.008935437781037281
0.002072920351261738
-0.007860523303465483
0.008138674779138598
0.008209854108710314
-0.003036429830394018
-0.007054429103996607
-0.007243123065578542
-0.007316014015012448
-0.002897219228351131
-0.006449716275876216
0.007318608432001483
-0.006621281447975743
-0.002606631369788429
0.006343842048567401
-0.006367826939795894
-0.00634216728720967
0.001814314440450614
-0.006364948553399121
-0.006588758022769485

-0.2621338565287528
-0.1557786658144323
-0.04791885919126821
0.04789999062108624
0.05271738975606451
-0.02772588815207949
0.03738477758507829
-0.02944792999680202
-0.02255179750128684
-0.01505936028753575
0.01931897563830609
-0.002872139214287365
0.02010717405037726
-0.009759219601841399
0.02014188431765572
0.01460033851711772
-0.01136587294449783
-0.01453308320225077
0.01062135656357892
0.001708119090737798
-0.00934823385425386
-0.01135359136150114
0.008873501540059784
0.008222219598069347
0.009477750630569331
0.007521726374268663
-0.0001336823635362363
0.008788004126492919
-0.007628544974258009
-0.007131878340662947
0.007525115156807708
0.006572199330171202
0.0009143512250289149
-0.006549632338467759
-0.007009746062388545
-0.00566660748462432
0.001180210429565238
0.006265239703667203
0.005918536943541475
0.005266366459919189
-0.005876868624129701
0.0005001814405093972
0.005452104954155004
0.004976752659021243
0.005315545407793724
0.001233146324096861
-0.004676096412122626
0.004841564163719322
0.004883907579641651
-0.001806322313083013
-0.004196564191622474
-0.004308815135061048
-0.004352176765580882
-0.001723508208778676
-0.003836830446577092
0.004353720141695791
-0.003938891754046724
-0.001550642256936132
0.003773847604934969
-0.003788115823411621
-0.003772851316872942
0.001079305908515243
-0.003786403518545963
-0.003919544101727463

-0.07917753816046082
-0.04705295004790316
-0.01447389266106033
0.01446819340892616
0.01592328894255946
-0.008374605235151256
0.01129207303880458
-0.00889474801898793
-0.006811771019935291
-0.004548680165274259
0.005835297092406799
-0.0008675297241375209
0.006073372443205001
-0.00294777253375118
0.00608385668033944
0.004410032627619217
-0.003433062217550792
-0.004389718158013502
0.003208181025396036
0.0005159374156409695
-0.00282363427803533
-0.003429352565088965
0.00268024137022372
0.002483521642763348
0.002862754823681017
0.002271937646352482
-4.037876137193899e-05
0.002654416874243075
-0.002304202207250958
-0.002154184037695679
0.002272961228206082
0.001985132978067911
0.0002761798112252607
-0.001978316617639859
-0.002117293979878196
-0.001711598937642505
0.0003564825908479792
0.001892415814924117
0.001787694237238242
0.001590706125751976
-0.00177510832028008
0.0001510798170733936
0.001646808442752601
0.001503228269683392
0.001605560628231467
0.0003724718791635942
-0.001412415042512656
0.001462394581171103
0.001475184411048103
-0.0005455997014962986
-0.001267572322878103
-0.001301477723254781
-0.001314575104876831
-0.0005205856991449868
-0.001158914735859619
0.001315041281671645
-0.00118974235642872
-0.0004683715339085976
0.001139890766909126
-0.001144200482670917
-0.00113958983807526
0.0003260043776484253
-0.001143683280941086
-0.001183898397543001

0.07893921888730912
0.04691132370896915
0.01443032717948059
-0.01442464508174869
-0.0158753608718361
0.008349398214582119
-0.01125808462867969
0.008867975402255906
0.006791268029360042
0.004534988931925552
-0.005817733225252577
0.0008649185157301852
-0.006055091984634378
0.002938899928918555
-0.006065544664887315
-0.004396758714397823
0.003422728922129988
0.004376505390038367
-0.003198524607829756
-0.0005143844773616395
0.002815135321329599
0.003419030435483647
-0.002672174016904667
-0.002476046403111077
-0.002854138116659796
-0.00226509926085614
4.025722390958394e-05
-0.002646427250986184
0.002297266707509494
0.002147700082951262
-0.00226611976179495
-0.001979157856088394
-0.0002753485278407137
0.001972362012463312
0.002110921061823496
0.001706447135447956
-0.0003554096012864522
-0.001886719765614059
-0.001782313393110048
-0.001585918203110042
0.001769765358948331
-0.0001506250765872113
-0.001641851655760884
-0.001498703649734765
-0.001600727994497839
-0.000371350762877516
0.001408163764508661
-0.001457992867986525
-0.001470744201302628
0.0005439574816534875
0.001263757012100745
0.001297560359412749
0.001310618318762326
0.0005190187698320664
0.001155426477397863
-0.001311083092395876
0.001186161308819957
0.0004669617658593626
-0.001136459769364142
0.001140756513159435
0.00113615974630612
-0.0003250231255391456
0.001140240868174159
0.001180334939873442

0.08568486559780589
0.05092006892994543
0.01566345173331036
-0.01565728407942113
-0.01723196887167192
0.009062885013598801
-0.01222012938428235
0.00962577653006135
0.007371606870916564
0.00492252042263378
-0.006314879935679159
0.0009388289853642629
-0.006572521874410335
0.003190039741515598
-0.006583867774651614
-0.004772477924402002
0.003715213702445655
0.004750493878954884
-0.003471850304529647
-0.0005583405236283805
0.003055698992818816
0.003711199166505866
-0.0029005211189048
-0.002687633678861213
-0.003098034720519377
-0.002458660327121101
4.369735181897597e-05
-0.002872574197103021
0.002493576600450987
0.002331228957494299
-0.002459768033620641
-0.002148284177195721
-0.0002988780726885308
0.002140907603726715
0.002291307033683661
0.001852269322036977
-0.0003857806594447112
-0.002047946911764557
-0.001934618630567711
-0.00172144074894671
0.001920998320716338
-0.000163496543605985
-0.001782153920933265
-0.001626773391078472
-0.001737516091500861
-0.0004030840519492387
0.001528496539519585
-0.001582583723235775
-0.001596424704902189
0.0005904406499503286
0.001371749698774488
0.001408441666493471
0.001422615476515777
0.000563370833441884
0.001254161921279872
-0.001423119966767351
0.001287523157134952
0.0005068653669361967
-0.001233574438256706
0.001238238354619023
0.001233248777123721
-0.0003527975475380244
0.001237678645872033
0.001281198903524223

-0.04445503069617085
-0.02641835534828765
-0.008126513623549957
0.008123313720723913
0.008940291845023816
-0.004702006925782536
0.006340048771735843
-0.004994046359682777
-0.003824537827543793
-0.002553902547014438
0.003276286651379157
-0.000487083349803262
0.00340995646827119
-0.001655056743588356
0.00341584294939201
0.00247605748280011
-0.001927527551485746
-0.002464651718099528
0.001801265728592704
0.0002896782873338537
-0.001585358062666834
-0.001925444729540924
0.001504848662318667
0.001394398378993891
0.001607322689225448
0.001275602401323671
-2.267106452115913e-05
0.001490349237504185
-0.001293717665809334
-0.001209488445155746
0.001276177101721759
0.001114573015608493
0.0001550639521122276
-0.001110745901011046
-0.001188776148577835
-0.0009609945583078647
0.0002001507610236468
0.001062516025338266
0.001003719034945616
0.0008931180646913772
-0.0009966525444017461
8.482529340531625e-05
0.0009246172787652636
0.0008440027364411955
0.0009014582755524641
0.0002091281088851586
-0.0007930147303062875
0.0008210762484702969
0.0008282572279875634
-0.0003063324781416509
-0.0007116913184263766
-0.0007307278488550373
-0.0007380815064150969
-0.000292288113183897
-0.0006506844157300475
0.000738343246098151
-0.0006679928955150077
-0.0002629719412964431
0.0006400032156913631
-0.0006424229492537301
-0.0006398342561497448
0.0001830384595449772
-0.0006421325611047025
-0.0006647117456122585

0.06186827950586442
0.03676655188796934
0.01130970799921327
-0.0113052546791092
-0.01244224705437624
0.006543805597859843
-0.008823476293856948
0.006950238279162137
0.005322627643928417
0.003554278427771963
-0.004559623851665806
0.000677876234845917
-0.004745652777155834
0.002303350410670326
-0.004753845021170375
-0.003445941078420716
0.002682549341278089
0.003430067620968288
-0.002506830156580395
-0.0004031466622990107
0.002206350422031988
0.0026796506679844
-0.002094305103300077
-0.001940590914078622
-0.002236918698193919
-0.001775261981996723
3.155142926514071e-05
-0.002074126184218875
0.00180047308249411
0.001683250871996572
-0.001776061795299322
-0.001551156613311737
-0.0002158032461188759
0.001545830399563507
0.001654425469476399
0.001337420737447669
-0.0002785507743982692
-0.001478708650194362
-0.001396880596568709
-0.001242956695626106
0.001387046127775002
-0.0001180517678061841
-0.001286794302978906
-0.001174602657654348
-0.001254563807096113
-0.0002910445924885582
0.001103642404886329
-0.001142695754349098
-0.001152689557996665
0.0004263243795493017
0.0009904642224008277
0.0010169574531322
0.001027191573638819
0.0004067787694554995
0.0009055606232209823
-0.001027555838012303
0.000929648917579022
0.0003659793123869393
-0.000890695545880832
0.000894063100688326
0.0008904604040751349
-0.0002547355023291356
0.0008936589661081179
0.0009250825255172852

-0.04671147436496704
-0.02775929538885445
-0.008538998328386163
0.008535636005239263
0.009394082217335427
-0.004940670887815857
0.006661856285681531
-0.005247533627904696
-0.004018663307424305
-0.002683533257929287
0.003442584057001776
-0.0005118066741071159
0.003583038672089074
-0.001739063935847109
0.003589223938584745
0.002601736942315076
-0.002025364787718654
-0.002589752245037243
0.001892694180793399
0.0003043817466996378
-0.001665827496772647
-0.00202317624612146
0.001581231608937198
0.001465175102005077
0.001688907001484143
0.001340349290872176
-2.382179997679262e-05
0.001565996223875895
-0.001359384048004541
-0.001270879529624531
0.001340953161851612
0.001171146392908757
0.0001629346715227786
-0.001167125022039517
-0.001249115920523774
-0.001009772616782937
0.0002103099918337504
0.001116447099523024
0.001054665697813258
0.000938450855401331
-0.001047240527101952
8.913084652851434e-05
0.0009715489031966667
0.0008868425366000605
0.0009472143977889807
0.0002197430109528746
-0.0008332664867312749
0.0008627523484176037
0.0008702978193214311
-0.0003218812691338973
-0.0007478152698542372
-0.000767818054448036
-0.0007755449681675173
-0.000307124041809449
-0.0006837117853499569
0.0007758199932055887
-0.0007018988070906312
-0.0002763198428210903
0.0006724884301080555
-0.0006750309842461209
-0.0006723108945358126
0.0001923291059963984
-0.0006747258566067592
-0.0006984511129339869

-0.03751871957036643
-0.02229630370961702
-0.006858535039836284
0.006855834417325029
0.007545339579293256
-0.003968353558722958
0.005350812004941138
-0.004214826127796993
-0.003227795819522653
-0.002155417552769593
0.002765088184176995
-0.0004110838148681976
0.0028779015215313
-0.00139681851217536
0.002882869535969357
0.002089718641117819
-0.001626775744742786
-0.002080092516008424
0.001520214533303348
0.0002444798318189753
-0.001337994904971193
-0.001625017905163023
0.00127004737311386
0.001176830629324779
0.0013565323944606
0.001076570368506205
-1.913370205374798e-05
0.001257810291167022
-0.0010918591112542
-0.001020772162041985
0.0010770553984963
0.00094066637135203
0.0001308693491750498
-0.0009374364008147898
-0.001003291601692022
-0.0008110507354766751
0.0001689212707097831
0.0008967318247093527
0.0008471089190541335
0.0007537649999929181
-0.0008411450118671967
7.159001683064114e-05
0.000780349396877007
0.000712313128328968
0.0007608038891256132
0.0001764978844613794
-0.0006692807724025802
0.0006929638565043976
0.0006990243889691873
-0.0002585354719748519
-0.0006006462390993119
-0.0006167125028172717
-0.0006229187703975757
-0.0002466824469708336
-0.0005491582333941648
0.0006231396708811737
-0.0005637660739254426
-0.0002219404725599192
0.0005401436192402772
-0.0005421858021727494
-0.0005400010224277203
0.000154478998815515
-0.0005419407232388656
-0.0005609968813023106

-0.02659428627024479
-0.01580422494189813
-0.004861515700232014
0.00485960142573065
0.005348341389999903
-0.002812876659191841
0.003792800710344671
-0.002987583102663136
-0.002287949243185373
-0.001527818435348332
0.001959969518537942
-0.000291387360199383
0.002039934672547474
-0.000990102855474617
0.002043456135958612
0.001481249264435534
-0.001153102780388215
-0.001474426005811854
0.001077569302839299
0.0001732939372437778
-0.0009484070868728757
-0.00115185677600604
0.0009002440329558777
0.0008341694760975229
0.0009615469623236689
0.000763102283286316
-1.356248709054992e-05
0.0008915700572945634
-0.0007739393589116601
-0.0007235510008047646
0.0007634460857014067
0.0006667698431875628
9.276374502696013e-05
-0.0006644803524456659
-0.0007111603054013186
-0.0005748947641593652
0.0001197359793146663
0.0006356278446345617
0.000600453782895198
0.0005342890807536156
-0.0005962264036873126
5.074494608261031e-05
0.0005531328224685599
0.0005049068695777892
0.0005392784363276645
0.0001251064886864267
-0.0004744043682799177
0.0004911915807854337
0.0004954874506115658
-0.0001832569562993231
-0.0004257543491002163
-0.0004371425526823357
-0.000441541723512146
-0.0001748552106178371
-0.0003892582538472349
0.0004416983037675934
-0.0003996126875094964
-0.0001573174279346836
0.0003828684507790775
-0.0003843160054436699
-0.0003827673742899711
0.0001094989051941418
-0.0003841422868466215
-0.0003976498086531968

0.03272700374099444
0.01944872381762488
0.005982594941319354
-0.005980239229716299
-0.00658168400911175
0.00346153395555876
-0.004667431258538348
0.003676528197966951
0.002815556795923155
0.001880137678488685
-0.002411944021117785
0.0003585821078414214
-0.002510349365327403
0.001218423368305931
-0.002514682888138835
-0.001822829525331393
0.001419011535937883
0.001814432804012692
-0.001326059825288684
-0.0002132560082582467
0.00116711243778731
0.001417478199428448
-0.001107842847706642
-0.001026531311554803
-0.001183282405601124
-0.0009390758235091556
1.669003489092151e-05
-0.001097168628777005
0.0009524119593589946
0.0008904039036620709
-0.0009394989077316752
-0.0008205288508453895
-0.0001141553264364746
0.0008177113970766333
0.0008751558789285741
0.0007074671192949792
-0.0001473474340744536
-0.0007822054195342895
-0.0007389201198863883
-0.0006574976506949887
0.0007337178951022067
-6.244687386626973e-05
-0.0006806868124318105
-0.0006213398186966592
-0.0006636375657458277
-0.0001539563980644933
0.0005838033545126178
-0.0006044617456003316
-0.0006097482551326378
0.0002255165276264954
0.0005239345036055646
0.000537948859074612
0.000543362491113394
0.0002151773156786655
0.0004790223057848128
-0.0005435551792178182
0.0004917645010725811
0.0001935952708120734
-0.0004711589960952295
0.0004729403609508289
0.0004710346110823087
-0.0001347496617697439
0.0004727265823550348
0.0004893489768123319

-0.004708771989433064
-0.00279828873634259
-0.0008607777145367428
0.0008604387739817701
0.000946974845319671
-0.000498046636331421
0.0006715515342237899
-0.0005289800781628751
-0.0004051032315767423
-0.0002705148233798132
0.0003470312936865273
-5.159291081696002e-05
0.000361189886758167
-0.0001753071522634898
0.0003618133954359783
0.0002622693075822384
-0.000204167843349968
-0.0002610611845758976
0.000190793920856574
3.068334413415133e-05
-0.0001679245188183104
-0.000203947226392094
0.0001593967908354523
0.000147697660451287
0.0001702510590697492
0.0001351145362615269
-2.401367672366235e-06
0.0001578609807288457
-0.0001370333438442578
-0.000128111604533887
0.0001351754097576855
0.0001180579591080337
1.642470565966923e-05
-0.0001176525829393992
-0.0001259177137540657
-0.0001017906002378185
2.120039694973969e-05
0.0001125439712915979
0.0001063160682379015
9.46009767717469e-05
-0.0001055675704364929
8.984876611872822e-06
9.793744093781166e-05
8.939857609188249e-05
9.548438975502725e-05
2.215129684762615e-05
-8.399781736275119e-05
8.697015342108171e-05
8.773077813958162e-05
-3.244739166609617e-05
-7.538386753643289e-05
-7.74002575794984e-05
-7.817917272574866e-05
-3.095978247345487e-05
-6.892188584217163e-05
7.820689675315738e-05
-7.075523706277969e-05
-2.785455080767488e-05
6.779051027526536e-05
-6.804681363262946e-05
-6.777261371898221e-05
1.93878253551242e-05
-6.801605509842412e-05
-7.040769064310485e-05

0.03396372052341225
0.02018366928749444
0.006208670497299083
-0.00620622576599814
-0.00683039846934726
0.003592341443149459
-0.004843808253324423
0.003815460076956428
0.002921953530830886
0.00195118597361025
-0.002503088681740255
0.0003721325237044532
-0.00260521265358934
0.001264466221467854
-0.002609709935369196
-0.001891712209590952
0.001472634391082557
0.001882998185587733
-0.001376170139492667
-0.0002213147137374552
0.001211216308407481
0.001471043111505506
-0.001149706986962406
-0.001065322779014509
-0.001227997321177227
-0.0009745624461185256
1.73207325989057e-05
-0.001138629401265643
0.0009884025395915776
0.0009240512689844113
-0.000975001518219788
-0.0008515357162562276
-0.0001184691282474236
0.000848611794067875
0.0009082270384904278
0.0007342015086192905
-0.0001529155284227132
-0.0008117640854388155
-0.0007668430828425782
-0.0006823437498201003
0.0007614442718157443
-6.480667122292315e-05
-0.0007064092039822885
-0.000644819553885513
-0.0006887156853775038
-0.0001597742377528868
0.0006058646288005852
-0.000627303677328313
-0.0006327899581294147
0.0002340385443878062
0.0005437334011344529
0.0005582773433857465
0.0005638955505101387
0.0002233086252113029
0.0004971240217075013
-0.0005640955200821864
0.0005103477302702977
0.0002009110190640163
-0.000488963566359984
0.0004908122469963747
0.000488834480976714
-0.0001398417004254682
0.0004905903899471286
0.0005078409260561858

-0.01368417388378846
-0.008132113793387397
-0.002501508237700991
0.002500523241714865
0.002752005931911367
-0.001447374557335956
0.001951597568724473
-0.00153727030888152
-0.001177271499708507
-0.0007861437949389052
0.001008508497880514
-0.0001499342852817238
0.001049654820101022
-0.0005094605472571354
0.00105146680020728
0.0007621814811574806
-0.000593332672754527
-0.0007586705519096476
0.0005544666836347893
8.916894201076552e-05
-0.0004880058580066134
-0.000592691537269611
0.0004632234066982186
0.0004292245350554118
0.0004947670223659846
0.000392656686834795
-6.97862051111115e-06
0.000458760185162829
-0.0003982329382801234
-0.0003723054496817815
0.0003928335914516205
0.0003430885259311299
4.773187759818327e-05
-0.0003419104612487463
-0.0003659297782792629
-0.0002958139142260142
6.161052582642801e-05
0.0003270643123478286
0.0003089653879342024
0.0002749201317510313
-0.0003067901766289403
2.611097206604624e-05
0.0002846162384873671
0.0002598014223137102
0.0002774874203990215
6.43739383632992e-05
-0.0002441062640601856
0.0002527441772048229
0.0002549546305737416
-9.429544489110248e-05
-0.000219073243239693
-0.0002249330793134866
-0.0002271966865398508
-8.997230015003789e-05
-0.000200294062311402
0.0002272772554040424
-0.0002056219688125018
-8.094817875288027e-05
0.0001970061689881312
-0.0001977510128067494
-0.0001969541597620751
5.634300704801596e-05
-0.0001976616253547156
-0.000204611963305602

0.03129590362601241
0.01859826188374266
0.005720985526163952
-0.005718732826106322
-0.006293877376496523
0.00331016655018791
-0.004463331871265946
0.003515759434394219
0.002692436950113525
0.001797922231294729
-0.00230647352362642
0.0003429018793724756
-0.002400575757764491
0.001165143641378309
-0.002404719782476355
-0.001743120073040713
0.001356960405674486
0.001735090527066586
-0.00126807332632676
-0.0002039306602871063
0.001116076456701629
0.001355494119545782
-0.001059398632058722
-0.0009816427207863143
-0.001131539337395889
-0.0008980115229198624
1.596020606086241e-05
-0.001049191179840997
0.0009107644906404296
0.0008514679491515463
-0.0008984161063386447
-0.0007846484218856599
-0.0001091634945509753
0.0007819541709140927
0.000836886696424776
0.000676530701045577
-0.000140904163816173
-0.0007480008136163008
-0.0007066083116650901
-0.0006287463182798508
0.0007016335719431991
-5.971617083342754e-05
-0.0006509214546480025
-0.0005941696110900244
-0.0006346177445559661
-0.0001472241282631724
0.0005582745571198389
-0.0005780295894371921
-0.0005830849282685182
0.000215655046533646
0.0005010236763789635
0.0005144252062473968
0.0005196021087187687
0.0002057679519725396
0.000458075417939267
-0.0005197863708773931
0.000470260417179034
0.0001851296557954103
-0.0004505559583463132
0.0004522594269339744
0.0004504370124931438
-0.0001288572721706379
0.0004520549965380861
0.0004679505199744934

0.02284972382464861
0.01357893840486326
0.004176998396974285
-0.004175353658580989
-0.004595277438152493
0.002416814430069577
-0.003258761971373687
0.002566921635171354
0.001965798510264376
0.001312696605096546
-0.001683999403038209
0.0002503590673158115
-0.001752705201951067
0.0008506931367021766
-0.001755730831801502
-0.001272684525686365
0.0009907421393287137
0.001266822004183033
-0.0009258440223433892
-0.0001488935843688042
0.0008148682686263437
0.0009896715764368084
-0.0007734867301494826
-0.0007167156868993817
-0.0008261580066582337
-0.0006556549871601226
1.165284457139744e-05
-0.0007660340786169702
0.0006649661671102038
0.0006216726545480341
-0.0006559503810713383
-0.0005728864695452643
-7.970230647540768e-05
0.0005709193465843599
0.00061102660956366
0.0004939477019909012
-0.0001028767620011267
-0.0005461293661941979
-0.0005159079273344243
-0.0004590594315518654
0.0005122757769385755
-4.359989178507427e-05
-0.000475249912831621
-0.0004338143317621723
-0.0004633462695504981
-0.0001074910860967504
0.0004076066823620912
-0.0004220302004681554
-0.0004257211977792781
0.0001574537777714483
0.000365806744923503
0.000375591452212387
0.0003793712054080643
0.000150235025347848
0.0003344494191907449
-0.0003795057386517941
0.0003433459147438245
0.0001351666197988433
-0.0003289593212833446
0.0003302030555189434
0.0003288724766942493
-9.408110138255395e-05
0.0003300537970682866
0.0003416594156473578

-0.01463916070495523
-0.008699635191960873
-0.002676082707472453
0.00267502897089922
0.002944062055945169
-0.001548383477514471
0.002087795045762797
-0.0016445528454821
-0.001259430552691628
-0.0008410069507331793
0.001078889971594924
-0.0001603978520049198
0.001122907800404012
-0.0005450146196232566
0.001124846234406893
0.0008153723625375855
-0.0006347399866233751
-0.0008116164136651883
0.0005931616300845592
9.539183607813043e-05
-0.0005220626572703137
-0.0006340541077769327
0.0004955506960478838
0.000459179121848561
0.0005292956676400711
0.0004200592881428647
-7.465642283456437e-06
0.000490775996611979
-0.0004260246932694537
-0.0003982877852549491
0.0004202485385236824
0.0003670318800231437
5.106297485271463e-05
-0.0003657716009331167
-0.0003914671705029245
-0.0003164580825914286
6.591018181653227e-05
0.0003498893736645061
0.0003305273672088068
0.0002941061713998959
-0.0003282003529413049
2.793319636853211e-05
0.0003044789469820316
0.0002779323622253234
0.0002968526251802515
6.886644651798516e-05
-0.0002611418752062516
0.000270382608315562
0.0002727473241087119
-0.0001008761057283184
-0.0002343618578057246
-0.0002406306382755467
-0.0002430522174106582
-9.625125872236242e-05
-0.0002142721213080514
0.0002431384089895828
-0.0002199718500712986
-8.659736478067756e-05
0.0002107547735200125
-0.0002115515982646143
-0.0002106991346902395
6.02750550950903e-05
-0.0002114559726691523
-0.0002188913586179769

-0.02057308841464975
-0.01222599898905185
-0.003760822580974831
0.003759341716321556
0.00413742633173302
-0.002176014788326512
0.002934074769298627
-0.002311166041178801
-0.001769935902394606
-0.001181905896347204
0.00151621388839467
-0.0002254145068371065
0.001578074175481131
-0.0007659342077574713
0.001580798346280421
0.001145880426031734
-0.0008920294085364647
-0.001140602017673927
0.000833597424459658
0.000134058551390005
-0.000733678755392967
-0.0008910655113271514
0.0006964202722553148
0.0006453056197921554
0.0007438436388062543
0.0005903287113605376
-1.049181178246319e-05
0.0006897101666942624
-0.0005987121706017215
-0.00055973221318265
0.0005905946736584036
0.0005158068465053533
7.176115608891395e-05
-0.0005140357181139527
-0.0005501468883704781
-0.0004447331540307623
9.262662151647467e-05
0.0004917156908666098
0.0004645053692692044
0.0004133209812675001
-0.0004612351086829579
3.925581050548615e-05
0.0004278983216939636
0.0003905911805050013
0.0004171806995661434
9.678119678931159e-05
-0.0003669947338964828
0.000379981162770856
0.000383304407051763
-0.0001417658487328285
-0.0003293595390359605
-0.0003381693456537696
-0.0003415725026142621
-0.0001352663377105401
-0.0003011265048122191
0.0003416936316196326
-0.0003091365967938787
-0.000121699274843353
0.0002961834135730569
-0.0002973032281751483
-0.0002961052217565791
8.470731776646181e-05
-0.0002971688411109658
-0.0003076181322694056

0.01430914620043756
0.008503516995347852
0.002615755061197741
-0.002614725079290228
-0.002877693279739258
0.001513477855775514
-0.002040729325161771
0.001607479252029763
0.001231038873810342
0.0008220479067183353
-0.0010545682671897
0.0001567819604437695
-0.001097593790342901
0.00053272820967966
-0.001099488525710843
-0.0007969912058820883
0.0006204308737988086
0.000793319928367355
-0.0005797898292417374
-9.32413924732801e-05
0.0005102936595361784
0.0006197604569021621
-0.0004843793645272258
-0.0004488277244264812
-0.0005173636142236699
-0.0004105897795665733
7.297342318126251e-06
-0.0004797123024140727
0.0004164207049741235
0.0003893090774754012
-0.0004107747636256545
-0.0003587577824522225
-4.991184859041234e-05
0.0003575259141697783
0.0003826422216610415
0.0003093240836256417
-6.442435100741461e-05
-0.0003420017241869273
-0.0003230762006072291
-0.0002874760575302275
0.0003208016448430532
-2.730349087208363e-05
-0.0002976149968655978
-0.0002716668588499036
-0.0002901605972704488
-6.731397184516208e-05
0.0002552548842582765
-0.0002642873010563317
-0.0002665987084306619
9.860202876991027e-05
0.0002290785759331642
0.0002352060376127728
0.000237573026443505
9.408144092358045e-05
0.0002094417277240372
-0.0002376572749826973
0.0002150129659813486
8.464517728805006e-05
-0.0002060036724453393
0.000206782534157135
0.0002059492878964907
-5.891625845073663e-05
0.0002066890642750096
0.0002139568323350837

0.00280663689961288
0.001667904167117483
0.0005130616860194698
-0.0005128596624206329
-0.000564438998074484
0.0002968578793771897
-0.0004002744919844437
0.0003152955823433118
0.0002414594888955908
0.0001612388297613314
-0.0002068460389175365
3.075166255282957e-05
-0.0002152851882013082
0.0001044908361272719
-0.0002156568270203247
-0.0001563241367276387
0.0001216930877404446
0.0001556040418462868
-0.0001137216369148672
-1.82886336488053e-05
0.0001000904592371254
0.0001215615902510539
-9.500755522727093e-05
-8.803435476144295e-05
-0.000101477180389057
-8.053425479009282e-05
1.43132161292069e-06
-9.409214430345731e-05
8.167794919209246e-05
7.636019696002222e-05
-8.057053809309159e-05
-7.0367778492737e-05
-9.789852868869619e-06
7.012615632115695e-05
7.50525407749055e-05
6.067171128728112e-05
-1.263637663897314e-05
-6.708119725579276e-05
-6.336909088137135e-05
-5.638637690312133e-05
6.29229530021928e-05
-5.355384863375402e-06
-5.837505748978655e-05
-5.32855154156935e-05
-5.691293021300509e-05
-1.320315514241737e-05
5.006642373551881e-05
-5.183806782410006e-05
-5.22914338835876e-05
1.934008419829897e-05
4.493212768380174e-05
4.613398555918026e-05
4.659825352456954e-05
1.845340315667583e-05
4.108050006029734e-05
-4.661477827428807e-05
4.217325868117188e-05
1.660254739332831e-05
-4.040615005553136e-05
4.055891822134703e-05
4.039548291434957e-05
-1.155600359648551e-05
4.054058477109328e-05
4.196610560436976e-05

-0.01190198565273725
-0.00707301021729433
-0.002175718856552156
0.002174862143669451
0.002393592437219877
-0.001258872575124696
0.001697427002909268
-0.001337060557404039
-0.001023946978304463
-0.0006837586432184338
0.000877163194093334
-0.0001304072666301227
0.0009129507352993162
-0.0004431098417473796
0.0009145267282236442
0.0006629171136343899
-0.0005160586980545393
-0.0006598634379156093
0.0004822545057948507
7.755583036982642e-05
-0.0004244493507444019
-0.0005155010622477585
0.0004028944960327934
0.0003733235415899007
0.0004303299601167722
0.0003415181868371994
-6.069744648412851e-06
0.000399012551887987
-0.0003463682030136865
-0.000323817437440902
0.0003416720518957015
0.0002984056434774458
4.151541241549727e-05
-0.00029738100661806
-0.0003182721155090575
-0.0002572879439338159
5.358654462233281e-05
0.0002844683782991767
0.0002687266067804117
0.0002391153087894107
-0.0002668346888635536
2.271035267074729e-05
0.0002475486219174767
0.0002259656174494352
0.000241348241001046
5.599005810042297e-05
-0.0002123145523623601
0.0002198274880493532
0.0002217500582028322
-8.201467196654203e-05
-0.0001905417616057582
-0.0001956384291481189
-0.0001976072305503388
-7.825456140961914e-05
-0.0001742083282634593
0.0001976773063529153
-0.0001788423432409019
-7.040571614434044e-05
0.0001713486408979897
-0.0001719964783572809
-0.0001713034052067
4.900505264054147e-05
-0.0001719187324750169
-0.0001779638780040916

-0.01626467154446107
-0.009665629868106439
-0.00297323098912963
0.00297206024720208
0.003270966369693147
-0.001720313697909126
0.002319620732079916
-0.00182716157082757
-0.00139927586597526
-0.0009343911236418557
0.001198688324711063
-0.0001782081932069913
0.00124759382838793
-0.0006055322401166852
0.001249747503246512
0.0009059101085358307
-0.0007052205796925289
-0.0009017371046344937
0.0006590254236933273
0.0001059840050330955
-0.0005800317256750916
-0.0007044585418693745
0.0005505759153337262
0.000510165695114571
0.0005880678788608549
0.0004667020527023388
-8.294616204854163e-06
0.0005452710403057045
-0.0004733298476262764
-0.0004425130742055884
0.0004669123171668842
0.0004077865593004336
5.673293235865706e-05
-0.0004063863406765514
-0.0004349351084391061
-0.0003515971219027675
7.322875131211125e-05
0.0003887405742886833
0.0003672286391586102
0.0003267632874198425
-0.0003646432366547263
3.103485734444685e-05
0.0003382878407221845
0.0003087935623002284
0.0003298147033821348
7.651327529108317e-05
-0.0002901386843368909
0.000300405494838068
0.0003030327851895035
-0.000112077239906244
-0.0002603850532543564
-0.000267349909872913
-0.0002700403775878653
-0.0001069388567016249
-0.0002380645820106834
0.00027013613975283
-0.0002443972002591828
-9.621300859800127e-05
0.0002341566731056459
-0.0002350419760959725
-0.0002340948562220228
6.696790842072826e-05
-0.0002349357323753197
-0.0002431967326266431

0.01005197548723339
0.005973602002187195
0.001837531421334269
-0.001836807873419892
-0.002021539363881651
0.001063197069456542
-0.001433583867637255
0.001129231738309331
0.0008647876267416967
0.0005774771808127593
-0.0007408194886625082
0.0001101371389421676
-0.0007710443181529968
0.0003742341317956693
-0.0007723753433034179
-0.0005598751982018116
0.0004358440292376231
0.0005572961769890745
-0.0004072942626798681
-6.550077680444135e-05
0.0003584741734480027
0.000435373070725016
-0.0003402697429005635
-0.0003152952119385517
-0.0003634407179377866
-0.0002884335893769718
5.126281126509587e-06
-0.0003369911969062347
0.000292529733091249
0.00027348419318137
-0.000288563538096574
-0.0002520223348444283
-3.506237699480226e-05
0.0002511569645697192
0.0002688008200237909
0.0002172958513850139
-4.525720738584035e-05
-0.0002402514377841417
-0.0002269565216206603
-0.0002019479179947228
0.0002253586779432205
-1.918032125171272e-05
-0.0002090703813645485
-0.0001908421765772533
-0.0002038337696930247
-4.728712569274678e-05
0.0001793129934952293
-0.0001856581402267119
-0.0001872818716459189
6.926654898223785e-05
0.000160924502250189
0.0001652289585566538
0.0001668917351732218
6.609089911588435e-05
0.0001471298904627288
-0.0001669509185960936
0.0001510436075784944
5.946205561769222e-05
-0.0001447147046157859
0.0001452618440974426
0.0001446765002293137
-4.138784924346062e-05
0.0001451961828098635
0.0001503016884328653

0.01030978221929016
0.006126809181486061
0.001884659269127481
-0.001883917164112133
-0.002073386531414468
0.001090465277815724
-0.001470351523160442
0.00115819356223694
0.0008869671547614094
0.000592287951592153
-0.0007598195600075029
0.0001129618668679984
-0.0007908195768756157
0.0003838322529475262
-0.0007921847393201717
-0.0005742345244248616
0.0004470222822095215
0.0005715893581015319
-0.0004177402892325269
-6.71806994461657e-05
0.0003676680931208316
0.0004465392448497852
-0.0003489967668120617
-0.0003233817048200399
-0.0003727620164135466
-0.0002958311522925386
5.257756754011552e-06
-0.0003456341347363094
0.0003000323513191575
0.0002804983434051307
-0.0002959644338549599
-0.0002584860448518385
-3.596163474195639e-05
0.0002575984801057011
0.0002756948540444706
0.0002228689184309736
-4.64179357175937e-05
-0.0002464132552423583
-0.0002327773594482095
-0.0002071273509181132
0.0002311385352831859
-1.96722460428118e-05
-0.0002144324867395222
-0.0001957367764441447
-0.0002090615697522154
-4.849991608988179e-05
0.000183911900140662
-0.000190419783196506
-0.00019208515905583
7.104305377541236e-05
0.0001650517924615063
0.000169466646750423
0.0001711720692137054
6.77859568427262e-05
0.0001509033851649559
-0.0001712327705356959
0.0001549174788306828
6.098710094431498e-05
-0.0001484262561535713
0.0001489874283238283
0.0001483870719250774
-4.244933871623449e-05
0.0001489200829969145
0.000154156531410427

0.01468860418198877
0.008729018038520608
0.002685121124122734
-0.00268406382857749
-0.002954005567569012
0.001553613112220896
-0.002094846532419465
0.001650107290335351
0.001263684254584306
0.00084384743514932
-0.001082533901230112
0.0001609395925917735
-0.001126700399389478
0.000546855395769508
-0.001128645380414546
-0.0008181262666368777
0.0006368838084297446
0.0008143576321219916
-0.0005951650218104444
-9.571402012623065e-05
0.0005238259136157541
0.0006361956130410311
-0.0004972244087663358
-0.000460729990291092
-0.0005310833533352464
-0.0004214780301174281
7.490857343264646e-06
-0.0004924335828766974
0.0004274635832822242
0.0003996329944070951
-0.0004216679196878508
-0.0003682715229708575
-5.123543904479469e-05
0.0003670069873127769
0.0003927893431631045
0.0003175269135339462
-6.613279215781329e-05
-0.0003510711181345873
-0.000331643716883309
-0.0002950995092028288
0.0003293088431708861
-2.802754018923241e-05
-0.0003055073186301049
-0.000278871073306047
-0.0002978552390767422
-6.909904158507253e-05
0.0002620238767476752
-0.0002712958202511847
-0.0002736685228254879
0.0001012168127891427
0.0002351534103657684
0.0002414433635182119
0.0002438731214891058
9.657634545344102e-05
0.0002149958211788516
-0.0002439596041784755
0.0002207148006635271
8.688984567509556e-05
-0.0002114665936178449
0.0002122661096222544
0.0002114107668688786
-6.047863290683698e-05
0.0002121701610532683
0.0002196306598716884

0.009665147147363636
0.005743720965520669
0.001766818034689358
-0.001766122330937196
-0.001943744833134291
0.001022282250488279
-0.001378415521048281
0.001085775719220007
0.0008315081621809342
0.0005552542317565531
-0.0007123106673560331
0.0001058987515058511
-0.0007413723602441099
0.0003598325479369333
-0.0007426521637964929
-0.0005383296230330233
0.0004190715229291838
0.0005358498498233289
-0.0003916204318322703
-6.298012235360444e-05
0.0003446790771927772
0.0004186186882270916
-0.0003271752044268556
-0.0003031617637861399
-0.0003494544950565989
-0.0002773338521479089
4.929007384607371e-06
-0.000324022826120268
0.0002812723647104414
0.0002629597508403409
-0.0002774588000745891
-0.0002423238052845362
-3.371307793394032e-05
0.0002414917368963454
0.0002584566070779917
0.0002089336947563552
-4.351558252588391e-05
-0.0002310058855096198
-0.0002182225951807634
-0.0001941763930882421
0.0002166862410302212
-1.84422084461867e-05
-0.0002010247639988702
-0.000183498031892818
-0.0001959896718994887
-4.546738385670601e-05
0.0001724125242612006
-0.0001785134918679356
-0.0001800747375269998
6.660097700732267e-05
0.0001547316739718989
0.000158870482671162
0.0001604692709583979
6.354753509574658e-05
0.0001414679177146442
-0.0001605261768363748
0.0001452310239682575
5.717378817323691e-05
-0.0001391456750242833
0.0001396717590370456
0.0001391089408502632
-3.979512818739204e-05
0.0001396086245807974
0.000144517655961842

-0.0009753677609529285
-0.0005796332091227909
-0.0001783001670049461
0.000178229959382224
0.0001961549076126333
-0.0001031646114141659
0.0001391041481237152
-0.0001095721168031058
-8.39124580302331e-05
-5.603402292066932e-05
7.188352646141495e-05
-1.068687590257272e-05
7.481631557373882e-05
-3.631285289794454e-05
7.494546819857565e-05
5.432605950698307e-05
-4.229101189721763e-05
-5.407581077262533e-05
3.952075823730245e-05
6.355700538037182e-06
-3.47836256026988e-05
-4.224531364115635e-05
3.301720519257598e-05
3.059386538473553e-05
3.526554155880627e-05
2.798741646466524e-05
-4.974155926581351e-07
3.269907985785186e-05
-2.838487530525231e-05
-2.653683999701383e-05
2.800002570673634e-05
2.44543434033701e-05
3.402188175485737e-06
-2.437037440950776e-05
-2.608240084763426e-05
-2.108474779888384e-05
4.391417497080149e-06
2.331218447902825e-05
2.202214625450253e-05
1.95955002928456e-05
-2.186710357536536e-05
1.861113471410335e-06
2.02866103296648e-05
1.851788304691693e-05
1.977848909447851e-05
4.588385434021495e-06
-1.73991782209288e-05
1.801486332367655e-05
1.817241795370829e-05
-6.721102620626174e-06
-1.561489795130236e-05
-1.603256987211354e-05
-1.619391315306641e-05
-6.412961548877832e-06
-1.427637303856246e-05
1.619965586535048e-05
-1.465613058019703e-05
-5.769748655188876e-06
1.404202165012877e-05
-1.409511193189788e-05
-1.403831458504611e-05
4.015964215042299e-06
-1.408874065660864e-05
-1.458414035135292e-05

0.01174638611116575
0.006980541852814274
0.00214727479128815
-0.002146429278565609
-0.002362300021246876
0.001242414817460707
-0.001675235843281143
0.001319580616168849
0.001010560499352994
0.0006748195859437139
-0.0008656956797752074
0.0001287023989301111
-0.000901015355772374
0.0004373168849876008
-0.0009025707450943251
-0.0006542505262268196
0.0005093120509666482
0.0006512367724639905
-0.0004759497947816434
-7.654191117990746e-05
0.0004189003502395249
0.0005087617053615631
-0.0003976272909870561
-0.0003684429297638235
-0.0004247040799927117
-0.0003370533794629583
5.990392386333753e-06
-0.000393796097090533
0.0003418399893880106
0.0003195840392256828
-0.0003372052329804916
-0.0002945044640706902
-4.097266439606734e-05
0.0002934932227092156
0.0003141112135626084
0.0002539243130827942
-5.288598573905021e-05
-0.0002807494064782832
-0.0002652134335970905
-0.0002359892562536583
0.0002633462494993051
-2.241345091268967e-05
-0.0002443123172191403
-0.0002230114762235129
-0.000238192996426397
-5.525807709932457e-05
0.0002095388771110634
-0.0002169535931074785
-0.0002188510287126092
8.094246051104015e-05
0.0001880507309810244
0.0001930807676975488
0.0001950238301512054
7.723150742209832e-05
0.0001719308313141493
-0.0001950929898241497
0.0001765042639124317
6.948527333119912e-05
-0.0001691085298148392
0.0001697478978292203
0.0001690638855082381
-4.836438948162509e-05
0.0001696711683507647
0.0001756372832121331

-0.008202894566447941
-0.004874746010681318
-0.001499513854851968
0.001498923405018244
0.001649673169707114
-0.0008676198499670792
0.001169873258577023
-0.000921507309901481
-0.0007057082195971444
-0.0004712491027014613
0.0006045442675408366
-8.987719277072523e-05
0.0006292091794195154
-0.0003053930175401541
0.0006302953598412198
0.0004568850398661118
-0.000355669651581668
-0.0004547804347446155
0.0003323716714714432
5.345177839218071e-05
-0.0002925321349343689
-0.0003552853268258667
0.0002776764456609153
0.0002572960294344112
0.0002965850736687618
0.0002353756558684684
-4.183291498484958e-06
0.000275000994735137
-0.0002387183057843351
-0.000223176230891706
0.0002354817002621483
0.0002056623241614773
2.861258288011517e-05
-0.0002049561404731324
-0.0002193543735586899
-0.0001773238465315779
3.6932053906157e-05
0.0001960567070705429
0.0001852074172272188
0.0001647991960713005
-0.000183903500078166
1.565206293809618e-05
0.0001706114681117391
0.0001557363779172169
0.0001663381415918596
3.858856469562329e-05
-0.0001463280110365701
0.0001515059553832663
0.0001528309981724207
-5.652482927407132e-05
-0.000131322119397608
-0.0001348347623892801
-0.0001361916679339353
-5.393334652853202e-05
-0.0001200650539360904
0.0001362399644482443
-0.000123258834989778
-4.852389200069474e-05
0.0001180941463382535
-0.0001185406384220165
-0.0001180629697247981
3.37744719042858e-05
-0.0001184870556591238
-0.0001226533933493773

-0.006554313634404757
-0.003895041437294293
-0.001198148290731047
0.001197676506854591
0.001318129260462508
-0.0006932495067509673
0.0009347573819345346
-0.0007363069068564527
-0.0005638781491275623
-0.0003765395731978662
0.0004830456740906755
-7.181407797300184e-05
0.0005027535426860839
-0.0002440164996028077
0.0005036214274418779
0.0003650623352394153
-0.0002841887613966167
-0.0003633807042088655
0.0002655731047581613
4.270927988420499e-05
-0.0002337403394582683
-0.0002838816765052277
0.0002218702799366168
0.0002055858282877483
0.0002369787367570574
0.000188070913013543
-3.342552349430409e-06
0.0002197325291294159
-0.0001907417721525146
-0.0001783232737126344
0.0001881556450809647
0.0001643292333475261
2.286215439776119e-05
-0.0001637649752872513
-0.000175269516112379
-0.0001416860957570894
2.95096154781547e-05
0.0001566541100656165
0.0001479852617989941
0.0001316785933305989
-0.0001469434000660556
1.250638158161228e-05
0.0001363227410242124
0.0001244371796915206
0.0001329082484878544
3.083320816424423e-05
-0.0001169196641579859
0.000121056968490586
0.0001221157101273036
-4.516472279295185e-05
-0.0001049295892680809
-0.0001077362770374638
-0.000108820477796075
-4.309406461798715e-05
-9.593491829672065e-05
0.0001088590678937197
-9.848682756923526e-05
-3.877177798132966e-05
9.436011486168012e-05
-9.471687297047631e-05
-9.433520398405711e-05
2.698663013450586e-05
-9.467405903077286e-05
-9.800306487225296e-05

0.008291198827672409
0.004927222711635463
0.001515656140001575
-0.001515059333969012
-0.001667431921734077
0.0008769597883574193
-0.001182466958640416
0.0009314273474629016
0.0007133051772887729
0.0004763221051067216
-0.0006110521940403523
9.08447218599125e-05
-0.0006359826239998505
0.0003086805771422531
-0.0006370804971670505
-0.0004618034129577652
0.0003594984397695197
0.0004596761517364217
-0.0003359496566159327
-5.402718744613928e-05
0.0002956812469765519
0.0003591099777530126
-0.0002806656360247331
-0.0002600658243660181
-0.0002997778156462964
-0.0002379094777081883
4.228324683082961e-06
-0.0002779613838366191
0.0002412881112916146
0.0002255787257709843
-0.0002380166636711368
-0.000207876281618723
-2.89205976878564e-05
0.0002071624958542111
0.0002217157260966607
0.0001792327399274048
-3.732962792216201e-05
-0.0001981672599413035
-0.0001872011773589563
-0.0001665732614504959
0.0001858832235256605
-1.58205575887499e-05
-0.0001724481026711429
-0.0001574128819470965
-0.0001681287737385848
-3.900397107071363e-05
0.0001479032338808896
-0.0001531369188623998
-0.0001544762257535503
5.713331975866925e-05
0.0001327358036333177
0.0001362862602701327
0.0001376577729196757
5.451393966938496e-05
0.000121357555723253
-0.0001377065893466248
0.0001245857178693187
4.904625229682248e-05
-0.0001193654312808151
0.0001198167298573163
0.0001193339190506501
-3.41380545110789e-05
0.0001197625702753287
0.0001239737586422138

0.00431408322875753
0.002563736476042653
0.0007886274192731811
-0.0007883168886786258
-0.0008675995158434445
0.0004563004209503503
-0.0006152621570005763
0.0004846410250211358
0.0003711475223653002
0.0002478403000383705
-0.0003179431680503873
4.726839859261635e-05
-0.00033091498937665
0.0001606129256541615
-0.000331486235624353
-0.000240285922486321
0.0001870545167242201
0.0002391790642200052
-0.000174801594972855
-2.811146953566573e-05
0.0001538491037486705
0.0001868523918559859
-0.0001460361690062827
-0.0001353176584701412
-0.0001559806336470302
-0.0001237892503937866
2.200085292872161e-06
-0.0001446290903373809
0.0001255472237317412
0.0001173733036488606
-0.0001238450214800241
-0.00010816235369909
-1.504798860142113e-05
0.0001077909561172363
0.0001153633045577703
9.325852309620376e-05
-1.942338196224579e-05
-0.000103110547747153
-9.740466685621652e-05
-8.667153309416716e-05
9.671890805988733e-05
-8.231765222596837e-06
-8.972833519344481e-05
-8.190519707863902e-05
-8.748089849640785e-05
-2.02945775331738e-05
7.6957129364129e-05
-7.968032453437815e-05
-8.037719377092486e-05
2.972765479359437e-05
6.906519988389153e-05
7.091257633085777e-05
7.162620289349624e-05
2.83647368431667e-05
6.314486079877261e-05
-7.165160309590864e-05
6.482454071769471e-05
2.551978536094984e-05
-6.210831700997275e-05
6.234313704754375e-05
6.209192054112554e-05
-1.776273992334357e-05
6.231495669037089e-05
6.450612560143718e-05

0.0008826084972103341
0.0005245090273830607
0.0001613434939651731
-0.000161279963215299
-0.0001775002159799352
9.335346757502317e-05
-0.0001258750883991595
9.915160744458152e-05
7.593222930304158e-05
5.070508452574153e-05
-6.504727119793519e-05
9.670534395179557e-06
-6.770114668422901e-05
3.2859433957865e-05
-6.781801665773537e-05
-4.915955156658862e-05
3.826905906733305e-05
4.893310194574053e-05
-3.576226161346632e-05
-5.751261754951088e-06
3.147563898434256e-05
3.822770679922983e-05
-2.98772083964282e-05
-2.768433265087323e-05
-3.191172384891092e-05
-2.532576180558223e-05
4.501104571034572e-07
-2.958933736486083e-05
2.568542158117805e-05
2.401313782166931e-05
-2.533717188551346e-05
-2.212869047512114e-05
-3.078633837437562e-06
2.205270708675313e-05
2.360191666915795e-05
1.907954959549017e-05
-3.973785635420422e-06
-2.109515296018934e-05
-1.992779973789863e-05
-1.77319322597213e-05
1.978750190205548e-05
-1.68411816538188e-06
-1.835731646399037e-05
-1.675679839124924e-05
-1.789751849056184e-05
-4.152021560150988e-06
1.574448444689566e-05
-1.630161676663644e-05
-1.644418766222221e-05
6.081913429039815e-06
1.412989250479071e-05
1.450784305955693e-05
1.46538422984974e-05
5.803077138625433e-06
1.291866376721457e-05
-1.46590388682436e-05
1.32623056699122e-05
5.221034971329912e-06
-1.270659962584635e-05
1.275464092442557e-05
1.270324510951268e-05
-3.634038649415941e-06
1.274887556910873e-05
1.319716184389976e-05

-0.005236368277561265
-0.003111824145090034
-0.0009572239064765664
0.000956846989187775
0.001053079030118346
-0.0005538504758958432
0.0007467958012086324
-0.0005882498678998093
-0.0004504931892490128
-0.0003008247676750913
0.0003859145572686512
-5.73736596622719e-05
0.0004016595557060012
-0.0001949495140138539
0.0004023529256692825
0.0002916553796793837
-0.0002270439130659269
-0.0002903118920353285
0.0002121715039434953
3.412127200767357e-05
-0.0001867396903774665
-0.0002267985769905821
0.0001772564696164584
0.0001642465053718613
0.0001893269087853041
0.0001502534998732114
-2.670429897765322e-06
0.0001755485790368389
-0.0001523873010382449
-0.0001424659217890003
0.0001503211939651709
0.0001312858115394556
1.826501853935524e-05
-0.0001308350148318232
-0.0001400262156172764
-0.0001131957697751197
2.357580411802429e-05
0.0001251540066974016
0.0001182282956926559
0.0001052005820000253
-0.0001173959321482382
9.99159079560602e-06
0.0001089108816615476
9.941527620306316e-05
0.0001061829773532276
2.463324798483705e-05
-9.340938724784061e-05
9.671475991846467e-05
9.756060914538089e-05
-3.608297296858757e-05
-8.383028388155351e-05
-8.607260117369237e-05
-8.693879018686353e-05
-3.442868399404835e-05
-7.664426679895133e-05
8.696962056428748e-05
-7.868303660875847e-05
-3.097552537314776e-05
7.538612579279822e-05
-7.567114676492976e-05
-7.536622400954211e-05
2.156014219594645e-05
-7.563694187815038e-05
-7.82965492079875e-05

-0.008277494145709257
-0.004919078410475951
-0.001513150882825152
0.001512555063264757
0.00166467579144973
-0.0008755102446612521
0.001180512436268349
-0.0009298877732910052
-0.0007121261414459518
-0.0004755347831405533
0.0006100421741196559
-9.069456287241039e-05
0.0006349313960920929
-0.0003081703530810716
0.0006360274545636212
0.0004610400892170193
-0.0003589042178860579
-0.0004589163441866943
0.0003353943589689349
5.393788486918778e-05
-0.0002951925097581508
-0.000358516397965869
0.0002802017183983747
0.000259635956564432
0.0002992823071307579
0.0002375162325580256
-4.221335603913119e-06
0.0002775019361206835
-0.0002408892815330233
-0.000225205862357772
0.0002376232413512449
0.0002075326789158352
2.887279427586138e-05
-0.0002068200729815327
-0.0002213492479099069
-0.0001789364826853289
3.726792506240424e-05
0.0001978397054670551
0.0001868917489334353
0.000166297929303805
-0.0001855759735713731
1.579440748491759e-05
0.0001721630598864541
0.0001571526911678228
0.0001678508704557366
3.89395006569719e-05
-0.0001476587617817625
0.0001528837959047362
0.0001542208890297823
-5.703888299589829e-05
-0.0001325164020712787
-0.0001360609900900603
-0.0001374302357399694
-5.442383253032664e-05
-0.0001211569614859705
0.0001374789714772983
-0.0001243797877407532
-4.896518280335084e-05
0.0001191681298643148
-0.0001196186824807468
-0.0001191366697213312
3.408162706437895e-05
-0.0001195646124201588
-0.000123768840032826

-0.005290256082906918
-0.003143848129063994
-0.0009670747597417983
0.0009666939635725955
0.001063916334674135
-0.000559550187041773
0.0007544811252034727
-0.0005943035854186192
-0.0004551292438589005
-0.0003039205748576282
0.0003898860289910895
-5.796409571259807e-05
0.0004057930602277558
-0.0001969557520984463
0.0004064935657063562
0.0002946568240956847
-0.0002293804366914756
-0.0002932995105331524
0.0002143549746427361
3.447241622950899e-05
-0.000188661440634911
-0.000229132575846628
0.0001790806274344058
0.0001659367768044884
0.0001912752842750956
0.0001517997683792939
-2.697911464930605e-06
0.0001773551608421328
-0.0001539555286304334
-0.0001439320478242744
0.0001518681591155132
0.0001326368823354471
1.845298502901976e-05
-0.0001321814464497251
-0.0001414672344781587
-0.0001143606747788172
2.381842424629924e-05
0.0001264419746923343
0.0001194449907467437
0.0001062832080080903
-0.0001186040612951428
1.009441490410307e-05
0.0001100316906039283
0.0001004383652541968
0.0001072757132555405
2.488675033648419e-05
-9.437066930646537e-05
9.771005778147582e-05
9.85646116976016e-05
-3.64543051821659e-05
-8.469298676653817e-05
-8.695837989126942e-05
-8.78334829117379e-05
-3.478299181257081e-05
-7.743301791636705e-05
8.786463056655008e-05
-7.949276883843757e-05
-3.129429651247615e-05
7.616192929956165e-05
-7.644988344100049e-05
-7.614182270578223e-05
2.178201901673515e-05
-7.641532654951241e-05
-7.910230407077576e-05

0.0008023071134935654
0.0004767882080116793
0.0001466641589482335
-0.0001466064083459828
-0.0001613509119584191
8.485999323750026e-05
-0.0001144227357354426
9.013060741933111e-05
6.902377204131839e-05
4.609184041830831e-05
-5.912914792953946e-05
8.790690958739301e-06
-6.154156882479664e-05
2.986982075641368e-05
-6.164780574788274e-05
-4.468692295920816e-05
3.478726798283399e-05
4.448107615155764e-05
-3.25085436835937e-05
-5.228001126373076e-06
2.861192605635525e-05
3.47496780219862e-05
-2.715892369441075e-05
-2.516555991506903e-05
-2.900833509842279e-05
-2.302157628832472e-05
4.091585598064392e-07
-2.689724371154415e-05
2.334851354000208e-05
2.182837730715119e-05
-2.303194825770808e-05
-2.011538053008603e-05
-2.798533931431141e-06
2.004631025350407e-05
2.145456982975562e-05
1.734365623158278e-05
-3.612243132568913e-06
-1.917587620523098e-05
-1.811473097813974e-05
-1.611864765966768e-05
1.798719770367162e-05
-1.530893922184165e-06
-1.668713323092869e-05
-1.523223330747367e-05
-1.626916854329798e-05
-3.774262817108657e-06
1.431202159274948e-05
-1.481846496453172e-05
-1.494806449148549e-05
5.528569488278494e-06
1.284432826708773e-05
1.318789216840336e-05
1.332060812154417e-05
5.275102248824661e-06
1.174329940176622e-05
-1.332533189759899e-05
1.205567611677961e-05
4.746015374354003e-06
-1.155052925544683e-05
1.159419966618215e-05
1.154747993931958e-05
-3.30340696735973e-06
1.158895885374965e-05
1.199645919878775e-05

0.007089921212976277
0.004213337727191884
0.001296058970713639
-0.001295548633446624
-0.001425844585180952
0.0007499007002040013
-0.001011144196147809
0.0007964766792327245
0.0006099573310081588
0.0004073097591067501
-0.000522519360928008
7.768260464962687e-05
-0.0005438377236752569
0.0002639571209666835
-0.0005447765305256414
-0.0003948946204047126
0.0003074121929927155
0.0003930755692913635
-0.0002872752959419507
-4.619941100355414e-05
0.0002528412101542688
0.0003070800136361754
-0.0002400011491659951
-0.0002223859592883892
-0.0002563442438790239
-0.0002034397543503114
3.615700152538433e-06
-0.0002376887049281525
0.0002063288716434792
0.0001928955542233371
-0.0002035314105810211
-0.0001777579442196345
-2.473041152441487e-05
0.0001771475759316889
0.0001895922486452377
0.0001532644471906632
-3.192109203731989e-05
-0.0001694556226641285
-0.0001600783705754996
-0.0001424391483570322
0.0001589513696393736
-1.352838222564582e-05
-0.0001474628080543659
-0.0001346059784729191
-0.0001437692888828544
-3.33528465101554e-05
0.000126474144108093
-0.0001309495420503757
-0.0001320948022878493
4.885550861146829e-05
0.0001135042602959107
0.0001165403059086547
0.0001177131057449603
4.661563970398692e-05
0.0001037745598146367
-0.0001177548493610554
0.0001065350068566058
4.194014301232757e-05
-0.0001020710660693999
0.0001024569778558071
0.0001020441195163477
-2.919193253936001e-05
0.0001024106652323443
0.0001060117118788887

0.004561215601753488
0.0027106001885544
0.0008338039620515876
-0.0008334756427039184
-0.0009172999772834825
0.0004824396027529261
-0.0006505074660988195
0.0005124036990850629
0.0003924087180978956
0.0002620378382462943
-0.0003361565509249283
4.99761700686075e-05
-0.0003498714633824006
0.0001698136413904892
-0.0003504754334865833
-0.000254050707974354
0.0001977699397112743
0.0002528804433027914
-0.0001848151090100805
-2.972183581892276e-05
0.0001626623537665028
0.0001975562361146043
-0.0001544018548487127
-0.0001430693341501366
-0.0001649159884119819
-0.000130880520909233
2.326117237641614e-06
-0.0001529141716405927
0.0001327391997967836
0.0001240970364836213
-0.0001309394868436334
-0.0001143584370199175
-1.591001303040758e-05
0.000113965763917657
0.0001219718945408888
9.860084008284642e-05
-2.053605091678236e-05
-0.0001090172382290906
-0.0001029844957989109
-9.163651418260803e-05
0.0001022594532915996
-8.703322113255869e-06
-9.486842527178402e-05
-8.659713848109885e-05
-9.249224410353171e-05
-2.145715294926221e-05
8.136562057539426e-05
-8.42448140537271e-05
-8.498160346311007e-05
3.143060429252661e-05
7.302160170408207e-05
7.497480516015677e-05
7.572931183949869e-05
2.998961155089287e-05
6.676211583636196e-05
-7.575616709319669e-05
6.853801626427301e-05
2.698168694702659e-05
-6.5666193608911e-05
6.5914465318611e-05
6.564885786789659e-05
-1.878027895432382e-05
6.588467064891748e-05
6.820136072959656e-05

0.00333285203251671
0.001980618794755798
0.0006092553986216558
-0.0006090154977043049
-0.0006702654205915652
0.0003525156342059485
-0.0004753217825797406
0.0003744102140904518
0.0002867306235617486
0.0001914694278998845
-0.0002456275128857294
3.651727840415034e-05
-0.0002556489146019551
0.0001240817775945221
-0.0002560902318220591
-0.0001856332812045422
0.0001445092718889083
0.0001847781760461272
-0.0001350432572114281
-2.171756162570757e-05
0.0001188563759530007
0.0001443531199923846
-0.0001128204804787261
-0.0001045398776874313
-0.0001205030928514694
-9.563358723090255e-05
1.69967948026174e-06
-0.0001117334395588264
9.699171239953812e-05
9.067693711186617e-05
-9.567667327449822e-05
-8.356100270965084e-05
-1.162534812987276e-05
8.327407890224128e-05
8.912410903671894e-05
7.204702407661185e-05
-1.500556540488271e-05
-7.965822178447626e-05
-7.52501341987194e-05
-6.695823421038435e-05
7.472035012246711e-05
-6.359463644664363e-06
-6.931977165633256e-05
-6.327599355005758e-05
-6.758351077156212e-05
-1.567860896369404e-05
5.945335576935987e-05
-6.155716463831717e-05
-6.20955321032588e-05
2.29661481819282e-05
5.335643278155675e-05
5.478362646781609e-05
5.533493983235861e-05
2.19132236970772e-05
4.878266516819321e-05
-5.535456280014248e-05
5.008030462829265e-05
1.9715351790776e-05
-4.798188157405981e-05
4.816329217697166e-05
4.796921445532439e-05
-1.372263369004159e-05
4.814152139608099e-05
4.983431251105266e-05

-0.006295229316848104
-0.003741075025411408
-0.001150786896456178
0.001150333761642994
0.00126602515941542
-0.0006658461682209661
0.0008978075208367279
-0.000707201559886877
-0.0005415887083711227
-0.000361655406251074
0.0004639514461055316
-6.897535184232484e-05
0.0004828802858094604
-0.000234370814059104
0.0004837138641003292
0.000350631850024996
-0.000272955113540958
-0.0003490166918937275
0.0002550753119385825
4.102103222788884e-05
-0.0002245008584520357
-0.0002726601673545286
0.0002131000084375992
0.0001974592620303423
0.0002276112457101512
0.0001806366907793725
-3.21042518209221e-06
0.00021104676040809
-0.0001832019739944041
-0.0001712743642078707
0.0001807180734877674
0.0001578334918173509
2.195844029426678e-05
-0.00015729153821519
-0.0001683413180578266
-0.0001360854108532634
2.834313504801008e-05
0.0001504617571416014
0.0001421355782622588
0.0001264734932403642
-0.0001411349000995268
1.201201901094927e-05
0.0001309340632318311
0.0001195183241747078
0.0001276545415739367
2.96144076702538e-05
-0.0001122979671981876
0.0001162717287513086
0.0001172886195750353
-4.337941436324285e-05
-0.0001007818458820351
-0.0001034775885813524
-0.000104518932157756
-4.139060687318291e-05
-9.21427236867574e-05
0.0001045559968342185
-9.459375898378242e-05
-3.723917514919457e-05
9.06301703813048e-05
-9.09728262611733e-05
-9.060624420134561e-05
2.591988035084182e-05
-9.093170470620757e-05
-9.412911885788693e-05

-0.0002568428150311257
-0.0001526343509359938
-4.695164085536107e-05
4.693315313777651e-05
5.165331546770876e-05
-2.716625489177912e-05
3.663018444631856e-05
-2.885353817854126e-05
-2.209660068694647e-05
-1.475539459130807e-05
1.892903172514218e-05
-2.814166512966262e-06
1.970132074433334e-05
-9.56223460881035e-06
1.973533040216849e-05
1.430563794698417e-05
-1.113645845302788e-05
-1.423974014715918e-05
1.040696976485386e-05
1.673641556577376e-06
-9.159544404101821e-06
-1.112442476765508e-05
8.69439432554291e-06
8.056258185568816e-06
9.286446948739441e-06
7.369904069040595e-06
-1.309840515275975e-07
8.610622634735939e-06
-7.474566588713972e-06
-6.987924924071512e-06
7.373224450668624e-06
6.439542755971242e-06
8.958955003922931e-07
-6.417431267788401e-06
-6.868257825048491e-06
-5.55222983137597e-06
1.156388469130848e-06
6.138778956836177e-06
5.799074219471131e-06
5.160067472628909e-06
-5.758246954360263e-06
4.900855269457722e-07
5.342056927758788e-06
4.876299382257218e-06
5.208253767913936e-06
1.20825587896405e-06
-4.581711732138417e-06
4.743839599479073e-06
4.78532833460889e-06
-1.769862595738241e-06
-4.111858630960615e-06
-4.221843844940795e-06
-4.264330242534316e-06
-1.688720052930615e-06
-3.75938593260333e-06
4.265842466352875e-06
-3.859387183360378e-06
-1.519343314336511e-06
3.697674368292723e-06
-3.711654589874852e-06
-3.696698189819293e-06
1.057520655646218e-06
-3.70997684704047e-06
-3.840430053779162e-06

0.003495007896058173
0.002076983394166474
0.0006388979793051431
-0.0006386464063006326
-0.000702876369717691
0.0003696668537975681
-0.0004984479860119652
0.0003926266878468538
0.0003006811534423163
0.0002007851401246602
-0.0002575782208897912
3.829398218698023e-05
-0.0002680872017224307
0.0001301188256240253
-0.0002685499906952793
-0.0001946650428075104
0.0001515401948174269
0.0001937683335473282
-0.0001416136227046348
-2.277420318227084e-05
0.0001246391884187166
0.0001513764455402329
-0.0001183096237886347
-0.000109626138336093
-0.0001263660243257613
-0.0001002865231457531
1.782375318893054e-06
-0.0001171696942143558
0.0001017107262432262
9.508871324148791e-05
-0.0001003317054884319
-8.7626561702513e-05
-1.219096530896319e-05
8.732567796608737e-05
9.346033420426942e-05
7.555238443784188e-05
-1.573564294580017e-05
-8.353389571644858e-05
-7.891133798858515e-05
-7.021600568767609e-05
7.835577791222523e-05
-6.668875616421464e-06
-7.269244086687194e-05
-6.635461008490739e-05
-7.087170431972778e-05
-1.644143262067748e-05
6.234598651056901e-05
-6.455215364223105e-05
-6.511671472163395e-05
2.408353819934137e-05
5.595242514746642e-05
5.744905720734612e-05
5.80271940533535e-05
2.297938495382818e-05
5.115612643171343e-05
-5.804777175278423e-05
5.251690096204134e-05
2.067457826211619e-05
-5.031638168539608e-05
5.050661860062479e-05
5.03030982633869e-05
-1.439029174817259e-05
5.048378858885869e-05
5.225894039742851e-05

0.002520428956042543
0.00149781895880137
0.0004607420111450576
-0.0004605605889840727
-0.0005068801008296497
0.0002665856759440827
-0.0003594563372639578
0.0002831431866235108
0.0002168365589465817
0.0001447964342753073
-0.0001857528296599231
2.761574921049474e-05
-0.0001933313932503003
9.383534045772377e-05
-0.0001936651340492631
-0.0001403829190699958
0.0001092833854403959
0.000139736256157682
-0.0001021248265668837
-1.642364276662185e-05
8.988369379721105e-05
0.0001091652974611811
-8.531912099874451e-05
-7.905701549718163e-05
-9.11290034937653e-05
-7.232174128202318e-05
1.285362007147467e-06
-8.449705947778227e-05
7.334880698057136e-05
6.857333470318899e-05
-7.235432458029749e-05
-6.319199555531173e-05
-8.791528626151673e-06
6.297501290341518e-05
6.739902729133989e-05
5.448468876135209e-05
-1.134777697277334e-05
-6.024056478162834e-05
-5.690700197009252e-05
-5.063635310022357e-05
5.650635918332144e-05
-4.809267305757016e-06
-5.242223717231292e-05
-4.785170322892538e-05
-5.110921092137726e-05
-1.185675800695998e-05
4.496087973693047e-05
-4.655185969630311e-05
-4.695899356675504e-05
1.736787121712607e-05
4.035015562097682e-05
4.142945354888955e-05
4.184637759901149e-05
1.65716098367037e-05
3.689129929659227e-05
-4.18612172305679e-05
3.787262341113705e-05
1.490949584536589e-05
-3.628571640887125e-05
3.642290597866557e-05
3.627613705384907e-05
-1.037757541231821e-05
3.640644208947218e-05
3.768659485385678e-05

0.003784545263657324
0.00224904718411375
0.0006918262829292451
-0.0006915538688320655
-0.0007611048429821822
0.0004002912102853916
-0.0005397409736235068
0.0004251531086814961
0.0003255905190984857
0.00021741880810292
-0.0002789168050203488
4.146637524789703e-05
-0.000290296382640546
0.0001408982754469383
-0.0002907975104968952
-0.0002107917028134479
0.000164094257754486
0.0002098207073582686
-0.0001533453374112462
-2.466088928848116e-05
0.0001349646879848812
0.0001639169429758538
-0.0001281107624561675
-0.0001187079099536947
-0.0001368345803705912
-0.0001085945718771766
1.930032855943459e-06
-0.0001268763975563355
0.0001101367604064328
0.0001029661591697756
-0.0001086434972662611
-9.488581969607909e-05
-1.320090294257709e-05
9.456000981133118e-05
0.0001012028801283781
8.181137988400895e-05
-1.703923274344729e-05
-9.045410448000853e-05
-8.544859963559236e-05
-7.603291885491129e-05
8.484701522769599e-05
-7.221346096669321e-06
-7.871450965722069e-05
-7.18516331827907e-05
-7.67429376091259e-05
-1.780349223888216e-05
6.751092271425904e-05
-6.989985562009301e-05
-7.051118670222924e-05
2.607869370687644e-05
6.058769876336651e-05
6.220831649646029e-05
6.283434800405452e-05
2.488306895867624e-05
5.539405968514709e-05
-6.285663042438641e-05
5.686756502666688e-05
2.23873248836569e-05
-5.448474786185304e-05
5.469074459715445e-05
5.447036399965308e-05
-1.55824284516218e-05
5.466602327592719e-05
5.658823420338633e-05

5.138445972820344e-05
3.053631715580418e-05
9.393234139925828e-06
-9.389535451786806e-06
-1.033386006231044e-05
5.434932374152971e-06
-7.328304034287433e-06
5.77249346229121e-06
4.420687758024009e-06
2.951992171085598e-06
-3.786977915936557e-06
5.630074792470288e-07
-3.941483518847785e-06
1.913038755259086e-06
-3.9482875554944e-06
-2.862013005491257e-06
2.227980957327342e-06
2.848829366795263e-06
-2.082038069546814e-06
-3.34831897674459e-07
1.832475790694138e-06
2.225573475436782e-06
-1.739416985575536e-06
-1.611750261560739e-06
-1.857864154057586e-06
-1.474436957864321e-06
2.620491727631613e-08
-1.722657462596458e-06
1.495375939672437e-06
1.398017487135572e-06
-1.475101239651748e-06
-1.288307112549278e-06
-1.79234549575294e-07
1.283883446438276e-06
1.374076660743109e-06
1.110789609411945e-06
-2.313492659535631e-07
-1.228135737609306e-06
-1.160173764869544e-06
-1.032332865556207e-06
1.152005784945675e-06
-9.804743816165802e-08
-1.068742020440582e-06
-9.755616843211889e-07
-1.041973106998029e-06
-2.417259581415181e-07
9.166259214384854e-07
-9.490615294435213e-07
-9.573618443056286e-07
3.54082060910448e-07
8.226262206553377e-07
8.446300707391171e-07
8.53129979894908e-07
3.378485302120988e-07
7.521098654323092e-07
-8.53432518215911e-07
7.721163049781338e-07
3.039626992889198e-07
-7.397637330737136e-07
7.425606426754906e-07
7.395684369932265e-07
-2.115695840525542e-07
7.422249902721818e-07
7.683237057412621e-07

-0.002196584920978935
-0.001305367695991487
-0.0004015423452887275
0.0004013842336378364
0.0004417522594943339
-0.0002323327045279072
0.0003132706312913153
-0.0002467627792975896
-0.0001889757354823205
-0.0001261918783221914
0.0001618858820368355
-2.406746603664405e-05
0.0001684906936763076
-8.177865652995197e-05
0.0001687815528988237
0.0001223454453865354
-9.524181826130033e-05
-0.0001217818706828327
8.900304591272996e-05
1.431340723261608e-05
-7.833474772758587e-05
-9.513890313096518e-05
7.435666623640326e-05
6.889916405791052e-05
7.942005048717046e-05
6.302928950970329e-05
-1.120208842280867e-06
7.364022948196752e-05
-6.392438993333019e-05
-5.976250694515147e-05
6.305768625602831e-05
5.507260350686497e-05
7.661925628278761e-06
-5.48835004495706e-05
-5.873908355236993e-05
-4.748407824409331e-05
9.889727589926737e-06
5.250039518604382e-05
4.959515408120159e-05
4.413020625186482e-05
-4.924598895118492e-05
4.191335772212674e-06
4.568662624694472e-05
4.170334954445052e-05
4.454230767500289e-05
1.033331083875344e-05
-3.918396121712024e-05
4.057051987412087e-05
4.092534206361614e-05
-1.513631397289561e-05
-3.516565828356524e-05
-3.610627973929474e-05
-3.646963419112211e-05
-1.444236235914834e-05
-3.215122233696005e-05
3.648256711305249e-05
-3.300645840597019e-05
-1.299380951596172e-05
3.162344938133801e-05
-3.174301178343451e-05
-3.161510085527979e-05
9.044184963980533e-06
-3.172866330094799e-05
-3.284433222390853e-05

0.002980156774317441
0.00177102207386959
0.0005447816422018331
-0.0005445671285256886
-0.0005993353483073298
0.0003152110700028724
-0.00042502139804406
0.0003347886809880014
0.0002563876829437739
0.0001712073944666666
-0.0002196342619903233
3.265287914194219e-05
-0.0002285951603205552
0.0001109509652573414
-0.0002289897756499187
-0.0001659888513269614
0.0001292167433085441
0.0001652242366950934
-0.0001207524588183759
-1.941932548132615e-05
0.0001062785357739604
0.000129077116008059
-0.0001008813820415847
-9.347706457914481e-05
-0.0001077509907381046
-8.551327213380822e-05
1.519812841328203e-06
-9.990937598486982e-05
8.672767525824885e-05
8.108115385008933e-05
-8.555179864612359e-05
-7.471825507529232e-05
-1.039510894722414e-05
7.446169465189524e-05
7.969265203174347e-05
6.442273007509077e-05
-1.341761859137655e-05
-7.12284814821924e-05
-6.728687472846958e-05
-5.987245558206888e-05
6.681315444674997e-05
-5.686480670832398e-06
-6.198408602606475e-05
-5.657988383220001e-05
-6.043156296559401e-05
-1.401943808460094e-05
5.316177232687524e-05
-5.504294802613547e-05
-5.552434336925227e-05
2.053578179186264e-05
4.771004924789189e-05
4.898621179302457e-05
4.947918305068006e-05
1.959428183753357e-05
4.362029536624235e-05
-4.949672944035502e-05
4.478061361310796e-05
1.762899721442344e-05
-4.290425378096011e-05
4.306646681407622e-05
4.289292714554982e-05
-1.227045165937225e-05
4.304699990120276e-05
4.456065333062492e-05

0.001442905218235571
0.0008574773696539677
0.0002637674236156712
-0.000263663562333584
-0.0002901807411604939
0.0001526160306977002
-0.0002057829971849244
0.0001620949404296962
0.0001241354578387026
8.28936400277897e-05
-0.0001063405205592986
1.580957421782513e-05
-0.0001106791268608474
5.371922984648031e-05
-0.0001108701881241637
-8.036697324541327e-05
6.256298823275469e-05
7.999676908297111e-05
-5.846482790617569e-05
-9.402272495554354e-06
5.145697541021259e-05
6.249538475558894e-05
-4.88438305746299e-05
-4.525887544877958e-05
-5.216989527062194e-05
-4.140303881112932e-05
7.358491668605734e-07
-4.837321351738855e-05
4.199101747736242e-05
3.925713606718942e-05
-4.1421692227638e-05
-3.617640557528386e-05
-5.033009361572274e-06
3.60521864815692e-05
3.858486387785163e-05
3.119161186402514e-05
-6.49642060734549e-06
-3.448675871799276e-05
-3.257834738802597e-05
-2.898850132060342e-05
3.234898580801476e-05
-2.753228522760526e-06
-3.001089135489551e-05
-2.739433385930179e-05
-2.92592048514438e-05
-6.787804099212223e-06
2.573938370028281e-05
-2.66501942510031e-05
-2.688327187248683e-05
9.942828163734791e-06
2.309981797445672e-05
2.371769875561332e-05
2.395638109818897e-05
9.486981273812081e-06
2.111967811468078e-05
-2.396487654963636e-05
2.168147045652475e-05
8.535447628852064e-06
-2.077299160853221e-05
2.085153044044523e-05
2.076750758117706e-05
-5.940995749618979e-06
2.084210512752786e-05
2.157497208631175e-05

-0.00173427482277633
-0.001030630005696669
-0.000317030665676136
0.0003169058314156577
0.0003487776931490647
-0.0001834341828178759
0.0002473372931655165
-0.000194827193452108
-0.0001492024537873281
-9.963256841227803e-05
0.0001278141385283165
-1.90020426693854e-05
0.0001330288508876053
-6.456689368384297e-05
0.0001332584936487167
9.659568523328355e-05
-7.519649520864195e-05
-9.615072478144247e-05
7.027078270570086e-05
1.130089784128561e-05
-6.184781632387668e-05
-7.51152403854527e-05
5.870699235333066e-05
5.43981179123252e-05
6.270469794629211e-05
4.976366215123104e-05
-8.84441103488607e-07
5.814134236927538e-05
-5.047037287917659e-05
-4.718443168345036e-05
4.978608230072392e-05
4.34816012686157e-05
6.049338035679542e-06
-4.333229829007859e-05
-4.637640582199322e-05
-3.749021519487168e-05
7.808259721491206e-06
4.145075962570591e-05
3.915697783100484e-05
3.484222480797554e-05
-3.888130067040662e-05
3.309195121076922e-06
3.607106872167238e-05
3.292614296380032e-05
3.516759220704526e-05
8.158483039923392e-06
-3.093700441370767e-05
3.20317373084929e-05
3.231188090047773e-05
-1.195060932182076e-05
-2.776442431387494e-05
-2.850707536864047e-05
-2.879395545756832e-05
-1.140271208349097e-05
-2.538442966079415e-05
2.880416641766875e-05
-2.605966619170517e-05
-1.025903277412624e-05
2.496773584651789e-05
-2.506213422906775e-05
-2.496114441520422e-05
7.14067647726723e-06
-2.50508056381762e-05
-2.593166232855919e-05

-0.00124790460584264
-0.0007415940738686693
-0.000228120723829627
0.0002280308988217243
0.0002509644284633336
-0.0001319908232545491
0.0001779725700246678
-0.0001401887110738417
-0.0001073592413608696
-7.169102577111784e-05
9.196919084954553e-05
-1.367299822157935e-05
9.572145864799525e-05
-4.645937480891606e-05
9.58866990446107e-05
6.950582394683114e-05
-5.410794845310452e-05
-6.918565081718025e-05
5.056363169383596e-05
8.13160767893835e-06
-4.450285147327197e-05
-5.404948120973303e-05
4.224285862354155e-05
3.91423902374537e-05
4.51194241810264e-05
3.580764846875243e-05
-6.364032459832553e-07
4.18358428432581e-05
-3.631616508958279e-05
-3.395175254156959e-05
3.582378097978435e-05
3.128736563545933e-05
4.352826148376166e-06
-3.117993406116551e-05
-3.337033419830677e-05
-2.697623906053995e-05
5.61846550622083e-06
2.982606515028963e-05
2.817556499379764e-05
2.50708666496409e-05
-2.797720035522871e-05
2.381145005972745e-06
2.595508635904964e-05
2.369214205132317e-05
2.530498610438844e-05
5.870470140325398e-06
-2.2260849198698e-05
2.304856877093052e-05
2.325014724862919e-05
-8.599110256044646e-06
-1.9978006095029e-05
-2.051238372630276e-05
-2.071880947823715e-05
-8.204868537115526e-06
-1.826547112043832e-05
2.072615681666758e-05
-1.875134035292887e-05
-7.381929370248957e-06
1.796563736674923e-05
-1.803356211250137e-05
-1.796089447519654e-05
5.138103227812252e-06
-1.802541057817581e-05
-1.865923464492342e-05

-0.004357808315327158
-0.002589721046439071
-0.0007966204969094534
0.0007963068189546251
0.0008763930095999599
-0.0004609252217129662
0.0006214981032374293
-0.0004895530699794477
-0.0003749092619248366
-0.0002503522679350544
0.0003211656586259519
-4.774748411573515e-05
0.0003342689549332388
-0.0001622408066443843
0.000334845991006882
0.0002427213235216299
-0.0001889503945974667
-0.0002416032467716357
0.0001765732842210878
2.839639135425272e-05
-0.0001554084304986442
-0.0001887462211068497
0.000147516308306727
0.0001366891610622134
0.0001575615643679831
0.000125043907618238
-2.222384102325852e-06
0.000146094968290971
-0.0001268196987710328
-0.0001185629324971385
0.0001251002439684292
0.0001092586256132069
1.52005064295109e-05
-0.0001088834637572939
-0.0001165325612018918
-9.420373828543491e-05
1.962024628143351e-05
0.0001041556174380464
9.839190499341869e-05
8.754998631047017e-05
-9.769919573708873e-05
8.315197698945833e-06
9.063777041197852e-05
8.273534143206731e-05
8.836755497871327e-05
2.050027179368057e-05
-7.773712292590693e-05
8.048791884894069e-05
8.119185115456178e-05
-3.002895734397434e-05
-6.976520535055865e-05
-7.163130575132068e-05
-7.235216522569156e-05
-2.86522256346841e-05
-6.378486108589822e-05
7.237782287010101e-05
-6.548156528219995e-05
-2.577843934720002e-05
6.273781148053364e-05
-6.297501152003604e-05
-6.272124882639288e-05
1.794277292216997e-05
-6.294654554283404e-05
-6.515992289200966e-05

-0.003086473583647
-0.001834203117823703
-0.0005642166754457299
0.0005639945090142398
0.0006207165798253463
-0.0003264561949295967
0.0004401839959740939
-0.0003467322353236504
-0.0002655342891347504
-0.0001773152019720966
0.000227469693386309
-3.381776749805786e-05
0.0002367502709116561
-0.0001149091303847039
0.0002371589641054867
0.000171910487802477
-0.0001338265383297734
-0.0001711185956162698
0.0001250602912958827
2.011210806990117e-05
-0.0001100700124241458
-0.0001336819298386086
0.0001044803157459813
9.681184996266902e-05
0.0001115949970790776
8.856394997970545e-05
-1.574032019816658e-06
0.0001034736334657307
-8.982167682004976e-05
-8.397371629798785e-05
8.860385092163543e-05
7.738382171486119e-05
1.076595346972137e-05
-7.711810852283268e-05
-8.253567980936841e-05
-6.672100484005795e-05
1.389629085779637e-05
7.376955078091689e-05
6.96873275813533e-05
6.20083997374302e-05
-6.919670737365969e-05
5.889345327637871e-06
6.419536239659055e-05
5.859836580375593e-05
6.258745322366508e-05
1.451958020417036e-05
-5.505831349574472e-05
5.700659995903685e-05
5.750516903521063e-05
-2.12683938530908e-05
-4.941210071468515e-05
-5.073379023717665e-05
-5.124434819756175e-05
-2.029330597748746e-05
-4.517644525246902e-05
5.126252055298787e-05
-4.6378157742405e-05
-1.825791001245819e-05
4.443485895177776e-05
-4.460285891943066e-05
-4.442312823975676e-05
1.270819885465851e-05
-4.458269752628995e-05
-4.615035039777341e-05

-0.0001888264876235155
-0.0001122141897355278
-3.451805116627321e-05
3.450445930907507e-05
3.797464271192587e-05
-1.99721704985611e-05
2.69298912224401e-05
-2.121263259453697e-05
-1.624504658871141e-05
-1.08479162006352e-05
1.391630353512369e-05
-2.068927558544177e-06
1.448407734220773e-05
-7.029992934772518e-06
1.450908066672862e-05
1.051726273296638e-05
-8.187335643420382e-06
-1.046881578647466e-05
7.651027914770757e-06
1.230432926961777e-06
-6.733941916371815e-06
-8.178488681737009e-06
6.391971456579136e-06
5.922824574219013e-06
6.827238517974732e-06
5.41822865208316e-06
-9.629725628803811e-08
6.330383928344295e-06
-5.49517476396819e-06
-5.137404054066291e-06
5.420669740396731e-06
4.734242771666234e-06
6.586471986709511e-07
-4.717986780087252e-06
-5.049426829578231e-06
-4.081905337405972e-06
8.501572174749649e-07
4.513126320389599e-06
4.263381150845577e-06
3.79359421301058e-06
-4.233365637011514e-06
3.603025791399659e-07
3.927389778202627e-06
3.584972719006732e-06
3.829019961203675e-06
8.882892587388734e-07
-3.368396867884991e-06
3.487590530081117e-06
3.518092345464498e-06
-1.301173005323917e-06
-3.022968825495193e-06
-3.103828092056629e-06
-3.135063372019563e-06
-1.241518382118308e-06
-2.763836867242408e-06
3.136175133333435e-06
-2.837356093176771e-06
-1.116995472528567e-06
2.718467570335758e-06
-2.728745592487665e-06
-2.717749900485922e-06
7.774712754624726e-07
-2.727512144365065e-06
-2.823419132561188e-06

-0.003074605325787324
-0.001827150151070116
-0.0005620471221312257
0.0005618258099852212
0.000618329770339228
-0.000325200889741739
0.0004384913791319645
-0.0003453989637222366
-0.0002645132438126764
-0.0001766333809609521
0.0002265950158932471
-3.368772977894781e-05
0.0002358399072920226
-0.0001144672762256262
0.0002362470289588462
0.0001712494492603026
-0.0001333119420364415
-0.0001704606020964434
0.0001245794034006631
2.003477201690139e-05
-0.0001096467658760524
-0.0001331678896008711
0.0001040785629705286
9.643958434359809e-05
0.0001111658865859878
8.822339958552902e-05
-1.56797947558247e-06
0.0001030757516337415
-8.947629015363957e-05
-8.365081649288883e-05
8.826314709847315e-05
7.70862616919294e-05
1.072455570348238e-05
-7.682157023310774e-05
-8.221830961192978e-05
-6.646444599747447e-05
1.384285616647835e-05
7.348588852781352e-05
6.941936249079853e-05
6.176996203252997e-05
-6.893062883969576e-05
5.866699331456945e-06
6.394851527682357e-05
5.837304052662236e-05
6.234678891422834e-05
1.446374881043898e-05
-5.484660059937409e-05
5.678739541711651e-05
5.728404737132076e-05
-2.118661159392515e-05
-4.92220989094548e-05
-5.053870620731924e-05
-5.104730094545812e-05
-2.021527317349283e-05
-4.500273059500234e-05
5.106540342369256e-05
-4.619982220178038e-05
-1.818770381171237e-05
4.42639958778976e-05
-4.443134984392061e-05
-4.425231027335408e-05
1.265933267230946e-05
-4.441126597634399e-05
-4.597289083299534e-05

0.002268747181402948
0.001348251666798324
0.00041473382403136
-0.0004145705180930536
-0.0004562647153013934
0.0002399653041004542
-0.0003235622055719898
0.0002548694360319556
0.0001951839708695328
0.0001303375369306023
-0.0001672041609100254
2.485813100720121e-05
-0.00017402595397968
8.446525091257869e-05
-0.0001743263685162345
-0.0001263647408880321
9.837070475543986e-05
0.0001257826516148057
-9.192697610830303e-05
-1.478363162977961e-05
8.090820273575817e-05
9.826440865478878e-05
-7.679943321614822e-05
-7.11626410453889e-05
-8.202915988754579e-05
-6.509992923796584e-05
1.157009969991626e-06
-7.605946006424134e-05
6.602443552213003e-05
6.17258262543613e-05
-6.512925887490985e-05
-5.688184999604601e-05
-7.913635392483767e-06
5.668653452054898e-05
6.066878133180063e-05
4.904402631959185e-05
-1.021462515753e-05
-5.422513942588137e-05
-5.122445527067681e-05
-4.557997284441079e-05
5.086381935944008e-05
-4.329029635364119e-06
-4.718752438642364e-05
-4.307338898230009e-05
-4.600561263337277e-05
-1.067278101387033e-05
4.047123364931215e-05
-4.190334356452902e-05
-4.226982238110631e-05
1.563357252199179e-05
3.632092133157758e-05
3.729244410589503e-05
3.766773548685424e-05
1.491682319320323e-05
3.320745506309342e-05
-3.768109328147043e-05
3.409078736789108e-05
1.3420682457331e-05
-3.266234369768898e-05
3.278583396667573e-05
3.265372090563419e-05
-9.341304744988907e-06
3.277101410749919e-05
3.39233350126318e-05

-0.0003634387077408041
-0.0002159812461733253
-6.643769138243999e-05
6.641153082102922e-05
7.309067307121947e-05
-3.844089845712499e-05
5.183258444623029e-05
-4.082844454141079e-05
-3.126721687026762e-05
-2.087923519224815e-05
2.678503125788998e-05
-3.982112720254314e-06
2.787783863542615e-05
-1.35307899850123e-05
2.792596311224806e-05
2.024281881599503e-05
-1.575835426224283e-05
-2.014957185782223e-05
1.472611037371391e-05
2.36824271089871e-06
-1.296097374310238e-05
-1.574132631051474e-05
1.230277529030677e-05
1.139979743579176e-05
1.31405438697904e-05
1.042858999461367e-05
-1.853455562545578e-07
1.218423635032197e-05
-1.057668995569002e-05
-9.888080396119521e-06
1.043328841380516e-05
9.112106551997691e-06
1.267713495875171e-06
-9.080818268971035e-06
-9.718748597554453e-06
-7.856537605513201e-06
1.636317258151721e-06
8.686518604432982e-06
8.205828300714957e-06
7.301618516686595e-06
-8.148056747059678e-06
6.934827068229623e-07
7.55913793528275e-06
6.900079902297173e-06
7.369803273514047e-06
1.709710879856471e-06
-6.483231352879727e-06
6.71264615113018e-06
6.771353700638636e-06
-2.504397775715846e-06
-5.818378010966483e-06
-5.974009711372139e-06
-6.034128977050645e-06
-2.389579142791575e-06
-5.319620737987464e-06
6.036268809823634e-06
-5.461124892380381e-06
-2.149907018851811e-06
5.232297402967738e-06
-5.25207974987778e-06
-5.230916087154671e-06
1.496416944543397e-06
-5.249705703748192e-06
-5.434300101973365e-06

-0.001187962451036624
-0.0007059721628885239
-0.0002171631172314592
0.0002170776069008719
0.0002389095417741194
-0.0001256507437934139
0.000169423792101788
-0.0001334548522656581
-0.0001022023213241691
-6.824740151883332e-05
8.755152026025529e-05
-1.301622608353009e-05
9.112355071043041e-05
-4.422773384538696e-05
9.128085390919634e-05
6.616716421305955e-05
-5.150891403376484e-05
-6.586237035809551e-05
4.813484585195344e-05
7.741012048466733e-06
-4.236519062979906e-05
-5.145325522028867e-05
4.021375482887288e-05
3.726221509887878e-05
4.295214673326342e-05
3.408765513129622e-05
-6.058340969368891e-07
3.98262897439186e-05
-3.457174554044149e-05
-3.232090576258732e-05
3.410301272944835e-05
2.97845006683397e-05
4.143741433374793e-06
-2.968222948842492e-05
-3.176741541018732e-05
-2.5680455800775e-05
5.348586761019625e-06
2.839339264780075e-05
2.682217301916002e-05
2.386660651408057e-05
-2.663333667609448e-05
2.26676850482892e-06
2.470835339782474e-05
2.255410790995918e-05
2.408948021771601e-05
5.588486542938511e-06
-2.119156612800574e-05
2.194144818583585e-05
2.213334399370874e-05
-8.186058492505723e-06
-1.901837766792274e-05
-1.952708687346587e-05
-1.972359712033199e-05
-7.810753876639871e-06
-1.738810301689488e-05
1.973059153498425e-05
-1.785063388784116e-05
-7.027343970837652e-06
1.710267155098987e-05
-1.71673335828748e-05
-1.709815648057056e-05
4.891298321685626e-06
-1.715957360133804e-05
-1.776295240794934e-05

0.001429341217621327
0.0008494166714026862
0.0002612878834137065
-0.0002611849984777614
-0.0002874529031141652
0.0001511813668623905
-0.0002038485383824992
0.0001605711702998503
0.0001229685250386868
8.211440008177041e-05
-0.0001053408686985932
1.566095664288383e-05
-0.0001096386900215266
5.321424333908916e-05
-0.0001098279552172944
-7.96114851781814e-05
6.197486615783538e-05
7.924476111243576e-05
-5.791523050250092e-05
-9.313886627734688e-06
5.097325517881528e-05
6.190789818575623e-05
-4.838467515712719e-05
-4.483342032762437e-05
-5.167947325078285e-05
-4.101383040243701e-05
7.289318320100536e-07
-4.791848212571336e-05
4.159628178737516e-05
3.888810017277056e-05
-4.103230846791352e-05
-3.583633002404528e-05
-4.985696661321624e-06
3.571327864931939e-05
3.822214766422471e-05
3.089839576278269e-05
-6.435351139996977e-06
-3.416256665703982e-05
-3.227209530825822e-05
-2.871599551444247e-05
3.204488983700823e-05
-2.727346855062049e-06
-2.972877459237361e-05
-2.713681399130479e-05
-2.898415430235002e-05
-6.723995487384249e-06
2.549742115697554e-05
-2.639966965199694e-05
-2.663055623213439e-05
9.849360813547609e-06
2.288266861409171e-05
2.349474101976251e-05
2.373117963391656e-05
9.397799102862045e-06
2.092114301808286e-05
-2.373959522406541e-05
2.147765424261418e-05
8.455210330228762e-06
-2.057771553124769e-05
2.065551606048363e-05
2.057228305634803e-05
-5.885147542142785e-06
2.06461793500205e-05
2.1372157008142e-05

0.0009307064546898473
0.0005530922700952589
0.0001701359455860237
-0.0001700689527137704
-0.00018717313196414
9.844078672943798e-05
-0.0001327346809232746
0.0001045548975938096
8.007017398373254e-05
5.346827002316353e-05
-6.859203752865387e-05
1.019753243973587e-05
-7.139053658336732e-05
3.465011653379347e-05
-7.151377541332788e-05
-5.183851288220374e-05
4.035454043475946e-05
5.159972283632155e-05
-3.771113446457861e-05
-6.064678115914537e-06
3.319091132797855e-05
4.03109346650996e-05
-3.150537388948307e-05
-2.919299686475674e-05
-3.365076073959868e-05
-2.670589514700572e-05
4.746393322434661e-07
-3.120181525829012e-05
2.708515466656896e-05
2.532173941056126e-05
-2.671792702198955e-05
-2.333459866305581e-05
-3.246404711907862e-06
2.325447454199606e-05
2.488810866475825e-05
2.011929413452945e-05
-4.190338017506592e-06
-2.224473827837532e-05
-2.101376986786624e-05
-1.869823807545745e-05
2.086582646845019e-05
-1.775894580583887e-06
-1.935770273886438e-05
-1.766996405758559e-05
-1.887284796685508e-05
-4.378286950839369e-06
1.660248382692227e-05
-1.718997720338597e-05
-1.734031753347202e-05
6.413348730675387e-06
1.489990431752209e-05
1.529845137660248e-05
1.545240687834349e-05
6.119317191077244e-06
1.362266938530695e-05
-1.545788663642442e-05
1.398503813417816e-05
5.505556499093168e-06
-1.339904875869489e-05
1.344970807911819e-05
1.339551143715597e-05
-3.83207643965189e-06
1.344362853939624e-05
1.391634428008059e-05

0.0002443112734219367
0.0001451872135898261
4.466083727194012e-05
-4.464325158341927e-05
-4.913311387282093e-05
2.584079420665699e-05
-3.484297198125665e-05
2.744575375497897e-05
2.101849199654185e-05
1.403546851015555e-05
-1.800547095248629e-05
2.676861349305831e-06
-1.874007944721882e-05
9.095686456151315e-06
-1.87724297498502e-05
-1.360765580888469e-05
1.059310281159684e-05
1.35449732091792e-05
-9.899206389694893e-06
-1.591983407793477e-06
8.712643789785798e-06
1.058165625822849e-05
-8.270188710719279e-06
-7.663187681868132e-06
-8.833354669951748e-06
-7.010321265476816e-06
1.245932475184632e-07
-8.19050429959678e-06
7.109877227194926e-06
6.646979151660458e-06
-7.013479643388506e-06
-6.125352935309287e-06
-8.521841287436493e-07
6.104320282152384e-06
6.533150694609867e-06
5.281332632399509e-06
-1.099967462313137e-06
-5.839263613497184e-06
-5.516133309203282e-06
-4.908304151041498e-06
5.477298035064661e-06
-4.661739093541589e-07
-5.081414212626005e-06
-4.638381305362656e-06
-4.954139403082523e-06
-1.149304224735747e-06
4.358166793916706e-06
-4.51238432857271e-06
-4.551848799151453e-06
1.683509754760684e-06
3.911238156057643e-06
4.015857114086257e-06
4.056270570434537e-06
1.606326213691515e-06
3.575962848614877e-06
-4.057709011821332e-06
3.671084967973154e-06
1.445213485315354e-06
-3.517262234925181e-06
3.530560351656476e-06
3.516333684861519e-06
-1.00592347898987e-06
3.52896446706643e-06
3.65305277008763e-06

0.0002233590197410985
0.0001327358875098042
4.083070213732345e-05
-4.081462460623577e-05
-4.491943412070546e-05
2.362467512241375e-05
-3.185482175089037e-05
2.509199255878766e-05
1.921593589617735e-05
1.283177990158969e-05
-1.646131300281914e-05
2.447292417545445e-06
-1.713292111569894e-05
8.315635960113487e-06
-1.716249704050976e-05
-1.244065662574005e-05
9.684633160215397e-06
1.238334971634675e-05
-9.050245633157999e-06
-1.455454136157245e-06
7.965443219156783e-06
9.674168268855073e-06
-7.560933302908175e-06
-7.005988977659743e-06
-8.075801875452167e-06
-6.409112702774294e-06
1.139080699890405e-07
-7.488082665661094e-06
6.500130696790603e-06
6.076930985416106e-06
-6.412000216700908e-06
-5.600039687248787e-06
-7.791004032141784e-07
5.580810804604804e-06
5.97286451229947e-06
4.82840297612141e-06
-1.005633717545204e-06
-5.338485524869409e-06
-5.043067032663639e-06
-4.487365598885331e-06
5.007562290532359e-06
-4.261946080629287e-07
-4.645629657349309e-06
-4.240591467751997e-06
-4.529269997391945e-06
-1.050739335215536e-06
3.98440828914396e-06
-4.125400053004933e-06
-4.161480031388587e-06
1.539131139058674e-06
3.575808468750175e-06
3.671455254042936e-06
3.708402832671443e-06
1.468566896031753e-06
3.26928653481131e-06
-3.709717912654978e-06
3.356250934919236e-06
1.32127127363027e-06
-3.215620114312731e-06
3.227777778079676e-06
3.214771197132254e-06
-9.196549919848975e-07
3.226318757322379e-06
3.339765187090437e-06

-0.002326845808729897
-0.00138277802203712
-0.0004253544282483026
0.0004251869403321362
0.0004679488526410777
-0.0002461103937289393
0.0003318480649010761
-0.0002613961942809113
-0.0002001822892703611
-0.0001336752521449176
0.0001714859655605372
-2.549470404683284e-05
0.0001784824527594113
-8.662825751597024e-05
0.0001787905603841581
0.0001296007197790509
-0.0001008898055888533
-0.0001290037242227762
9.428106437778309e-05
1.516221444924763e-05
-8.298011958791192e-05
-0.0001007807874319118
7.876613170330126e-05
7.298499119331444e-05
8.412978248193665e-05
6.676702399353569e-05
-1.186638961538346e-06
7.800720913965386e-05
-6.771520525852178e-05
-6.330651616347769e-05
6.679710471092114e-05
5.833849418788621e-05
8.116289684349101e-06
-5.813817702638176e-05
-6.222240217850891e-05
-5.029995762435435e-05
1.04762037526118e-05
5.561374992997269e-05
5.25362235281457e-05
4.674719582878036e-05
-5.216635236513757e-05
4.439888474785311e-06
4.839591394002594e-05
4.417642276000931e-05
4.718373550455229e-05
1.094609217508837e-05
-4.150763080299044e-05
4.297641453579933e-05
4.335227823067189e-05
-1.603392083368931e-05
-3.725103628219292e-05
-3.824743804702849e-05
-3.863233998057142e-05
-1.529881681448493e-05
-3.405783961542196e-05
3.86460398448319e-05
-3.49637925078111e-05
-1.376436254427617e-05
3.349876890613726e-05
-3.36254215438345e-05
-3.348992529952421e-05
9.580519139424282e-06
-3.361022217411726e-05
-3.479205199208931e-05

-0.001929285374068706
-0.001146519207887282
-0.0003526791823233173
0.0003525403110726446
0.0003879960046455036
-0.0002040604414982405
0.0002751491377834339
-0.0002167345393371297
-0.0001659795253248509
-0.0001108357536501333
0.0001421862007241084
-2.113872756382481e-05
0.0001479872814712351
-7.182711874573426e-05
0.0001482427464152382
0.0001074573881090564
-8.365196592959444e-05
-0.0001069623940742025
7.81723816306853e-05
1.257162742183998e-05
-6.88022947024691e-05
-8.356157440690879e-05
6.530830074645821e-05
6.051491487213475e-05
6.975552838831834e-05
5.535933768261413e-05
-9.83892092981907e-07
6.467904624386008e-05
-5.614551450606256e-05
-5.249008561688785e-05
5.538427886601941e-05
4.83708903957706e-05
6.729555916849749e-06
-4.820479904224615e-05
-5.159120127860971e-05
-4.170580284991246e-05
8.686259570726431e-06
4.611169074224688e-05
4.355998462872432e-05
3.876005915511311e-05
-4.325330894682308e-05
3.681297602431811e-06
4.012708043605975e-05
3.662852346719699e-05
3.912201249490327e-05
9.075863754007602e-06
-3.441571621121512e-05
3.563354635823158e-05
3.594519069943868e-05
-1.329439571687844e-05
-3.088639530755666e-05
-3.171255376823911e-05
-3.203169209191999e-05
-1.26848901676348e-05
-2.823878212981296e-05
3.204305122350104e-05
-2.898994563982253e-05
-1.141260982589603e-05
2.777523317506819e-05
-2.788024618478587e-05
-2.776790057022557e-05
7.943609921351339e-06
-2.786764375036879e-05
-2.884754838088252e-05

