-42.33528838525336	152.2742075825319
-29.13287987803216	104.7869606471425
-18.50753241378847	66.56904771649641
13.54109015451543	-48.70543822239828
10.03101841918335	-36.08019312688551
-7.704368994668387	27.71155526110245
6.042152728602323	-21.73279204961943
-5.336789786181378	19.19569859374561
-4.426127997730188	15.92017343493096
-3.503321435911464	12.60096519726088
2.804728507243899	-10.08822254939611
-0.2783166955157921	1.001066861310712
2.188997919485457	-7.873524341088875
-1.698671331612001	6.109887066545295
1.231816250233167	-4.430673571512799
0.9102769823201191	-3.274141064106868
-0.6753195285647305	2.429031429786587
-0.4967577547113642	1.786769296822319
0.3685961681594317	-1.325789703225082
-0.02253816264526588	0.08106667010108985
-0.2937616243697438	1.056620145393557
-0.235346425026148	0.8465087104637856
0.1912383714753716	-0.6878581104889218
0.1582160129627965	-0.5690812303310493
0.1288277570199296	-0.4633757171148497
0.1035487885001223	-0.3724507453792343
0.003853624313778531	-0.0138609564521971
0.081225083027947	-0.292155448223461
-0.06354521077374826	0.2285633802266592
-0.04905213513798436	0.1764337812080124
0.03795059192663061	-0.1365030576928443
0.02891774966007165	-0.1040131668519754
0.006717764746770893	-0.02416287552426537
-0.02447471739248523	0.08803219108418839
-0.02046755431102463	0.07361897680939343
-0.01731177849573913	0.06226808539214013
0.001169690292017638	-0.004207215047468998
0.01493261712140597	-0.05371056926778086
0.01258532829205588	-0.04526769430251246
0.01021683087983316	-0.0367485349826525
-0.007953319380561355	0.02860699554709211
-0.001111218385718114	0.003996899645420068
0.006513738802857371	-0.02342902227511451
0.005010227234044928	-0.01802109802411958
0.004110176804823521	-0.01478374046448189
0.0001619862493919686	-0.0005826422520344663
-0.003790162138306048	0.01363269173852811
0.00351384940912715	-0.01263883286841535
0.003359078712614052	-0.01208214396732507
0.0001146530174402842	-0.0004123911290910674
-0.003368614225837685	0.01211644189643993
-0.002983461893266961	0.01073110194772296
-0.002379266393116863	0.008557893862479116
-0.0003575592513720776	0.001286091432066311
-0.00192763188283202	0.006933426667535435
0.001148910686472197	-0.004132473665302332
-0.0004916646016127194	0.001768449925872499
0.0004220878322351137	-0.001518191859205906
0.0002881647920274142	-0.001036489109502942
-5.778535841971636e-06	2.0784598376765e-05
-7.528446917185513e-05	0.0002707878775277144
0.0001050146982270686	-0.0003777234209783116
-0.0003875403275266786	0.001393929238018909
-0.0007350833374213476	0.002643993627585431
