-27.67728595818459	-34.06374546938972
49.82422416977921	61.32103028067572
23.32175449875497	28.70318680621803
26.09261570080384	32.11341679984353
21.12204316811215	25.99589798506763
-24.50018401899369	-30.15353577795694
15.61854018810339	19.22247645146255
-15.93161695247223	-19.60779483961201
-10.98247704276167	-13.51665416810383
-8.959418754923488	-11.02678060568555
6.520997237498193	8.02569986235584
-0.700548787498757	-0.8621985415160974
5.341003793990984	6.573426096208056
-4.004339555881073	-4.928330169756302
3.012378475674498	3.707476730484917
2.229032682334021	2.74337599607015
-1.729189332446993	-2.128195133652717
-1.243671527137631	-1.530645396806545
0.9611159523654068	1.1828908808995
-0.06369700266641166	-0.07839491521216176
-0.7236742584334767	-0.8906601528522117
-0.5797403804621275	-0.7135139185339544
0.4401921644282004	0.5417653258839114
0.3602237528612633	0.4433444178033049
0.279868501868069	0.3444474081363221
0.2309198041833241	0.2842039297291146
0.008939560251916211	0.01100233980636395
0.1793278186622594	0.220707231905906
-0.1491486554096781	-0.1835643076657715
-0.116886031237078	-0.1438571694857081
0.09574042082468814	0.11783226617792
0.07275470071247646	0.08954265279183153
0.01686893762736791	0.02076139974658037
-0.0619399876098579	-0.07623247364315243
-0.04893479541772027	-0.06022636822938171
-0.04021093096426133	-0.04948949544851373
0.001720161799923073	0.002117084522209619
0.03256348827393822	0.04007742586595774
0.0275094713379513	0.03385720807560878
0.02209928502231957	0.02719863577642545
-0.01850504233414184	-0.02277503122681398
-0.002349564077259609	-0.002891719687139255
0.01602762149740722	0.01972595217583309
0.01360299408114696	0.01674184848552117
0.01133132918518574	0.0139460030068542
0.0006523238176303153	0.0008028457891777033
-0.01034572731561223	-0.01273297614901693
0.008536021298670558	0.01050568532184923
0.007333984564675404	0.009026281835047672
0.0008190422698337773	0.001008034077130215
-0.006538356889090199	-0.008047065206996199
-0.005327155570988176	-0.0065563824328852
-0.003989404165192218	-0.004909948477718087
-0.0005790621098632886	-0.000712679138814553
-0.003645543005889935	-0.004486742278058863
0.002572124244398332	0.003165635015995029
-0.001985424564264017	-0.002443555958052116
0.0004200455239763231	0.0005169699021759189
0.00185365216229075	0.00228137742770467
-0.001583806735642444	-0.001949265892515598
-0.0013798675302006	-0.001698268262332235
0.0006296044575217718	0.0007748839976521831
-0.001697355810164599	-0.002089016111472229
-0.001709274455902624	-0.00210368495275221
