-4.133825478090249	3.284701785608232
-1.481459966537471	1.177155209688078
13.18697855490952	-10.47825851280487
76.37260967325224	-60.68501166665104
6.305047006593337	-5.009935535671438
18.76981180170599	-14.91432927381279
-25.71733045678306	20.43476719575072
24.99683717253815	-19.86226949602763
17.61896315674011	-13.99987494594447
14.15024418870553	-11.24366101081704
-8.674456019818754	6.892647338052236
1.011690029222492	-0.8038801016367284
-7.275435166536886	5.780997531053936
4.930951463111136	-3.918091163137047
-4.257770584330558	3.383187489460078
-2.897916881449338	2.302659559651706
2.397824932981545	-1.905290845174422
1.744410195341763	-1.3860931754017
-1.313472936210578	1.043674175843491
0.08867970466738452	-0.07046412235169187
0.9609610924751208	-0.7635713295319072
0.7653909952712095	-0.6081730305706092
-0.5357750915626767	0.42572222975322
-0.4426796954323044	0.3517494373549098
-0.3256322102835637	0.2587445232607957
-0.2708426977513081	0.215209252940041
-0.008841104194408558	0.007025064528750218
-0.2101456685876553	0.1669799212635929
0.1832845909886661	-0.1456363425323402
0.1453819210915249	-0.115519210556014
-0.1257719809779308	0.09993732262961481
-0.0941026644847002	0.0747731590755893
-0.0212766626365519	0.01690625115274154
0.081960459244699	-0.0651250683556211
0.06203001948971608	-0.04928851420057725
0.05001853183408922	-0.03974429053669994
-0.001350735052249865	0.001073282329292773
-0.03894495432857824	0.03094532212396117
-0.03258578304519399	0.02589237990850501
-0.02597664737121537	0.02064081816146239
0.02332644763619121	-0.0185349924927241
0.003153094579390427	-0.002505421539934316
-0.02073807173120827	0.01647829150183459
-0.01879310099030487	0.01493283466059653
-0.01573222824062356	0.01250069178477718
-0.0008034815385265781	0.000638439445083693
0.01391403215768249	-0.01105596898457867
-0.01053073078294211	0.008367627126468116
-0.008085474580966662	0.006424647807314439
-0.001655309567478325	0.001315294591137803
0.006401562664494122	-0.005086626038333594
0.004678827827023575	-0.003717755913852541
0.00335725733072077	-0.002667647487160342
0.0006384843521126356	-0.0005073341152372812
0.003608603736855476	-0.00286736515628106
-0.003378430772534672	0.002684471719944796
0.003629318089531629	-0.002883824600827897
0.0002640532797347842	-0.0002098144404111217
-0.003841406776079408	0.003052348427270065
0.003809690475772	-0.003027146930785729
0.003100340351626141	-0.002463503489195421
-0.001300324378733818	0.001033226446385388
0.002926987494252008	-0.002325758815846422
0.002014209932783916	-0.001600473701147707
