-18.6591632707325	-5.30265629733688
15.34729365324113	4.361472278106802
88.91694733370953	25.26887212875798
17.16269877607404	4.877383375866723
29.12489439598359	8.276861209527704
-37.95586824313478	-10.78649245090845
28.48305092327516	8.094458854022832
-24.54320733555394	-6.974813985290098
-19.22569498618041	-5.463656173095958
-13.65755063214448	-3.881272478022676
10.66569112119237	3.031030564905357
-1.015969353045055	-0.2887233585800218
7.940783190135015	2.256652314894876
-6.540713716821429	-1.858773422810816
4.575028937654988	1.300155084916193
3.591101280576543	1.020537499109914
-2.716484508337467	-0.7719844387299658
-2.011779489429068	-0.5717177680303883
1.493536791552693	0.4244409118516276
-0.09791061218635171	-0.0278247377308377
-1.171770179489883	-0.3329996330028502
-0.8851995467836026	-0.2515605272883059
0.6946646653284352	0.197413351750536
0.5425073432080518	0.1541725069913572
0.4311692523462902	0.122531879805937
0.3446633695384847	0.09794819630569598
0.01413034756175041	0.004015634323710769
0.2781197097822178	0.07903747928508074
-0.2256774188634794	-0.06413416126638359
-0.1851291803986629	-0.05261095580849864
0.1481109447727234	0.04209092458256037
0.1164032981411806	0.03308008365445916
0.02680921912029107	0.007618780785182657
-0.09640500443616037	-0.02739686643233892
-0.07727122811915942	-0.02195933217599981
-0.0611313775018699	-0.01737262701286847
0.002373203841101562	0.000674429185825624
0.05039625640150772	0.01432186548195356
0.04097316733266537	0.01164396391336723
0.03411118225381515	0.009693889954390541
-0.02814891089963567	-0.007999501235888622
-0.003436378150824861	-0.0009765674900360463
0.02547454782445395	0.007239487081117133
0.02157688892027821	0.006131830471161895
0.018498012829441	0.005256859742040881
0.000998777610767615	0.0002838377214740756
-0.01633315579549857	-0.004641639615754775
0.01346422030821023	0.003826330879367294
0.01085704046783471	0.003085409199319099
0.001484293186340454	0.0004218140169220682
-0.009599476094523132	-0.002728028134225797
-0.007369779866262578	-0.00209438167460917
-0.005571672340310649	-0.001583386296230347
-0.0007792051236589395	-0.0002214384908868434
-0.005183311157711064	-0.001473019832275538
0.00404741387084106	0.001150214741074461
-0.003425561825955107	-0.0009734936516028717
0.0003591383392080083	0.0001020617670999119
0.003491975145991522	0.000992367328016311
-0.003121107778003397	-0.0008869723456265694
-0.002731478236768961	-0.0007762454330376168
0.001180803309700826	0.0003355667140717273
-0.002927090227222163	-0.0008318354473363568
-0.002658323963485993	-0.0007554560781099446
