-2.398598121299526	13.76442083164261
3.022871812584743	-17.34683245970346
-5.648060977895757	32.41155218623086
-14.70087186073371	84.36135469535115
-5.312680586469141	30.4869626498802
-4.182905066294643	24.00371496995415
4.508519792160876	-25.8722639677331
-6.075402844202308	34.86386515792568
-3.639162651225904	20.88343426989434
-3.28870120390629	18.87230168236916
1.860338820193533	-10.6756051308069
-0.2315909995765742	1.328991276477108
1.634010029362945	-9.376811182946774
-1.038937034709563	5.961968549995248
0.9403213810627309	-5.396059928071083
0.6248861002588869	-3.5859259537448
-0.5256568988287614	3.016496471108005
-0.3750348618257633	2.152147797852055
0.2921953510188393	-1.67677100250448
-0.02050543856098524	0.1176710192438113
-0.2035403372542166	1.168021784596837
-0.1691964695453086	0.9709385617212632
0.1132978098408148	-0.6501625762558728
0.09660232022447128	-0.554355053091113
0.06880102039292105	-0.3948165346757104
0.05899150901520252	-0.3385243857090212
0.001809393700834091	-0.01038325517190142
0.04419830172021048	-0.253633161602283
-0.03996409023235944	0.2293350233309634
-0.03079373633441708	0.1767106970193202
0.02744732524903603	-0.1575072256058222
0.02006484048343675	-0.1151426351419107
0.004570398209047638	-0.02622735495315838
-0.0178725522781911	0.1025621293984323
-0.01323139479256335	0.07592872040400767
-0.01092801211658744	0.0627106960060136
0.0002747247968647653	-0.00157651575032511
0.008252494812060234	-0.0473571668780331
0.007125375036004915	-0.04088915925830806
0.005502293267717803	-0.03157506020003806
-0.005097282508327083	0.02925089489528072
-0.0007078765953147392	0.004062169176328758
0.004434221368633276	-0.02544590043506495
0.004107412676631772	-0.0235704998299316
0.003355654185464895	-0.01925651319572684
0.0001672243214329078	-0.0009596213359121804
-0.003044101602248062	0.01746866018754357
0.002215531794993335	-0.01271388971802053
0.001745077140180532	-0.01001417283193034
0.000368758543351384	-0.002116130972862221
-0.001320025812482437	0.007575004178579639
-0.0009978953942499428	0.005726449975257395
-0.0006831530504843149	0.003920292439047905
-0.0001516040709198682	0.00086998410171181
-0.0007826306538118758	0.00449114738276239
0.0007213577237180509	-0.004139530999879101
-0.0008215540093352916	0.004714510121544612
-6.593340131514097e-05	0.0003783606242771227
0.0008434199698253405	-0.004839988533038551
-0.0008638561124541368	0.004957261895680039
-0.0006794068507313781	0.003898794769451538
0.0002798982962865762	-0.001606204018057194
-0.0006495447606223166	0.003727430349741141
-0.0004195702172060064	0.002407715151086767
