9.485803952744503	9.613976111644277
-45.2836577502597	-45.89553041869496
-35.230562680715	-35.70659795410758
27.25628698260149	27.62457386301966
20.08930340259949	20.36075001910418
-15.59977604694415	-15.81056018123058
12.26052719949942	12.42619141184732
-10.69677026204701	-10.84130499463205
-8.837617127283922	-8.957030987438284
-6.957507268400008	-7.051517088921127
5.579499394493681	5.654889576126161
-0.5479290035771665	-0.5553326188804127
4.320520333504123	4.37889919326564
-3.366448177035535	-3.411935616244295
2.444753593279184	2.477787097615708
1.805703839782684	1.830102505474684
-1.348941462546295	-1.367168356158509
-0.9929784977281375	-1.006395620664847
0.7377322904456359	0.7477005272783684
-0.04539802689478441	-0.04601144491875195
-0.5867286967128149	-0.5946565733710018
-0.4675528901703721	-0.4738704636336042
0.3768366835646063	0.3819284998748292
0.3110040683674398	0.3152063545485053
0.2519394813635659	0.2553436869951898
0.202793828813889	0.2055339785132136
0.007569055941115208	0.007671329005749583
0.1594051348716344	0.1615590166487519
-0.1252842305521971	-0.1269770707568922
-0.09738352953250526	-0.09869937553596091
0.07582870569656569	0.07685330297515042
0.05780792232763582	0.05858902282715184
0.01341040340809564	0.01359160474485008
-0.04896723321135953	-0.04962887834201303
-0.04055749266714555	-0.04110550540494733
-0.03410025536899498	-0.03456101793284477
0.002197085632016305	0.002226772647490901
0.02922105848089339	0.02961589334879636
0.02453792747246726	0.02486948388609222
0.01995732006839401	0.02022698332641735
-0.01569876826186892	-0.01591088997871127
-0.002160837461023955	-0.002190034691303775
0.0129488479621498	0.01312381276289177
0.01014068918188929	0.01027771014833148
0.008352771173591313	0.008465633796451679
0.0003560325135858421	0.0003608432240043685
-0.007679084147097957	-0.007782843912569675
0.006998467612180759	0.00709303088876357
0.006575824935140298	0.006664677464945948
0.0003024743561485319	0.0003065613888793798
-0.006482529674770939	-0.00657012159925616
-0.005685497090336757	-0.005762319512567069
-0.004493050880408722	-0.004553760972482059
-0.0006705054490418773	-0.0006795653169646553
-0.003696064943637922	-0.003746006163759707
0.002245374729827723	0.00227571422746777
-0.001073795688322353	-0.001088304812932545
0.000760421122379361	0.0007706959306518915
0.0007149960790157591	0.0007246571042168905
-0.000210225747189067	-0.0002130663169497791
-0.0003017143525543504	-0.0003057911161186309
0.0002552838089043031	0.0002587332030810356
-0.0008685873148808916	-0.000880323664470887
-0.001452583625105647	-0.001472210931354872
