-17.50725995391671	25.29266956872392
18.40342206585915	-26.58735144571766
49.12921267196171	-70.9767802359322
15.01399342535227	-21.69065722532629
17.69174846259671	-25.55919939132364
-23.42995568364961	33.84916478514848
16.35837675971428	-23.63288253863358
-15.02657733168607	21.70883714526079
-11.2257885368927	16.21785252858013
-8.327096791305589	12.03012396936093
6.342264391837738	-9.162644411666385
-0.6274785072800998	0.9065157304968688
4.860769109156134	-7.022334006088994
-3.901935253206939	5.63711050716828
2.782424802571463	-4.019758164130111
2.149155259130098	-3.104876146477157
-1.641448486439852	2.37139416967076
-1.201365296670716	1.735607717028323
0.9054560125809221	-1.308108738632875
-0.05994394964533201	0.08660078818817397
-0.6998408650807599	1.011057344083401
-0.5383372612560233	0.7777337231141224
0.417406146581244	-0.6030250175772556
0.3307726698859275	-0.4778659746765724
0.2603855009197217	-0.3761779086270293
0.2105992087479251	-0.3042518482229373
0.008531788284038977	-0.01232584096349123
0.1677457967369936	-0.2423416925081662
-0.1374648085376899	0.1985948680047801
-0.111219108333664	0.1606778081902921
0.08976172750992788	-0.1296784145436497
0.0698020157459411	-0.1008426974946948
0.01611190552025296	-0.02327680650879397
-0.05834566739866031	0.08429175611522796
-0.04644939868223642	0.06710526350945245
-0.03718960242858659	0.05372767229681333
0.00145343314739171	-0.002099769149141844
0.03040705774522692	-0.04392895668037036
0.02503715659002531	-0.03617108161066572
0.02059477638738345	-0.02975319241155935
-0.01711863221883939	0.0247312206090285
-0.002107675533164458	0.003044950549587802
0.01529437611184998	-0.02209572498924623
0.01301109428675149	-0.01879707672066754
0.01104276452961214	-0.01595343846541223
0.0006132158899129344	-0.0008859105833063532
-0.009862923595435802	0.01424892691019009
0.008094983423050003	-0.01169479069954719
0.006648200679695985	-0.009604629362952255
0.0008724122620051326	-0.001260370562194156
-0.00585962456193484	0.008465376548473583
-0.004581116148539414	0.006618320474251821
-0.003434305041540122	0.004961526980384348
-0.0004904690789629473	0.0007085787485055032
-0.003201247328271057	0.004624829419047833
0.002428691652743571	-0.003508721274425094
-0.002033508469526193	0.002937801684576729
0.0002581426164309996	-0.0003729376222319721
0.002024877818680639	-0.002925333017258402
-0.00180838437709587	0.002612565794049121
-0.001570777553402381	0.002269296150782946
0.0006851330790527321	-0.0009898090634799369
-0.001737409496133396	0.002510028662791552
-0.001602249417307342	0.00231476342873327
