-6.719615360418505	1.995971927872705
-79.3036540339761	23.55609045201152
-56.50998763736364	16.78553651081871
43.95432503525987	-13.05604475480849
31.84676669527856	-9.459656380478485
-25.01915292234443	7.431604967644443
19.44302493920945	-5.775290681214062
-17.14232418139783	5.091898272449948
-14.09902154610124	4.187925901654291
-11.1623216328686	3.315618444587353
8.919400411878858	-2.649388674951284
-0.8803503316470581	0.2614962991849528
6.931157484274776	-2.058807688315385
-5.389558600314244	1.600896344965399
3.91831014598165	-1.163881656426724
2.888001149838636	-0.8578421403123659
-2.16017733425877	0.6416518040439017
-1.585575571706024	0.4709740306492665
1.180718547560669	-0.3507166629772752
-0.07282913686482818	0.02163292166581176
-0.9373981805551206	0.2784416001971345
-0.7492892506361183	0.2225663568432351
0.6037274964462788	-0.1793291833508382
0.4995560760353719	-0.1483864552810806
0.4043163915132906	-0.1200967799747943
0.3259392876679546	-0.09681590887199178
0.01215574393623597	-0.003610701261643736
0.2556783608272953	-0.07594583966695991
-0.201041170047845	0.05971659243085408
-0.1558310870293363	0.04628754155168128
0.1213572581989722	-0.0360475514774847
0.09234814038557014	-0.02743078076912922
0.02143052576209264	-0.006365651235561322
-0.07835943392272171	0.02327562248847057
-0.06490723263420763	0.01927982589889005
-0.05473955836124234	0.01625965415802612
0.003549871073506932	-0.001054441754533427
0.04689955987657424	-0.01393088739818354
0.03946786188740894	-0.01172340084315412
0.03204151666910075	-0.009517504257161295
-0.02519240389976804	0.007483066854803579
-0.00348001171320365	0.001033690965300951
0.02070642267180981	-0.006150566091010523
0.0161920330888114	-0.004809627005061529
0.01329502712860451	-0.003949110106188338
0.0005623348224596436	-0.000167034042800824
-0.01225753187979839	0.003640936009772707
0.01118792138600676	-0.003323222509089473
0.01057196223787523	-0.003140260077093805
0.0004619211496926178	-0.0001372075034422886
-0.01043945179539671	0.003100899621300636
-0.009192723960514583	0.002730575781809965
-0.007263829877514234	0.002157623576202414
-0.001091256444207872	0.0003241431409338907
-0.005967973596829386	0.001772706788540667
0.003600620929377213	-0.00106951632089309
-0.001692142702818657	0.0005026283725619747
0.001245487889752037	-0.0003699555303631621
0.001092158645615304	-0.0003244111278030614
-0.0002741485633684198	8.143216645754789e-05
-0.0004283005446433607	0.0001272209520880483
0.0003919582260737445	-0.0001164259521112164
-0.001360977326301003	0.0004042601238490747
-0.002325251734668113	0.0006906849482882478
