12.15568638031406	14.2696724907164
-6.979951362543239	-8.193829359215801
-0.1858828061919175	-0.2182095426819778
-63.2950438889847	-74.30263650473211
3.268188249078964	3.836556364910741
-15.30822923393328	-17.97047165801339
23.54600529611423	27.6408730472526
-19.01682403096009	-22.32402533641374
-15.10066626854374	-17.72681157625938
-11.06496573279287	-12.98926545059768
7.3313159497303	8.606299492733079
-0.7924018400650061	-0.9302078373042103
5.826554589895145	6.839846237051533
-4.202769223906871	-4.933669601444842
3.444516451798992	4.043549670357704
2.427051219325674	2.849137838409951
-1.95908404264428	-2.299786848369424
-1.455287900127769	-1.708375904480206
1.064778855903095	1.249953731398939
-0.06967578391279022	-0.08179304614014644
-0.8102679087983519	-0.951180980370171
-0.6221497387541298	-0.730347323421479
0.4531280135894982	0.5319311594586708
0.3630487369327005	0.4261862647749648
0.2752854910964322	0.3231601800582943
0.2227486525092251	0.2614867001015023
0.007659492304173183	0.008991548745682733
0.1780080558613543	0.208965300549922
-0.1505267780244442	-0.1767047747276441
-0.122559839720909	-0.1438741275988951
0.1031648821053554	0.1211062077557497
0.07897577472687703	0.09271039123543476
0.01780683855887512	0.02090361221740233
-0.06729169360003656	-0.0789943405066756
-0.05203586008940941	-0.0610853766720847
-0.04105770803055001	-0.04819802259498138
0.001203263447199398	0.001412522071924434
0.03282244588130531	0.03853057231135331
0.02674270714688149	0.03139351086907628
0.02192066091940822	0.02573286627457036
-0.01913065036754742	-0.02245764712403299
-0.0025256404251181	-0.002964872617489095
0.01736831319117589	0.02038882323879668
0.01540605437056139	0.01808530948925108
0.01317083449761952	0.01546136423978344
0.0006603692870214929	0.000775213604062383
-0.01141237179804103	-0.01339708863863172
0.00890126983719553	0.01044928285860374
0.006692199423073115	0.007856034700314124
0.00133418452515699	0.001566211534300092
-0.00549409993911829	-0.006449574652528874
-0.003910885736789106	-0.004591024880587474
-0.002914555731487296	-0.003421423886984568
-0.000492127992211857	-0.0005777135944998896
-0.002985605381437435	-0.003504829727152623
0.002833235442087317	0.00332596124832375
-0.002904064383397265	-0.003409107996581901
-0.000192218561459725	-0.0002256471442957952
0.003150619220254044	0.003698540996321772
-0.003040872842368672	-0.003569708709894569
-0.002544612255527949	-0.002987143824398286
0.001073688940373387	0.00126041336183681
-0.002372465622073182	-0.002785059301736921
-0.001712938096038085	-0.002010833848669654
