6.738080339762403
4.005205539975679
1.212083059701262
-1.205024451883629
-1.311481854239718
0.6779413301085022
-0.947538805910946
0.7123826922461522
0.5750658485498404
0.4050235595597657
-0.501743049111169
0.0716739222622034
-0.5178495939783643
0.2104742658071989
-0.4771034742849116
-0.3505447189704778
0.2226080841589886
0.3156235539170608
-0.2176277576046479
-0.04315100439586909
0.1829971795536863
0.2476099014139964
-0.1546592826990456
-0.1566396110518315
-0.2254607892219413
-0.1468593574658779
0.01489960321599203
-0.1804193642993751
0.1245719699700367
0.1009856544894331
-0.1259763997454805
-0.06667363773003847
-0.0136615037797187
0.07933369568610392
0.1272211860879437
0.08020521351542741
-0.01243608602170799
-0.1090045211961091
-0.06910544035164359
-0.05154857666559501
0.09565966955453602
0.003773503280906301
-0.05397269023140014
-0.03798523242475829
-0.05837549500100965
-0.0006039870997308107
0.03310089725851253
-0.04604668074078985
-0.02158076661704938
0.02664303993905741
0.01952352280282827
0.06616980266490875
0.04761170271155107
0.002615833771743546
0.04666994002074411
-0.03509071202308625
0.005161827999030161
0.01831783049874511
-0.02220603127389986
-0.01460149331180378
-0.00337988805620866
-0.003521952784270692
0.03521860174131984
0.02983599511568553
