-4.068168996931051
-2.418366775231072
-0.7317224451994984
0.7276681751886652
0.7917417355307952
-0.4094238860080113
0.5719934252765845
-0.4302219402129783
-0.3471182038333188
-0.2446356977044585
0.3028520884840027
-0.04329371092430884
0.3127469453566374
-0.127001048699898
0.2881432232123801
0.2115747207851469
-0.1344769806941434
-0.1904973755326582
0.1314660610313941
0.02603854832198126
-0.1104252058178105
-0.1495631841995829
0.09331893918956199
0.09463382151399098
0.1360718989030969
0.08872423600829576
-0.008996667976562258
0.1088808820302803
-0.0752636541420679
-0.06092458694486417
0.07610830187240535
0.04021183422680015
0.00823819315419983
-0.04794316905712682
-0.07677143011887841
-0.04846646972507404
0.007498184284393246
0.06577644484527012
0.04176196542996485
0.03108729208523353
-0.05779192900586784
-0.002287644992166465
0.03255423991346765
0.02296766371363947
0.03521396188210862
0.0003757155515330081
-0.02001459500461004
0.02777208396060743
0.01305894609325017
-0.01607842160282147
-0.01176062957749908
-0.03997893596034148
-0.02872066661858715
-0.001595850407102799
-0.02819832117746593
0.02116204518023743
-0.00314056388046661
-0.01105026827925675
0.01338580032873706
0.008793269026799319
0.002062292143925407
0.002119928361236202
-0.02128553034307686
-0.01799335201437354
