-2.468493566956004
-1.467950464250146
-0.4437707470909278
0.4418796808594178
0.4802071984045824
-0.2487370165378153
0.3468271027417741
-0.2613673547491592
-0.2103994198509954
-0.1487136737135845
0.1835480330789561
-0.0263247665143922
0.1900194503429074
-0.07685782335778127
0.1750822937955336
0.1281894597527926
-0.08180561296501825
-0.1154181582380407
0.07996763895693543
0.01576076389595519
-0.06683739078184213
-0.09093539715863184
0.05646573687233095
0.05759058696877257
0.08242392573347976
0.05399191235197238
-0.005461530441835487
0.06593339414416899
-0.04581220540624107
-0.03684102923731156
0.04631570174448849
0.02428221444862291
0.004971243819253218
-0.02921397941300286
-0.04647564124796392
-0.02952359371275797
0.004521801714261241
0.03981359367533427
0.0254473828549615
0.01876572051166227
-0.03516760655476853
-0.001413770134172912
0.01966508241449921
0.01402897917486252
0.02128305451358963
0.0002582783607959346
-0.01222582999711578
0.01677222820264425
0.008004494734088312
-0.0097354826844367
-0.007062547391917152
-0.02433635348480097
-0.0173579280994191
-0.001013613827376026
-0.01716774319816345
0.0127743011421483
-0.001971606115947258
-0.006679712934334297
0.008063989386204281
0.0052739461037975
0.001310716643448943
0.001268578862478408
-0.01297603943931077
-0.01086224377234998
