-8.922916074467942
-5.30648958509915
-1.603997260538267
1.597439637915926
1.735713616078402
-0.8992643544365699
1.25356188505865
-0.9449246096315145
-0.7604249206288398
-0.5376918493821816
0.6633688080869637
-0.09518351232797306
0.6869895084349538
-0.277719856577818
0.6329919161285954
0.4632761635761407
-0.2958057659906525
-0.4171202956885667
0.2891566253774198
0.05695173181725167
-0.2415171141838992
-0.3287955338628192
0.2040304505765751
0.2082561890750277
0.2978701006930156
0.1952417084067449
-0.01974313588033235
0.2382655810585878
-0.1656684542104603
-0.1331080546376016
0.1674840446667569
0.08771599464072001
0.01795620777038453
-0.105660411812161
-0.1679437875279171
-0.106775713429391
0.01633139701237379
0.1438669922501457
0.09203742150663317
0.06778523813505674
-0.1271701556862038
-0.005122917959562113
0.07104069630873078
0.05075606390653598
0.0768912178251539
0.0009483989403938874
-0.04423267338742995
0.06058817101173694
0.02897334601005406
-0.03518098779284178
-0.02549320955239527
-0.08800713391489078
-0.06271025503451622
-0.00368603688375998
-0.06208467447891462
0.04614309522914241
-0.007159009217424649
-0.02413290202996161
0.02912062473266957
0.01903374808929334
0.004766847940334384
0.004576890151966889
-0.04693422541140048
-0.03923674290853576
