5.849641352592977
3.478459368153734
1.05168720990496
-1.047018525120684
-1.138025572452238
0.5893366629638457
-0.8219653362015074
0.6192636042139825
0.4986623116809525
0.3523200264931974
-0.4350292072197616
0.06236427620821978
-0.450210751563642
0.1821988430231314
-0.4148165087355914
-0.3038359546602901
0.1937882164184296
0.2735655826485353
-0.1894363545893294
-0.03736144659218493
0.158440859868527
0.2154312500593746
-0.1338602545336466
-0.1364181700655271
-0.1953685073454538
-0.1278945444804504
0.01294147757217801
-0.1562877463038375
0.1085148929349722
0.08734475645139163
-0.1097110101735145
-0.05758079825920367
-0.01178953017860381
0.06918852249979668
0.1101698338389398
0.06992482900641656
-0.01072461466352816
-0.09437950512572084
-0.06026799239690366
-0.044501619781823
0.08330434477942114
0.003341791880724344
-0.04662981282995701
-0.03321428628899309
-0.05046260514233263
-0.0006020738506595479
0.0289450391609022
-0.03977163242597762
-0.01894190595220277
0.02307716628449869
0.01676049071842239
0.05764475178926273
0.04115624649158454
0.002387079201096252
0.04066384006752716
-0.03029340292234945
0.004650446096252463
0.01583741517838866
-0.01912858573008947
-0.01251807231558934
-0.003086499733445117
-0.003012022332510031
0.03072973262012667
0.02575885359397267
