-7.687763771723085
-4.576085977955735
-1.380192795894668
1.379011082389703
1.493816327881047
-0.7771849724286253
1.078087081046132
-0.816606555594104
-0.6533905040499726
-0.465405440557908
0.5698363974317512
-0.08243874492484658
0.5938564048929914
-0.2376738985268154
0.5472700303094415
0.3976532820074153
-0.2564861871263689
-0.3580284517969642
0.2506709410570831
0.04876242534263579
-0.2067773294885395
-0.2847186449356677
0.174543686644406
0.1807498899693494
0.2555227991809599
0.1694360316168186
-0.01702989273248693
0.2042358326274337
-0.1438616750480524
-0.1136871551271284
0.1453550525708512
0.07465168246328693
0.01525463840909409
-0.09199810767562561
-0.1438502336157032
-0.09289684048796239
0.01385152602758663
0.123180974761015
0.08013557576138168
0.05763791142116141
-0.110354215737045
-0.004614951426079822
0.06051529058962191
0.04445586693653028
0.06558817861958426
0.001054556717778632
-0.03874698976882933
0.0515793621867235
0.02559381388081774
-0.03014952707595387
-0.02138782711978208
-0.07643453817306683
-0.0534871128742715
-0.003530464176771763
-0.05394096166102315
0.03923532977161844
-0.006684615101784145
-0.02059341445642623
0.02463329881798236
0.01591625328334877
0.00457170476014622
0.003804249829414994
-0.04090991413057167
-0.03336854574600869
