7.953524988503794
4.725500242429987
1.43165643506619
-1.420972703682726
-1.548911672154063
0.7989674210549409
-1.119487172059286
0.8395782229690494
0.679732303595828
0.4769548092111061
-0.5931480831424898
0.08437579849917878
-0.6102276457705355
0.249284779801853
-0.562164764774743
-0.4145647191037762
0.2619057613318815
0.373269701228324
-0.256072481705565
-0.05109594288857467
0.2166964053437646
0.2915177058919811
-0.1832132382052871
-0.184198251048555
-0.2667182969024683
-0.1727068469075518
0.01757687793656459
-0.2135169908906943
0.1464489970115413
0.1197271101046944
-0.1481440308295726
-0.07918722357290962
-0.0162398161237066
0.09313570073873514
0.150616512474541
0.09419713269491714
-0.01479510371073666
-0.1290745034837496
-0.08112833816502286
-0.06125072044493608
0.1124993099995368
0.004347944849401627
-0.06407388767740188
-0.04445384001220329
-0.06925395792085343
-0.0005875002280618744
0.03873509837253927
-0.05468147963108396
-0.02514006760205462
0.03153441563420737
0.02335001449083974
0.07778351711163009
0.0564869823216944
0.002900184773334485
0.05485036881794703
-0.04169577414740597
0.005819725671987956
0.02172725621231974
-0.02645305874119825
-0.01749076027717399
-0.003743703579981189
-0.004230786874749943
0.0413214930566282
0.03544914033550652
