7.7890395741777
4.633137636118162
1.39975609004096
-1.395075404142542
-1.51476728625616
0.7855515002168039
-1.093810233485359
0.8254286270546769
0.6633800485745176
0.4698655637802075
-0.5786729462780628
0.08318878543747592
-0.6001491962837339
0.2420542712331293
-0.5529985447535737
-0.4040564351022806
0.2585965480138847
0.3637989475101866
-0.2527721525367012
-0.04964315883628947
0.2105207999693924
0.2873496318549458
-0.1778126630297029
-0.1821009245821004
-0.25975783981615
-0.1707166930418105
0.01723888596988232
-0.2077431425094014
0.1448793196269219
0.1159607177502925
-0.1464476422499976
-0.0763539348751989
-0.01562394018535975
0.09245892029622571
0.146404616835575
0.09341797391730779
-0.01420484296917317
-0.1254048252036235
-0.08053780490674484
-0.05899278393937461
0.1111941797765775
0.004518959485379153
-0.06185150712101525
-0.04447593669756258
-0.06696609852887141
-0.0008834011839472487
0.03876082574419105
-0.05274351244753271
-0.02543915210704217
0.03067259724569429
0.02211884405545352
0.07696625762217357
0.0546144861345779
0.003300583254849927
0.05430061242547702
-0.04015774900457787
0.006370112687279918
0.02101970158970809
-0.0253133896377906
-0.01650211512669694
-0.004269810169809832
-0.003962754895451814
0.04108061464561279
0.03414854491053013
