3.453802694195946
2.051101150148479
0.6220949691960419
-0.6164443305003822
-0.6729812124631291
0.3464065544490304
-0.4865768127133595
0.3640230902183274
0.2955738953681862
0.2066313103558615
-0.257959788245731
0.0365424073813904
-0.2645454979704375
0.1086145437592667
-0.2436885343343913
-0.1803625361695121
0.1133632838104592
0.1623981857949339
-0.1108497026803083
-0.02225765073976653
0.09439658219923269
0.1262652577860784
-0.07984217168905176
-0.07968797276645008
-0.1160748813836059
-0.07472065502255826
0.007628258660975417
-0.09295723171867436
0.06333965389126946
0.05221731204766196
-0.06409173448174671
-0.03459638678808789
-0.00710117414291625
0.04022510381434889
0.06559718619941625
0.04070008681860342
-0.006474574069198112
-0.05622569215743586
-0.0350392622982773
-0.02677177277364
0.04867355852773821
0.001842345119840126
-0.02798128987194366
-0.0191389317387955
-0.030223450162144
-0.0002011063619269957
0.01667565151847394
-0.02388689178025108
-0.01077337925691442
0.01373053491803044
0.01027096271166088
0.03363853377849822
0.02465294016062758
0.001178633798154049
0.02371610354745945
-0.0182248866164771
0.00240950122857124
0.009480325392156316
-0.01159120070623845
-0.007705361699844732
-0.001519760761829858
-0.001868882215337363
0.01783606504792737
0.01549334715922401
