1.598210210838008
0.9500357526742784
0.2874785912414001
-0.2858454224564219
-0.3110563422873167
0.1608234783392217
-0.2247294867335672
0.1689934042097747
0.1363839875929945
0.09608754736162246
-0.118993113049083
0.01700435421700656
-0.1228471821222144
0.04990780294620285
-0.1131819995172657
-0.08313221343820403
0.05281554622252693
0.0748505402499097
-0.05163346515667533
-0.01023220430223502
0.04339319850087786
0.05874399499361286
-0.03667229837675586
-0.0371656286945846
-0.05346694653091323
-0.03484491629038328
0.003534229096772093
-0.04278415131665658
0.02955768388183688
0.02394369297500143
-0.02989015053438858
-0.01580587330043036
-0.003238392344282854
0.01882609497979377
0.0301678912371682
0.01903223960193845
-0.002947704238245568
-0.02584775418517148
-0.01639889623554131
-0.01221980100021584
0.02269684576380927
0.0008968942403534603
-0.01279544569387375
-0.009016435286792822
-0.01384004603336556
-0.0001454492529015848
0.007857101724641406
-0.01091611023795545
-0.0051245781656696
0.006317992231723686
0.004625480962409402
0.01570048803116682
0.01128804936610456
0.0006237233172770836
0.01107383194366637
-0.008318389413098277
0.001229104735523822
0.004342984555165625
-0.005262853187430701
-0.003458883311390226
-0.0008059675275711442
-0.0008340915487218929
0.008357887561525189
0.00707278833179892
