9.402504725494206
5.588747351832668
1.691471794549964
-1.681376413315178
-1.830167953928359
0.9458861974394612
-1.32232926314564
0.9939421193524935
0.8025603617411236
0.5650632815760709
-0.7002400162273762
0.09999208360875439
-0.7225137644475068
0.2937897953794316
-0.6656589661620254
-0.4892420421706422
0.3105439957350319
0.4405042830872844
-0.3035990549605421
-0.06023093842799617
0.2554313276867306
0.345442693366617
-0.2158843321073997
-0.2185065352145084
-0.3146756278975893
-0.2048644388912244
0.02079023691500795
-0.2518199030901661
0.1737692036319124
0.1409730153388991
-0.1757328766588362
-0.09308905019351016
-0.01907554044918795
0.1106513622661357
0.1775745953867883
0.1118709184248451
-0.01736574020958502
-0.1521504463748761
-0.09638545409508655
-0.07197443774740628
0.1334427599768929
0.005254563636268226
-0.07535312262333199
-0.05296564439874044
-0.08149515011486513
-0.000829729913748592
0.04615477756740743
-0.06428911866795951
-0.03007959728767112
0.03718734901431285
0.02727546671753284
0.09230155249719119
0.0664686265656515
0.003630642012041517
0.06509968804392498
-0.04899527395132033
0.007174451662324693
0.02557218423004029
-0.03101210007116684
-0.02040197497720087
-0.004690738639224035
-0.00492230329582473
0.04911893392551857
0.04165809719157777
