3.369774986060259
2.003574985543826
0.6059448960797598
-0.6029919305864239
-0.6556731912565195
0.3393547404435018
-0.473620716745081
0.3565897759191916
0.2873665941148112
0.2028328741994626
-0.2507058309290052
0.0359004650867068
-0.2592349383947732
0.1050529755252745
-0.2388492750014954
-0.1751174860232003
0.1115386336933807
0.1576714120119213
-0.1090367729205928
-0.02154067671561251
0.09134945928885013
0.124017669077592
-0.07718566220142491
-0.07850776062371936
-0.1126108120746442
-0.07360354406763329
0.00745397276213937
-0.0900938076026314
0.06244518728547188
0.05037505778014952
-0.06313840701415757
-0.03322476005977129
-0.006804294092453332
0.03980018993262831
0.06351497946621544
0.04022801645635295
-0.006191026356346711
-0.05441431297640276
-0.03466877014973667
-0.02568098242251151
0.04794221123491624
0.001913205303679795
-0.02690267964237519
-0.01909071733541632
-0.02910871925104107
-0.0003328038696271277
0.016636575540877
-0.02294781045857964
-0.01087447520828214
0.01330350086238393
0.009689211285263483
0.03317109776539795
0.02374075340611396
0.001354148655896303
0.02339840314662744
-0.01748174478237987
0.002648418058876778
0.009135142380755877
-0.01104629545156669
-0.007239771592482076
-0.00175054534229143
-0.001743342630170639
0.01767438780523421
0.01486461676428386
