-10.41594368526988
-6.199666100737159
-1.870135233790871
1.868157708248569
2.024068890518182
-1.052784661490178
1.460835439755879
-1.106189015361076
-0.8854105016561542
-0.6303847089386646
0.7721996402930839
-0.1116577267197321
0.8044346431938935
-0.3221529421294378
0.7413213706633481
0.5388955284232042
-0.3473691604637407
-0.4851969530956849
0.3394975357383684
0.06609264434148576
-0.2802671567805276
-0.3856366343240857
0.2365892712686301
0.2447818711285374
0.3462947973605978
0.2294615343108347
-0.02307168358012196
0.276801837925124
-0.1948195162594263
-0.1541154573712245
0.1968488284752948
0.1012211804422283
0.02068627817166966
-0.1245646318464092
-0.1949700013488407
-0.1257875411812243
0.01878550667271444
0.1669594864973091
0.1085029666882613
0.07815635799247853
-0.1494496708609461
-0.0062357436852622
0.08204872985385006
0.06017098920710209
0.08891913242190569
0.001408811375108156
-0.05244363636638256
0.06993580723919052
0.03462327245645321
-0.04086237082170301
-0.0290262868505539
-0.1035077935829149
-0.07251387756397948
-0.00475349550003947
-0.07304527062378512
0.05320266206181967
-0.009013354055134426
-0.02791819189357709
0.03341336840080666
0.02160510298132884
0.00615499773049058
0.005165975733149381
-0.05538799679458431
-0.04524687845382414
