-5.346038430926682
-3.18170946540085
-0.9599859701378028
0.9586453622874052
1.03898300850438
-0.5401723667587393
0.7499237038278741
-0.5675764760162633
-0.4545708169118801
-0.3233921278274939
0.3964598486668158
-0.05727752083627602
0.4127373180898121
-0.1654634713497801
0.3803487206672824
0.27669983185765
-0.1781705222938528
-0.2491284070504323
0.1741366777987707
0.03394467460158858
-0.1439438722981636
-0.1978254116788415
0.1215213019856804
0.1255393421164639
0.1778188296991746
0.1176834529859069
-0.01184022965405584
0.1421463277186551
-0.0999101611502739
-0.07917306724752277
0.1009568841546888
0.05201946338982674
0.01063306918492592
-0.06386328525651608
-0.1001309843184189
-0.06449548234070017
0.009657720064909272
0.08574899492335683
0.0556286826677139
0.0401697979918245
-0.07664850190408035
-0.003185883078771476
0.04216229236652673
0.03083025235108502
0.0456862136984479
0.0007057958516595523
-0.02687059235318157
0.03594018980904057
0.01772464428004328
-0.02098458646050757
-0.01493985299577144
-0.05308154431401411
-0.03725761198231767
-0.002413944989653837
-0.03745809917757654
0.02734441986850713
-0.004588559773472653
-0.01434363486936863
0.01718279183315008
0.01112406121594588
0.003125272261567419
0.002661586987841819
-0.02839379971249906
-0.02325498532126645
