0.4480035429345963
0.2666136277915648
0.0804550425465118
-0.08032447159019085
-0.08707450474040068
0.04525720818386803
-0.06285233838193711
0.04755336731345984
0.03810073492798893
0.02709185161909013
-0.03323070202281038
0.004798157557216512
-0.03457980614234833
0.01387254626164416
-0.03186586705903221
-0.02319382466620141
0.01492423733528262
0.02088273170254812
-0.01458655009782671
-0.002845845745573565
0.01206797842996701
0.01657211565221087
-0.0101886828802979
-0.01051493777522018
-0.01490594674565586
-0.009857017857899837
0.0009921431603662251
-0.01191628158490251
0.008367984324731809
0.0066388433026394
-0.008455990052145489
-0.004363044612476392
-0.0008919427059981349
0.005347880354823287
0.008394528556214444
0.005401112826560922
-0.0008102204567102654
-0.00718899824885052
-0.004658323352680109
-0.003369385434131006
0.006420013355244847
0.0002661602798892517
-0.003536062593877587
-0.002580649082342612
-0.003831239344732321
-5.817865174652826e-05
0.002249186301429955
-0.003014359577012005
-0.0014827714751963
0.001759188363336724
0.001254324465195517
0.004445803183050611
0.003124437004334371
0.000200845757384542
0.003137192207517998
-0.002293611242936725
0.0003824210372491003
0.001202821921106877
-0.001441794969543004
-0.0009341748412669592
-0.000260007600966272
-0.0002236105421486503
0.002377504331456773
0.001950571666853281
