-6.188594681884237
-3.683741843863216
-1.11103446611655
1.110110569586036
1.202501426626839
-0.6256430651485224
0.8678404068013214
-0.6573776553662031
-0.5259637990233292
-0.3746611921236765
0.4587037537046545
-0.06636524233817863
0.4780621917305399
-0.1913159557549011
0.4405601044879707
0.3200988800812503
-0.2064795219411267
-0.2882020467973767
0.2017977592599119
0.03925152796768965
-0.1664462491462051
-0.2292052772948022
0.1404987903398074
0.145510468528065
0.205687188445403
0.1364022743233258
-0.01370906236419136
0.1644019580850281
-0.1158145189419524
-0.09151124355341728
0.1170162420281629
0.06008841698489588
0.01227855086485764
-0.07406372394948571
-0.1157932228664591
-0.07478681582271636
0.01114903598379744
0.09915507590602152
0.06451370187990536
0.04639342340381943
-0.08883917852208718
-0.003716235462061949
0.04871013802417042
0.03579110042548656
0.05279397434896375
0.0008503652670437921
-0.03119495270371225
0.04151720745782022
0.02060670255639532
-0.02426916374105768
-0.01721351656209691
-0.06153299049577679
-0.04305342019531583
-0.00284417060254829
-0.04342484572271523
0.03158097231191594
-0.005384230773904566
-0.01657633294919492
0.01982683492995081
0.01280951379654506
0.003683034978167396
0.003061541970448931
-0.03293508116747748
-0.02685876555200245
