-8.749956546113696
-5.207384081596619
-1.571301640524262
1.568917111327197
1.700591538440376
-0.884007481079488
1.227496609430415
-0.9288567931831712
-0.7440796803763596
-0.5292103732098756
0.6489655624844325
-0.09372878460389367
0.6754509196130059
-0.2708852740812456
0.6224426270399768
0.452943179749476
-0.2915455739009279
-0.4078104893289969
0.284946995953108
0.05557087606052073
-0.2356511973034537
-0.3237232097118951
0.1989490505984213
0.2054162111549516
0.2910867148692042
0.1925626364813486
-0.01937827658206964
0.2326980468271546
-0.1634768104113833
-0.1296263523318991
0.1651930212794607
0.08518044555982512
0.01741252878910071
-0.1044851525324255
-0.163922180965614
-0.1055225301161982
0.0158162933173973
0.1403797399121594
0.09101276973830795
0.06577915135395616
-0.1254184493288369
-0.005205829037355302
0.06903721226635587
0.05042953766560962
0.07480350403407468
0.001145083144945741
-0.04395245922669477
0.05885041609361871
0.02898338458796096
-0.03435272171393239
-0.02447685604387175
-0.08685356220204861
-0.06100328204732414
-0.003935854788176664
-0.06128917659841379
0.04477724347772752
-0.007488197308792438
-0.0234849465057261
0.02814279641502178
0.01822748903052628
0.005095417786960252
0.004362185494361289
-0.04645253393571633
-0.03808043485113988
