-9.549190548127672
-5.683152189914586
-1.714776266848099
1.712301005253596
1.855879685221356
-0.9648223045860682
1.339562491054697
-1.013770543407367
-0.8119946103054739
-0.5776101755898914
0.7081945367110185
-0.1023023640974294
0.7372034234600082
-0.295582769470215
0.6793514708282989
0.4942732048540519
-0.3182220396205526
-0.4450220647093674
0.3110182763129222
0.06063810950394344
-0.2571387478616963
-0.3533334026588588
0.217085992335067
0.224216795838943
0.317643321395977
0.2101862866635363
-0.02114887684195246
0.2539232468573442
-0.1784410227241324
-0.1414383234762483
0.1803119783922822
0.09293474378161809
0.01899687684568698
-0.1140563686276054
-0.1788710349847817
-0.1151867332372601
0.01725474816798628
0.153180316947352
0.09934983490169561
0.0717658028892921
-0.1368967340115009
-0.005687053329575292
0.07532352279331694
0.05505646518831442
0.08161743283890888
0.001256422885679346
-0.04798524561510305
0.06420823214680323
0.03164869881412502
-0.03748596085849638
-0.02669623135326436
-0.09480421767341035
-0.06656000203442772
-0.004305436644970011
-0.06690021323617243
0.04885248068979406
-0.008186853867388329
-0.02562444635091621
0.0307004404941674
0.01987870315238238
0.005574039501779093
0.00475668288772229
-0.05070899856318138
-0.04154635092945318
