-9.865639382388618
-5.871404646821529
-1.771636300101902
1.768992319643333
1.917412994025696
-0.9967488003148721
1.383991849492022
-1.047317540584436
-0.8389375378566476
-0.5967099190184081
0.731696350747956
-0.1056841843137137
0.7615953953583203
-0.3054091164579421
0.7018275282599143
0.5106818088645667
-0.3287359831342468
-0.4597957903102177
0.3212951748077735
0.06265351446712238
-0.2656853834609016
-0.3650145964162987
0.2243040857699802
0.2316214501378664
0.3281912592352835
0.2171279443060484
-0.02184934370526247
0.2623582801623095
-0.1843325186788402
-0.146144721647188
0.1862668511595323
0.09603237048626972
0.01963059803556133
-0.1178173787869309
-0.1848150088974115
-0.1189864088132869
0.01783079913936741
0.1582714816686816
0.1026259188938938
0.07415884875459036
-0.1414180643172583
-0.005871616191697973
0.07783306004963847
0.05686690581552506
0.08433491750596653
0.001293457286382523
-0.0495630701838532
0.06634806938590786
0.03268526876852124
-0.03873133185503765
-0.02759208455538842
-0.0979341004260787
-0.06877623382749817
-0.00444124091569629
-0.06910848052979277
0.05048147806244035
-0.008448146821196358
-0.02647746431504709
0.03172665792741473
0.02054681339812429
0.005749752953623011
0.004917009000329283
-0.05238027918750604
-0.04293161147915504
