3.954258842301211
2.35306405845818
0.7102030987990942
-0.7088623613521552
-0.7686232256991401
0.3993570938262724
-0.5548421255005156
0.4196204687681919
0.3363670493513546
0.2390332341166397
-0.2933793601064951
0.04233230406864869
-0.3051325165201517
0.1225121727666976
-0.2811808752026553
-0.2047809317805037
0.1316587477093344
0.1843763178630731
-0.1286818314809153
-0.02513145618967986
0.1065719071957614
0.1462116203886253
-0.08998179599045866
-0.09275338888780341
-0.1316128133471839
-0.08695057631454806
0.008756223553563305
-0.1052220143596518
0.07381176338551788
0.05863901842457292
-0.07459152479500475
-0.03854882237234921
-0.007881740296337749
0.04716194724707426
0.07412910129799799
0.04763441880671924
-0.007160561664000331
-0.0634854598167312
-0.04108092083958561
-0.02977172649893118
0.05663244561626152
0.002340765675271687
-0.03123982911515609
-0.02274728428248085
-0.03384381931209339
-0.000503509772001802
0.01982538820506608
-0.02663213170983962
-0.01306096239312406
0.01553410335940834
0.0110954432732973
0.03921476624733515
0.02760037336077695
0.001757812418184435
0.02767115504275273
-0.02026624228318237
0.003353652441645052
0.01062496240016376
-0.01274507049445955
-0.00826572508267763
-0.002275367908918392
-0.001979532325664403
0.02096491253580614
0.01723491765921983
