-4.435247986161454
-2.639214950134891
-0.7966216078742565
0.7950404970935443
0.8621454352340323
-0.4478926620473526
0.6223658965550076
-0.4706194236784511
-0.3773128134611576
-0.2680717451480895
0.3290950164694003
-0.04747407720287487
0.3422143464575066
-0.1374420589539599
0.315350366356724
0.2297159660473048
-0.1476453439027155
-0.2068269152266608
0.1443078176863963
0.02819369094668057
-0.1195577463028929
-0.1639717022288497
0.1009485365228854
0.1040128949991901
0.1476412432089327
0.09750598405428841
-0.009820974685499976
0.1180391575531038
-0.08277062838438763
-0.0657889799551165
0.08364646503274546
0.0432537812221403
0.008844196196115074
-0.05288197976273924
-0.08316066368908907
-0.05341299766228738
0.008035350031425477
0.0712210559623957
0.0460634354813748
0.03340632004185008
-0.06350750022603276
-0.002622014000276622
0.03505174515644865
0.02550167708709522
0.03797192266946176
0.0005606506000579506
-0.02222589693067675
0.02988236959954672
0.01463876425732742
-0.01742643737120705
-0.01245504007890574
-0.04397423998385608
-0.03096701287973221
-0.001965498215721056
-0.03102924063052561
0.02274038914198069
-0.003752654543030753
-0.0119208027061855
0.01430324661801553
0.009279498577281074
0.00254410663855336
0.002222723694202736
-0.02350687926196306
-0.01933889440390522
