-10.12371473078286
-6.026092465853551
-1.817511434596481
1.815981421608163
1.967138621576426
-1.023458483025061
1.41967920281755
-1.075371699823497
-0.8604139690193966
-0.6128867285687987
0.7503852340704068
-0.108562874436527
0.7820377137064429
-0.3129740624028286
0.7206895712007254
0.5236452787485464
-0.3377661291832428
-0.4714657240824749
0.3301077526725976
0.06421153761670899
-0.2722893087293234
-0.3749432291401391
0.2298424625741968
0.238030176965664
0.3364814384377046
0.2231308094149946
-0.02242611348810053
0.2689440337349989
-0.1894523866416544
-0.149704336558767
0.1914185417826672
0.09830048118625712
0.02008697232164149
-0.1211543381859894
-0.1894257876572704
-0.1223374800806848
0.01823925004317808
0.1622076880954979
0.1055323011863455
0.07589663868895613
-0.1453257460746201
-0.006078424828798503
0.07968617116289917
0.05854643121924794
0.08636664733266494
0.001390092446019533
-0.05102811697016177
0.06791920545458544
0.03370717909186421
-0.03970178633876598
-0.02816142198212031
-0.1006572114508756
-0.07043191235346964
-0.004651202645061856
-0.07103537003456625
0.05166442695801079
-0.008805726250908696
-0.02711749803253956
0.03243595961078848
0.02095666947688872
0.006023013895336327
0.005008854633719036
-0.05387542341336328
-0.04393917788889854
