9.819661719269133
5.842333570710305
1.764109673130598
-1.759637146419908
-1.909149310469112
0.9911143586054909
-1.378345625468663
1.041413727089232
0.835758117437541
0.5930459715801947
-0.7289890823823841
0.1050141023135713
-0.7572372715077629
0.3046460260575363
-0.6977740733369675
-0.5089172888079212
0.326533594809143
0.4582099394999342
-0.3191631154436219
-0.06248748564079803
0.2649859290900238
0.3627217239157032
-0.2237711330028316
-0.2299976435605808
-0.3271209206522059
-0.2156132597455528
0.02173940427310523
-0.2615672169003084
0.1830097233338236
0.1458736474145971
-0.1849642515568103
-0.0959646783166892
-0.01962807157574757
0.1168713697703954
0.1843021285683039
0.1180605731029974
-0.01783798026724398
-0.1578515245377245
-0.1018023347470092
-0.07412796162865132
0.1404346453442057
0.005761399834863186
-0.07775515887705736
-0.05630301462400158
-0.08421343680810819
-0.00118964387169836
0.0490696667593318
-0.06629497108378044
-0.03227304822853284
0.03861735329268062
0.02770089618537497
0.09722658022377417
0.0686791024727884
0.004274491693927747
0.06860095908027525
-0.05046051441783772
0.008196052568266957
0.02643597304007485
-0.03176669451313716
-0.02064984119361701
-0.00553160635781777
-0.00495136947328649
0.05194158684349906
0.04291141304747696
