-9.752793607892672
-5.801924777835971
-1.752363664698411
1.747248382135927
1.896394583268817
-0.9840034564700642
1.369253570587218
-1.033947977091621
-0.8303340518504896
-0.5886845773853058
0.7242819749003077
-0.104234054315994
0.7517849487888764
-0.3028129994386537
0.6927362202880891
0.5056768830147798
-0.3240648203107657
-0.4552934479923305
0.316757564527877
0.06210804740563409
-0.263378555513241
-0.3600352547358064
0.2224347839124189
0.2282323066658626
0.325061333775608
0.2139610780618438
-0.02158839935579874
0.2599439593873974
-0.1815938385377362
-0.1450303170866689
0.1835457379957279
0.09545017909784449
0.01952696128244689
-0.1159302888945131
-0.1831745938093529
-0.117120763468393
0.01774954531717452
0.1568928505116189
0.1009827475516831
0.07373834503816337
-0.1393596496553861
-0.005691848888410437
0.07732990926864769
0.05581024339269841
0.08373935392023854
0.001145758325235138
-0.04863948591046055
0.06593725775452748
0.03195816648988829
-0.03837873058557647
-0.0275991499995446
-0.09647260361168189
-0.06829318754450323
-0.004191930036433577
-0.06806593858026407
0.05019533521893137
-0.008062380241506691
-0.02628593157249121
0.03161915176361733
0.02058198523556015
0.005423896281415569
0.004938614964530425
-0.05151666112704006
-0.04268504884873604
