-9.973492578771399
-5.933143248537834
-1.792050588443864
1.786738494105144
1.939338261304501
-1.006227233297335
1.400274207029311
-1.05730047277124
-0.8491560863399703
-0.601967228353964
0.7407029087875963
-0.1065849822274368
0.768761715018921
-0.3096945138014676
0.7083779037408676
0.5171470962648925
-0.3313686691596068
-0.4656209456484449
0.3238976236027055
0.06351905545599007
-0.2693623505982539
-0.3681565472276481
0.2274908906689292
0.233373075809995
0.3324374655182462
0.218780728854009
-0.0220765726168751
0.2658453187269123
-0.1856827596791798
-0.1483303095073134
0.1876801146792642
0.09762687995001391
0.0199727608649964
-0.1185362292670113
-0.1873350543205129
-0.119754771049901
0.01815518174475912
0.1604572184587385
0.1032527075860796
0.07542085580103033
-0.1424989746067603
-0.00581700194564916
0.07909237872687092
0.0570600249751349
0.08564628040414426
0.001167378401879852
-0.04972860318160882
0.06744065533888842
0.03266990775810916
-0.03925014548171445
-0.02823415907510644
-0.09864464864361611
-0.06984845790798583
-0.004280355623613105
-0.0695980526884119
0.05134066344443466
-0.008235453173375526
-0.02688437272214324
0.03234295090167075
0.02105650071111707
0.00553820320947887
0.005052895877937691
-0.0526738731270263
-0.04365890894500895
