-0.5811064727080265
-0.7747350889460751
-0.1926872955334727
0.2221987442601992
0.1925768972291709
-0.1427219690694463
0.1365240878518296
-0.1341130038965078
-0.08851666122013645
-0.06966345412599644
0.0795172743431222
-0.01213428529229185
0.07881226377262626
-0.05112622790335925
0.07646813604355418
0.06341393194813941
-0.05006130533630971
-0.05805034464358887
0.04572532390674949
0.004890238132321435
-0.040206016866297
-0.04573567491253762
0.03862754996064453
0.03628449424825762
0.03631515275223889
0.03459184230250293
0.001284665079553895
0.03425562730721595
-0.03353953069032994
-0.03110258179153683
0.02879217284131225
0.03039427176223812
0.006026927573606308
-0.02946456666559173
-0.02455460772254829
-0.02642434900240166
0.005449230128387333
0.02168704882851075
0.02834340226029811
0.02651142756571864
-0.01593166972903188
0.002078170507310571
0.02783501153483241
0.02223890603340165
0.01675288198124177
0.00913502479661415
-0.02373098257503276
0.01185050685568921
0.03157483907844354
-0.006775618000024321
-0.0288206846624285
-0.0004068236462089377
-0.02372194322782266
-0.007033515270460535
-0.01225694959755497
0.01470409889176356
-0.02885384156675311
0.004264785129856937
-0.004282917957211713
-0.03392122712891518
-0.02895802259100028
0.008113796556607739
0.01551690194720232
-0.02528262254605886

-0.7742760942497384
-1.043063210050104
-0.4013600149841225
0.313325206767679
0.3097366922522332
-0.2139053322073053
0.2192960143144588
-0.1966311004390311
-0.1444100902821581
-0.1075996302967948
0.1236994164058009
-0.01934719269207247
0.1174102831398457
-0.08653036195247776
0.1131929879123937
0.0986494515203608
-0.07940364218075395
-0.08817704565443091
0.07079518147649454
0.005373638011978869
-0.06313336729455907
-0.06970249798794688
0.06080717090712517
0.056469269060162
0.05652062582354304
0.05138367894634864
0.002814767400252809
0.05430250344349398
-0.05216233501103179
-0.04753263179714456
0.04737402064928144
0.04693831811851819
0.008904418484794781
-0.04642812509460494
-0.03880765962553694
-0.03294600001690226
0.008931720768640825
0.03705435456591565
0.04524750550495787
0.03899258728842252
-0.03037777091622087
0.002417777118882577
0.03533161685777091
0.03641179621235664
0.02955342630338101
0.009406209106151961
-0.02361736130518875
0.03213608423518127
0.05514077619396213
-0.009618908754677555
-0.04477322871123507
-0.01073023217268678
-0.01219858925867584
-0.01446082124559821
-0.02090366395494817
0.03122059792461396
-0.02236279443158165
-0.003429410313097473
0.01329549679864824
-0.04882898189112575
-0.04013212592010452
0.01234197409487733
0.01183470915066366
0.005803452357622037

-0.1898593377931604
-0.3977176913439336
-0.2295456380266838
0.1817433047922246
0.1516739279754088
-0.1185701226474154
0.1064515787345333
-0.1019783898667512
-0.07534047289364429
-0.06214480582242142
0.06171492762185612
-0.01066995045089277
0.05920656715174232
-0.05028883466854729
0.05539907899690641
0.0510360491569274
-0.04339060363777684
-0.04369765454913783
0.03729406296000674
0.0002835215309199622
-0.03335708833025756
-0.03619575205704548
0.03131255113927386
0.03014771116546869
0.02990972650888615
0.02533473299480299
0.002101808027300005
0.02792752433821205
-0.02737953139323569
-0.02551468924248241
0.03086412278461052
0.02363315096861439
0.004606447236136854
-0.02340542507534372
-0.02076643628057211
-0.01053672849616392
0.005036207642829913
0.02040495964175604
0.02105777411712748
0.01835279877281495
-0.02653197622289026
-0.001003816766366074
0.009899670850195854
0.01405954642825418
0.01706295463372784
0.004277958020398929
-0.006232876906814134
0.03768069029607332
0.03342131277882006
-0.00296508924888898
-0.0234957302769253
-0.0247716903149273
0.01712441844380434
-0.001965155316630466
-0.0007856141417731041
0.01120205843144503
0.003442721704708098
-0.01486776186671557
0.03882091538132555
-0.01231018639461016
0.0006555332556055556
0.0001911873664013314
-0.01060453191113749
0.03351168928415878

0.2176941855272641
0.3065380598148595
0.1797472518015328
-0.1195809309007015
-0.1418175403367459
0.1031056672253524
-0.09145470460581788
0.08561656665499308
0.06687166481448839
0.05158082201592205
-0.05591003104165162
0.008092333505930372
-0.05052223463034602
0.04301203151835521
-0.04769191044419459
-0.04384686384194779
0.0377204206288505
0.03657173933349658
-0.03194938917895881
-0.0003847774553369928
0.03051233882144987
0.02937479453721982
-0.02694955594761898
-0.02492465153670443
-0.0254751141350053
-0.02575429390998175
-0.001520666454425788
-0.02117371794118078
0.02229813989464072
0.02757667832718842
-0.02448739642674112
-0.02283561847512832
-0.004957569828627821
0.0167087871492508
0.01552075833852975
0.02155494977806101
-0.0009488677819609517
-0.008659182620176047
-0.009944382126206314
-0.01982195484836401
0.01623224933585344
-0.002140378946337943
-0.01948486047972324
-0.001551622281731916
-0.007269779995917935
-0.01370249995718717
0.03693174119025251
-0.02286487998758766
-0.02340708911535989
0.004981590620772989
0.02535407989933215
0.0133198781251754
0.02267611027105778
-0.01881522653448273
-0.01804378960711713
0.02360241098919942
0.03498508484353734
0.0007435283335394342
-0.007596067678340652
0.004289986112225704
-0.01133596697564357
0.004846362759299959
-0.009625385008407575
0.06173335252296079

0.1856036563226263
0.2997557272870581
0.1484410448436087
-0.1404616392066715
-0.07643109313160706
0.1037227281657785
-0.09113069045778022
0.07604106445555953
0.06139090856953557
0.05072932496861245
-0.04821202993213673
0.00818952582986957
-0.0491655202272135
0.03934372588057479
-0.04457524850368472
-0.03973914663410245
0.03492049352378083
0.03506224261673715
-0.02920531656905888
-0.0001621993964749388
0.02748535108345549
0.02802931807227388
-0.02331769119658871
-0.02318151606756605
-0.0242589825299361
-0.02225364047903308
-0.001416102217715152
-0.02346358265847351
0.02243956566126058
0.02157055405466911
-0.02397156415012413
-0.01819837566790499
-0.00325869253409723
0.01829130344923366
0.0192201040540178
0.01395562151183045
-0.002024633377279393
-0.01357531160858905
-0.008156973228769036
-0.007283637768790412
0.01577050429628619
-0.0006727523717552798
-0.01015725064709017
-0.01431053811549987
-0.02173848145527708
-0.007797957120129196
0.01978255069408847
-0.02903461221399289
-0.01764990163847565
0.002441721127056321
0.01500362498992482
0.0263075537061832
0.006759260494089368
-0.00210532885677818
0.002700981543237509
0.006005297204720966
-0.01374262008746543
0.002569477004155453
-0.003119744762516037
-0.01379795307371659
-0.00241657058383251
0.009397375215243184
0.03300554154019478
0.02775137332121327

-0.1373974221960901
-0.2060022903778452
-0.1154513512582546
0.1014882691790258
0.103256987564737
-0.02042631727105106
0.07723472454603732
-0.0689193899280571
-0.04663581797859617
-0.03874634827734209
0.04150194751518983
-0.005314119465489532
0.03645365180339871
-0.03291266291828527
0.03532666185736744
0.03190550665458131
-0.02649593835143116
-0.02955814046865691
0.02404794245988935
0.0001887368195519159
-0.02005678469866344
-0.02211703655467102
0.01909552017833282
0.0180483588637886
0.01860855221198764
0.01756073726377235
0.001138807100408249
0.02162776729065402
-0.02044970457722038
-0.0149051105556781
0.01493263385416934
0.01575726818027052
0.002611901292937127
-0.01894130846854825
-0.01603835145075098
-0.008133415535522666
0.002566085893449647
0.01205603950334749
0.009708326123150732
-0.0005849161290646717
0.0001006665224879497
0.00204739786565542
0.00790689183682269
0.02720642222915341
0.02717912269104682
0.002036341197843826
-0.008265067861868376
0.01600315684730375
0.02165337145548174
-0.002399705062099309
-0.01561466755527173
-0.009030229732244778
-0.003725693729856216
-0.01298396302219986
-0.02255927926837539
0.01005204850350979
0.04230361751848865
0.008733298388818526
-0.03648088918334075
0.006786235456666513
-0.02760241841861675
-0.002475110128958848
-0.0302030797496678
-0.01207352760453592

0.1333804302091943
0.213958101299582
0.1039907885464751
-0.09071450321823055
-0.0913165228177279
0.07762467997549524
-0.002550673522458934
0.07059333699470997
0.05109151506192043
0.03414035783065231
-0.03836982912146022
0.006160801513853208
-0.03653009910636021
0.02882273574082218
-0.03463815087426864
-0.02977025321967022
0.02722906846508277
0.02564305599276241
-0.02355972186400358
2.758020911040197e-05
0.02080988901221442
0.01850395818919587
-0.01952486664912561
-0.01719949624466615
-0.01618349703652579
-0.01996224408934853
-0.001268674102907677
-0.01803998099090929
0.01844741377243144
0.01696706656659311
-0.01065690646502072
-0.01675939414336828
-0.003183356827494312
0.01679052741103
0.01225165822197809
0.01646752271995385
-0.0006107411472068992
-0.006532664233289485
-0.008173875780788688
-0.005175716986538145
-0.006454773574375586
-0.00486774514937606
-0.01616122449140095
-0.02089594236450779
-0.01792841144528106
-0.006330211400271183
0.0243049255207189
-0.0016022101122086
-0.01799827155755102
0.003538992281070848
0.01921477367533864
-0.005503667297608632
0.02826907339049377
0.004608098528931117
0.01342483847055573
0.003086565214698302
-0.008334765469477567
-0.01855322882424589
0.0529657378391345
0.002189752122063971
0.02931996816834704
0.0008742966003254529
0.003267581514242036
0.05911010223548313

-0.1278594271626047
-0.1881337029751322
-0.09953868392859365
0.0842399909550077
0.07557350413312894
-0.068828664820269
0.07004792530076132
0.01342417349748322
-0.05409851267317281
-0.04015513342009572
0.03154126196722214
-0.006507309137418479
0.03398402578518062
-0.02867848345883036
0.02938281350296871
0.03026430148406176
-0.02436118416401835
-0.02516457762309065
0.02021113001271317
-2.561784357296671e-05
-0.01994118523587084
-0.02040909969128099
0.01475323095169917
0.01661892844947823
0.018750568482221
0.01522643697025226
0.0008172143473805736
0.0175894996602292
-0.0149908807351627
-0.01416798866150849
0.01921581731484313
0.009663258609027073
0.00164244158323308
-0.0113551578257761
-0.01765392075291081
-0.01017343656726456
0.002203522289139552
0.01277413089204144
0.001978083263072698
0.001316406559741808
-0.01878042170935208
-0.0007421280418684805
0.003440083266615121
0.008975023781055679
0.0203203638249011
0.004741399742317207
-0.01171594930781717
0.02644329793031823
-0.0009175182371325211
0.0006792938197834344
0.0006544706994171968
-0.03603561390892315
-0.003832933542445759
0.0001098743483894851
-0.0053256992346547
-0.002235983655585258
0.01759199529521206
-0.009159297302537655
0.01955485504847053
0.02765437924559625
0.01489883650254482
-0.01297478236473885
-0.05453776760184145
-0.0183059392380416

-0.08731877891972643
-0.1425569513971562
-0.07503201966215484
0.06744069281968784
0.06229890823091148
-0.0474561753390464
0.0515960256678136
-0.05486246716699036
0.04078994889158827
-0.03830195955724285
0.03451438849493611
-0.00332479064923346
0.02309570410434449
-0.02294978576906992
0.02634558182799428
0.02150587376089974
-0.02137926669201068
-0.01991397868984115
0.01716320997166871
4.761016502711121e-05
-0.0155709931909752
-0.0167825973403353
0.01432528491253976
0.01281311446820434
0.01467079549291858
0.01369341512489152
0.0007619356377178364
0.01053547283125121
-0.01163553685055607
-0.0143411176601953
0.01308377675657106
0.01165079708237792
0.002604265016461164
-0.007969431919876528
-0.008485081626533419
-0.01280967825025001
0.000798274609969795
0.005280420334312143
0.006041706249729261
0.01226927020913212
-0.01129523761550081
0.0006833705855198525
0.01089191864727967
-0.0016736652311063
0.001695704815831551
0.007153689538394201
-0.01921783659897456
0.01062794937935036
0.008446043956471819
-0.002368887094686973
-0.01044097207694702
-0.008306807146451932
-0.01384224118394572
0.01129048096895297
0.009453309756558217
-0.01060342334716484
-0.02701157510210777
-0.002558758129118009
0.01326126721576167
-0.003826863744916232
0.009740194494108588
-0.003028406568693283
0.006035559174231337
-0.03148872252856472

-0.07250879505323082
-0.1116890519021732
-0.06406745901699572
0.05359639617472224
0.05294637519477187
-0.04048951175423456
0.03562683750939553
-0.04166828918548515
-0.03896656114549504
0.06204379705938072
0.03355130444643118
-0.002075281906301977
0.02795111661505231
-0.01589768101805578
0.02124881605578561
0.01984104671262023
-0.01556950430832506
-0.01787328176718798
0.01485932295280742
0.0006833050910625174
-0.01350293495043303
-0.01267769778776228
0.01487654074907054
0.01259106058241604
0.009316674970616884
0.01054926845617087
0.0005995753817807113
0.009357776452774025
-0.01020034103079304
-0.0104525961040868
0.008775109444833548
0.01169248408675282
0.00213835258605246
-0.01025826792092161
-0.00369601342545171
-0.00393057745199124
0.002261765924745433
0.007177703523684908
0.01564091879566545
0.01524732233648993
-0.005562052993295749
0.0003270597964008228
0.008033734156537518
0.004809773551991512
-0.00271490217289181
0.0002681824520033389
0.001163538699042375
0.004160876390777031
0.02279502788857738
-0.002209249722121475
-0.01770617736747248
0.01048864868134937
0.007501394181185434
-0.003181495303115709
0.0006154154970783917
0.01187638978637898
-0.01882187804618611
-0.0006888332264919335
0.01210927699018841
-0.0329448522263052
-0.01362685117671339
0.01147165728294141
0.03522550165581356
0.02912248412085663

0.08059280040307913
0.12595298626474
0.06349029923401565
-0.05727405930123857
-0.0500636581342732
0.04300303687935406
-0.03941288002144842
0.0328625603253599
0.0349050934762339
0.03329561592206198
0.07459922027901551
0.007914307583814929
-0.03249982110846986
0.02443194445899751
-0.01700942081880545
-0.01961881620823731
0.01710265890306043
0.01622890823905492
-0.01584309817374892
0.0008471139761451891
0.01318329230561243
0.01552555838382115
-0.01236424711307826
-0.01364478379305437
-0.0117298109829026
-0.006465472737831789
-0.0007628417103379598
-0.01246831645819481
0.01009354636882144
0.006188395745843773
-0.01149427322060637
-0.008126949405375592
-0.0009482931547573036
0.01044003972459172
0.008308553198872351
-0.001333820983802633
-0.004286429895341679
-0.01385005260918109
-0.01767825773258095
-0.01094810911766881
0.01442656998762273
0.002405531297027273
-0.001000058542266888
-0.009161071726990013
-0.004102088897214245
0.005453837294190722
-0.01837905343248546
-0.01082794661938148
-0.01472823685279388
0.001117751979153554
0.005859545593233531
0.004727705749448425
-0.02446879870325297
0.01364166383896842
0.01211984918635618
-0.03115973537866271
-0.002447881377201058
0.01421985497570069
-0.03612301249834597
0.02512397106366023
0.01101040576949107
-0.01131640405865178
-0.004681068615323351
-0.07321226397442369

-0.01175312431133578
-0.01838079233774382
-0.01003788364576262
0.008173789864594903
0.007905907594593805
-0.005259599708507536
0.006172540100626406
-0.006270420514654079
-0.003125822600977931
-0.001784224998595414
0.007967677002454314
0.0437041006832414
-0.005027808535100793
-0.005931324484025089
0.001997128147902061
0.001229988814434506
-0.003009271806516129
-0.001990112474010058
0.001735889853220235
-0.0004225370354994011
-0.00246530387968482
-0.001566001775284241
0.001899372415511335
0.00169877924122044
0.001466017782772613
0.001893936177439426
0.0004820405050242623
0.0009364593267525661
-0.001290443889130563
-0.00166387659316618
0.0006225654179802158
0.001341156984013075
0.001631680474875557
-0.001186373279132485
-0.0006593130619090616
-0.00253603371131872
0.002535651675091638
-0.0001119575854579371
0.001170134696119709
0.002343585959831483
0.0002427656847447304
-0.003435438849828307
0.003080381843081885
0.000491503820385192
-0.0003063572074256424
0.00430275279034437
-0.001541730740785046
-0.00130860291637233
0.0009369255204728674
-0.007673582534412906
0.0006686137749533631
0.00319516521603023
-0.001564917053105001
0.0210353175774466
-0.01609490474385158
0.00266705744759685
-0.01018031887295996
-0.01819978711443469
-0.006887432136742422
-0.004295748347738572
-0.007874627678958935
-0.02768261529904594
0.008769155994384395
-0.003838755996636622

0.07865310136344275
0.1166219946673432
0.0587540555726682
-0.05104157924558181
-0.04980732344046612
0.03688601596873192
-0.03685056259621391
0.0344730084453389
0.02304384460724138
0.0272474823242026
-0.0319916719861492
-0.004664616965188599
0.09221873172739106
0.02705921472013452
-0.02487390054616797
-0.01344157716078394
0.01618106401729168
0.01629239688826394
-0.01232539115964121
3.78236105035322e-05
0.01528941484701278
0.01316420810404287
-0.01253648353455809
-0.01030012095625284
-0.01125159260152668
-0.01194777460910089
-0.0005491341523367186
-0.006225368018655513
0.008269615219638515
0.009525985475120527
-0.004969910678322685
-0.008714358644766369
-0.001442672758428436
0.005701479560825638
0.006368318273705747
0.01653906691380997
-0.0007865547744103924
-0.006193391222525199
-0.01025386476284276
-0.01646371176139158
0.00695556727750752
-0.001424763566808704
-0.01542373123009477
0.0008673329630024696
0.005148777768045771
-0.003355143865009933
0.013076877779343
0.01217490468180507
0.004733371066698665
0.002126265275799519
0.002127706121117907
-0.006551133787870229
0.02734404571370954
0.00327308839175188
-0.001973981502743393
-0.005136362935662248
0.0484759617966973
-0.004009467299668593
-0.01029884379102253
0.02246152448866331
0.005176528450491147
-0.01066931575625737
-0.01975604647677907
0.02765913893973092

-0.04464769012479326
-0.07724550809530502
-0.04673967209719397
0.04034994079168254
0.0371902108315188
-0.03128164559462175
0.02707041390599334
-0.02738539487662555
-0.02152806177132833
-0.01429729915831686
0.02292234639007179
-0.00579223198979539
0.02603171648549536
0.1193547425798988
0.02447981645571399
0.01979795205126796
-0.00834687702814935
-0.01278799830687727
0.01279085426886392
0.00165927964695787
-0.00964652348062865
-0.01248725410962766
0.008768475601867273
0.008563084862270944
0.009781217906891994
0.009594539156843626
-0.0002025621262575402
0.007570663589597185
-0.004061595097333004
-0.005623955864295092
0.006490708343671285
0.0006875611151505043
-0.0003295531227334549
-0.003838246134678001
-0.01230218513240193
-0.01260426815472
0.002337161294198769
0.01225737441071549
0.003147431137999145
0.005047162143705273
-0.01738127206978098
-0.001569422130520432
0.005445507521158435
0.002223342220117872
0.006709264757290654
-0.000193365361094564
-0.001445599277853801
-0.001433384703889646
-0.02713756258583174
-6.40331737584072e-05
0.01979421171141054
-0.02262621570745317
-0.01780709661224687
-0.009302595845381708
-0.01287327693262907
0.01486004869486354
-0.01665048708121518
-0.01030926085962665
0.03410312987097563
0.01017004718577396
0.008703654076871098
-0.006145858902712375
-0.04045170545706037
-0.01007573988569639

0.0701739653729876
0.103678497507411
0.05092442291388077
-0.0441684619323703
-0.04197758988105971
0.03354627972227684
-0.03265928783598155
0.0278347640789656
0.02452716959683116
0.01927498075973822
-0.0153041467741535
0.00166872445803739
-0.02363412064432697
0.02447095217295172
0.1419730862786455
-0.02454434427799024
0.01860797280871035
0.01037859075874411
-0.01260300342483252
0.00129075831251459
0.01209438659701865
0.01024502410198764
-0.01114391041362539
-0.01017093442008332
-0.01016184802105612
-0.00800630531152775
-0.001227899859123815
-0.01078323526545336
0.00781947887472041
0.002735865398197328
-0.004506581074116604
-0.003735809619930357
-0.0002937712708172835
0.007834992592211263
0.01140155561902364
0.009806746237248981
-0.00243506110546258
-0.01227298706638012
-0.01001485319158764
-0.003951546693794378
0.005505634070610931
-0.0007020186209466691
-0.007377949958185041
-0.01397278971678512
-0.01048070388063692
0.003198946363593988
-0.004794283888424314
0.009365652588076329
0.0123574888135221
0.0002224355495181296
-0.0103641823075457
0.003970993001043083
0.01442787001231811
0.021544036575809
0.02451480318596817
-0.02752794938216191
0.0004334153437654678
-0.001192466374913104
-0.001331160258978332
0.007060794540654908
0.01891313432742851
-0.005368277582075184
0.02341928539261046
-0.004619615051290869

0.05863374602590066
0.0903458630396299
0.04575027584450852
-0.04002334525093428
-0.03659981519337892
0.02978228047109302
-0.02785606298559018
0.02805505716537129
0.01951029659826102
0.01792053970515574
-0.01778659394507754
0.001398795049387122
-0.01219812780336132
0.0194137261897912
-0.02435486994876063
0.1756555673238226
0.02211076029464193
0.01764418739869007
-0.006692558298226029
-0.0006382127254649571
0.01044192320664242
0.0100000148638123
-0.009216752550459777
-0.01051226650882085
-0.007192562994921995
-0.009218818630168596
-0.0002977867119671337
-0.007186327652069687
0.008839371299735669
0.005242791796051423
0.001325453851208756
-0.009229978893310849
-0.001015667335333093
0.00901171286576047
0.004282792944572992
0.009863082542286933
-0.001118169589892632
-0.006277688627852831
-0.01340274968318233
-0.00934971296158155
-0.007416982775499614
-0.002891556720969954
-0.01232238450951004
-0.01469129821598452
-0.002909538201585669
0.001052993837501782
0.0009992840862566958
0.01804220649238312
-0.00637566507296656
0.002470198811708959
0.007227370544668776
-0.02219951415681721
0.0173170135012325
0.01608394492498499
0.01903832029530673
-0.02147791829607997
0.0130436056065703
-0.01168636036750902
0.0283821134051172
0.02913322392633214
0.03709223278830973
-0.01286159536796379
-0.02284882288299916
0.004930898855485293

-0.03933244885628197
-0.06391939260697359
-0.03674133176118567
0.03154862461184774
0.02983416880495523
-0.02259668088465701
0.0230073216950084
-0.0212213915499818
-0.01836187210434821
-0.0128819262808284
0.01469805485436815
-0.002569311776092971
0.01383733205943013
-0.007416877335581338
0.01740379120674008
0.02118090881057096
0.215954226164866
-0.019546076722847
0.01401195294828613
0.002014511971705289
-0.003065087982351973
-0.009802972651188957
0.007856553877586943
0.005781330511925412
0.009425329434683674
0.00502226252478323
-0.0002416267360134816
0.007056952204243825
-0.004571852666373809
-0.004883111872265092
0.009252866410900172
0.001904346972039951
0.0001113506531249042
-0.005766326469667033
-0.007209084393099566
0.0002735014116240029
0.002915384397160626
0.009556081216387579
0.005572421376801182
0.003374992697074241
-0.01523560618292169
-0.002580593898280178
-0.002460658031798206
0.002537055886606263
0.005988528047698647
-0.001986193585279972
0.008367442278925804
0.01450580510869953
0.0001005804736497486
0.000688476793116709
0.00353368311285327
-0.01800064619450322
0.01537347759431495
-0.00530940730324625
-0.003868897382503972
0.01271388428712667
0.006251796588768857
-0.01358006966594453
0.03541499092975495
0.002327595454726344
0.007894944240127837
-0.004140416017509227
-0.02135004512495157
0.03568539075004429

-0.0482522660004047
-0.07272436235555098
-0.03616068377666508
0.03146701850233048
0.02980002583610518
-0.02481072985900813
0.02149007234820859
-0.02167031898072799
-0.01732542467728701
-0.01506167586370846
0.01319939799191241
-0.001757332564891693
0.01421403614818968
-0.01157899406351285
0.008891819995512697
0.01651342451644858
-0.01945504446325198
0.2615430111514812
0.0169904717069536
-0.002666435464183609
-0.01417310723741011
-0.003770635561611843
0.00765335080284405
0.007832483546366481
0.005881548346313758
0.008526948022421281
0.001358130379678547
0.003662832199245824
-0.004765520887053161
-0.009117081684905251
0.009748862289834369
0.007065995826838312
0.001969113361766843
-0.0006838570416415196
-0.003013882037087402
-0.007906280700386341
-0.0005755700523979005
-0.0007690062671770045
0.001733848424355394
0.01148497316260132
-0.009955198155524104
0.0001828735515434629
0.007668179565902967
-0.01180395799667872
-0.00714407876692737
0.007251568604126192
-0.01891936496000012
0.009833654222326422
0.007591336666168164
-0.00188647787672209
-0.009933955958839415
-0.00487991791727903
-0.00871094281812677
0.01857595112313278
0.02372017264253645
-0.02074801337402835
-0.03645916426491098
-0.005212344599607949
0.02131474240905632
-0.004394776586243024
0.02120285171463617
-0.001815585918706674
0.01907283362855976
-0.03040938763064471

0.0368339562483291
0.0570677404540172
0.03055226072549212
-0.02662113112516191
-0.02425467710369139
0.01992569998495752
-0.01962612318618818
0.0167467211605779
0.01437645963242184
0.01233774835840997
-0.01314545406907079
0.001581702889789105
-0.009964542077078493
0.0111535495472619
-0.01089331389164607
-0.005545280534063459
0.01368163201093113
0.01683044786572786
0.3159389161703641
-0.008572321727192536
0.01519589324097755
0.01168526724737198
-0.001964733026262963
-0.006186993018378823
-0.006108302008169897
-0.003612738755989058
-0.0001559361455949612
-0.005814346431519811
0.006260377296425377
0.007809502453272468
-0.006967315883442996
-0.008143818007507532
-0.001307449703623008
0.004333460670879948
-5.20966282356811e-05
0.001658988419954543
0.0002648820004908378
0.0002147318008698224
-0.002963903216358955
-0.006384970394405252
0.003884192021881894
-0.0004052863398920556
-0.002375521694782409
0.001662062052331676
0.001247806637531151
-0.004608566595779084
0.007848149837188741
-0.01381135584419377
-0.01883915096322622
0.0005327776730183966
0.01568180619735386
0.001048131229699954
-0.007427184054329195
-0.01094736148414722
-0.01255792173919694
0.01239572809393217
0.005656332026280846
0.004371050169434925
-0.005103677258514138
0.006254296855348171
-0.004368341730659116
0.007317275009991176
-0.01745339523039826
0.0007213108074704579

0.00457673769567694
0.004945743419438492
0.0001640366985111639
-0.0002278939421401399
-0.0003467677763527342
0.0002949761407090884
2.216902349768518e-05
-6.594983832693368e-05
-0.0002368119990031195
0.0007144310829903004
0.0009550969617308245
-0.0001032222118883497
7.848131521031082e-05
0.001710847633850373
0.001318980085335793
-0.0006905463762461935
0.001876549753679521
-0.002715163370945613
-0.008510193149656228
0.2778553415307574
-0.005303499742981719
0.000992740983467771
8.710364606999947e-05
0.0009092976785971339
-0.0001251344921698343
0.0003791297777531001
0.001261943255393934
-5.449861767774407e-05
0.0001325126649499277
-0.0006833874038581713
-9.556605368806311e-05
0.0002518775203492614
0.00112459873624436
-8.327384010616468e-05
0.0003438165992063008
-0.000791478719175065
0.001956826867518103
-0.0008132350759072387
-0.0001757483017709476
0.0007005004492955502
0.0001386241076351158
-0.002900760303195059
0.0007218948215204852
-0.0008523133954515993
-0.001141598729345945
-0.00343321828401763
-0.002136579364134938
0.000442045855419278
0.000713249247280141
-0.006829316234091636
0.001289856658503743
0.0007598635540717723
-0.0003507822109999951
-0.003199087813869453
0.005245024788290276
-0.003026802832356202
-0.0001644329453162978
0.009585952601746784
0.002897450355152487
0.002760449209021368
0.01349974507843058
0.05609752842721297
-0.005145592368343575
-0.002029765086106229

-0.03099001070770213
-0.05000473928189882
-0.02736436622864031
0.02400059349296272
0.02272791515670332
-0.01716846203809407
0.01705638483443916
-0.01671286870009683
-0.01211015349825046
-0.01088825782832393
0.0110666269308517
-0.00194817169028968
0.01201747405520972
-0.007701009119915556
0.01052266876534432
0.009189741782883754
-0.002877706601399552
-0.01354440531651571
0.0150865240670696
-0.005271216037395525
0.3813216670695841
-0.01538617140571942
0.01022831046720252
0.0007690112319035938
0.005055820315854097
0.003614283629725953
0.0005493983437520418
0.006659294198950625
-0.008896374354674589
-0.004116099268856616
0.007209476338604128
0.004638206154516489
0.0008729471328536134
-0.008834648846373538
-0.003921827620142112
0.008071735401324588
0.002395891848938085
0.005149899434390927
0.004109107033584625
-0.004541500506472567
7.554232828840997e-05
-0.0003068307113818808
-0.004680715841716104
0.01304434882473957
0.01343981457616369
-0.002502824395741091
0.008525899029024659
0.0181231069949181
0.02248394744629013
-0.0005789768276325423
-0.01222334426829586
-0.005598627358202348
0.02380692600164532
-0.006487286147013299
-0.007435937882827518
0.006783537469875065
0.04357011552112329
-0.0007616489057690617
-0.01039429800306372
0.002930884014366673
-0.01120575607069909
0.002854360624689893
-0.01240145366992114
0.03474927158530584

-0.03856956119395186
-0.05717436946961926
-0.02837468379913162
0.02462238985174114
0.02353025746898844
-0.01918762613636274
0.01653383985025635
-0.01682123116532868
-0.0139480415249158
-0.009715115763559424
0.01172330926210292
-0.001327211581794351
0.01095043301402883
-0.01044151624442567
0.008734730532119962
0.009347165568120337
-0.008857417326635558
-0.003556426427629658
0.01162972621386569
0.00106347591370714
-0.01541572770522046
0.455408396339873
0.01439362151646792
0.009522052318543254
-0.0005617758396183999
0.007892592779416695
0.001429109402198199
0.006605229656994935
-0.005685535357523982
-0.008627085845611473
0.00217439544647516
0.007748242230840146
0.001440242000902297
-0.005123517669456685
-0.003142975208165195
-0.007826497010416995
-0.002022214554315719
-0.004281568847192299
-0.0004665145161739563
-0.001768704985642813
0.01257968400179484
0.004593077030530028
0.009001365676582978
0.009420757676126226
0.008396985005158369
0.006530269208556271
-0.02124496424588649
-0.002653203626795037
0.01254533504588463
-0.002395232645981637
-0.01464626624056378
0.009654064105262638
-0.02200539671592493
0.004317381073528505
-0.00122640550553221
-0.01618763145052242
0.007965331466002867
0.01760843289218189
-0.05385244679546696
0.004635016619544513
-0.01700469649065919
-0.003824643201593778
0.004879093502617499
-0.05918224932876776

0.02611679533283895
0.04233506131110013
0.02350533806803634
-0.02082350943797108
-0.01876939677383379
0.01540372842982877
-0.01539537531674966
0.01259547233571698
0.01100475504539626
0.01029862063130429
-0.008249387239356615
0.001516194925625184
-0.00907978671476755
0.007872841353605296
-0.009275898645397096
-0.006766676993630052
0.007276001728162183
0.006857743184047875
-0.001441480546291298
0.0001051657023021291
0.009948777321843634
0.0140519913489777
0.5431935701206712
-0.0119432737141812
-0.01114820163315161
-0.0008703010226294821
0.0001125707588188944
-0.006282434137095585
0.005372650968730983
0.003449281986436952
-0.008747014570128796
-0.0009416218480907739
9.627055686277385e-05
0.002137750348479334
0.00833577991182077
0.006290161557241506
0.000242531364472956
-0.002495937565269976
0.01143108811711149
0.008641566236615928
0.006170524199277562
3.463712242174555e-05
0.00182510213741379
-0.004403403173993407
-0.01679881128163521
-0.005045275225138239
0.01379681983675982
-0.01693618015488431
0.0125608683610225
-0.0005461017030061696
-0.00822454106598375
0.03021176188257959
0.01115123907588524
-0.004069357464540324
0.00193386856872134
0.01578115000131513
-0.02723890870018226
0.0006190000003968238
0.00446478290414801
-0.04403844992829859
-0.01782331407421518
0.01720466867524009
0.05869906915187774
0.0452962046923862

0.02729672868330122
0.04265227827592091
0.02356801585193289
-0.02015862238113106
-0.01929291588496982
0.0150482952900736
-0.01423490280916945
0.01419179864334191
0.01005074004023017
0.008980254968638812
-0.009985626850969716
0.001249505953194997
-0.007625925562699569
0.007360386327267033
-0.008582743841029153
-0.008825470145232113
0.005130351300172442
0.00731875333583236
-0.005863635926043953
0.0008228464624683014
0.0007097098022472736
0.009512670558388898
-0.01228830184449765
0.6388340619361348
-0.01400477236360988
-0.010003575308009
-0.0003687899430705896
-0.0004995395865195207
0.004885853960434528
0.005562402507021757
-0.003615495246042206
-0.003970739996639744
-0.0006868559037045277
0.003572770865134853
0.005764945639873212
0.004116515156191393
-2.570200569308799e-05
-0.001934352997070779
0.004348476605650153
0.005344322921970726
0.002343740521743478
-0.001086615127417453
-0.001389665851615222
-0.00403718481988185
-0.01066029080043491
-0.003734766736268038
0.0118675318809598
-0.008243472382546017
0.001608919447197176
0.000317117950474085
-0.0009824672268302923
0.01290618317569741
0.0107669353684972
-0.0026636251062489
0.001251294288194087
0.0102535608164559
-0.01366609438865293
-0.003372126694530934
0.01277012932936242
-0.02076915321006775
-0.006783049204809012
0.009193616037710944
0.02649780882823789
0.03482993349796572

0.03384604114652558
0.05142084295803356
0.02535089883701686
-0.02227051486823681
-0.02073963803703523
0.01676814994300934
-0.01512211082404888
0.01483407832108486
0.01232235121509435
0.008326677625514995
-0.009745083536898416
0.001427020699241969
-0.009792749238055233
0.007056558752506784
-0.008931641923037314
-0.007757143197906169
0.008444026255977588
0.005740695073377144
-0.006490528825271934
-0.0001398049536979292
0.005482444525068641
0.0002046046796686939
-0.01105304529665599
-0.01417476163878549
0.7510732692966556
-0.01370667970199785
-0.003664657021821878
-0.008900416557003805
0.001054506605462513
0.005165402049535243
-0.001541194366012615
-0.006450995348884472
-0.001193043949046031
0.007559261862113465
-0.0004801227035434712
0.00196170448930274
-6.254959440036298e-05
0.001244207675814674
-0.008731981517355564
-0.005897276967235399
-0.0100156069217847
-0.003012877556435756
-0.00760754858615772
-0.007054709021814195
0.0006775549580923471
-0.001299078374461807
0.004413603413939419
0.004468434156560993
-0.02068060808655505
0.001961733604066976
0.01808729299411143
-0.02049659303803544
0.002708106418118164
0.002947780952156781
0.001974509318655659
-0.002653358210594409
0.003875255506385592
-0.008975351086984889
0.02819313824531443
0.02148150215794657
0.0222484380642958
-0.008159524362324946
-0.03512912351743543
0.00195353152533626

0.02705042662084289
0.04252648261336433
0.02314118519292907
-0.01975484911761955
-0.0182302652085738
0.01434994866490565
-0.01445812834364602
0.0125483571069946
0.01031059635091132
0.009272050379141817
-0.007144662523294038
0.00135893552282952
-0.008428932063367358
0.007806250920377501
-0.006442130451270721
-0.007337660512043473
0.006049718918688109
0.007597945633798509
-0.003763970649569485
0.0003810697277681613
0.004704565262347393
0.006521957786032418
-0.0006226268304616322
-0.009700424552780461
-0.01340558110908635
0.8806978303838698
0.0004945176672391635
-0.01359065653107962
0.008670799351149281
-0.003097425179363195
-0.007379382899606731
-0.003681526593083939
0.0001985416059728444
0.003035483103711728
0.003776955717770646
-0.006755945550174067
-0.002833292561232191
-0.007145768374093963
-0.008010303914831405
-0.004964602301925739
0.01078280950527408
0.002880856861149216
0.00655736012744776
-0.003589243075407646
-0.0009946499170922301
0.004577300081399533
-0.01755405391256001
-0.01501329409172873
-0.01315531987235342
-0.0002129769922833895
0.004350726100854782
0.007956413479862938
-0.03086796443057954
0.006352207929345903
0.002575531826554148
-0.01761429150246883
-0.01128714175599621
0.01345260724652398
-0.03371175457732006
0.01109640941231196
-0.002053911344146703
-0.005441823064964089
-0.001371419671227162
-0.06815827881093957

-0.0005415932508947664
6.463364218153701e-05
0.0005780879642547616
-0.0001796110323183252
-0.0002922062497625823
9.489217237467368e-05
-3.56523287262785e-05
-7.282878074833063e-06
0.0003843604066212867
-0.0001417663208087062
-0.0002074850471281983
0.0001054727547434755
-0.0004779330992711575
-0.0003994799202758406
-0.0007254752878015506
2.614663628810695e-05
-0.000479931420562872
0.0009823458875716212
-7.774644405246565e-05
0.0003993398639440922
-1.798763030714243e-05
0.001045209112300233
0.0003162624376400789
-0.0001377453213065808
-0.003440107391361447
0.0006787495756852775
0.8804720117821967
0.005014269940402653
-0.0003143429748351498
-0.0001157891496396815
0.001257178526295471
0.0008338498727275857
-0.002785497995724389
-0.0003916315733880528
-0.0003718124095430348
0.0005768730471662453
-0.001402477807487582
9.149305745851906e-05
-0.000139302700425149
-0.0009022331234640041
0.00157826000942143
-0.003611023537187566
0.0004997041922662636
0.001369919014450526
0.00134347289047534
0.006615077011341915
0.002078893438773903
0.0001394200644867094
0.001209414411726675
-0.007057615030798575
0.001724855261999559
0.002165913485428988
0.003188577905899482
0.02236738303899052
-0.01711635680578958
0.0004051368101084534
0.004656964882724294
0.02290907409161079
0.004122715032940853
0.0001727910062269358
0.0003289628849105584
0.01387631647179711
-0.003121582510899158
-0.00145206390287559

0.02701896925731187
0.04157083717955797
0.02103588785064503
-0.01840745034649314
-0.01736889844266944
0.01389646937220638
-0.01269529347389346
0.01275508636786597
0.009312180384175851
0.00763703969599713
-0.009179588526838516
0.000919753547159901
-0.006412996138281646
0.006408370297571337
-0.008090743040986274
-0.005516633206547487
0.005950367576877214
0.005380110712524148
-0.005911997525823534
0.0001181195876417478
0.004457992627679515
0.005723987040899861
-0.005367914865472738
-1.933781313362252e-05
-0.008409803713274499
-0.01328315419882685
0.004836068854824665
1.025246289221057
0.009958612410963911
0.01034650283566895
0.0009187513989735998
-0.004189896060906819
-0.0007226465452853259
0.0001148714115861344
-0.001555886940592817
0.008807108069280218
-0.0003208029114096774
-0.0005939016662662956
-0.004560898734204972
-0.01300481827478709
0.009509146326040066
0.0008193669966992933
-0.007777205802272182
0.01355252832707784
0.01175015847225615
-0.004328228844892785
0.00917126557708429
0.002899522443877907
-0.0004155393781552527
0.002420157142776972
0.003730167322420628
-0.003471593037012007
0.01034917467094889
-0.01330080906890734
-0.0159279315039626
0.006892023904944607
0.04834857697535314
0.003611719810607057
-0.02797816836020142
0.01760403781313277
-0.01368238406687546
-0.004782768665172351
-0.03010083036358429
0.01159802070439009

-0.02148447805923911
-0.03308797475739848
-0.01787258942544577
0.01531433483058113
0.01449303444900993
-0.01182262608406389
0.0110048611718392
-0.01014177615500972
-0.008560420318665041
-0.00671090642521972
0.006830900857831917
-0.001095323958269481
0.00720767411457084
-0.004401787027790073
0.006052507091542655
0.00639003752916327
-0.003784200642255796
-0.004667981638148061
0.004880707772228921
-2.344473688733505e-05
-0.006144477431320092
-0.003495829583246113
0.004588414668125066
0.003992558912827789
-0.0002359827533302676
0.008040624581710475
-0.0001448206784258483
0.0099014216327649
1.185729942015399
-0.01126367084767657
0.007353908261807294
-0.004216281867825982
-0.001381370158457701
0.0002897017375216777
-0.00395390178600331
-0.005474414609530629
0.001501429529722068
0.00573463555258318
0.004064878664092561
0.008584471334736235
-0.01055010010570169
-0.001101783607951974
0.005102160544436673
-0.006478175762795501
-0.007260150083154124
0.000851025570478994
-0.002003916912753717
-0.003964822066606406
-0.01274456742774773
-0.001076402543144561
0.007842141939207395
-0.006351050231491218
-0.008444577309798477
-1.938786479729481e-05
0.002078522859970397
0.004294788041151722
-0.03133017622583048
-0.008238296055454748
0.03259446797251673
-0.007131785920059768
0.01065289858534012
0.002489177689052944
0.000849310111059261
0.001551154464699345

-0.01673874172509123
-0.02709109487883982
-0.01483631805863527
0.01323809292354754
0.01202100168944444
-0.009766496805415902
0.009607171998496693
-0.008626382395330442
-0.007150590638363145
-0.006406224937880609
0.005445004700088121
-0.0008355695971389974
0.005613865675242794
-0.005586420948216157
0.003765164994750213
0.004598251963105477
-0.0046595073946741
-0.0040390840662764
0.004394774793568233
-0.0005017325394250548
-0.003637642935384741
-0.005621267062476135
0.002133604745320083
0.004190768059268121
0.003693593583327896
-0.003125779304431656
3.242589175358557e-05
0.009115522793943995
-0.01104568406480346
1.369361269402747
0.008287452347954836
0.003389550392108845
-0.0005732940346941307
0.0009230087362965119
-0.006109027840617625
-0.0009689218657388085
0.002693586130244994
0.008900690706135271
0.009652114089882501
0.0007490907579022006
-0.00449068291049059
-0.001353856233602401
-0.001267521294274006
0.01212913669627258
0.006680948364127031
-0.007457713189709171
0.02003562868124123
-0.00672374597852345
-0.01134328669270067
0.0003844353264604182
0.0128029164672872
-0.003072892498068463
0.004141726064034323
-0.02316928596486258
-0.02424165324867216
0.03371193760829003
0.01202325004804029
-0.004703177529848911
0.01210191737941554
-0.009239370788282528
-0.01739978476959565
0.007310079188897031
-0.01983211284755347
0.04195071789309196

0.01960049950600438
0.02885301013686069
0.01431784964167886
-0.01258580557660222
-0.01230429588376995
0.009505761628327503
-0.00877877880857595
0.009204408818819749
0.006923559326536306
0.00538076353089519
-0.006447150946364141
0.0007088005821235915
-0.005063620020753585
0.004539918048096886
-0.005762041052457771
-0.00282012241222693
0.00464764498912828
0.005416072837180376
-0.003153747138862283
-0.0001441228507361046
0.004071521138104151
0.002968642710104788
-0.005580347288841281
-0.002067397742190536
-0.002005444508016773
-0.004999147538145377
0.001166174859477463
0.001646617071247048
0.007044104960169825
0.008618459884881349
1.573567516868988
-0.01148046096856519
-9.263697923614952e-05
0.00885105324288385
-0.003052323398534929
0.009661203151668896
-0.0006929326449142311
-0.003918486432085081
-0.007527662116333828
-0.006262681483342704
-0.01086245214370287
-0.003021241728863325
-0.01114365623562367
-0.01136425490129091
-0.001291415450816372
0.002029938919220148
0.0001578535472343905
0.02963525214618201
0.005402097757699079
0.002673611078863524
-0.002664925172475972
-0.02447701819951158
0.02619454450807138
0.01765877768890222
0.02177964309268893
-0.02114478636292285
0.01653660761318148
-0.01479960311635218
0.03565339050802889
0.02451696616875499
0.03672180254090179
-0.01258844277103539
-0.01687032174060476
0.01679919670355621

0.01112341228392954
0.01857249361852217
0.01078156647726526
-0.009611710523414427
-0.008719411489506312
0.007380333634778321
-0.006971770887165108
0.006337852415583609
0.005498917435461062
0.004570681397827429
-0.00429487267318374
0.0007030537361563953
-0.004630486654804224
0.003179723017876109
-0.003473178273349407
-0.004805650955392211
0.001983338257272007
0.003458448866619637
-0.004037193490736866
0.0003599978202691593
0.001920776871517475
0.003605376903624761
-0.001921533877224564
-0.003222847303558565
-0.002673803747661784
-0.002711723186602481
0.0003973600747228205
-0.002828934395559602
-0.0040318555316292
0.003804123420151703
-0.01107301082680617
1.786096526777267
0.01359093362493447
0.007675173739255293
0.01118206163524166
-0.0007934168687845963
-0.002053212356477645
-0.00709557251217346
-5.062464200285971e-06
0.0026101428827849
0.01164814360115674
0.003100784315168849
0.0004945151971980414
-0.001576270715165352
-0.005211820222041521
0.001993073622934009
-0.003988930937026781
-0.0007293568202617015
0.02202933531925712
0.003105774202541298
-0.01739121976373928
0.01722103765587458
0.004367825616662154
0.01229566153463297
0.008047625880499688
-0.01208306279556219
-0.0007814656917611853
0.01456486770864339
-0.02212738089869475
-0.01524677748125228
-0.008062857400443071
0.003514797268077986
0.03693256020091237
-0.004922454493765521

0.003737944372443351
0.005747645955546392
0.003015337222250138
-0.002788308745883886
-0.002402026646981666
0.002070622497221134
-0.001919523779002679
0.001444755845459246
0.001788328939196705
0.001189303264062995
-0.0007095250582322963
0.0002911442701472563
-0.001497720652202049
0.0006772695081717686
-0.0009527124832489607
-0.001145563351352511
0.0004373237383659813
0.001027769889785955
-0.0008694110690524281
0.0002191355735281278
0.0004528330975078026
0.0008473888829012856
-0.0002894375832089132
-0.000584105528178298
-0.0006583239153721876
0.0001082048540974258
-0.001369416383617289
-0.0006008111894483516
-0.001097447044750731
-0.0002258038063818315
-0.0002376343465714898
0.0133566121932639
1.792100715893528
0.005728542584784017
0.002972552310882882
0.0006597214882801364
-0.001170332743332552
-0.002481064192163146
-0.001149462218930216
0.0001283689301968641
0.002784578734891896
-0.006127035407308833
0.001056962294391318
-0.0007455861342616536
-0.0009235329783806461
-0.00141212883544995
-0.003212133451759022
0.002436040804470393
0.006826303200188642
-0.01713583315220407
0.0003655178465662482
0.003386983167096781
0.0002646015866909982
-0.01113566435173846
0.01501980785387175
-0.005796607293265665
-0.002499068995970378
-0.03217100339047049
-0.01806113691712499
0.002007686591945035
0.003757883150801704
0.004346183113695051
0.009176530056652275
-0.0007162786435521933

-0.01403254417961402
-0.02178621230002592
-0.01202185108767729
0.01031917051107366
0.009814686157051167
-0.007922789526650561
0.007691278207514909
-0.006850065445726345
-0.005536087502150128
-0.005034272325698727
0.004728471149673564
-0.000624622393023958
0.004248591744046795
-0.004131875564926933
0.004108410904491304
0.003975148743587037
-0.004339442932507104
-0.001991286284744603
0.00293427028514722
-0.0001635691970629718
-0.004286388977966006
-0.002189905623448401
0.002149303465160949
0.002733820500505303
0.004563660429648405
0.00136383097166211
-0.0002031891794536851
0.001049448918943727
-0.0004659937510165628
0.001644135265426455
0.00809297125319941
0.007955846505058945
0.005710125330845155
2.035246135063984
-0.01133008974140002
-0.0100680433855205
-0.0008529139229816998
-0.003264325171455207
-0.0008779981339065062
0.005200417390264132
-0.008181325315402948
3.165304052079091e-05
0.003692721855872566
-0.007486309701660009
-0.003379039646348719
0.003107304450050548
-0.006386896120725918
0.003357111849868542
-0.009319838535729812
0.001057105690661578
0.006962965360859517
-0.01071903491925313
-0.007412049244908465
0.007548322096510356
0.008544176332930793
-0.006113693862439027
-0.02196294818053362
-0.003801716821282931
0.02436467117394339
0.003395929615784095
0.01817909067904196
-0.00461095956191813
-0.006319597730021243
-0.01677207617891857

-0.01888067203496755
-0.02851685895450094
-0.01382863160443806
0.01211346616006736
0.01137943431479664
-0.009175136367479964
0.008259285203549967
-0.008360473186498475
-0.006240564343311154
-0.004860560056673216
0.005615842596643321
-0.0007120521071700804
0.004882854135348853
-0.004424537258963664
0.00547977619980076
0.003979246531477526
-0.003892993265585364
-0.004449846377969438
0.001899417463549593
0.0001580744873473485
-0.003091519513163368
-0.003457104495099877
0.00316090851222764
0.003313592035572605
0.001570442651131416
0.003445784639403645
-0.0004132295901071255
-0.0003109806195816327
-0.003366971180167421
-0.004591165082470967
-0.002831289762290584
0.01033237722737028
0.002593036383737278
-0.01144303605808328
2.306125497611144
-0.008658812178723666
0.001422912576380034
0.001965223274903494
0.001315593188347191
0.00866958083973568
0.002534318960179749
0.001418733644697647
0.003229273248920507
-0.0009463965101428663
-0.007102534178729664
0.002466036489682993
-0.003949285969824962
-0.0003410181169609498
0.02042535242978194
-0.002030255517988455
-0.01643955231088149
0.01767397523213233
0.003101700529790169
0.006994982124303332
0.01062662488591218
-0.005443732417123282
-0.01722661887815565
0.002855847793443091
-0.004474914844795845
-0.02265281093376652
-0.007659977765922769
0.006926648416683342
0.04165019495291523
0.003944144006298625

-0.01522594899817424
-0.02400231111524816
-0.0130200053096432
0.01102851443920187
0.01016706202242343
-0.007896063301028865
0.007990072515650887
-0.006958213193565451
-0.005972100645356864
-0.004581934158293235
0.004205492303695353
-0.0008153988848116088
0.00523465627077303
-0.004106905898675914
0.004214241873756916
0.004654282334427041
-0.002809161193833773
-0.003715551656906341
0.003598033629233045
-0.0004502665635019633
-0.0002137338645503996
-0.003569376436604775
0.003714215899082142
0.001841606856808654
0.002009421724719366
-0.0008297091868994851
0.0003744853073512127
0.00532980944882957
-0.002795264621390803
-0.001668774969921951
0.006659656338735472
-0.001255436706467282
0.0004560703211329713
-0.009336895559103596
-0.008811256452078075
2.608659615298984
0.007643358954602253
0.0106132226874681
0.0102154752294294
-0.00604015505477981
-0.004025054540421509
-0.001522650470156763
-0.007565687144477598
0.004606453834119015
0.00616665224791732
-0.002700436852305364
0.01583692568182049
0.01984069499638954
0.02364256019696517
-0.000540289522593291
-0.0126467461145126
-0.004191565432398662
0.03860511437432203
-0.005039279193523035
0.0002500309609853217
0.00804923845334877
0.03257891039363803
-0.007883194507153106
0.01346735940135311
-0.006579353592662579
-0.00376219191681641
0.001179036344976723
0.001654970404089498
0.06424869054697892

0.002885969775503446
0.003701617492754569
0.001766288745173107
-0.001401253115784194
-0.0008611013452277849
0.001184932554600109
-0.001188637334697679
0.0008830346588038846
0.0008068165621806761
0.0009385617314308605
-0.0004353665900716034
0.0001394317725957915
-0.0007028743761224566
0.0006539851710289269
-0.0004600520668031166
-0.0005046448137992035
0.0009287155221257751
0.0001072070008942789
-0.0002461843270744826
0.0001712080738996733
0.001070171562939706
-0.00024923824020299
-0.0003698793758023611
-0.0003830369026896994
-8.276786727692039e-05
-0.001036357523768809
-0.0004365831038669919
-0.0004266334749335331
0.001093835356363581
0.00135575792525566
-0.0006052222862356052
-0.00171440290621537
-0.0008808263209659067
-0.0008707003713836006
0.001482859041759178
0.007494191802858415
2.806487391448909
0.01455280227242407
0.001462564740285844
-0.0001997969156189536
-0.003591974866863134
0.004092884104431809
-0.002614074147227689
0.0002279834332379314
-0.001139216767453331
-0.01240430022445634
0.003168291722897883
-0.0005494547936017657
-0.002702740348156711
0.01589318446429874
-0.002188765399817559
-0.001196995282299141
0.006972900122153525
0.01580471057195117
-0.02050678511187314
0.009840469271255202
-0.0009624405916466084
-0.01053922701977054
0.006741206648275339
-0.002475536033096466
0.002255366447716741
0.02130756487953253
-0.004499743317679191
0.01541247413215336

0.01596617307583483
0.02451610350993189
0.01220628668392612
-0.01071515552319892
-0.01011493133190047
0.007923879097753975
-0.007187416860231704
0.007254172184207455
0.005278400481150167
0.004506234227250334
-0.004892223194048873
0.000578811272692914
-0.004138340971549633
0.004224438437267697
-0.004425055667099746
-0.003574640265768106
0.004095936593685939
0.00278642528282111
-0.002283212040488315
-0.0001214073472426178
0.00373471760947259
0.0006709176770616368
-0.002286973288957759
-0.002587903058754662
-0.0003373114300655447
-0.003451046424783207
5.69359720867333e-05
-0.001606765029396468
0.004017224483535958
0.004407671445490174
-0.003185376410966019
-0.005076650698441066
-0.001945391900011687
-0.002977341145273852
0.002701181876653251
0.01039173034654762
0.0144320142047684
2.926344902493239
-0.006076987066938117
-0.006263003972609021
-0.009410084345278725
-0.004290543203670826
-0.004407817299484412
0.002008466547175215
0.00233512319788028
-0.004386149016891134
0.01838357781735894
-0.004654062963289459
-0.01300197936876038
-0.002214456226469455
0.01464003101755635
-0.00448364243370696
0.007780540287113318
-0.02015063991610012
-0.01044432624331017
0.01983152094165894
0.006164158702346411
-0.005685641829018898
0.02147010741377857
-0.0009060630772607121
-0.002455874820085492
-0.002227323765752836
-0.01548702860507726
0.03838401898080408

0.01185388056494349
0.01842779987765134
0.0102126990039983
-0.008760000323588922
-0.008185967933449211
0.00660971940114287
-0.006137149003821883
0.005562678782616829
0.004723577848102502
0.003871641819509194
-0.004270091799604141
0.000559988927004872
-0.003705402579193136
0.002908971965057963
-0.003866672687704171
-0.003553315090382821
0.002700597838517071
0.002981749365257123
-0.002240849008449767
6.213736370136406e-05
0.002218188470956241
0.002603799781154607
0.00114943982412932
-0.0005091178888298928
-0.003753047464474941
-0.002452800329230165
0.0001409227045100857
-0.002352876863862137
0.002604497693400937
0.005486623825801551
-0.0035892751727663
-0.0008870259781358135
-0.0009243410300117805
1.188284067142132e-05
-0.0002100687377944331
0.009068954996785818
0.001241561557046583
-0.006293516108295202
3.281777894179638
-0.001179908729870945
0.006773672692764625
-0.0007194749430432092
0.005209723542608417
0.001049020766348202
-0.009766791125825736
-0.006057887716205244
0.01696701703279173
-0.01391896704258191
0.006406212455234415
-0.0003860706660613954
-0.002297075132047278
0.01955709476310457
0.01331390105705474
-0.01275309230122977
-0.006354251995374476
0.02654634015936566
-0.01291866127512877
-0.002382748801709118
0.01050328424046288
-0.03493223373330745
-0.01822410667456971
0.01430573284159328
0.03598807754229517
0.05310481335643306

0.009081056966660091
0.01521387877763145
0.008832347891898159
-0.007757897815318016
-0.006986904276985434
0.005554654931455421
-0.005344956975549968
0.004862244381937091
0.004074634733016692
0.00368501913175449
-0.003271319560260975
0.0005605627320082203
-0.003616546889841559
0.002709093970741525
-0.002767744600228056
-0.003269398794578456
0.00224256201933262
0.002851908317361272
-0.002778935824034157
0.0003004368023706434
0.001028015476501211
0.001254060511930955
-0.0009484691447142937
0.000480159017048874
-0.002308432673442391
-0.002623383977554908
-0.00022919544677718
-0.003775669055003629
0.00354446079966845
0.001233347505929213
-0.003988871096690249
0.001422264535254521
-6.277879240956552e-05
0.003632437105253315
0.005763743087876959
-0.005520837787262088
-0.0002407164744916126
-0.005884233147209182
-0.001976419973367696
3.663441112664381
0.005795950453424611
-0.002217156576519511
-0.0002987296669397371
-0.005884602612524588
-0.0172342670904896
-0.001282139966829211
0.003381739500504626
-0.009560069062538873
0.0006122523810529884
-0.001075970699367392
-0.00282618217780955
0.01525712420649972
0.0003777938194757277
0.003721035292628265
0.01173844917462538
0.004188520426607338
-0.04443403082702295
-0.00418724503847288
0.02214126662154449
-0.03000872948920101
0.0006193914807887209
0.009559059358610459
0.04330207578016603
0.01908772168517021

-0.0143801739574845
-0.0210370564497536
-0.009938848892109888
0.008700713009830732
0.008369268271683715
-0.006240992312168593
0.005804574837984132
-0.006023512264941154
-0.004610819573123342
-0.003485488950589771
0.004192656417760107
-0.0004532723993869072
0.0034331553612519
-0.003528295828596515
0.003407668618183974
0.00227123317193024
-0.003575661595034171
-0.003033735129781419
0.002187724059534191
3.778065913930495e-05
-0.00228846938480697
-0.0002927892671820928
0.002315891451567887
0.002711451304361606
-0.001336423801180456
0.003535771090973624
0.000326020075532189
0.004022651564617559
-0.003409550118548004
-0.00243597023288509
-0.003106994066992291
0.006532897724391735
0.001686594543339489
-0.004155559882210906
0.0007163135471483458
-0.002986472572858594
-0.002879777421616389
-0.007745232013850315
0.006565566967191083
0.006283520711114054
4.077191472670912
0.01170655596865022
0.01343740522907321
0.01701781184895735
0.0008582424342804627
0.003029999097838995
-0.008970845106797364
-0.009822018314624306
0.01447744780608265
-0.003790129197818003
-0.01510091199862609
0.02199546956253145
-0.01331110912102228
-0.00312584546245402
-0.009886863754395493
-0.001527841635599258
0.01304794914551673
0.01969255721199454
-0.0613257696602194
-0.009054591717476825
-0.02895967713627192
0.005307771541559103
0.0197982907750033
-0.03078400476506555

-0.001964748350175378
-0.001979549655026505
-0.0007648673185153953
0.0002890111856585535
0.0007525697634371974
-0.001020516885786069
0.0004776559807125026
-0.0003405308998715083
0.0001975923059103995
-0.000333269122550602
0.0001577776556547347
-5.549185904008943e-05
0.0001211561474287561
-0.0003515565644330831
7.090969402562307e-05
-8.993967890662529e-06
-0.000542939227936226
0.0001010698154435399
9.974023349511421e-05
-0.0001730823597319682
-0.0002659375474578329
0.0007010722679418567
0.0002529100051820184
-0.0001075394057533843
-0.0007533343155066125
0.0008071344378782098
-0.0007301304975361311
0.0001617542814086659
-9.439855090526719e-05
-0.0006380211143527558
-0.001247039432475014
0.001426695633767374
-0.002504372093592246
0.0002827107249299863
0.000893593870631329
-0.0008989995512431108
0.002622206681522932
-0.003105574387062608
-0.0004127217968134701
-0.001915186818423524
0.01134120307596409
4.285048600395942
0.01154831633509212
0.001699312475788006
0.0005755006987410946
-0.003048363121529955
-0.005267747886961351
-0.002754389556106965
0.0009138367475346123
0.01703184104147708
-0.0077225796351761
0.002395619914721711
-0.005847375221586406
-0.001313027615239082
-0.0004131433500874671
-0.00167201628497311
0.001616234054965548
0.01553837251157934
-0.007151871214736494
-0.002773137987017414
-0.005813630736963194
-0.0005548031968685073
0.001755770460487942
-0.01306379275802478

0.009421830678747843
0.01495365924657029
0.007990454684960745
-0.006916465750437842
-0.006318222090858091
0.005294540501877576
-0.004950377795251773
0.004407978997595049
0.003682092091239204
0.003108203878426835
-0.002775032507433641
0.0005123162263862718
-0.003323252645111152
0.002386625286857479
-0.002808519961978635
-0.002783642311842552
0.00168923818713417
0.002649059189501669
-0.001731578300442276
0.0001260489899291201
0.0009164714857606115
0.002762730840740413
-0.0009534340507251012
-0.001153048185031017
-0.00316138919232429
0.00112682099951884
0.0001797273339754534
-0.002618563661917771
0.002619801618624817
-0.0003827344739370121
-0.004452081272806915
-0.0006148428690080886
0.0001519798647724898
0.00275260339108929
0.001264680324548082
-0.003917291582663749
-0.001506251528615977
-0.003071031870012
0.004872293611475878
-0.001135190269616023
0.01273631033079821
0.01141239122415815
4.516182238338115
-0.01033395783811386
-0.0100362978613787
0.003447031173464704
-0.01068333821482622
-0.0134936695546359
-0.003807889138509686
-0.004477386724953816
-0.0001921744054504589
0.01383584084425096
-0.01530361614460697
0.001165598390761122
0.001874186249891535
-0.00323604305210135
-0.018842969866618
0.003979656476313804
-0.01448849917289457
-0.01219665745980334
-0.006008409742358325
0.002845084823432082
0.01692532647478641
-0.02410063725009612

0.006970679149124817
0.01103684729959218
0.006359632987894587
-0.005338116648152338
-0.005198937986102319
0.004220852026997071
-0.004085984556275447
0.003664941178357625
0.002824324822521791
0.002542195395863984
-0.002628365444107834
0.0003208162895356791
-0.002147506769577612
0.002119581608214756
-0.002350077522958273
-0.002474856862352538
0.001711214037854032
0.0007647741150744433
-0.001491437444505757
9.265207291485786e-05
0.002164895267254784
0.001862133895684831
-0.001893267306752385
-0.001337284659773865
-0.001743995467000635
-0.002273231136068743
0.0003038965813010421
0.00282963156048245
-0.0009278789049747913
0.004414729531121393
-0.003370954918406789
-0.0009653010301129182
-0.0004635953121913726
-0.002440876739029336
0.0003905568618644971
0.001915814369845653
0.0002851650529170849
0.0008084991552798758
0.0005312959078561234
-0.003168477175757614
0.01451136167882894
0.001460687253732782
-0.01011396091400025
4.999889203195283
0.001672220792933221
-0.006172695767210846
0.01183750558087791
-0.001365284611464911
0.0009824547869497539
-0.0005068594782907743
0.001541335127568783
0.005940328938587795
0.002713146670222528
-0.01493470406121123
-0.01892609783857463
0.01320419675015998
0.03168044539360931
0.007733315928550793
-0.03267396971753754
0.001875062161062555
-0.02719533956890248
0.002006237644477054
-0.01226120899490102
0.007776798149258459

0.008574383604733202
0.01288579980427651
0.006279268426709902
-0.005507873494795392
-0.005300900002648888
0.004443571790233399
-0.003869181327392601
0.004039830311459858
0.002893317565469009
0.002368993901302953
-0.002628268126631845
0.0003131961569112462
-0.00216772651020856
0.002040840847301444
-0.002543809702375207
-0.0018056598528847
0.002001773327176081
0.001218333577360537
-0.001125565006643538
-6.907192543369175e-05
0.002485163800789079
0.001744759197149521
-0.002586771007433489
-0.00258750322603949
-0.0006784263781821692
-0.0008561491849560152
0.0002771119110134648
0.000591510557220635
-0.001585981593430947
0.00231497524927519
-0.001376806712601763
-0.001560019619698158
-0.0003926959830414739
-0.0008404159682540873
-0.002462894408965791
0.003771152151913286
-0.0003419016295988704
0.001675707027680676
-0.006211128921287681
-0.01166726092564383
-0.0005888087539324093
0.0004442675215551887
-0.009059469802505427
0.0006494745136963083
5.512647409230451
-0.005795757795325329
0.008079299521665879
0.0005460553067618409
0.0004521782695969707
0.0006891236869623037
0.006014711139552067
-0.009394656221660852
0.0003952513444729463
-0.005507353972132372
-0.009854804191111066
0.0004643600156529182
0.03586037372704928
0.003252514982178728
-0.02040014833619644
0.02317828832570006
-0.004498314685651369
-0.008972929860687847
-0.03787240908275926
-0.007919551015210441

0.00265550695798211
0.003430494670455288
0.001874262172172479
-0.001145293731334872
-0.001913376753306296
0.0006886657462936326
-0.0001925163718774698
0.001238725534480137
0.0006143050277569635
0.0009735820564461682
-0.0005975308743476601
0.000126445339046884
-0.0006214000480263457
0.0005786065533666963
-0.0004896020614147116
-0.0003681319119475307
0.0003959001807060975
0.0007756002801782942
-0.0006833955972899296
-0.0001354938955837481
0.0001977943771222427
0.0007764976075566264
-0.0009170146404383193
-0.0005792815085518417
-0.000570328998503818
0.0003261020563080983
0.00100158365714851
-0.0008889798593150019
0.0006846806141857042
-0.001488093747090916
0.0005017808001045009
7.723008831093112e-05
-0.000562330781963185
0.001160599312317201
0.001015586309787505
-0.0008745433980306952
-0.005967662512575938
-0.002584987664109519
-0.003322482146331557
-0.001164452220209205
0.002262388222716789
-0.002153698507964032
0.00286132374792885
-0.005651250831488793
-0.005779051456551468
5.874710313326633
-0.02674322140709627
0.0012450301569805
0.0008948612014416501
-0.008681925995149652
-0.002603871800126487
-0.0002056619890870534
-0.005659899915750019
0.01216095903024061
0.00280021873543759
-0.01156174899326795
-0.004954386663725313
0.005713755413940876
-0.004421667279582598
0.004471748254925804
0.002309777160028385
-0.02004945515731455
0.004081253028440097
-0.02325564946368697

-0.005692851551473649
-0.009216075730507763
-0.005007942380889158
0.004558494416708802
0.003910326008930353
-0.003368522249031257
0.003770834401481925
-0.00273121135406068
-0.002787153463554047
-0.001822564159659687
0.001515318539856698
-0.0003301923807994604
0.002215858304694486
-0.001563202657377318
0.001405773944490234
0.001740861884211359
-0.0007836995139966696
-0.002238968974286206
0.001459979223150834
-0.0001997818608454508
-0.0001687448738509438
-0.002902974442760741
0.001882310467241777
0.001870900595684685
0.001633549566752776
-0.002122828090748419
0.0002237265822822218
0.002027950093005879
-0.00174930214293725
0.004839193448071728
0.0005409846996210419
-0.0004398177107340477
-0.0006650307871522541
-0.001822348052294564
-0.001697363358736738
0.006528689565540854
0.001507788002508121
0.009498206650168754
0.008653437548945224
0.002237736048925313
-0.005977834337990402
-0.004023282750267527
-0.009039540196944536
0.01039129052987525
0.007945638293475443
-0.02653418676565173
6.08509264731967
0.008071791800545984
0.005966691220700559
0.000253322790914758
0.009286644242641039
-0.0008861504054913697
0.02264598885831097
-0.01498673970640325
-0.01645429728797197
0.03187464708665749
0.01226847806049145
-0.007498221799398271
0.02540592769919366
-0.01725710537992282
-0.01384227915622785
0.004027061237148804
-0.001542957111708584
0.07361268117588209

0.006379394747851413
0.009718029719283277
0.004784182010317961
-0.004417794352776487
-0.004223757364168492
0.003395480147609519
-0.003015205924820411
0.003270611465435062
0.002313160760243978
0.001985391378525666
-0.002147563982172704
0.0002166721371777322
-0.001550612319003479
0.001593978193820423
-0.001467350426852345
-0.0008780240521218902
0.00195726768431235
0.001546073505326212
-0.001794625787060203
9.971806861638435e-05
0.002041191258689992
0.000566809918751506
-0.002530512610256504
-0.001487167548281101
-4.25889765613024e-06
-0.003041399319701014
4.433722401215853e-05
-5.432322284917466e-05
-0.000316393168607758
-1.272274407709112e-05
0.007233359680630886
-0.0006223429122212678
0.0004938180331401745
0.00188926858737536
-0.0005403358068333491
0.007891835774122074
-0.0001479019254798648
-0.002403940138690343
-0.007585314459770568
-0.004805748612766466
-0.005805760779087883
-0.001651603250474212
-0.009340256567588417
1.033716774396457e-05
-0.0002600155317954832
0.001010802898435426
0.008134601332343453
6.663906175722772
0.001771536112172649
0.002863684000639387
-0.0003892458114569059
-0.02276985568572628
0.02236584974090629
0.01052337959450622
0.01347594434217517
-0.01481918740781771
0.02499731934318758
-0.01054029576034147
0.01567687809911695
0.0211572086210169
0.02281849855313403
-0.009730762965708885
-0.01650909507554511
0.0127241993890767

0.003932005826037053
0.006325731915247433
0.003952208356372351
-0.003509275353042113
-0.003280656041454554
0.002886346928775923
-0.002641792061503002
0.002101852414325597
0.002042967060118694
0.001711282747887952
-0.001805899092165097
0.0002154597257327698
-0.001410847565504332
0.0007498462556193731
-0.001108512284036127
-0.001415934349515206
0.0009970108274203141
0.001403545773053815
-0.001590935742076609
6.787987846699911e-05
0.002069577298320077
0.001566667816228337
0.000445174923454247
-0.0007421978967629844
-0.002613238652722835
-0.00192921616997804
0.0001927669758659331
-0.0008844805382098762
-0.001724502885610739
-0.001899150118312258
-7.685026075336622e-05
0.005747576572658591
0.001688507830344102
-0.002367892226002422
0.0071059937949743
0.007931692517690337
-0.0009536041680410051
-0.005254623672976871
0.002596021703356594
-0.0003364999556248667
0.007475241732672198
0.0006358853861442347
-0.002622524422941057
0.0005633123572758168
0.001453025473390187
0.0006487211516144737
0.005655014308053894
0.0009331872723177467
7.298445877131833
0.003769501433429543
-0.01593599173685161
0.01925949039200466
0.01513749752073796
0.007400233377641166
0.01121531079618424
-0.00846436724419561
0.01179492228186646
0.002344277085155783
-0.01997170930983283
-0.0149328742334896
-0.008192652741129606
0.005179993081209568
0.03683541479014794
0.02130418828758503

-0.002167817332050409
-0.003726928961336883
-0.001487044239043543
0.001629153903340131
0.0008086732179998544
-0.001519462904493659
0.0009525065013617133
0.0005894977941457188
-0.0006829098881894102
-0.0005971174096282353
0.000705507921594446
-0.0001681512020874567
0.0007882769484121463
-0.0005748389726067725
0.0003922903998222101
0.0006621911490847078
-0.0004024505914991189
-0.0004863495998653374
0.0005181505121283382
-0.0002789274060215086
-0.0003198589020298751
-0.0005954866514359794
0.0002390338582877081
0.0003206667567387652
0.0006193186264304002
0.0002311774983347907
-0.0007960297919633608
0.0005444601481424885
-0.0006243546939963835
-7.435908138279197e-05
0.0008758393938647701
0.001261778424419759
-0.003827206050678925
0.0001609480230594371
-0.0008320511915731037
-0.0006076364303465128
0.005747390878187201
-0.0006709189969883972
6.505425303100429e-05
-0.0001870230948011556
-0.002407765815060146
0.00940476850941651
-0.002444570139200648
6.720802647130391e-05
0.0009044996878743111
-0.006704188556548969
0.000304662155885478
0.002915017797637338
0.004072073931245324
7.736937888829872
0.01044090855945621
-0.001400462696902593
0.00054057377752569
0.004177824463993809
-0.002116002398027755
0.0006972334719197511
0.003113331808748297
0.01562853826173759
0.008653312462913256
-0.0006403509061677235
0.0001095258298509628
-0.0009474229380641365
-0.004225996995227603
-0.0002844415577836789

-0.004090537814846451
-0.006982890214156088
-0.004420255316524549
0.003851279882599588
0.003569580289972831
-0.002841415943957186
0.002836548636324568
-0.002745895563125993
-0.00198595775836027
-0.001875221163206919
0.001450343018120269
-0.0002420623782912496
0.001560211462930134
-0.0009542398879727015
0.001153874109674791
0.00150129364915986
-0.000960927765934233
-0.001347648149896228
0.001639402543241381
-5.894504427941734e-05
-0.001307376218145057
-0.001740135154516779
0.000119464122623933
0.0003694815899299405
0.002570699368022326
0.0008698753212381518
0.0001345076813224492
0.0008371984809079747
0.0003626934866383246
0.001824911300314317
-0.0002836769768571176
-0.002831870281840966
0.000443789802234297
0.00212478769181149
-0.004965346672353535
-0.004675391374045964
-0.0009935649901094828
0.004933228252962566
-0.0008934709576594038
-0.001028147299291589
-0.008239484564073226
-0.004482025870124
-0.0006071883128038579
0.001199795423937959
0.004189979691955757
-0.002490756734906529
0.007950132854976404
0.0003004163439190473
-0.0139328009021261
0.01062584014196336
7.968272918149698
-0.02015238887695634
-0.01185210030406331
-0.005797790850435823
-0.005653423253367631
0.01150244244845578
-0.002831318705357559
-0.008984095676974408
0.0155237685795065
0.009150650014285857
0.006214494828893164
-0.003209496547429366
-0.02882962755560101
-0.001462739572011402

-0.01043331634652969
-0.01522277364969447
-0.007230485241850665
0.006172988175419359
0.006046500718392861
-0.004390803502450501
0.004153723824363281
-0.004395200931729564
-0.0029645240832553
-0.002164236048810465
0.002661996602078352
-0.0002971569452812038
0.002107180878434006
-0.002365485030262734
0.002348532610691033
0.001386224107753892
-0.00229011854101267
-0.001890133537704336
0.001423321501012297
2.471755514539848e-05
-0.001744749947921598
-0.000662202113671012
0.003177338714102787
0.002032225058749029
-0.0009939865123787016
0.002063716737633703
0.0001943708159938925
0.0004064600132960244
-0.001591417516009361
-0.001708642855031511
-0.003791739641758935
0.004112356601008817
0.0008498145287220783
-0.004022006381677301
0.004804465546115255
-0.001763261960227254
-0.0003558006551011144
-0.0006021787617792916
0.00727342211235764
0.006803734970785635
0.00982001655520858
0.001164171707218704
0.008157607126600743
0.003241858210340629
-0.005453321993281813
-0.000203431789782191
-0.001079320266293912
-0.0182235631069372
0.01712219692511475
-0.001107732134130396
-0.01947633264468914
8.683106255408168
-0.01262645466050778
-0.00545509550346178
-0.006944894540055563
0.002529130859595147
-0.01644397659814588
0.008513432143928362
-0.02357732129866194
-0.02820346665867795
-0.0246968532204953
0.01143987578118346
0.04087851119948852
0.001125907670976307

-0.008151393808227912
-0.01294782219982975
-0.006731309457563
0.00572505593269958
0.005165351727027749
-0.004028456752995123
0.003943016223374964
-0.003553313292146601
-0.002741959372233663
-0.002027526877207034
0.001840406030595224
-0.0003982681093146393
0.002594039581853609
-0.001894306964031467
0.002261901810179674
0.002203880501071113
-0.001108315166571318
-0.001943703553837571
0.00110028090185651
-5.600252834908113e-05
-0.000147892790742566
-0.002449288494259468
0.001582013698388335
0.001764100980240501
0.001179241533133646
-0.002248464604174884
0.0003063018608221994
0.002290521806095668
-0.001777247194255381
5.792467883605724e-05
0.005448813678332784
0.001360156961906718
0.0002737849182420248
-0.002048264403092367
-0.0006314648253523091
0.01084818815956587
0.002122163048506169
0.002876574427697526
0.005526054309997459
-6.546188664597881e-05
-0.006005310890236534
-0.002795618590376014
-0.006789860012627576
0.002333768368510096
3.486257681954274e-05
-0.003575650922384818
0.01406454883419003
0.01614777002009497
0.01099275366385104
0.0004192977082532593
-0.01088034327826753
-0.01229573488293252
9.440354843510974
-0.005846422266249578
-0.003487788383909216
0.01263842881850628
0.02201803186688768
-0.01120826594836411
0.02351553251338642
-0.006127939592583813
0.002255881862128638
0.00106919693146726
0.002022458407504776
0.05680944384947872

-0.002550360684681724
-0.003644420767409202
-0.002424428529191899
0.001694920283038347
0.001964616512838705
-0.001162557100121294
0.001665517511155961
-0.001315951276545517
0.0003155153733353458
-0.0005326064941812428
0.0009097491977928644
-3.583612144607718e-05
0.001033526698385464
-0.0008881702813905549
0.001211008606727705
0.001055005060268325
-0.0008061325522706602
-0.0001604559903915006
0.0001838055676322978
-9.152304570797528e-05
-0.0008322440909075233
-0.0003161560176402056
0.000308108793254361
0.0002203497695279535
0.0006943680215965308
0.0009326195283373478
0.001935898245868785
-0.001025017637250575
-0.0004539917254209603
-0.003475059640753056
0.002975809453130408
0.002652262689167121
-0.001803524099054621
0.001219521855755233
0.001406781190626759
-0.002059687813879306
0.004231418923098287
-0.00581108576588179
-0.003859057696273043
0.001859258935084472
-0.001205108623865853
-0.0005796890377097569
0.0007154154681142033
-0.007035292137616929
-0.002386635444273088
0.006959704251520975
-0.009035063318728782
0.007261956393779237
0.005737539728408307
0.003451244928730317
-0.004216411110127672
-0.005105401404057226
-0.006039024869404415
10.13789075540517
0.01526734168904506
-0.01356296232719323
-0.01232848650470252
0.005237357424299293
0.003556080731926955
0.00339862555855798
0.0105581938311425
-0.01519029795604206
0.008510040169134968
-0.02010733409544086

-0.006491706367575113
-0.01009738336845235
-0.004977637319147296
0.004348483795622131
0.003833964217898278
-0.00334860136353719
0.002743462497280243
-0.002581052761702881
-0.002920973716137069
-0.001875197319012659
0.00178230041338849
-0.0002849655302036941
0.001275303283349566
-0.001501413791335581
0.001610878820026676
0.001691408892930709
-0.001240692698184442
-0.0004478742757351649
0.0006734018167302098
0.0001035630186107177
-0.001130402232462279
-0.0008359112543208701
0.0009254211575278879
0.0006431462984183326
0.0008312060410123713
0.0008522219517001822
-0.00150901212045787
-0.001220907194895723
-0.0005343132733922613
-0.003585522234316828
0.003619765778485238
0.00207737375164465
0.002871189712374893
0.00137604396188076
0.002219415087367769
-0.0008638732209258022
-0.005850136466351257
-0.003270466437456802
-0.00185377813889262
0.004722871195426633
-0.003528544457049347
-0.0002145629086725379
0.0009338272153335311
-0.008874790035765251
-0.004806456501098889
0.001314596749588579
-0.00943285478081371
0.008938081031924984
0.007965131910564208
-0.001209191689583213
-0.003699264091120205
-0.006241528512275698
-0.003452323893124062
0.01542584065915144
10.28645977433162
-0.01178027198766714
-0.01733622698576025
-0.006078846367907308
0.005714948600011377
0.0001172032889925983
0.01810110950580639
0.005537388169023097
0.01220600821247722
-0.01344935143113197

0.004634017294579114
0.007288758303220817
0.003726015670177498
-0.00328665159313848
-0.003007153591714021
0.002538018058833889
-0.002128929731179069
0.00222168148541568
0.001658509095605513
0.001438655345299298
-0.001700552339587743
0.000186033488167256
-0.001212685384952978
0.001238217280087038
-0.001698484716705809
-0.00135142741143889
0.001324129821461005
0.0004711325936137415
-0.0004178990343431513
-5.286050118687102e-05
0.001106568370496097
3.190830111512012e-05
0.0001642958885479847
-0.0001201859711319204
-0.0006269803123583411
-0.002024053120420079
7.018245503761824e-05
0.0001951045357194193
0.0007126600734572816
0.004855911569592102
-0.003240414040671554
-0.002159210809849998
-0.001064033870065023
-0.0004409002034322483
-0.0009350247469353668
0.001986435988030268
0.002446525774253647
0.004257403848803327
0.008249872188082728
0.001200750561377983
-4.365485598924884e-05
-0.0003956345223616756
-0.0009738920447178059
0.005880896892141453
-3.839936023937918e-05
-0.006226721003250142
0.01813054092416416
-0.008457899481035057
-0.005839752521299139
0.0001983018472209366
0.008489185813833712
0.0009167522377560976
0.0112067689168828
-0.01231531158604569
-0.01034831451494312
11.0942841822102
0.009155720502082918
-0.0006815302103115777
0.005545540935181194
-0.01824580527442531
-0.01351708170352797
0.005774658435686644
-0.0003869298128523287
0.04009923893625312

-0.001872704557616541
-0.003236738776189847
-0.00206498109027225
0.001801261807049862
0.001579674645744889
-0.001196992166995168
0.001281560420515662
-0.001088369833954186
-0.001376943529167726
-0.0008137666512571091
0.0006798185259369594
-0.0001900063138526247
0.001275557978359299
-0.0008711004295262636
0.0006619904743926093
0.001034884220735796
-0.0003423643863043014
-0.001480872259681085
0.0007162011412227674
-9.565470181894239e-05
0.001042658635993903
-0.0002667782605397354
-0.000830725572556041
-0.0004094467090352489
0.0007156179135090191
-0.0006924334469320646
0.0003181466221417876
0.00448331789903629
-0.003367651852573865
0.001389933752308035
0.002659670787147646
-6.020712234091103e-05
-0.0002703660057949471
-0.003766168523554817
-0.003797679417649536
0.007094971100481918
-0.0003394759857521467
0.001441076212340797
-0.00266156016927498
-0.01409029179989715
0.00443052725207773
0.0004827215204549775
-0.006653831418553012
0.01272038397732611
0.01642271257438442
-0.002560690989087843
0.006040348098426536
0.01439623252237426
0.006686215415586619
0.00219158871777602
-0.002101526029368543
-0.01183820357684198
0.01845415449312213
-0.01058938031398315
-0.01531371098703243
0.009011859821872713
12.01193692426505
-0.0007414520757716356
-0.01707683084433242
0.01765295988949657
-0.003329800113503884
-0.004402055260088245
-0.03622005690799691
0.012195628143959

0.0002325221229867086
-0.0001065013745932134
0.0003886259529697151
0.0001681149067812534
-8.901458910271958e-05
-0.0001349765588402123
-0.0005622208574367869
-0.0006629815587231004
-0.000230627381419964
0.00142128760290298
-0.0001421142044075805
2.610202155770122e-05
-0.0003434067012873365
-0.0007401389499429396
0.0002343901887852488
8.0225099666229e-05
-0.0005516695674630392
-0.0001418930677788043
0.000300250261580715
0.0001802453572296937
-0.0001992522561457637
0.0005537655742353445
0.0003280916250848619
-2.139997927972531e-05
-0.0005093456354952996
0.001243515180807866
0.001593787901437499
0.0002543454322536853
-0.0009872154287085171
-0.0007341987883836102
-0.001892235518440088
0.002259999113576681
-0.004479516572160484
-0.0008061354884763857
0.0005611187088499078
-0.001942553236527486
-0.002346630683826587
-0.001213911076511324
-0.0006352115594289703
-0.0006456155402745228
0.006384683532097096
0.005279557789330393
0.001571538639111637
0.003379240118394418
0.001378220965682088
0.002657705417073893
-0.003749356940619776
-0.005301394074974649
0.001740106598845479
0.009590747548396287
-0.005757283311774568
0.005583322468613598
-0.008558126563502738
0.004313747380987254
-0.004802066218884887
-0.0002587907475920326
-0.001160022447476521
12.67675221355301
-0.02610286944209908
-0.0008926016659139683
-0.006449381818581772
0.01632135676744292
0.00310999410677341
-0.01824909243794539

0.003228796853596197
0.004241320119186591
0.001637281010601027
-0.001517993920767677
-0.001590468306228203
0.001084382382465767
-0.001143776836376031
0.00119059420222233
0.0009614833841571872
0.001470170405891394
-0.001125413166472537
8.466546169825523e-05
-0.0009180999569139712
0.0008216065619008291
-0.0006347721173473265
-2.360738282956111e-05
0.001196560671102932
0.0008783510910395255
-0.0005531081680464791
9.536464672862038e-05
0.0001383364311657985
-0.001594126485912304
-0.0002298827948428626
0.0003101703642237017
0.001444840244426231
-0.002598146316122975
0.0003277371763151061
-0.002350172015737857
0.003185862731470805
0.001435729991954774
0.00435948275366792
-0.003451374429836225
-0.002683732249607481
0.003829652152360578
-0.0008950924140289619
0.003037119148349243
0.001631084304399737
0.004878919662734731
0.002759428671294034
0.005514117900589961
-0.01986879785708695
-0.002336414990446839
-0.005013231339829421
-0.01292889780218717
-0.00807275776763728
-0.001840325039152927
0.01182540428381741
0.007983938605583727
-0.01159695959153899
0.004758952273292842
0.009058261241252768
-0.01584257512755704
0.01690142828062183
0.00202453101633219
0.003770702015981926
0.004361872345370601
-0.01535363208486486
-0.02596992208902645
13.00265410474376
0.002562388395444825
0.02902222411095118
0.003007786789680755
-0.009360987934049395
0.04360635890742737

0.001009605182087861
0.001356396585537339
3.866701888814848e-05
-9.463832688907024e-05
-9.923255711913536e-07
-0.0001173689381546981
0.0002895385391310505
6.276180284583376e-06
-0.0003826708079270229
-0.0005919338172699545
0.0003443396197710761
-3.916594873022398e-05
0.0003162619194300124
-5.020531291352213e-05
0.000278141501064955
0.0005174865715743924
-5.349949224026454e-05
-0.0002872868254414256
0.0001589959546105554
8.304461627299612e-07
-8.930436050274713e-05
-1.288651877289501e-05
-0.001689445298359076
-0.0008097250773977816
0.001219621419565306
0.0006492009924771323
-3.805456054080085e-05
0.001408005229892729
-0.0005008428443344921
-0.0009368145887510774
0.002767793345718249
-0.002189047488275122
0.0002857227785994765
0.000311768585659072
-0.003578831123635743
-0.0009606567009783187
-0.0005487335761271066
5.231420420544371e-05
-0.008347262797305344
-0.008170903189228782
-0.003256875489921661
-0.001158096817914899
-0.004628391013427113
0.0004965033706449736
0.009413234612632467
0.001541111001038049
-0.006961662113158473
0.009874494636868
-0.007776678357230275
-0.0001568324087567853
0.00484856009045865
-0.01682804008344311
-0.004033777725537858
0.002781573924918177
5.928915469957316e-05
-0.01557483234525044
0.01475948702961896
-0.000729544910403094
0.002896304357236843
13.93749923470589
0.007951208782721193
-0.009791591369255143
-0.0379620597508709
-0.02043971744852022

1.600758489362059e-05
-0.0003667631918645668
-0.000666415608978954
0.0005681117322588334
0.0005009085586133296
-0.0006815411012965818
0.0007348718682920809
-0.0003058122705997085
-0.000644301338693565
-0.0007706565476022374
5.659628066265085e-05
-0.0001096092830364333
0.0004147246232924378
-0.0001081037762160735
0.0005919079853537231
0.0009251946487035883
-0.0001448871964331393
0.0001039002065233193
0.0002702477929472579
0.0001746018577427137
-0.0004605651855215272
-0.0008400915155365673
-0.0004232486488743433
-0.0001500114193732237
0.001415876440906486
-1.636229267302082e-05
-3.795757790377334e-05
-0.0008047922891530907
0.0006185211424525132
-0.001593334156523853
0.004038995888388133
-0.0009024178220277872
0.0005456780986003582
0.002622940776521602
-0.001502275513891507
-0.0005704009061656169
0.000289129787591805
-0.0005806109898085206
-0.003658705479278252
0.0001004911963165522
-0.00766597955606813
-0.001674806105008128
-0.001104655380908778
-0.009601936847508872
-0.00170835503914726
0.000906631978681848
-0.006015799680048622
0.009667696098523172
-0.004094866527863322
0.0002022835779997341
0.003182102255409817
-0.01466756685911215
0.002024410958477971
0.007279802683803927
0.01226124644671706
-0.009960310917275733
-0.001810602898842543
-0.005519685779371637
0.02565814235648712
0.006749735030667666
14.96604722421856
-0.004042997247139642
-0.01526529669417929
-0.01067583563598055

-0.002296262293491631
-0.002577587751570608
-0.001318055262858456
0.0007806817591010567
0.0009637111385371137
-0.0005041491469519767
0.0008873217661954309
0.0001655911545888828
-0.00102168019930533
-0.0005351051260615143
-0.001715169935697909
-0.0002326034535611427
-9.246605917542838e-05
3.138082464190285e-05
0.0007477971642730881
0.0003879367121315002
-0.0005197858813682309
-0.0005284143206038445
0.0004348748379442997
0.0010218191461599
-0.0002402144964698433
-0.0004540065091194706
0.0008801567890913391
0.0007019980952899555
-4.38459210287649e-05
-0.000132909732091374
0.0008302993036400036
9.214772471319234e-05
-9.985551236716046e-05
0.0004094462673441489
-0.0009822307921488168
0.0007150438957743786
0.0005193173544009029
-0.000871977329197213
0.0007438031466355659
-9.396035456342287e-05
0.003972347602617758
-0.0001452371183324341
0.003283774794606333
0.002579144018843588
0.001042861585648391
-0.000137084171882906
0.0009459396158807832
0.001203393755695413
-0.002902436190953845
-0.007601660350440276
0.001410179403985417
-0.003708183092238033
0.002777843185523562
-0.0005582541169095207
-0.001885317671989092
0.006132675540280418
0.0001609474357543677
-0.01020477065946511
0.003495103323085834
0.004574935028890694
-0.003966386522614276
0.01345784357278807
0.002641683893631311
-0.009195396366760349
-0.004395029750360817
15.34174880317573
0.01033460526405313
0.01137276789643723

-0.005034447973867205
-0.007054861084880061
-0.002978305348371959
0.002553735744153949
0.002635239854920661
-0.001994360434739234
0.001837866353051198
-0.002164798273713215
-0.001304882611086617
-0.0009789982457347691
0.001570183182632544
-7.780990957551575e-05
0.0008978045910640483
-0.00128301014982417
0.001120814430860715
0.0005199873130492625
-0.001167520181957907
-0.0004226154107913705
0.0002812570890052258
-8.410256531848106e-05
-0.001049644555752509
-0.0003215100549428397
0.002592834661672658
0.001609750382741822
-0.001277051118587546
0.0005271520088874726
-0.0002070906721172226
-0.001513467554088503
-0.0003036197169628252
-0.002200260528927347
-0.001454472734506826
0.004479778214564404
0.001204353202633969
-0.001134847390019227
0.005934960700872455
-0.0002673679805565465
-0.0008785703793614657
-0.002701132401551488
0.00737487158004843
0.01035519883720546
0.004981627180035428
0.0003549392514398137
0.004769113093093967
-0.002904607385039985
-0.01338456423746801
0.001414688741383658
-0.0007593901438987534
-0.006351901626761807
0.0162897150769708
-0.00188210448422279
-0.0143311747821713
0.02191453924392374
0.0007413940429427451
0.005816966486367637
0.008016519246684369
-5.703866590653795e-05
-0.02710154621554937
0.00294306396250938
-0.008168434423550731
-0.0335359891413274
-0.01476668988376768
0.01038518662896589
16.12394587223519
0.005240781257150596

-0.004565318301268952
-0.007471185855213194
-0.003737002849110166
0.003336299637129633
0.002919494298970336
-0.002354199299993638
0.002351690368178186
-0.002177513863472447
-0.001686317471892193
-0.001271510847192099
0.001072212995741673
-0.000214752717653775
0.001390880523581993
-0.001005241320994472
0.001022740770510925
0.00107862334608262
-0.0004017577992361977
-0.001536533898945235
0.0007972002355491493
-7.174242791886377e-05
0.000143647665903557
-0.002420272847799852
0.001956621316334533
0.001921324543068619
0.000747702841120383
-0.003025537067901607
-9.301862081589375e-05
0.001360988725169454
-0.0004163733320440223
0.002951583062144832
0.002104587903822799
-0.0002217675620904431
4.436235648289729e-05
-0.00244501277871023
0.0001189353442069474
0.009623652977072867
0.002613518119715455
0.007099283275869193
0.01029316385239429
0.004105011426574362
-0.007804048504825747
-0.003406367364514279
-0.006115375012402141
0.002318787490631042
-0.001534154637277409
-0.008277226389120713
0.02619420049146621
0.005084339802309031
0.009583111770724831
0.0001802379521418807
-0.0004449175364460876
0.0005631047011407284
0.03085101932679324
-0.01197141927708553
-0.008603513522620228
0.02549372880909128
0.008159157355442304
-0.0132754714606536
0.03311857691224087
-0.0159448229689832
-0.009913377757871536
0.01050578386503961
0.004280055672602295
17.29622165331298

