-1.646027740020739
-2.006315276202236
-0.4877137819236448
0.5756195559488844
0.5033144139529896
-0.3644934872124324
0.3577833437267387
-0.3460162234037659
-0.2296633417669851
-0.1790434392538646
0.2060574879414556
-0.03149473286922034
0.2063713924840883
-0.1284928173667309
0.2006689914710531
0.1642235083159268
-0.1282361307575105
-0.1515148883707041
0.1183797691608656
0.01328800815942841
-0.10334590919669
-0.1203200993862665
0.09798411660620744
0.09304550433812074
0.09692730758034435
0.08781355720510761
0.002824944155868099
0.0903767791738949
-0.08582373017466044
-0.07831827378233563
0.07904169900947633
0.07362037585892318
0.01403543564003725
-0.07433477498767653
-0.06989876355817788
-0.06615544847704631
0.01485639980864177
0.06191744609716233
0.06821449161156733
0.06178826424483294
-0.05485666653329771
0.003165267677432264
0.06432180206227671
0.05635952761710368
0.05172119546515017
0.02070910286311025
-0.05438975740050662
0.04367732080758148
0.06415149956522352
-0.01568025044811157
-0.05737370643520959
-0.02998531729320265
-0.05257576436247135
-0.02159250932295541
-0.03641393851350611
0.04268782392860774
-0.05559225263436368
-0.002116658436876329
0.02157539975215943
-0.0604574230095672
-0.05435613423159125
0.01108700730241578
-0.00995481008962603
-0.05028723633621074

-2.00515045913203
-2.80731141464996
-1.015495890122839
0.8003257661054951
0.8031210619143963
-0.5500180545327693
0.5651470975386799
-0.5097090036565077
-0.3695935025906555
-0.275335533716937
0.3201670351421654
-0.04929333820769509
0.3027524446886653
-0.2206220411617784
0.2920219007981336
0.2558413800083688
-0.2028598825914577
-0.2277939050621211
0.1828086091510917
0.01443514337566568
-0.1630124583161116
-0.1805259551151057
0.1539602965201545
0.1439284731060174
0.1484283988406931
0.1344040384999347
0.007462174317998849
0.1395517807396925
-0.1320710073528052
-0.1212969517375471
0.1229897840993035
0.1142559067856701
0.02186031040624056
-0.115144726327351
-0.1078168745225778
-0.0947938737897291
0.02295901920414008
0.09857424236461704
0.1059520611303823
0.09436420781794624
-0.08922868725424014
0.004735459648956558
0.09150980753497917
0.08901605640077331
0.08300466128212095
0.0270981938297235
-0.07064576955448736
0.08135659087424879
0.1046468976184163
-0.02286459038949358
-0.08908067117192103
-0.05605215212552887
-0.05669195135521866
-0.03721088503196579
-0.0575978920591158
0.0741428543713511
-0.06347167356030702
-0.01300508170419177
0.05301786537945954
-0.08957200870176013
-0.07923372293705425
0.01669182309413267
-0.02715457671313149
-0.03261409100707719

-0.4803867537383935
-1.006103153595988
-0.7093907758962904
0.452588365929707
0.3816647306300975
-0.3135683889160976
0.2742071397995029
-0.2614633246909888
-0.1946312929279028
-0.1596346885112561
0.1573772558209075
-0.02820830052884567
0.1506644867108294
-0.1317391764593341
0.1405794852087684
0.1302483666132832
-0.1147468804888336
-0.1105324524799258
0.09699802644854146
-0.0001049818952327484
-0.08804429982295309
-0.0906545832073289
0.08082558385577895
0.07716557713503334
0.07602597602419192
0.07010524633255771
0.006275613363211365
0.07108939497461539
-0.06901341390278129
-0.06482247491274191
0.06926133574952192
0.05943026152442883
0.01065108594621394
-0.05929831707956601
-0.05569619028565904
-0.04383049831757188
0.01104232576457392
0.05207263002837961
0.05247591762760653
0.04825434434786463
-0.05659484150996928
0.001408730930317562
0.03873877243488905
0.04205838204000622
0.04434648025105822
0.01298499230184381
-0.03103275519875495
0.06350637879966106
0.0588829981843523
-0.009408531962242258
-0.04677985871746339
-0.04854853863911594
-0.00606296959989322
-0.01420588571839122
-0.01963553311041653
0.03345984888654623
-0.01817179958345478
-0.02020217346480685
0.05920825716695769
-0.03349414406499048
-0.01955366955328892
0.00304024936527309
-0.03098146191782048
0.01350174870569425

0.5639667830993975
0.7828561602529041
0.4474678300972371
-0.4244045710022128
-0.351252697209978
0.2590611623591085
-0.2423414858051267
0.2188742393832536
0.1733071982517431
0.1339482023284951
-0.1405752424985077
0.02190170698287059
-0.1304983238999691
0.1097053392928447
-0.1235995139877519
-0.1120589046795931
0.09601867641627754
0.09761982578779288
-0.08208191414581684
-0.001224276924951888
0.07738306274226855
0.07722809634587471
-0.06910313086160388
-0.06511086752858281
-0.06629348414513214
-0.06313136224453549
-0.003368108156676698
-0.05910417826495656
0.05805576146017498
0.06122078744202825
-0.05811614931987362
-0.0535683480953284
-0.009650774888959277
0.04742168531574134
0.04616515671135547
0.04963001470133885
-0.007107402825567294
-0.0360821819818133
-0.03708641002954045
-0.04528134587442421
0.04227827671995549
-0.003536198173421675
-0.04440818422713073
-0.02543769334208083
-0.03114736347718031
-0.02141619013909084
0.05806683184636784
-0.04509332036372145
-0.04538352468270481
0.01030140216333377
0.04543632360462695
0.03383152797635226
0.04273442181015337
-0.008127048030238629
-0.002002832771409967
0.004330570902940582
0.05350166969590107
0.005321316491788528
-0.02528252879690773
0.02247874972682961
0.006112148255191296
0.002389173572260665
0.007915274774979702
0.07898211402518759

0.4852447920537046
0.7773939864209243
0.373364188229321
-0.3477738613251431
-0.3182207728859431
0.2519080512132617
-0.2261700129223409
0.2049596330269792
0.15705492750949
0.1283323248086486
-0.1276440308800394
0.02071608895203198
-0.1239796119535939
0.1000539848968184
-0.1151963593061897
-0.1030090645353727
0.08910903862053426
0.09067299158988898
-0.07706767334589242
-0.0008195712247099197
0.07007149408097081
0.072888357611398
-0.06244946419198533
-0.0605030569140204
-0.0617216086485247
-0.05749781495308806
-0.003065278581485179
-0.05811751691100406
0.0557990445921322
0.0527217520482583
-0.05516348834291454
-0.04652493090633716
-0.008436957600233818
0.04697481074268142
0.04741906168251655
0.04026239976301784
-0.008198902161790452
-0.03874980933191546
-0.03346284786017003
-0.03080916946512045
0.03998694952473732
-0.002235507123861353
-0.03323275535941
-0.03644270824999898
-0.0437457105549094
-0.01452104458894391
0.03971309361884742
-0.04956488194888395
-0.03812597455701482
0.007769427137395903
0.03353185660844037
0.04528478119915663
0.02529756793227495
0.007670554398435413
0.01778796464365491
-0.01179748962207334
0.003532558381863657
0.006827080309058023
-0.01946854158783239
0.003156842848689907
0.01376443481855093
0.007397372329308228
0.04924639204883664
0.04370094150746691

-0.3507188500779664
-0.5296574961985646
-0.3055269842128871
0.2549143670037369
0.2507157623742176
-0.1741141042391438
0.1867584960881808
-0.1678599710344858
-0.1261426075009597
-0.1011455172771914
0.1050505967370441
-0.01525717486481946
0.09532063664437838
-0.08346281693204469
0.08955981251213012
0.08219203102576585
-0.07038472618268593
-0.07339396520466993
0.06153785808472568
4.346623443035548e-05
-0.05543890202575243
-0.05686119794875028
0.05082607581349517
0.0477888005157034
0.04842900917371876
0.04552038452819908
0.002717550435996692
0.04939851401489635
-0.0467042120886967
-0.04003142563174128
0.03955428479349153
0.03855433775111765
0.006709469762876822
-0.04166491407156761
-0.03846735543478629
-0.02907227401400689
0.006679451017369115
0.03238578500817721
0.02972524492602712
0.01848030570892328
-0.01909668970650884
0.003794332427937581
0.02623959584362883
0.04489208918093885
0.04469190935685714
0.007698314644668793
-0.02396237705354308
0.03248562139612524
0.03781072388250656
-0.006238318847033701
-0.03053186348036919
-0.02417668602410812
-0.01856992126802833
-0.02094149654377218
-0.03438486492739268
0.02429517904207222
0.0285694532211743
0.00521498445602695
-0.02343710040565052
-0.006659965873401379
-0.04050773210391068
-0.000782026378590608
-0.04310404620126927
-0.02481701110780888

0.3496324478311246
0.5514080509449678
0.2679021898948035
-0.2404120271576515
-0.2266728494422146
0.187772029506412
-0.1333839274006743
0.1668710412280113
0.1249181540765883
0.09463461753429302
-0.09830246512563866
0.01517569247680805
-0.09393118490860496
0.07547294589584552
-0.08764648469875425
-0.07709891925843732
0.06853900414930161
0.0677191975275926
-0.05947310068559403
-0.0003380491938293196
0.05348372300565636
0.0527878604020121
-0.04892961724049617
-0.04576388267309285
-0.04451585224370321
-0.04649820578432576
-0.002703235505423115
-0.04433984687762156
0.04372002866526315
0.04042905345824897
-0.03442343508337525
-0.03814885699004041
-0.007149649251627358
0.03851901163313085
0.03361485940564077
0.03633048450909714
-0.004499598030573832
-0.02579299453559236
-0.02737875880564938
-0.02302807954333854
0.01194867986282654
-0.005883553019181978
-0.03363162068295701
-0.0377465931086194
-0.03463941304029258
-0.012068908420078
0.03914219430894371
-0.01719160239081602
-0.03350531147649017
0.007393324125525702
0.03323385307441569
0.008935659609215559
0.04230151949785103
0.01205847177056144
0.02482077138143211
-0.01042646782608438
0.004789083315946477
-0.01513723907893746
0.04064113056705625
0.01502492461527563
0.04153549824986187
-0.0007338967718652318
0.01559510179172621
0.07117325014156339

-0.3298386400299904
-0.4878139822392682
-0.255171598437391
0.2153158034790409
0.2036920843222472
-0.1676369094769198
0.165474524631276
-0.09876396862256848
-0.1242364570335909
-0.09583066096644742
0.08929913862055615
-0.01466592859824535
0.08687248762142824
-0.07329305013075471
0.07845680589522371
0.07487477735926786
-0.0626280610001535
-0.06460699603168693
0.05373529878049303
0.0002768324432795402
-0.05093658614726518
-0.05175012121160229
0.04310996908836658
0.04284409150579586
0.04545341897462987
0.03998035281406119
0.002193021252848525
0.04224287686151083
-0.03839989295827029
-0.03646254932827054
0.04105266067420218
0.02990021703604893
0.005478375475555435
-0.03157892791684398
-0.0376759708218971
-0.02871556094550768
0.005840214588724
0.0308485283341291
0.01980819872115702
0.01818146044415583
-0.03579492985823583
0.0001781688879795797
0.01990843123849522
0.02466616668311606
0.03595961637116236
0.009473010741585524
-0.02581280407474864
0.0410985486174683
0.01356919836871051
-0.003451117256337058
-0.01245125697584853
-0.04940613322909647
-0.017023874103107
-0.006890680045282795
-0.01589448711343031
0.01043317843338914
0.005376072394940888
-0.01219277623367906
0.03118842814020005
0.01567758016911535
0.003357755932052134
-0.0116589331338763
-0.06597438108384729
-0.02962764090938904

-0.2265559631967415
-0.3648456969610495
-0.1938331201219632
0.1747036547744047
0.1593841119074693
-0.1282566799395436
0.1262365467859208
-0.1262283186091221
-0.03576827204414029
-0.08511306402584191
0.08057087508190414
-0.01039511678551739
0.06714551879664292
-0.05955511620123721
0.06623010374998077
0.05746162695713368
-0.05311874071249964
-0.05142098943201064
0.04473169885424088
-8.945319061120903e-05
-0.04086149503466676
-0.04242788526272312
0.0370183819960585
0.0347828858920342
0.03598575072278712
0.03408018291700805
0.001774600108784689
0.03043592234286414
-0.0308075585657493
-0.03231785969042827
0.03106411924456043
0.02796769219688278
0.005542108510679832
-0.0245685294973568
-0.02464461359124126
-0.02801097830153564
0.003648181367146859
0.01992130063423622
0.02060920994918151
0.02593644266168652
-0.02519684085553534
0.001208955748090053
0.0242000529002421
0.0112339114184519
0.0143736614549821
0.01110621123284856
-0.03068965322750398
0.02252491132973137
0.02022388743431096
-0.005199021162903153
-0.02118839469579396
-0.01934993749231403
-0.02457245942435014
0.005118003250243267
0.001120930866853184
-0.0003526237552512086
-0.03698097508347101
-0.005099628712437589
0.02264915570847419
-0.0135989373981849
0.0004543286099628861
-0.001727035005020395
-0.0033663934613674
-0.04068149037246853

-0.1863928149200219
-0.2857998050122978
-0.1645408779161261
0.1391359208681861
0.1340791332991388
-0.1056493141321874
0.09844942285828198
-0.09979281007499113
-0.08684940442676103
0.005875932112226263
0.07285292146194962
-0.008205718011765492
0.06434901567673856
-0.04781662714429665
0.05442495706885429
0.05041998934826344
-0.04224049311992346
-0.04466005448252873
0.03770490223007877
0.0003498041509065116
-0.03509442625459909
-0.03413974348271247
0.03418687297485861
0.03076870998791445
0.0277208979931069
0.02738843125967582
0.001559680885044308
0.02630421013595257
-0.02617648339444602
-0.02570833428350453
0.02376241508761321
0.02560143177178617
0.004697213710166711
-0.0240317514494987
-0.01743916115444526
-0.0166391243598812
0.004595597155185153
0.01959569812341749
0.02782686733309937
0.0268334381788548
-0.01718837155633043
0.0009474798769219062
0.01929500831170678
0.0155726348543832
0.008019515217378882
0.003325766803777293
-0.008532505373881432
0.01423477862930383
0.03265122232887799
-0.004559117186097597
-0.02680802117312264
0.001244799843232298
-0.001600590285624778
-0.008093829413236667
-0.006545799345286129
0.02059604346284518
-0.02724462827631711
-0.003280405061239374
0.01989811296670345
-0.0411032877144243
-0.02148320182279417
0.01254294931733767
0.02736719088583009
0.02134929672813519

0.208848506313877
0.3258678984461217
0.1618347001659493
-0.1442294131079502
-0.1324398438523879
0.1089152973789766
-0.1010932232352963
0.09269552878318425
0.081641374618579
0.07217935811414466
0.02004114528688036
0.01303859613640154
-0.0697701812256477
0.05545572022056219
-0.05175660446881684
-0.05041916497604779
0.04412893150536433
0.04330970948408689
-0.03924313711322101
0.0007275017786882404
0.03448746815406237
0.03747781400496869
-0.03175261913252309
-0.03211430588212017
-0.0299863670552956
-0.0239199173609083
-0.001654331297713815
-0.02925268829245474
0.02643591780472517
0.02145226385579053
-0.02672942879561913
-0.02198099013383318
-0.003608514538574642
0.02454421320796209
0.02201212592548814
0.01163208693887902
-0.006805035729486701
-0.02624610688889594
-0.03006169692770268
-0.02253018266400373
0.02623421577476915
0.001910012848950296
-0.01232851032537207
-0.0200894842553466
-0.01484914258493072
0.002202821811985208
-0.008543025243160651
-0.02089382234904867
-0.02473312852378227
0.003390223925700504
0.01502767979153793
0.01408946809546325
-0.01534899853555254
0.01853573453597654
0.01948623062639475
-0.0398900926215733
0.006088640499953562
0.01645058050969149
-0.0440983235960602
0.03346896344502998
0.01902782408065697
-0.01188221904858203
0.003238358558348229
-0.06542622750631899

-0.03043329094452192
-0.04710694987455336
-0.0268923693472282
0.02163373302892357
0.0201875148918787
-0.01501785865950046
0.01497703414273883
-0.01427428392031024
-0.009932907534873593
-0.007542095511028439
0.012767926775069
0.04099433741088788
0.001503084049573031
-0.01001955224427403
0.007001104213529498
0.005823827586006051
-0.006788675576124946
-0.005915058684950452
0.005026597520845531
-0.0004078673375732359
-0.005523496744783231
-0.004641521211093434
0.004679012256560731
0.004291439768265699
0.004098289284714051
0.004309951682102368
0.0006154366294663142
0.003394096093139486
-0.003571370386426778
-0.003858579910208629
0.002767873619669887
0.003333125940423986
0.001971735939949585
-0.003158989476838466
-0.002634539844125853
-0.004343461023978481
0.002887119833072743
0.001671413211138817
0.002913386167023025
0.003999221727996173
-0.001425609896984018
-0.003334840076212197
0.004691041283393982
0.002029090072211716
0.00123098640170395
0.004758253838654632
-0.002914554155706891
0.0001350937264032893
0.002343932564192471
-0.008004651003075004
-0.0006375199190925395
0.001874727179271999
-0.0028605169321636
0.02035902927700787
-0.01713816139320335
0.003918992455519988
-0.01137408619592898
-0.01851979182932384
-0.005749557277675971
-0.00546493831044976
-0.008998021652639033
-0.02750504611043622
0.007637817331513724
-0.00495762118091026

0.2058778453990374
0.3007383835483521
0.1496764866177176
-0.1318124002216879
-0.1257900238114759
0.09664115228821289
-0.09477783414146676
0.0882294658925928
0.06690156108980415
0.06254910615768987
-0.06855154376589107
0.002052657741970264
0.04423659872111652
0.05600432922883829
-0.05674293218340444
-0.04278812009656514
0.04107127766238127
0.04183045215241414
-0.03395605028204453
-9.770573183896162e-05
0.03529748215247779
0.03339628392686086
-0.03069238201364022
-0.0274168624846035
-0.02844525146344481
-0.02780503941922693
-0.001294224510710236
-0.02226469010512673
0.02321178191684224
0.02384304679599354
-0.01907884914919836
-0.02168848175011174
-0.003789547246981322
0.01868107603346145
0.01928709637562472
0.02837435597006406
-0.003086664163439945
-0.01788260514849443
-0.02169977256634941
-0.02728655931323726
0.0179102339197892
-0.001932228105888414
-0.02598308469945865
-0.009223456891672609
-0.004940420365763306
-0.006336940204674753
0.02210569115462796
0.002723470754620077
-0.004520023284235865
0.00426270869187397
0.01068511321022999
0.002119983167349498
0.03582690652109805
0.007660912916657729
0.004937767583346332
-0.01334940875952099
0.05633877086681965
-0.001911606315108777
-0.01777169450960651
0.03017194501386993
0.01260968599672989
-0.01154841513999128
-0.01235974728407385
0.03498297341876282

-0.1119551325845746
-0.1970759382177027
-0.1227525376864468
0.1029980509218973
0.09457725657761799
-0.07946473681668037
0.07112523384411927
-0.06981601954134145
-0.05590039521481533
-0.04377940784004049
0.05161101504004989
-0.009780817033550921
0.05334680870633469
0.08269688132490099
0.04960217328981169
0.04285421629773055
-0.0295239068622793
-0.0328867721014669
0.03049101441132513
0.0009648374630475489
-0.02604780419989904
-0.02872816910822264
0.02335478585175832
0.0226488386132617
0.02346105828352514
0.02263612328605283
0.0006199067910895427
0.02016398923189995
-0.01639397734535399
-0.01703517943030624
0.01789964038350093
0.01112686605481552
0.001596544820442801
-0.01437560421217279
-0.02252482834055193
-0.02236334929735222
0.004099504023123945
0.02151031595763948
0.0124696505355275
0.01381222291884156
-0.02619466156209154
-0.001117769589424594
0.01389776832241318
0.01044482314565172
0.01472952074388865
0.002171161643280675
-0.008828404522816292
0.00612220835672964
-0.01963127286295904
-0.001683656990867489
0.01289497810176968
-0.02965738085046205
-0.02463108238829881
-0.01292874477018273
-0.01842121308123162
0.02141886248839192
-0.02305775843779792
-0.01179577534955667
0.04013462471841719
0.003891480038404841
0.002737682904575666
-0.005415366107584038
-0.04643865797928578
-0.01594488174193782

0.1844045090653433
0.2676554023257049
0.1293754509813688
-0.1149796574139039
-0.1086908468858769
0.08493900398212309
-0.0825768140434069
0.07448072968338552
0.06171876994135757
0.04942106887911173
-0.04729082324477527
0.006515124179907147
-0.05348480326270796
0.04954873507295704
0.1025220677819643
-0.04992971302231894
0.04050105829816816
0.03324319127253361
-0.03166142025942233
0.001031597081776046
0.0297748775887553
0.02818028792604028
-0.02708708673611547
-0.02511117485687402
-0.02532841493835082
-0.02203531934897969
-0.001864115728235746
-0.02474529900537459
0.02099652458575377
0.01538063822681308
-0.01679871528531673
-0.01516338689476344
-0.002384492788296659
0.01919944611647188
0.02269494588885827
0.02023105554940344
-0.004519849161841055
-0.02250548791781181
-0.02003648052851929
-0.01348428693335669
0.01510271836827984
-0.001131906786422619
-0.01666831740804781
-0.02279917900957724
-0.01930399850873886
0.0005877854329184602
0.00314497060163374
0.001083178048019303
0.004237822340566636
0.002139468631649266
-0.002843460716862136
0.01155485852688468
0.0218862059703027
0.0253731364014211
0.03057923990157254
-0.03471048367913084
0.00733692507525141
0.0004916953684780253
-0.007949077676131488
0.01381089331497694
0.02539758172750003
-0.006338039973306313
0.02991927213110612
0.00181438116731405

0.1515344617345515
0.2342090234026967
0.1171421064194489
-0.102584541218334
-0.09531441755741035
0.07660585108007054
-0.07177606004233182
0.06975577900665855
0.05248202848739501
0.04532186483336707
-0.04567839983823898
0.005787247102400406
-0.03938434123643492
0.04196359723549802
-0.04940743240739565
0.1422787830119105
0.04198148640366356
0.03769954907863325
-0.02441082858249116
-0.0005281641215634058
0.02635230111405485
0.02630005952514293
-0.02355399306224231
-0.02418798930237247
-0.02068814811242227
-0.0219984202577555
-0.0009910810337648603
-0.01970503569821071
0.02082884361216724
0.01644186528129491
-0.01000907978069239
-0.01932397266955684
-0.00287295802385574
0.01937041048647149
0.01437689123639504
0.0193394504795806
-0.002940488941797862
-0.01541957306630755
-0.02254007888542235
-0.0178369290305515
0.001331134369417692
-0.003266228329078811
-0.02061201986068995
-0.02271416660949686
-0.01080619289174678
-0.001339530945054726
0.00818945274130722
0.01062991571140287
-0.0137394624568782
0.004123034391890787
0.01394668777779679
-0.01527513434666973
0.02399063046874115
0.01959766183522633
0.02451610959546175
-0.02791357508213864
0.01929663286492447
-0.01021874419209521
0.02244354691478969
0.0352655806820354
0.04287915937916084
-0.01369608661881066
-0.016947004057051
0.01067620040950156

-0.1008364069476644
-0.1631035700690449
-0.09711488761914529
0.08046893585069569
0.07593196050066063
-0.06040463024325945
0.05829172410752368
-0.05422736926161501
-0.04550848638590686
-0.03528335086487685
0.03752697113674244
-0.005918484318863987
0.03522086162848145
-0.02690474696977627
0.03741230281937671
0.03971521632579142
0.1894732882148651
-0.03589032380675819
0.02821123441389455
0.00151437872876248
-0.01685248689988753
-0.02297315595411426
0.01990559164474955
0.01710955638186077
0.0206019546434323
0.01546529964849709
0.0004140025003637548
0.01741076842704142
-0.01439989415536824
-0.01424765309340882
0.01832792133361112
0.0104798752281978
0.00168452589269609
-0.01411808445400139
-0.01556985125048374
-0.007512709327085278
0.004343053985213016
0.01711694711422258
0.01301040754049698
0.01052312799595858
-0.02226964759479562
-0.002182718148551513
0.00443873096370085
0.009100423891563176
0.01251313212569955
-0.0001093327707581975
0.002456523450334078
0.02064191269524594
0.00609343803485763
-0.0006620572580090084
-0.002079857977715994
-0.02362471220253553
0.009801114346643068
-0.008180615404767227
-0.008340735091492295
0.01805041149980994
0.001120748646898118
-0.01481652982628044
0.04030064774115892
-0.002676172542363824
0.003084599161323237
-0.003389628762388745
-0.02615053284637796
0.03091053520694888

-0.1259600787720701
-0.1880408236437415
-0.09102716768083226
0.08317757103701917
0.07701969166603621
-0.06212924640471306
0.05728256201214102
-0.05565518620501331
-0.04403430500743348
-0.03731118228093704
0.03587090000130782
-0.005218621623893641
0.03607454765994747
-0.02985918542740516
0.02978184134321608
0.03504979330931358
-0.03573269588906867
0.2356118281834949
0.03128064812571218
-0.00246133683807689
-0.02727570689748435
-0.01761636171383334
0.01956936616679741
0.01924569709393933
0.01715266837842404
0.01905995127129282
0.001807339140630864
0.0139814575659212
-0.01473524142899956
-0.01840645139200052
0.01901570848831742
0.01545131718201772
0.003495926634013071
-0.009301807425804273
-0.01129247201963999
-0.01575471862049486
0.000951243771727491
0.006767539782450533
0.00926827227948337
0.01849524203994751
-0.01715198772074587
0.0004521556620704337
0.01449352882493427
-0.005140709226634359
-0.0006230292680103732
0.009200988107064809
-0.02485891772725905
0.01593669270506577
0.01367025949732571
-0.003248852457992149
-0.01548743425047842
-0.01058986132515694
-0.01421986584529479
0.01566113392437528
0.01916658276704803
-0.01543032104432198
-0.04161879277914091
-0.006439863031733734
0.02619172174343968
-0.009450000366468406
0.01641294369618182
-0.001108536390585679
0.01419707699213611
-0.03513402337342324

0.09518260467595263
0.1470127980630609
0.07897676887420717
-0.06754322801397777
-0.06392285071004429
0.05103805943588383
-0.049415413479339
0.04482938361515101
0.037220312204848
0.03082818559710734
-0.03230465699493095
0.004409510565492994
-0.02801169105118349
0.02684744910302376
-0.02783143279534811
-0.02160323955403857
0.02743369211240508
0.03077036268297363
0.2951419906858783
-0.007652248285670914
0.02646170731171816
0.02293168328894918
-0.01251792322641665
-0.01582807625805116
-0.0157421436425876
-0.01257799529856765
-0.0006394072506779147
-0.01463508954085592
0.01456875030826092
0.01579481573552211
-0.01477063780634883
-0.0153420326141298
-0.002642613761819496
0.01148801003002763
0.007131463464678319
0.008188489089184615
-0.001005335931491177
-0.006254758221227662
-0.009270758963020612
-0.01240145507021989
0.00989709153102849
-0.0006947724063234315
-0.008241618781977154
-0.003891717952660294
-0.004336940869730611
-0.006200100738227085
0.0128527515630258
-0.0190381112002746
-0.02393126658474073
0.001682272834362576
0.02043660781775467
0.005839309702150445
-0.002697036509192858
-0.008507284999010416
-0.008756538970852918
0.007842867718702271
0.009993417785080644
0.005423558218432455
-0.009271204876772528
0.01050554236523499
-0.000282920306137485
0.006699429440668252
-0.01335949533515532
0.004778936685829446

0.01275833362669027
0.01372492649100559
-0.0003276555416574534
-0.0009424250324401262
-0.0009261703132650247
6.937297498945262e-05
-0.0002286545998050092
0.0001733609263859272
-0.0004823436502260324
0.0002428613712656685
0.0009502213427863229
-0.000104658101264632
5.626202676579359e-05
0.0009749701307116585
0.001124284148984512
-0.0004855431204504707
0.001348052338604591
-0.002559666420177487
-0.007533548355150949
0.2759433409290878
-0.005072583266083095
0.0008755816828298848
0.0001964142022353548
0.0009512056524799104
-5.20935677447552e-05
0.0004247773720445587
0.00128046853982634
-1.206215986964353e-05
9.713195382796017e-05
-0.0007460504611203915
-6.842443623263582e-05
0.00031391773687257
0.001131905897845381
-0.0001106902654979737
0.0002960513232963631
-0.000827132167495571
0.001941905060159613
-0.0007626928555434088
-0.0001454038475460801
0.0007677256112047592
0.0001182254623627371
-0.002879882711858783
0.000762337417028944
-0.0008165580831665125
-0.001101960397228232
-0.003447176250919498
-0.002171790267217272
0.0004889337361150582
0.0007345874286508809
-0.006812682242082653
0.001242141440731741
0.0007265937957367425
-0.000394399363383027
-0.003223099343854205
0.005229686117629907
-0.002986238455667323
-0.0001941327661159734
0.009568335122869221
0.002927541050596937
0.002734356152793535
0.01346841018807957
0.05611055195952683
-0.005171437117435375
-0.002063361827276133

-0.0796329679940726
-0.1282662941802539
-0.07127350592445902
0.06138061341684597
0.05714022075429424
-0.04627079328096985
0.04357068351764267
-0.04219683829364918
-0.03259879958966554
-0.02813265178101455
0.02814819443675617
-0.004532368009142538
0.02838270300334898
-0.02197786333549604
0.02594249502303524
0.02331389172721081
-0.01601189805641278
-0.02606420766896204
0.02614677079330988
-0.004987830868188916
0.3626557902916253
-0.02563458010936466
0.01946311653437306
0.009977285524779972
0.0137770716854305
0.01192144483502908
0.001021623961595933
0.01468041585484826
-0.01658389885665492
-0.01131934625157751
0.01440726706055594
0.01121189070091758
0.002080734507328199
-0.01543488750056431
-0.01032609199550075
0.001897749083224034
0.003466866241248639
0.01090706937255961
0.009949151596680398
0.0009182107213141673
-0.005458219621626705
-4.625195263061337e-05
0.000613307410782863
0.01820006584526902
0.01843764189552301
-0.001017602892121013
0.003864396639029398
0.02284323746614352
0.02717989761794344
-0.001601202477397698
-0.01653297902200829
-0.01001607823996638
0.0195274619424547
-0.008740336087378118
-0.01094316907992247
0.0108765698926135
0.03953533385285348
-0.001706841541612048
-0.006623769830918693
-0.0009924759110606892
-0.01490765006468948
0.003408540609964409
-0.01616951398246276
0.03106933771558359

-0.1008077032037718
-0.1479457859657454
-0.0716976076600207
0.06389126141747371
0.06074219750701521
-0.0478980121158173
0.04503133338191908
-0.04290340901157457
-0.03492952711181413
-0.02682701669563426
0.02948627127258112
-0.00394368380783215
0.02765401024389712
-0.02462616668419707
0.0245806626858439
0.02394474128375317
-0.0214837594443766
-0.01697041027298794
0.0227524894116342
0.001021715892305933
-0.02573893446340142
0.4368378485685384
0.02374259610728332
0.01841100295497397
0.008738585166886878
0.01621412171124164
0.001801937403933279
0.01492677681377744
-0.01354615736672845
-0.01603594802076763
0.009467613781461059
0.01449040840257939
0.002692031176658713
-0.01184983025456041
-0.00979384490298092
-0.01392247413444215
-0.0008084377557032243
0.001788449689920254
0.005365232113047277
0.003841904100452698
0.006950695482937634
0.004814317383694003
0.01444852240441115
0.01460579901547678
0.01361513032660169
0.0080572591732152
-0.02587655514142886
0.002247773384781743
0.01730204964769412
-0.003476673750538802
-0.01907549605968739
0.005186011848477109
-0.02638514779778064
0.002065370213443435
-0.004779140207268192
-0.01194537799323006
0.003924188879852272
0.01661521432673418
-0.04993781971999506
0.0006713483636627731
-0.02081968065345007
-0.003249471877585027
0.001052629526210873
-0.06295249618239143

0.06704252903330091
0.1084695700309454
0.06086362529002343
-0.05281110898230156
-0.04873114507127856
0.0400424127857647
-0.03777657374689197
0.03461251329918465
0.02830994460666048
0.02477405890447886
-0.02281174526233597
0.003732408391232706
-0.02302727096256008
0.01989602630033009
-0.02232919366304697
-0.01873132975948761
0.01813680984983509
0.01758757841951188
-0.01125402891941569
0.0002004638296181398
0.01867975268023749
0.02278275619786437
0.5276043550822718
-0.01944456910066478
-0.01852595483535349
-0.008253417343087023
-0.0003112975945001684
-0.01318554117992006
0.01206126243402509
0.009734904129068578
-0.01490933766710406
-0.006557357615495701
-0.0009502483261372044
0.007865412324951021
0.01386418503687093
0.01150574809217619
-0.0006966059729612136
-0.007467599895489578
0.006367028471581255
0.004005440475905597
0.01093372863238394
-0.000195139158136635
-0.00270381513276677
-0.00882198966201192
-0.02110449122865945
-0.006300378433101161
0.01779402493286561
-0.02097528816360063
0.008492819798985789
0.0003351082326466081
-0.004525942931908604
0.03399138828836963
0.01480044362951382
-0.002137499192706358
0.004937896664042025
0.01226066644139353
-0.02378156179606825
0.001415176771561636
0.001226978571345084
-0.04064285960517838
-0.01464000361824904
0.0167219668704432
0.0619347962915822
0.04844264773505487

0.07031597973203738
0.1094355318428238
0.06064425297435082
-0.05212267806817136
-0.04918373564591068
0.03891947942453907
-0.03700225542508619
0.03512466773671689
0.02739069100775287
0.02292085158114207
-0.02429752183603467
0.003379249386258585
-0.02115623049058735
0.01925536111345773
-0.02118782180976878
-0.02059572269148659
0.01558638165642105
0.01791328928458882
-0.01503586591986442
0.0008174074563427619
0.009643842723388182
0.01805198844315722
-0.01997798232380063
0.6241572845264907
-0.02121835895629084
-0.01680632603403672
-0.0007345923299175791
-0.007586341367095702
0.01137808148559263
0.0117661362889336
-0.009673982084468038
-0.00954132197391018
-0.001718511965940455
0.009073024131614316
0.01124897735208497
0.009200549124238663
-0.000984557557432163
-0.006864729997940654
-0.0004823015375450762
0.0006612117844599355
0.006895219311324478
-0.001308963419220274
-0.005900553005149776
-0.008311804415004627
-0.01492951591453408
-0.004975515041590343
0.01571088841333475
-0.01227825013934379
-0.002288505951754126
0.001190630899733883
0.002695080148173105
0.01656361584130078
0.01438243179298467
-0.0008005427288052883
0.004163553560751716
0.006768223634518618
-0.01032867671659983
-0.002557947927609186
0.009553728673790025
-0.01749999224594597
-0.003623361719173324
0.008700597751472652
0.02963645741779838
0.03794620636416108

0.08842942990515766
0.1328196850900618
0.06465534871945798
-0.05766140169812502
-0.05337891376455717
0.04256125128178902
-0.03955062147157799
0.03789447946575497
0.03016724646245177
0.02336894642409299
-0.02486287292409597
0.003754829518433288
-0.02437927831143814
0.01918635397673716
-0.02272055046046738
-0.02015700108686567
0.01938222482418037
0.01692955493796205
-0.01622625858956389
-0.0001755964309137735
0.01442994513797058
0.009720602881832274
-0.01909697663803066
-0.02182610587181737
0.7363091702446469
-0.02084704886731425
-0.003835175783630971
-0.01601490157499699
0.008203419447168467
0.01163391178917956
-0.008040773408280426
-0.012312225505689
-0.002261347484557174
0.01344692354438771
0.00526109752889406
0.007377708383666415
-0.001096495981113005
-0.003972006295238771
-0.01389405987190938
-0.01069718422494689
-0.005007500597244759
-0.003205402851575185
-0.0122632265732895
-0.01163686916271875
-0.003807904461040108
-0.002645455493277447
0.008511850788029811
0.0002585633712326296
-0.02487338654109442
0.002892628033723052
0.02187722028351202
-0.01654993397411473
0.006485298814129297
0.004935209474094496
0.005097402622471679
-0.006300396430617491
0.007435372096707621
-0.008126766875710338
0.02482308283413182
0.02497691478288251
0.02553590497026879
-0.008648636370102649
-0.0317474297447759
0.005215080071300844

0.069339917364486
0.1096806902915029
0.06031366680637866
-0.04998731588586502
-0.04718833934851763
0.03726754858979631
-0.03592764515797182
0.03271921613331092
0.02655388794699376
0.02228359981179498
-0.02090913014212206
0.003377405837623551
-0.02106265696196104
0.01886761345016933
-0.01842801855198294
-0.01845963824490762
0.01576560276614617
0.01746503813526736
-0.01236662217582447
0.0003607771054510971
0.01280988416145168
0.01458703087310767
-0.008234831092188505
-0.01654380964845519
-0.02018238645778499
0.8674337418820969
2.957930206928458e-05
-0.01984028675901379
0.01468745055012648
0.002980093824830289
-0.01306917742167755
-0.00897524546006433
-0.0008209640809756387
0.008304304347149061
0.008935457814584408
-0.001964961787607186
-0.003748744822174349
-0.01182518868961516
-0.01260222882006885
-0.009327468737041499
0.01511761019229414
0.002646623883882532
0.002261700974256584
-0.007578820752935324
-0.005043585543013063
0.003414008644958357
-0.0139120490101477
-0.01878920189728426
-0.01683818848261871
0.0006304421343612506
0.007809121067054447
0.01139680090450608
-0.02742206135757645
0.00810933429509644
0.005321558223968348
-0.02090092672230941
-0.008131684597806995
0.01420292932635434
-0.03673583141184183
0.0141821011175918
0.0009300054844372414
-0.005882436601989284
0.001589674956799795
-0.06519257874494698

-0.00195771472787656
0.0002109329409489535
0.002465192521891123
-6.661931698657969e-05
-0.0001087586616656039
0.0002169051040338828
-9.13941814990539e-05
7.327101493830269e-05
0.0003518180407164954
-6.492536462492466e-05
-0.0001958616633146621
0.0001140519795155738
-0.0003965099198245527
-0.0002422911113985685
-0.0006345292142404691
-2.127128532164457e-05
-0.0003608017679025009
0.0009010601334221269
-0.0001128695170146767
0.0004154892769395758
4.06967190487099e-05
0.001007007349966282
0.0002433427031151811
-0.0001612520460301025
-0.003250024745501245
0.000544819879990214
0.878770041512236
0.004606558811501966
-0.0002048422885866191
-2.512340823660288e-05
0.00112276402689435
0.0007587347364354066
-0.002796086425913
-0.0003137313853093572
-0.0002923772180697476
0.0006358031262020248
-0.001401026762224015
3.00153250521782e-05
-0.000202039227958834
-0.0009575280811745455
0.001628123298183037
-0.00361694130062227
0.0004525000357827991
0.001320384978751423
0.001301556730029523
0.006602953446827108
0.002119446200136277
9.967352350455643e-05
0.001171581406348824
-0.007050082631781149
0.001762028322352246
0.002202986361430842
0.003224188895216476
0.02238084616409462
-0.01708188228585435
0.0003709056178750075
0.004689780198262901
0.02291075738514059
0.004091162837342345
0.0002041910255629174
0.0003579898041188473
0.01386582076011012
-0.003090529080343685
-0.001422728013536392

0.07051998959768502
0.1069927070633507
0.05387276517373697
-0.04805176302320165
-0.04426958451358683
0.03537253158225762
-0.03296060954121349
0.03188592930126431
0.02441962603790954
0.0201928879021686
-0.02165385920420246
0.002882121342304853
-0.01871299742754936
0.01653837904489887
-0.01948716992695624
-0.01586433744157919
0.01513051311057797
0.01461672317814099
-0.01398381925070262
9.46083456702654e-05
0.01191797314010451
0.01342941296203138
-0.01218430977573473
-0.006842101655958841
-0.0148376363451477
-0.01923512088737984
0.004129551742156474
1.012728932342021
0.01558228171284903
0.01565962254255223
-0.004715517951178222
-0.009110156104042071
-0.001614918387921918
0.005119883728122237
0.003327877357425498
0.01333070886575582
-0.001160247757668166
-0.004944769449346772
-0.008941440543055606
-0.01707732856720549
0.01364981004466192
0.0006512225951938467
-0.01171413524613386
0.009659219347883814
0.008027677709975549
-0.005458604819181502
0.012619107052969
-0.0006167373610042621
-0.003923562722526147
0.003201165315234382
0.006930564463750111
-0.0001619705364007476
0.01350943380933105
-0.01160944408711199
-0.01328340301600993
0.003824104530649592
0.05133552742074075
0.004324741635936982
-0.03079121898794553
0.02053602534648516
-0.010915569615312
-0.00520395236053005
-0.02726407066405667
0.01432620757897319

-0.05546910674986566
-0.08517902149130781
-0.04575032587183718
0.03963352237714651
0.037339165555363
-0.02977900501547211
0.02829368416895963
-0.02625801522816145
-0.02162184230171336
-0.01729310164069308
0.01778219925135588
-0.002699390005559779
0.01734509631937409
-0.01341177327652685
0.01559915877822565
0.01525333561134412
-0.01159763592980603
-0.01265671328371001
0.01168904664240868
-2.282985331478573e-05
-0.01258474899706663
-0.01002161304040918
0.01054112267738947
0.009615537261062486
0.00563736248213314
0.01319383439517759
0.0002187283994669489
0.0149444556846336
1.174490538099571
-0.0157990167583429
0.0118702175472732
0.0002737523606093761
-0.0005300415992468596
-0.003984108561469028
-0.00818772530638185
-0.009400907631421648
0.002229497788960877
0.009531222080357173
0.007771723864498764
0.01215416474327665
-0.0141011125299516
-0.0009520477332334642
0.008536856520597595
-0.00321210983505975
-0.003948247514561288
0.001777182178484233
-0.004890143224848462
-0.0008807274487332324
-0.009758932920663174
-0.001746330064248587
0.005044974071295581
-0.009157555116470392
-0.01123194029154249
-0.001446303010896317
-0.0001459150789586338
0.006987994182288028
-0.03387336469274919
-0.008852619727503806
0.03505264847774318
-0.009630169837650977
0.008240541819314339
0.002859705383853283
-0.001551070763277458
-0.0008383509412804293

-0.04304389352634262
-0.06948078441928568
-0.03849025741446023
0.03325821613064178
0.03104066470468458
-0.0254995850146611
0.02398279897632818
-0.02259834172693605
-0.01820750267561603
-0.01569033620023229
0.01473932282106285
-0.002242787413138738
0.01450590514781512
-0.01312459071183573
0.01215131288982628
0.01210121052518411
-0.01146037787639714
-0.01076212459076568
0.01038853863276598
-0.0005361601535379688
-0.009144160312313517
-0.01123421248014148
0.00724351270178861
0.009120192259941814
0.008515275695643833
0.001718264826920714
0.0003416244106391127
0.01345991166885198
-0.01517597173787654
1.359198758342343
0.01213255165281252
0.006968162093717657
0.0001372847797911742
-0.003002462323699597
-0.009726072811335964
-0.004433749505846204
0.003305507240033975
0.01219987025246428
0.01290864689150237
0.003796807490073782
-0.007606245456916725
-0.001211812248179631
0.001705264485342191
0.01498040373301289
0.00944943972508675
-0.006642194502183994
0.01740303915508246
-0.004141019017837143
-0.008706825964896081
-0.0001897962951987664
0.01040835224220182
-0.005535929648694378
0.001756943635388214
-0.02442848143974869
-0.02620947756115118
0.03598065014620152
0.009752557499704804
-0.005219655268121937
0.01420296878970341
-0.01143541564258121
-0.01945348392839573
0.007618431215689793
-0.02193233733012494
0.03990346035350936

0.05128537999900226
0.07460874648042946
0.03594412035793088
-0.03264132525585376
-0.0312360476621641
0.02451100772097348
-0.0234948634609394
0.02261524084903431
0.01790131678150054
0.0142900492299752
-0.01564186875709571
0.002052012539715632
-0.01375226034939534
0.01193014439113027
-0.01379269623427554
-0.01040451787428131
0.01104873116943016
0.01209012386357016
-0.008892244881871295
-0.0001781966850010792
0.009489967368049064
0.008429218404394187
-0.01050783483231105
-0.006792726945203683
-0.006801828474400896
-0.009388991046877859
0.0008318876957948615
-0.002968119273741473
0.01110195931517035
0.01240487993200131
1.563726883108567
-0.01488274623975701
-0.0008092115719542611
0.01234188471487865
0.0007259466711344626
0.01296070189622426
-0.001320673504148413
-0.007185619134132544
-0.01072342155440091
-0.009257106645631849
-0.007861058099519758
-0.003127572514399081
-0.01406827205321295
-0.0141325826639628
-0.004048356607554385
0.001223095421607516
0.002614236164063143
0.02699069984645225
0.002918740016449948
0.003236586425985015
-0.0002826249831930712
-0.02209031667415743
0.02853496003249654
0.01885934288534983
0.02367075155229199
-0.02342225995442817
0.01868024752751578
-0.01425864942007727
0.03354625168066823
0.02661466728455993
0.03874890604749829
-0.01290026742257587
-0.01483833740329587
0.01881211620121848

0.02847230038029513
0.04730501145078795
0.02800691630365625
-0.02443082698995306
-0.02256937013786422
0.01894805289131099
-0.01755216786147562
0.01669583482963299
0.01378031647022777
0.01163744506498798
-0.01121243091838087
0.001749875538740103
-0.01125577432972072
0.008980433681924051
-0.009674381014988531
-0.0103137219491682
0.007200421886565655
0.008432796979510495
-0.008510629108724212
0.0004244183318846768
0.006113297512626945
0.007836445162961975
-0.005708732790619296
-0.006911237078774045
-0.006297122109663176
-0.006199646121908963
0.000163038755011562
-0.006183664564204393
-0.0005596922037672705
0.006774856580291866
-0.01391642298868866
1.777707713095461
0.01228214011853294
0.01038328758367342
0.01382777190455227
0.002023971795194819
-0.002480153413634332
-0.009612242908653569
-0.002540866954670077
0.0002228795111683512
0.01398745977754911
0.00299652689771073
-0.001733781380011176
-0.003781683678213793
-0.007343849473228518
0.00139603133063527
-0.002020232020590791
-0.002714191425836722
0.01999097035885903
0.003510868345456836
-0.01559052704287456
0.01911165708704129
0.006174262932689962
0.01325509259090405
0.009540914242012951
-0.01382365704312699
0.0009463568351646533
0.01495417688805632
-0.02370716947302256
-0.01355912680260748
-0.006502928964555947
0.003269490285298007
0.03853197808926068
-0.003371671115690201

0.009318196466115959
0.01519719492428214
0.007521051272133708
-0.00618063094839467
-0.006460414378569075
0.005344331232334115
-0.005070401341849324
0.004572480692746273
0.004138006088357659
0.003223130917351305
-0.002840301765251686
0.0005677848410330803
-0.003385429253070809
0.002355984874189474
-0.002737675855232964
-0.002756097235169396
0.001919164833980152
0.00246062120064183
-0.002164788039401635
0.0002287065948682534
0.001649872381676196
0.002073252122571471
-0.001394610560451342
-0.001646154141815565
-0.001687511134594101
-0.0009287566648871267
-0.001428415400524863
-0.001551577669789452
-0.0001053941476713534
0.0006762785165365351
-0.001149908175004885
0.01177167228647448
1.790124029588256
0.006228916282964597
0.003652743867334457
0.001354999125380655
-0.001282261681310003
-0.003123683190619004
-0.001803319439544513
-0.0004880666627952463
0.003408301091027857
-0.00615044688499959
0.0004667675998496531
-0.00133361800066225
-0.001495247122052209
-0.001574681574689407
-0.00268850083104436
0.001900480455404186
0.006278726184437875
-0.01701384794508904
0.0008465454467975356
0.003898607036541992
0.000752261869741876
-0.01087409544688688
0.01542076393607913
-0.006268937367879963
-0.002031124047348066
-0.03205716170280603
-0.01848980956891207
0.00246442390700262
0.004183347344886082
0.004291052571957417
0.009609308191056222
-0.0002954001857789128

-0.03614762190262815
-0.05599590615557166
-0.03085230357610255
0.02670157125717118
0.02524995430984701
-0.02021307285464969
0.01945467215375032
-0.01794224653528124
-0.01466351936676334
-0.01237884911219625
0.01234491257957399
-0.001730712933016888
0.01134233736957404
-0.01035422896490206
0.01068757241880593
0.01012963084870726
-0.009645031664051961
-0.007559625758928017
0.007643882597830996
-0.000172113315030304
-0.00874643566269546
-0.006674802070179597
0.006277368614997123
0.006567077154393801
0.008430475846117775
0.005026650644077361
4.423407668154922e-05
0.00470017615991264
-0.003923541598226232
-0.001858653001105598
0.01121145142785073
0.01084013052572005
0.005962829264589468
2.026681673546701
-0.01410117506007973
-0.01270948068435324
-0.0003227830295465322
-0.0003935212249631132
0.001767857087304994
0.007731813941008091
-0.01068909759819121
0.0001211164400254245
0.006104559355698925
-0.005195853908478709
-0.001064243586326875
0.003752021719816698
-0.008467178533251879
0.00550850977638317
-0.007226250450231158
0.0005837042687739644
0.004952357969242394
-0.01265058540865696
-0.00938002540470287
0.00654464401926182
0.006974462259221822
-0.004229876925996402
-0.02374894295309701
-0.004233822697876512
0.02609850184034527
0.001654537947056712
0.01646667628976425
-0.004347253343590173
-0.007998727767147353
-0.01845186815031299

-0.04940525743743931
-0.07376881816181505
-0.03534865014699271
0.03155478213037151
0.02924113052430508
-0.02325342747823634
0.02173880857566423
-0.02104758915249766
-0.01620723468245533
-0.01316843139338051
0.01396761280884164
-0.001999951356649707
0.01300283281765315
-0.01105535402990713
0.01303938068640958
0.01078533872856482
-0.009907560142144382
-0.01047655037458633
0.007267053648108449
0.0001877682006734152
-0.007907474358064284
-0.00848582780901359
0.007587430422197872
0.007603417416934411
0.00579667499646071
0.007450087131245228
-0.0001454835634964963
0.003682642107973917
-0.00721371046227447
-0.008174836064609774
0.0009740877922985074
0.01350378214804426
0.003095714936164844
-0.01457290507649846
2.297426044203651
-0.01151711853372607
0.001918789357159476
0.004822704598468786
0.00441121970316921
0.0113911064329471
-0.000277689916861678
0.001493195560178852
0.005914971444919542
0.001614456690698933
-0.004592312937183799
0.003223831159479269
-0.006267499557818957
0.002037967432990247
0.0227633398144616
-0.002546637588270912
-0.01856627094036036
0.01542441182823936
0.001013854702799041
0.005867087145524631
0.008852523976310511
-0.003400679702455303
-0.01921945702074675
0.002381075823850257
-0.002590290874362679
-0.0246190538847069
-0.00949173517265957
0.007200482677824367
0.03973533384545647
0.002116647233023228

-0.03895273759238097
-0.06201549686555986
-0.03416926352103225
0.02787217661491299
0.02638521810721211
-0.02078170670896881
0.02000821945214094
-0.01827106027751718
-0.01502301324549546
-0.01194520455720863
0.01191267410744266
-0.001944613341521617
0.01225985884150374
-0.0103250244654315
0.01087222640154005
0.01083858148423645
-0.008236535287727418
-0.009221461800911336
0.008257678035270739
-0.0004285368574175061
-0.004751848657038856
-0.007959098594893681
0.007739157088681323
0.005657536655822089
0.005867204678116487
0.002759311345722781
0.0006129883871557704
0.008882824874648981
-0.006227007266141584
-0.004981039383679445
0.009863218768261805
0.001932489833384156
0.0009644393010009268
-0.01219537504644064
-0.01156691947488368
2.600606554575061
0.00787195579672848
0.01315480196221443
0.01272491672927094
-0.003368688891378711
-0.006517791122285526
-0.00140453874445802
-0.005111052745910639
0.006940928217467412
0.00845430045157897
-0.002055310854775825
0.01375704487220947
0.02201078791398178
0.02575129354394269
-0.001005910897620288
-0.01460662418083552
-0.006149461265250222
0.03661160994122498
-0.00600813534140902
-0.001284511442844109
0.009928043461389816
0.03078694913256249
-0.008308287485192176
0.01518628228431741
-0.008331149444232668
-0.005468078318873683
0.00143611812767493
-2.139002121232534e-05
0.06253873928492371

0.007368535078266125
0.009963995515360617
0.003624767228700997
-0.004160088819048242
-0.003837523800830901
0.002716892061783055
-0.002625841226818402
0.002215874010242825
0.001745160611582295
0.001619951414182071
-0.001298875841763977
0.0002674739719206439
-0.001494816451429978
0.001237546167714482
-0.001285397781137799
-0.001196650676622088
0.001472406715990859
0.0007576388337618954
-0.000777482304870883
0.0001444142260923976
0.001470114246333415
0.0002741338713795159
-0.0007582731798456592
-0.0007842554816682641
-0.0004922714560485142
-0.001419839391280068
-0.0004501371273463193
-0.0007878857394212557
0.00145540651452045
0.001685763174259155
-0.0009606315468746406
-0.001989754161306618
-0.0009158807822033598
-0.0005287787498277324
0.001719807621378446
0.007500793906258504
2.804517482940741
0.01341041501120657
0.001079736380131831
-0.0005218640395890364
-0.003211279028078409
0.00408697057780406
-0.002923902347506963
-8.883995068039623e-05
-0.001434573188217383
-0.01248572845663353
0.003428457118931629
-0.000814701133811402
-0.002972790717184605
0.01594812469837906
-0.001949048036055604
-0.0009503483168412316
0.00719503802465812
0.01592697477433422
-0.02029841517359702
0.00962461155010997
-0.000742816742379353
-0.01049441839747461
0.00653407770431351
-0.002259971519603051
0.002455391868356852
0.02127789743509442
-0.004288585637697134
0.0156021806756971

0.0417623684402314
0.06311982043046858
0.03138753848815525
-0.02786085949021169
-0.02568395186323352
0.02045647499945193
-0.01903136756570646
0.01838264999588758
0.01404999841196033
0.01175817770377851
-0.01217728283554118
0.001712449746481943
-0.01125979102142789
0.01006135487867005
-0.01108254289066482
-0.009569458103710168
0.009384538500517488
0.008127448764499744
-0.006966657416024528
-0.0001353901883156633
0.007914042532612318
0.005128568898364767
-0.006128639726261247
-0.006313283895273194
-0.004061610345267733
-0.006970918301191247
-0.0001680068527915151
-0.005043388961302507
0.00735789455391033
0.007574389751546983
-0.006378010762036388
-0.007972804116344351
-0.002406961519359057
0.0001226568504817203
0.00546987244831483
0.01294207966120344
0.01306798559239754
2.918804900362522
-0.008433748109904556
-0.008532830036749053
-0.006815584345743917
-0.004349023075101067
-0.006741361161242012
-0.0002702224893619933
8.324724955002328e-05
-0.005030132491630286
0.0203981467177172
-0.006715746022156544
-0.01508031165440533
-0.001766794357526293
0.01653557330667754
-0.002552919055092794
0.009627285095750381
-0.0191534705304555
-0.008877113208703056
0.01806863210693887
0.007928550890980983
-0.005273858048530498
0.01981552876846835
0.0008179848310137291
-0.0008299700924998981
-0.002469995215460784
-0.01380745210920184
0.03997618850566519

0.03059680174017837
0.04724311871844178
0.02608085149851556
-0.02283017570552924
-0.02132888611837248
0.01695691568885973
-0.01600038280735761
0.0147349593029106
0.01212209870698093
0.009853431486914805
-0.01040825748578238
0.001480299149194374
-0.009487846148483085
0.008041552692729092
-0.009277680221543584
-0.008625497718482974
0.007132142878168228
0.007495521187591348
-0.006086486461919838
7.124235564247331e-05
0.005872744740983101
0.006153883713827312
-0.002225094819864042
-0.003598999023150338
-0.006864128675928392
-0.005380047740392128
-5.798870954255675e-05
-0.005300469841317369
0.005366106252556768
0.008156035843308833
-0.006243079122242021
-0.003382881626424183
-0.001321908505366396
0.00245957532570254
0.002372011774926275
0.01120233496259749
0.0007213387350527483
-0.008268537091865818
3.274562099513552
-0.003052018309874237
0.008709868077942527
-0.0008002779064684925
0.003053296317888664
-0.0008666392216055896
-0.01168596675585189
-0.006594580511373817
0.0187021906559248
-0.01569086806694497
0.004682207233239363
-7.051739023495609e-06
-0.0006559064792209936
0.02118224602874488
0.0148970026631157
-0.01194449267258924
-0.005069523100394813
0.02496992647946088
-0.01148253878964164
-0.002017782312665743
0.009068835046067331
-0.03348537575837211
-0.01682290536738249
0.01408157203602307
0.03737333844329351
0.05449011043199031

0.02312771329782355
0.03881398344749899
0.02309330152169927
-0.01959433873950495
-0.01811441065219075
0.01485616409906857
-0.01371312202259567
0.01291697499091689
0.01042964340451199
0.009001894204143983
-0.008564427486938971
0.001373113245659903
-0.008676535026917993
0.007156794354920764
-0.00756896985692494
-0.007582746564977733
0.006236087554224727
0.006677191302518324
-0.006197371919908622
0.0003441583635575504
0.004177960233532409
0.004459136213068705
-0.003751801407149719
-0.002337749427800304
-0.00496792674310418
-0.00521644104990818
-0.0004033526365884654
-0.006292432736641788
0.006023059393584725
0.003540837820224071
-0.006294277641278498
-0.0007490695082269824
-0.0004090903085796856
0.005802639495514097
0.007843084703612217
-0.003355454304168257
-0.0006623289031574274
-0.007650816230610881
-0.003696312469196768
3.656687362873212
0.007421195064167104
-0.002248942754897903
-0.001947867056650758
-0.007724136033803427
-0.01887971105083316
-0.001740354868805727
0.004938392423612986
-0.01113705413981494
-0.0009194074336853712
-0.0007668040802394245
-0.001425365235956419
0.01670704474402211
0.001778039108934838
0.004443494823067466
0.01287457282369266
0.002865466358422508
-0.04308029814840329
-0.003904854959529153
0.02093479268425126
-0.02869831333031328
0.001822587610460705
0.009369484080741052
0.044532716731295
0.02028437609248139

-0.03778294488936475
-0.0545545521754042
-0.02519107825012062
0.02253913913359237
0.02141581337060855
-0.01646742876071768
0.01574450839657149
-0.01502099906964329
-0.01176880099863329
-0.00925683399164016
0.01021942120913653
-0.001355016990441696
0.009166460126047424
-0.008268784338717588
0.008793082475104328
0.00726804797034506
-0.007733068120197478
-0.007448771928008751
0.005891173946014152
9.70897146180754e-05
-0.005756220808133585
-0.003837717906001002
0.005488420440594612
0.005624248174237191
0.001771504573806955
0.006301539417722398
0.0004982055476903655
0.006837644980921669
-0.006087466592898847
-0.005008910718240455
-0.0005817906387256934
0.008851332893132127
0.00207679794287082
-0.006499848108734359
-0.0016366537299119
-0.005130211400412736
-0.002357656356374192
-0.005492335641774219
0.008525370341363614
0.008061446441675141
4.070366392869074
0.01144429471563331
0.01523844801375394
0.01875118745430568
0.002850729079559639
0.003550217879342773
-0.01062889137477954
-0.008071163063849664
0.01617736174775356
-0.004150554010735254
-0.01664913904228437
0.02042858038945387
-0.01486403663115081
-0.003910364502176111
-0.0111524839834112
-4.124768387464084e-05
0.01163211890391443
0.01933544198980557
-0.05990462791030041
-0.01041299634845595
-0.03031108229190499
0.005519072759079716
0.0184526469222668
-0.03211244510050914

-0.00495110642168742
-0.005602927948165666
-0.001138607249916344
0.001421114875778363
0.001521307271370877
-0.00109810991294378
0.00121245615056351
-0.001031032341021645
-0.0005553379780430814
-0.0007665035173074757
0.0007489823199102009
-0.0001140868112436095
0.0006420852599216732
-0.0007280650346585969
0.0005798810267241246
0.0004559991732710003
-0.0008465217613096186
-0.000345610700155137
0.0004144954882874059
-0.0001464308633098458
-0.0005625470730991489
0.0003476579281653455
0.0005220342950960987
0.0001525439071867974
-0.000449258575189505
0.001029017648521677
-0.0007220899248692555
0.000431558739778119
-0.0003432978446666688
-0.0008586837352143813
-0.001000430796565182
0.001628404726333956
-0.002461808028552775
5.893996761660765e-05
0.0006454486626234414
-0.001083640860817674
0.002666750708544247
-0.002873198482137837
-0.0002180435560292741
-0.001693663697304775
0.01082092429511443
4.283266645392781
0.01117821842340629
0.00177746766008221
0.0006692392684663504
-0.003019933556150778
-0.005342321932629293
-0.002647725225869454
0.001010833004174755
0.01700275314087581
-0.007812865856812545
0.002293873757982087
-0.005949710503861593
-0.001368197217369348
-0.000494167294577778
-0.00157210319145393
0.001522907264138254
0.01550905988768832
-0.007046424190662721
-0.002862556578979645
-0.005918340486768051
-0.0005426412534165769
0.001662143966047833
-0.01316195914128353

0.02416209641358836
0.03861708347744453
0.02072695712507569
-0.01761220421602295
-0.01641300669582076
0.01338002828158218
-0.01253515937684032
0.01177304086194042
0.009479770616015305
0.007958142605921746
-0.007670242143639032
0.001246809565958391
-0.007947049518692847
0.006351257465187063
-0.007163133151492035
-0.006694845518667348
0.00525965178157363
0.006112682655040093
-0.004845140568706515
0.0001412221851565778
0.003758654950772329
0.005656254496968304
-0.003526362860260148
-0.003677367871248905
-0.005548028014884404
-0.001281884566801009
2.53701009054732e-05
-0.004871876709902257
0.004833115745212293
0.001717756915756214
-0.006544692636189788
-0.002501748570608703
-0.000153922813846795
0.004677633865979633
0.003178640435488942
-0.002086669071761993
-0.001883272459249779
-0.004784221645461637
0.002983781748320074
-0.002670567174086055
0.014258173455355
0.01080374942283443
4.509940452128545
-0.01167450886330951
-0.01141727019886178
0.002997126017765376
-0.00916038815240219
-0.01488742620588776
-0.005211167630149179
-0.004186662819079134
0.001111588141103189
0.01512634078922095
-0.01405143928386502
0.001830677767660802
0.002931820698135208
-0.004460503549760271
-0.01765247914467018
0.004243328414150524
-0.01559484035162456
-0.01100310407487476
-0.004946628040164093
0.002684347882594527
0.01805278296906985
-0.02301906710059871

0.01789109939043386
0.02823511546191921
0.01651103011071331
-0.01410885453467671
-0.01318377566337932
0.01064431581892544
-0.01025163592477749
0.009495874186443213
0.007723852741972931
0.006486934301078694
-0.00665460060263764
0.0009097765376692276
-0.005903197750853158
0.005447940594759356
-0.005788616275682349
-0.005698930716996077
0.004546319286206239
0.003702433546566873
-0.003960082112248251
0.0001048220962347733
0.004546025859559484
0.004190983759234134
-0.004059604547537375
-0.003357400660361605
-0.003807941988160309
-0.004116806293508492
0.0001753449509412678
0.000869814389961439
0.0008530049171063224
0.006124158030184707
-0.005049846092238335
-0.002567059053409748
-0.0007256392146950512
-0.0008885419444927658
0.001952617887516021
0.003403940555294723
-4.922506648260109e-05
-0.0006407887017110901
-0.0008893561538964945
-0.004673013847019494
0.01575643441228603
0.001326973281147406
-0.01123678789248922
4.993970448366493
0.0005989430798268684
-0.006412456813019693
0.01288943021561976
-0.002671894539085748
-0.0001584451647465351
-0.0002851777030540566
0.002639103523818419
0.007039648538717606
0.003766652473152081
-0.01439658009576893
-0.01806901414817596
0.01215811711535441
0.03265804739410443
0.007955772256331605
-0.03360229971426931
0.00281624918623748
-0.02624771299139753
0.001841693902248518
-0.01137925614744141
0.008696771160177823

0.02245135976926855
0.03332717109256094
0.01589357170184223
-0.01454742341267831
-0.01349785639726242
0.01093151164910868
-0.01020853361760579
0.01004839116259813
0.007711672475420753
0.006402983533045657
-0.006636667446605475
0.0009207553485090405
-0.006078213693005463
0.005207918067687145
-0.006126089576899725
-0.005014750758624511
0.004849599429951144
0.004107114749716769
-0.003686153610861672
-7.591917547519253e-05
0.004759880415485254
0.004185894920883442
-0.004689779639418022
-0.004648948652652916
-0.002702667124078257
-0.002800659121919983
0.0001598098416729883
-0.001242985838595403
0.000277855595422768
0.003970816748837289
-0.003077587209023022
-0.00311311109540189
-0.0006485037465291845
0.0007640711586667098
-0.0009234806413278051
0.005233612558367315
-0.000659447211591645
0.0002297608711804987
-0.007659438457166089
-0.01299337679285504
0.0009320816394142225
0.0003297909933360106
-0.01024254431198359
-0.0004368428093355081
5.506845321595145
-0.005972569243958763
0.009086307232993793
-0.0005188915115198747
-0.000831313297329452
0.0008960304707273637
0.007084541086555931
-0.008279050913531727
0.001471632740047647
-0.004969790612216376
-0.008973849968320614
-0.0005390716813488982
0.03685326355533296
0.00347723159281221
-0.02133899694505557
0.02413153735680263
-0.003605519223019776
-0.009114853580513773
-0.03691185839830362
-0.007058971468277653

0.006418616010130261
0.009340144228070694
0.004538739911553936
-0.003486150807124201
-0.003801421869196839
0.00256120352439501
-0.002289453349542855
0.002607470784652722
0.001800410703263534
0.001690994807186418
-0.001501389745835148
0.0002506042523631989
-0.001410978918585127
0.001240675457646617
-0.001234891026286989
-0.001087238603995229
0.0009579037450694726
0.001393382118879711
-0.001168716184192176
-0.0001575768599117086
0.0006890165960854007
0.001269531680370639
-0.00134689003261629
-0.0009900039485131406
-0.0009951348202100871
-4.675739501170469e-05
0.0009743888968017728
-0.001287586050002571
0.001027604063713583
-0.001140083372997629
0.0001546430388152567
-0.0002280941312372503
-0.0006119977881005813
0.001466812432403057
0.001344776687561977
-0.0006009835229128248
-0.006027934110347904
-0.002861174181863418
-0.003599693727237654
-0.00141653446848777
0.002517935572698228
-0.002185305005348561
0.002577955367173698
-0.005793551916762301
-0.005851070687557863
5.872654916435753
-0.02562733245369761
0.0009648850731597759
0.0006328901905001791
-0.008603649935377697
-0.002288386594933589
5.684036277605058e-05
-0.005398086248787392
0.01228907733602434
0.003012761037423893
-0.01179228051716313
-0.004732920830054082
0.005762040413640035
-0.004642907222278623
0.004688343504006766
0.00251374502560459
-0.02008047279716275
0.004279584568611397
-0.02303804585541845

-0.0146627313208579
-0.02370490533507264
-0.01326213250949677
0.01085185464455008
0.01046451355642716
-0.008582741434359706
0.00854166374771715
-0.007546765705145468
-0.006651023236190446
-0.005105073197974961
0.004914445250385762
-0.0007996624486132822
0.005239201459543306
-0.004291947250773127
0.004240015335167718
0.004379472572667995
-0.003124983393815787
-0.004572250253395147
0.003494019569317355
-0.0002083497952896838
-0.002175537901550624
-0.004787386437697286
0.003698629947127796
0.003535674112467372
0.003322070826363873
-0.0005397697446931243
0.0003309807588786312
0.003586198874832584
-0.00315688355816208
0.003360584758611895
0.001884345449443235
0.0008626201877080762
-0.0004491399239732243
-0.003114468643067636
-0.00299933897615116
0.005313296303272663
0.001759150915357211
0.01066259771016947
0.009838021839847931
0.003395112339240011
-0.007097351105135336
-0.003910058636964877
-0.007809736858157391
0.01134683525895023
0.008845536272814238
-0.02535899138007218
6.079968729048915
0.008840091412031044
0.006794716039515122
3.873453313642646e-05
0.008288398571851171
-0.001766688579782652
0.0217476927840057
-0.01541880232282792
-0.0171859385220785
0.03269847811557197
0.01147202131830153
-0.007680791525148009
0.02618672576628098
-0.01804330708348706
-0.01458381497485722
0.004148851028945558
-0.002279087172395668
0.07282961256454334

0.01676329883694956
0.02499044046728843
0.0120240114761444
-0.01126223016926441
-0.01058257460646724
0.008652785569019831
-0.00804188007091893
0.008011459035098993
0.006116127764294072
0.005183599008267719
-0.005293903679407698
0.0006960434239344558
-0.004658454847722765
0.004109328127086043
-0.004335964739571168
-0.003440064985026606
0.004214213907205136
0.003817973016265086
-0.003817353620376946
9.989763777053026e-05
0.003870929013300384
0.002537218806186901
-0.004194881761859321
-0.003160896545159036
-0.001624998707113402
-0.004564958810803463
-4.548247748503329e-05
-0.001529593127060302
0.001148936265037074
0.001281807562860741
0.005811508779544611
-0.001836697861053634
0.0002931601463095682
0.003148103915435705
0.0007130137802521907
0.009081477699528573
-0.0003961931386308028
-0.003515427939585346
-0.008718308827481057
-0.00589583792060408
-0.004677672685285223
-0.001730671527868446
-0.01036521993447079
-0.001132488327658158
-0.001154729310087885
0.0006821134339625886
0.008844602016586225
6.658564942341076
0.001019800030002942
0.002940699624196603
0.0003990054590669589
-0.02174820156761444
0.02320752161198199
0.01095850762501288
0.0141999411200735
-0.015658401494974
0.02577797915897717
-0.01037310785955163
0.01492881929423166
0.02194208074317104
0.02354506027306118
-0.009859275416480042
-0.0157630345993959
0.01342995778102944

0.01007503061803834
0.01597993868847878
0.009894106468500167
-0.00897564223058697
-0.008487068998309802
0.007049600880524001
-0.006648822373639268
0.00593904659831497
0.005187965317462718
0.004255656258432051
-0.004368799507490325
0.0005838788582395647
-0.003797962307093899
0.002972334451081222
-0.003325006119421272
-0.003508482301554772
0.002845464522306068
0.003281304253219026
-0.003196401861871941
9.12950888897629e-05
0.003628434687605295
0.00307334957863538
-0.001022299664005894
-0.002052532366443962
-0.003950681699639877
-0.003145187129576986
0.0001124058799188086
-0.002116015881564905
-0.0005704099572952583
-0.0007442904200151471
-0.0011164759204613
0.004656523705390376
0.001508939408976217
-0.001355981537657939
0.008114828956181552
0.008887831487652709
-0.001162944678972821
-0.006202044253746325
0.001684827888037166
-0.001226642915280737
0.008371643763846859
0.0005505245428292025
-0.003492401408376437
-0.0002593028591180166
0.0005033558566161708
0.000394870497137764
0.006284349846717104
0.0003321982365493917
7.293361276234188
0.00368748558371568
-0.01531505818406417
0.01988584255162101
0.01596151035602828
0.007721939752706197
0.01181660580674266
-0.009165480772988182
0.01246537590440828
0.002478631982354475
-0.02059115912182098
-0.01430849955982302
-0.007569885985685715
0.005060189731721237
0.03744531245112264
0.02189793711828366

-0.006051538409453186
-0.009434668539898047
-0.004184624666409638
0.00365759345054244
0.003096766255878872
-0.002923498005414061
0.002446161582776249
-0.00134264731121458
-0.001677809017410691
-0.00136482613462991
0.001392380645399869
-0.0002852611892414025
0.001463706456720111
-0.00107028326782218
0.001087334097384069
0.001222766055786584
-0.0009025470500148302
-0.0009918839798781383
0.0009497619287127054
-0.000255439566106371
-0.0006900519199146531
-0.001000956601090937
0.0005823005867427002
0.000648258863849327
0.0009382651405716605
0.0005509662687805525
-0.0007751800150471625
0.0008507831453746198
-0.0009245836750005384
-0.0003574210250898585
0.001156240094669991
0.001498140798539221
-0.003779736822388652
-0.0001093103669917397
-0.00107779138290174
-0.0008360345461103612
0.005795364777813249
-0.0004557089766670359
0.000289228502820927
2.115182124927568e-06
-0.002608921016501098
0.009420684012574503
-0.002246951208735949
0.0002447410725780373
0.001062095540836092
-0.006616995846394514
0.0001119234829223956
0.002982159620411385
0.004020085029851604
7.735001672050098
0.009598289935796946
-0.001705598304691691
0.00032573595601276
0.004043447431662764
-0.002323144850438096
0.0009111156693457454
0.002915271588673992
0.01558460992490094
0.008844936148953974
-0.0008301935206729198
-6.002799595222969e-05
-0.0009234222088278811
-0.004403517828855296
-0.0004568047539425375

-0.01022791904065177
-0.01772487138765743
-0.01130939340225616
0.009754434389475033
0.009023363261970958
-0.007436125585752022
0.006896962918408855
-0.006614318380435314
-0.00517211661543822
-0.004551246390916189
0.004114982781633273
-0.0006511679329790919
0.00410646460584408
-0.003228126464639906
0.00355172038434629
0.003654806513455467
-0.002992605387969683
-0.00327289497800848
0.00338525595056076
-9.670186880225722e-05
-0.002908588892032589
-0.003363082499241833
0.001575849672393306
0.00181270136946409
0.003895944232555442
0.002209698332807541
0.0002227011584538933
0.002091939520594653
-0.0008881249893591186
0.0006633711498756061
0.0009035577450861641
-0.001789199344977102
0.0006061579195494872
0.0009922435992164927
-0.005993825333218341
-0.005688380091887896
-0.0007843618362707114
0.005898110968649319
0.0001031522789862115
-0.0001209353471821224
-0.009157343407627472
-0.004397131960723735
0.0003032612663429722
0.00209686756795654
0.005047982402593756
-0.002150794935691493
0.007052365278738138
0.001038953971933505
-0.01322849402242998
0.009785988589569274
7.963454720025273
-0.02069067172019843
-0.0124671963372783
-0.006211789905215408
-0.006352114297222187
0.01218528995683883
-0.00351884060080685
-0.009111876362026089
0.01618270746706606
0.008495585828402369
0.0056052981267131
-0.003101212621597057
-0.02947314699412968
-0.002086330576394395

-0.02729834803966615
-0.03952487431406339
-0.01832963463321489
0.01608046049955505
0.01515510201269009
-0.01144330850829825
0.01097057703209173
-0.01047848753677863
-0.007840503613449602
-0.006047295700790274
0.006745005922562839
-0.0009204764096192621
0.005986326151423849
-0.005525427835852719
0.005996346581557393
0.00478621273218957
-0.005103580627550459
-0.004900866449460949
0.00393008267857831
8.012585677449481e-05
-0.004082075198374052
-0.003057031588741049
0.005283036123782161
0.004001878081185456
0.001086467727598928
0.003906393469887255
0.0003079276040950102
0.002327929370256069
-0.003372732248428717
-0.003418201688143918
-0.002087568164112525
0.005686532816629668
0.001121953888203243
-0.005529633132066063
0.003194316041244628
-0.00317409612456485
-4.248893642945994e-05
0.0008013888168543599
0.008653532393809837
0.008120354103845186
0.00848933638884772
0.00125465130774547
0.009429375042141941
0.004493940033122867
-0.004187506612754468
0.0002094824087507164
-0.002176131250672388
-0.01691922739876347
0.01817195049020019
-0.001499637055727326
-0.0203144644838909
8.677851829124643
-0.01349177411079964
-0.005886103624156742
-0.007754201073266463
0.003651400810679273
-0.01739910465871457
0.008299971568887048
-0.02261909575734685
-0.02916299198525948
-0.02558615320828331
0.01159758711326991
0.03996558904497754
0.0002115889237232331

-0.02094412802359878
-0.0334654279945195
-0.01770308807565821
0.01448126592636399
0.01334383697119128
-0.01048860893821919
0.009820841207029285
-0.009150159860481297
-0.007056561865155579
-0.005606513519893963
0.005495209712728653
-0.0009656657120657911
0.006009205950734494
-0.004783199347598392
0.005531994404590522
0.005148313587798187
-0.003779465070793261
-0.004549080004764628
0.003413311792876883
-4.68364462699455e-05
-0.002242593921718435
-0.004573212030098497
0.003445013923428073
0.003576151032131598
0.002952788489534639
-0.0004899754043885983
0.0004219155934508014
0.003935973513129356
-0.003424583956162741
-0.00147223553344094
0.006974921214879148
0.002748033438970452
0.0005072964858915366
-0.003482181144848925
-0.001964747222508834
0.009490488227768065
0.002379637269159323
0.004092491422247822
0.006758277979313949
0.001110357876927505
-0.007214308210541712
-0.002707386005343657
-0.005655677452867242
0.003443942167864407
0.001158793750039087
-0.003202017774531478
0.0130370544331529
0.01717673993846999
0.01213956499044755
0.0001422103826150211
-0.01170884002680598
-0.01307762436924784
9.43530850922664
-0.006058667317477
-0.004255252285280431
0.01345163620959533
0.02102047779769373
-0.01137485744913393
0.02435032044453925
-0.007002369496854267
0.001422848207526715
0.00121503752205693
0.001199590007741553
0.05600327168229644

-0.006180465816729409
-0.00952107111229057
-0.005949849175302145
0.005010423654694052
0.004730809950569377
-0.003429781287901582
0.003709886217951828
-0.003256005152441778
-0.001702854286969648
-0.001892131817206852
0.002228427164079186
-0.0002264759843406798
0.002144913675215082
-0.001913851426676107
0.002236815674462213
0.002058963611138491
-0.001664945571016405
-0.001077604490716598
0.0009359506977326624
-9.343584568527737e-05
-0.001541808940179126
-0.0009955597778114789
0.0009483001082095993
0.0008050789103191127
0.001299538133471735
0.001482649244778944
0.001968262944820601
-0.0004342552112495697
-0.0009857826919294444
-0.003999261796435206
0.003472302434896689
0.003131243606888935
-0.001723972357363246
0.0007555851099967051
0.0009276144916582278
-0.002453222511437496
0.004325789682931716
-0.005373493742141898
-0.003464213270629545
0.002245867275743776
-0.001591891035352208
-0.0005504131948250687
0.001104908415203767
-0.006672340500049138
-0.002025726574889451
0.007083834814398068
-0.009350690751290669
0.007606296607897568
0.006038628983284403
0.003329884641886269
-0.00456895319380208
-0.005321533594358789
-0.006082013149402954
10.13514863630371
0.01386808208745525
-0.01320463322597593
-0.01262397694079671
0.00515318123372202
0.003941108970079646
0.003070519933869661
0.01023999167101391
-0.01512623905412034
0.008189949784612866
-0.0203972050920237

-0.01710404267901964
-0.02592665520592846
-0.01304003653782034
0.0111751715494919
0.01018945500397986
-0.008051834777948299
0.007336507486246221
-0.006792182685617676
-0.005966089312964521
-0.004464884317014366
0.004577141351194892
-0.0007215425103550524
0.004015096676579161
-0.00379285875104175
0.004190637012222585
0.004059157176384501
-0.003285696782159169
-0.002603079712106112
0.00246051123945012
0.0001261954258793258
-0.002803203983683855
-0.002514178207718976
0.002439761682505953
0.002056672878274028
0.002285918763400585
0.00218096622894758
-0.001416637216129086
0.0001662767909368301
-0.00180506160926095
-0.00482431395093887
0.00482077010930323
0.003205761458256914
0.003057584078038308
0.0002633294749621047
0.001086240212879227
-0.001849404143581417
-0.005616786636175359
-0.002239916839138839
-0.0008752447242592496
0.005652904806132272
-0.00448825094418532
-0.0001452190971232268
0.001873054546006051
-0.007988819516623061
-0.003905532837906566
0.001609834829126143
-0.01025028636131296
0.009794849915651781
0.008812422712680941
-0.001459273586606477
-0.004555773164291107
-0.006961790631425182
-0.004200295177211849
0.01389782636596681
10.28265235803065
-0.01129418411760642
-0.01789838805298894
-0.006226682104364116
0.006448403490042368
-0.000532070298120062
0.01746171302922627
0.005654058937396971
0.01155057606516164
-0.01406642625977199

0.01219952430840968
0.01860684010951775
0.009571567098782929
-0.008781918750964351
-0.007855875126613739
0.006372615053918834
-0.005761040504890676
0.005649961607264297
0.004349819648992072
0.003713581191699026
-0.00393802690182962
0.000547305423870003
-0.003477005756545385
0.003102595277536671
-0.003793121439147213
-0.003229935641971197
0.003020418634729088
0.002164935897571035
-0.001919149788854479
-4.553264539781848e-05
0.002420428249489825
0.001437164229336729
-0.001043592893715118
-0.001312569674312326
-0.001778382566226952
-0.003139067700895989
-3.485218473379292e-07
-0.0008936444277456042
0.001807426690663141
0.00582088299342438
-0.004264962686562844
-0.003063089361898851
-0.001211667483629813
0.0004946743562441601
-4.929465928510575e-05
0.002844570395504882
0.002277311080018159
0.003487768018685292
0.007393176280242615
0.0004560104464961553
0.0007414397057600019
-0.0004528379074697206
-0.001728239395731897
0.005118683509149811
-0.0007510019918704992
-0.006457013016281287
0.01877340362192047
-0.009161370923285526
-0.006538954610838717
0.0003914613071331115
0.009092319341953491
0.001666499096949659
0.0117344173258219
-0.01194277246498724
-0.01007665239562474
11.08970172080182
0.009554152067306972
-0.0006488760181573923
0.005056101226467316
-0.01756881212896352
-0.0129908502626069
0.005651801896933755
0.0001755004786706338
0.04063720411802444

-0.004600011127596153
-0.008342770709573118
-0.005563381861819585
0.004233342483455974
0.004285138371074222
-0.003509217271597738
0.003408714223832809
-0.003104454912604287
-0.00302018634414707
-0.002256074940122739
0.002192073897116676
-0.000387755916712887
0.002580688879436225
-0.002148175522711107
0.00191062069444535
0.002224461097223298
-0.001410214392072219
-0.002505810069853567
0.001606530816303197
-0.0001121271544730524
0.00011703756841632
-0.001089844094152994
-4.370676201113401e-06
0.0003307590011742405
0.001473019070571947
1.795274445158795e-05
0.0003707090917596807
0.005179029634548208
-0.004013041904433189
0.0006947858377394814
0.003261459765348692
0.00056313009006713
-0.0001624256363105405
-0.004331551927167342
-0.004371755290131632
0.006552621045730775
-0.0002274081672024685
0.00197846698016615
-0.002186078558936196
-0.01353541915429786
0.003945544664942202
0.0005311697632389531
-0.006159279464974959
0.01318870128744474
0.01689938120351159
-0.002414362710617338
0.005623404203238706
0.0148300592534099
0.007137973684415076
0.002066798455476685
-0.002517071118470427
-0.01223579588717356
0.01792616019639426
-0.01079628735600538
-0.01551113193444954
0.009222943696160175
12.00762469602565
-0.0005800402092360248
-0.01678812082935893
0.01736278493815759
-0.00377757200530887
-0.004281941681984829
-0.03656777799921446
0.01182897714309532

-6.265539649890801e-05
0.0001843458106815733
0.0007110933909823327
0.0001204176088730656
-9.2384056897484e-05
-0.0002854588297310114
-0.0002729644673116101
-0.0007436840597623655
-0.0003950913951424975
0.0008160744904154235
8.634872429929496e-05
-4.30553613682628e-06
-8.975867956910341e-05
-0.0007069155233830992
0.0002919395018078448
7.637242437666917e-05
-0.0005573834524472973
-0.00015480458009602
0.0003210321891096965
0.0001754726413036101
-0.0002045805381161354
0.0005033133790506435
0.0003246223972124724
1.357837139590186e-05
-0.0004818661238470554
0.001252079385240325
0.001586315798513621
0.0002739496709409412
-0.001002762474323405
-0.0007315417552926004
-0.001851701906383015
0.002255922220329461
-0.004474025646164165
-0.000820384187917005
0.0005456365190811348
-0.00195072739389208
-0.002348349577269206
-0.001202631848735735
-0.0006070140951177673
-0.0006592600024993352
0.006352338299928531
0.005274354385123689
0.001566801576720995
0.003379745450732255
0.001381893504609844
0.002659366423283534
-0.003750393070672735
-0.005309247677457423
0.001733383241742295
0.009584771065368614
-0.005737678730270973
0.005586222501211033
-0.008531528068826051
0.004293139941235808
-0.004797717468989547
-0.0003477738143330376
-0.0009239587675024166
12.67477190001268
-0.0253517636679232
-0.000976166515831005
-0.006481520595815851
0.01632742457808515
0.00301577339404763
-0.01829107018676776

0.008543770591006025
0.01125412183468315
0.003803530736660927
-0.004070617026328093
-0.004054906846986925
0.003155073408995646
-0.003172419202616192
0.003130234125405637
0.00247732092072028
0.002637250569074819
-0.002445591208487062
0.0002769629409180783
-0.002267480258851287
0.001911675236913038
-0.001950329546279151
-0.001189825045277347
0.002173534067896774
0.001879261582121575
-0.001450050023929618
8.448103724437067e-05
0.0009400660501631096
-0.0006830350583288541
-0.0009694506700899967
-0.0004500565204674435
0.0007052852947544977
-0.003291085700483275
0.0002895144329747384
-0.003010851171375499
0.003852338146463423
0.002037633813513432
0.003692635627505709
-0.003982642038643961
-0.002771541480328805
0.004413641941715828
-0.0003409164452709802
0.003565720934472829
0.001519261243605785
0.004375586480454531
0.002225644526524036
0.005066123857590143
-0.0193173611152365
-0.002356619403036401
-0.005466131806460793
-0.01337898334592934
-0.008532495291537844
-0.001996081448511457
0.01224885392397846
0.007558737394787481
-0.01201894671169717
0.004882295075485319
0.009463925721296989
-0.01541012147841229
0.01729353616934362
0.002326103566843448
0.004162616380859662
0.004044846347939308
-0.01505964220393209
-0.02514613208443889
12.99867914643947
0.002720686217733997
0.02923797506054499
0.002931682015468912
-0.008930904192024722
0.04391195652044044

0.002933434679374442
0.003560412043266422
0.0001584079755000456
-0.0001457107012583021
0.0001485912311777609
-0.0004177514566877241
0.0006110360361914996
-0.0004239893582965584
-0.0009161025710809216
-0.001046715235772008
0.0008354931747195876
-7.763215628362961e-05
0.000719806454565948
-0.0005982765161310736
0.0005933709146368858
0.0008747535716225932
-0.000399995015561915
-0.000604968710140214
0.0004519195600955453
-3.795259458769942e-05
-0.0004336349057385762
-0.0002795577369923623
-0.001333811729950122
-0.0005224624944672545
0.001510373015232809
0.0009074518826356305
-1.667656829050886e-05
0.001671172976205973
-0.0007322432789606302
-0.001197546993003935
0.002962775940198825
-0.001934067422433178
0.0003249220697543148
0.0001172521590577669
-0.003803437468075879
-0.001162667752858267
-0.000507189430077115
0.0002632899655100071
-0.008147377207609772
-0.007931245665361703
-0.00339956154404199
-0.001130004088389058
-0.004405274411162758
0.0006653312372318352
0.009584624014100908
0.001592235057481912
-0.007128039848893312
0.01006171338707669
-0.007620658184646891
-0.0002084340882568754
0.004690404679448722
-0.01700215036291486
-0.004214933111807606
0.002659419154733363
-4.116054258007434e-05
-0.01530507375631803
0.01468413922449602
-0.0008353047097001344
0.002842547256099962
13.93353010875587
0.007995771444185198
-0.009653391424682658
-0.03801764462839775
-0.02067439633018588

0.0002565598835040495
-0.0008427783196969077
-0.001789677311015649
0.001590900966653839
0.001446131507527873
-0.001595339155953727
0.00154995275880758
-0.001357316129540125
-0.001527881651837476
-0.001598531263459938
0.0009112900639471225
-0.0002081947733205081
0.001184262547975566
-0.0008451970642197013
0.001213723135789593
0.00145126665717387
-0.0007310832763720645
-0.0004019880309092912
0.0007758295599516276
0.0001374552953119321
-0.0009220877442220592
-0.001309721392288571
1.975035838312246e-05
0.0003163601329193447
0.001799089343604627
0.0004132837867516534
-9.364855279574038e-06
-0.0004403076756513188
0.0002355677150812684
-0.001920628443913711
0.00437025203798551
-0.0005979950291617026
0.0005918237018928377
0.002271505360251347
-0.001786118804034333
-0.0009019418753546211
0.0003445927863625221
-0.0002962830258025559
-0.003346608899132057
0.0003739552755055106
-0.007951314550113027
-0.001663455050545353
-0.0008777125160354025
-0.009304059091740957
-0.001475765572991463
0.0009791581831090758
-0.006241501536104845
0.00990252707155017
-0.003839664188509936
0.0001440886924291788
0.002975415169959244
-0.0148798306383637
0.001781675543629835
0.007120064752413409
0.01208752165079075
-0.009753766516902719
-0.002119375963951525
-0.005589277318525006
0.02573425690977916
0.006728767900446339
14.9621667759361
-0.003555779394453187
-0.01536326130431334
-0.01079516419224668

-0.005437347615240033
-0.007337613627846374
-0.002811925059334822
0.002029711831821816
0.002396233584450544
-0.001471347927327381
0.001809985754766654
-0.0008394295570984988
-0.001538554179101673
-0.0009530759747131952
-0.000743983836584804
-0.0002827655984115829
0.0004700471344242521
-0.0003713160627816976
0.001082473621873607
0.0007241244399975863
-0.0007270241290530066
-0.0008091787085371697
0.0006416365457467294
0.001045540195459851
-0.0004316337531759715
-0.0006551501022804085
0.001048642799989458
0.0008373136089205918
0.0001252213870685735
1.504983334478657e-05
0.0008318471706716823
0.0002412070902650683
-0.0002347819716954422
0.0002721013022093337
-0.0008516699301697453
0.0008322410984141146
0.0005526238998127724
-0.0009873807860424474
0.0006183579310377751
-0.0001942845044717479
0.003997217633377651
-3.581906964227684e-05
0.003376621573984254
0.00266962760109455
0.00095295136687245
-0.0001345475540154186
0.001048192803773922
0.00126939188894056
-0.002814799885882905
-0.007571569022295798
0.001339482241974272
-0.003641036545250056
0.002839640586969397
-0.0005812859200873638
-0.001949732783447822
0.006082255179468141
0.0001132818660373944
-0.0102218940463548
0.003452985423943743
0.004607604424366115
-0.003970366235120556
0.01344462377603149
0.002684944196072007
-0.00915384011806775
-0.004008012932978981
15.33993442664621
0.00998529000607663
0.01120847578397493

-0.01336949708892338
-0.01845477307909531
-0.007587979731792974
0.006867726932053208
0.006566056606882175
-0.005000313183400489
0.004947157045347816
-0.004948143638646065
-0.003644746716187717
-0.002853142554298404
0.003498585953869719
-0.0003694446996125293
0.00278106244178659
-0.002769544944949877
0.002858975625370164
0.002132949868840445
-0.00246718023713747
-0.001873598933774482
0.001477972512984162
-5.032428997768848e-05
-0.00217885651792981
-0.001496664306067589
0.003628896949001345
0.002578448843558757
-0.0002262728353608764
0.001430468077705875
-0.0001541536362990511
-0.0005567038638910841
-0.001158260108481211
-0.00301904232322449
-0.0006425918218625724
0.005227599352294821
0.001332056950781906
-0.001871348321769628
0.005137052645130574
-0.0009471713752227792
-0.0007237406703238844
-0.001982603660228615
0.008041302257796763
0.01099143404831074
0.004331748675689154
0.0003910205996258251
0.005406621476242357
-0.002348241388827636
-0.01275055144047847
0.001594980644296346
-0.001270758101387577
-0.005791117707577771
0.01683819604662888
-0.002029056519472361
-0.0148448164955944
0.02139527280300538
0.0002329113642713192
0.005514225453445721
0.00759915889989196
0.0004527009915649596
-0.0275673456820357
0.002748148416001741
-0.007630052593892445
-0.03391210418506557
-0.01510893821635539
0.0101655637638296
16.11978971824755
0.004973313149831321

-0.01181630035758936
-0.01929616420888702
-0.01009707594657457
0.008076057539405261
0.007534231042106179
-0.006099630593768973
0.005748979579054601
-0.005480693928378454
-0.004242937902704615
-0.003430266641665381
0.003253798546431911
-0.0005511861933663458
0.00346017258601047
-0.002737626038517959
0.002977586740680462
0.002813814620823791
-0.001989092167450201
-0.003049267548126935
0.002182672150498352
-6.954712937179777e-05
-0.001129210147012025
-0.003704655764675182
0.003092445536311429
0.003035092746081407
0.001826670749703711
-0.001941952675087234
-2.347354680135421e-05
0.002342804795385889
-0.001397805099357227
0.00204158241157156
0.003010918024313289
0.0005994425265990503
0.0001860866029814514
-0.003294971992934625
-0.0006961400037202308
0.008792202463683948
0.002759740068232222
0.007824311248362085
0.01105300373666906
0.004804952787567395
-0.008520944523331825
-0.003362264025713794
-0.005437079883085099
0.002993010873384778
-0.0009270196115437699
-0.008056893354323785
0.0255617665658161
0.005674535892255234
0.01018125624261496
2.117585006676672e-05
-0.001003219066190567
-2.37930820349932e-05
0.03029244637444291
-0.012276060677143
-0.009034095982097146
0.02603623627518384
0.007619356259313753
-0.01342882109817962
0.03358257353708242
-0.01654914475733191
-0.01032488031672129
0.0104755817611049
0.003960963738258213
17.29205649885481

