-1.678574023468491
-2.049592426261396
-0.4976693031129775
0.5879202581072781
0.5137149312156891
-0.3723029391394441
0.3651928567078043
-0.3533657865348326
-0.2344382747182625
-0.1828445782676276
0.2103723275774625
-0.03215978328286023
0.2107058221573394
-0.1312079506018514
0.2048677803208351
0.1676908507693576
-0.1309301298571438
-0.1546916666720079
0.1208813678515261
0.01355762574718962
-0.1055089668075462
-0.1228705963835881
0.1000142906096779
0.09500305293573104
0.0989848458906948
0.0896561637422341
0.002891562997991286
0.09228138119559014
-0.08762458452052399
-0.07993040527307053
0.08076501849985689
0.07509465204648057
0.01432003654053784
-0.07588017614207077
-0.07144110771713227
-0.06752902545270945
0.01518674222558858
0.06328404990688741
0.06958390537121215
0.06299510745312836
-0.05618971554532082
0.003189140938463862
0.06557008980735553
0.05753484122742732
0.05291408178300828
0.0211251333589271
-0.05543798955490752
0.04476286314946498
0.06526844183335367
-0.01596674695281955
-0.05835317154563309
-0.03100429619816544
-0.05356137163102778
-0.02210938887689821
-0.03723391240663766
0.04363865902695874
-0.05651168209365427
-0.002312004096431289
0.02246360617617688
-0.06137447653719695
-0.05522599372726283
0.01116429887458299
-0.01082930618237848
-0.0511358067146165

-2.048393301046812
-2.874286029261357
-1.038948117682043
0.8187045574068794
0.821639387631584
-0.5628242516088588
0.5781170499745933
-0.5215557867422724
-0.378078069775018
-0.2817000537263591
0.3275774931170339
-0.05042551662399092
0.3097058097230147
-0.2257568531587697
0.2987141343085092
0.2617896743506791
-0.2075379934275115
-0.2330416371801286
0.1870462012705736
0.01475807137275278
-0.1667898681944577
-0.184699230870166
0.1574798002960341
0.1472389350015125
0.1518845919399676
0.1375528513749377
0.007650898368494996
0.1427576488558261
-0.1350929286571142
-0.1240815234804762
0.1258423950659043
0.1167956727079235
0.02235699855431185
-0.1177436388750344
-0.1104144003426205
-0.09713822378890706
0.02349249355494895
0.1008894771872748
0.1082449297734394
0.09645643240698328
-0.09144833600332943
0.004816453138322287
0.09363016073047956
0.0910064222692918
0.08501918266764923
0.0277775810090034
-0.07242000685186689
0.08321284861466823
0.1065154374521959
-0.02335271850261662
-0.09075529630032714
-0.05776646059022425
-0.05837051482364353
-0.03808145187243238
-0.05897790301956332
0.07575864136094684
-0.06502590558212501
-0.01335229840598296
0.05451901948693263
-0.09111500451410894
-0.08071009535927812
0.0168409863792748
-0.02862748475472737
-0.03405982686217641

-0.4901937186047818
-1.029345246451702
-0.728235487680013
0.4630833390504166
0.3904921105640839
-0.3211710681534826
0.2806528459623887
-0.2676350536669737
-0.1992423927547249
-0.1634278349905531
0.1610664009806018
-0.02888958430332626
0.1541817988446544
-0.1349261973104428
0.14384568297108
0.1333127047858468
-0.1175208950123301
-0.1131027045460273
0.09931148415590441
-0.0001323869809653493
-0.09016480109781708
-0.09275335670987607
0.08274261608682749
0.07898848993086564
0.0778031607277035
0.07184312436687149
0.006443315253952353
0.0727532977625469
-0.07062517887170795
-0.06634378516839988
0.07074443901471125
0.06081516566562233
0.01088625506249407
-0.06068801810753267
-0.05704345078185015
-0.04512237789385878
0.01127412738715369
0.05329468644344097
0.05369108925164525
0.04941270414881362
-0.05775611258512337
0.001501614509153196
0.03985342807884859
0.04314334172958033
0.04539992938214655
0.01332456078922524
-0.03199191284822726
0.06450484515868159
0.05986717219782518
-0.009653529157944091
-0.04768122031811461
-0.04946932033036799
-0.006959404128726858
-0.01468334303216812
-0.02036260779057972
0.03431914255620924
-0.01900868775208447
-0.02040459401765979
0.05999681546502818
-0.03431484565178227
-0.02033511695886996
0.003146621408628872
-0.031769917136483
0.01272926432942677

0.5760177057378463
0.8008304569166355
0.4578388280478284
-0.4362603616859776
-0.3592619293812248
0.2651054017062865
-0.2481154169812035
0.2239997557114949
0.1774059825542924
0.1371379930055482
-0.1438261252533878
0.02243415943602586
-0.1335580783013827
0.11230325290677
-0.1264964305186112
-0.1146845615985777
0.09827160063868262
0.09995973214427081
-0.08401356089448367
-0.001246048295671146
0.0791917835028554
0.07906362479473755
-0.07072661709759673
-0.06666130340540613
-0.06785954382044757
-0.06457426970670054
-0.00344283804431061
-0.06055956987255733
0.05943318835042821
0.06251620888434446
-0.05940917761715039
-0.05475127904429953
-0.009831995091594761
0.04860480474489317
0.04734160041982708
0.0507137096659598
-0.00734536725962523
-0.03713500269713187
-0.03813107803887323
-0.04626251524193537
0.04327940474215943
-0.003588482439473499
-0.04536669978741215
-0.02635862078254186
-0.03206503237295964
-0.02171614181212618
0.05887983602811237
-0.04594833555051303
-0.04622873424268777
0.01050160928324482
0.04620999204887363
0.03462210232881685
0.04350608481316423
-0.007711521905809319
-0.001387763297329932
0.003590336549701527
0.05421500753914711
0.005493598946046365
-0.02596339197766248
0.02318000592274611
0.006783494941968449
0.002298393700200335
0.008590628315119177
0.07964450088657285

0.4952684843182008
0.7953238232835711
0.3819949684593911
-0.3557031573724843
-0.3274899326492601
0.2576245344071618
-0.2312872479410936
0.2098934282133037
0.1607091285777096
0.131322379749102
-0.130673668031008
0.02119549721914318
-0.1268205821624115
0.1024066657890164
-0.1178694935660839
-0.1054280631435823
0.09119068171812666
0.09278649710768559
-0.07890201128192266
-0.0008329883489963749
0.07170312040357378
0.07459718093189673
-0.06394661643797497
-0.06193391929256806
-0.06314761525499193
-0.05885082611134926
-0.003132168705843899
-0.05943645449415773
0.05707590664146767
0.05391307049892926
-0.05635446809702332
-0.04760757669351446
-0.008636983759047706
0.04807277015840857
0.04849337965421618
0.04127191861442423
-0.008436751813155985
-0.03970884168752249
-0.03443046879204602
-0.03170974853136496
0.04091131654347954
-0.002294144103779085
-0.03411400419676476
-0.03729045997816952
-0.04458529943420561
-0.01478064774031398
0.04047506091284386
-0.05034899488056438
-0.03890819583348518
0.007968816610806744
0.03424078760493519
0.04601136390033363
0.02600575585080639
0.008048558267716176
0.01836252858146565
-0.01247628625553132
0.004193843964245058
0.006985593173685628
-0.02009358006380417
0.003806435255358214
0.01438277619328686
0.007325540415385999
0.04986745196564023
0.04430895114097422

-0.3582394752802447
-0.5419954999863466
-0.3129386144914416
0.2608626510321715
0.2564060503324478
-0.1801500308728623
0.1909915030151169
-0.1717015767586881
-0.1292329589664722
-0.103581907431426
0.1075156433594987
-0.01564361720246841
0.09759650214377794
-0.08544507389487938
0.09165036105813772
0.08414523888757161
-0.07209544865540098
-0.07508969408779829
0.06299570378594808
3.104300373567704e-05
-0.05681668082315555
-0.05820648911286538
0.05205977087391202
0.04894610284491385
0.04958408768824798
0.04660918107646782
0.002781146660429717
0.0504743454802417
-0.04772443937394124
-0.04100794280715896
0.04050963945913792
0.03943994008589873
0.006869657737693225
-0.04254813627511432
-0.03933658804112294
-0.0298875397225255
0.006839252170744504
0.03317399919562404
0.03050269020454121
0.01922181894494596
-0.01984152836449275
0.003862177586999527
0.02695114399060956
0.04557995452425007
0.04537122326426894
0.007919911863978502
-0.02457191488583705
0.03312558731312674
0.03843784981886754
-0.006384757607188629
-0.03111176262274815
-0.02476560669467522
-0.01914631458716454
-0.02125297854161281
-0.034842849163935
0.02484755299290381
0.02803557045956476
0.005080375167408975
-0.02293041701165399
-0.007182911708023577
-0.04100888628851781
-0.0007185346836559321
-0.04360520287382021
-0.02531114048912308

0.3568640306478003
0.5640563099760574
0.2741938712887226
-0.2461373381931385
-0.2317976888747016
0.1920252968300983
-0.1384103837732126
0.1705608311669835
0.1277464227952318
0.09697174211349459
-0.10059292848484
0.01552063267368174
-0.0961174914795644
0.0772840963093103
-0.08965705012972837
-0.07891117550994453
0.07012920938463382
0.06932197304638396
-0.06085162783792506
-0.0003433684778532542
0.05473867895187377
0.05409729623262768
-0.05005651553807342
-0.04686156764140074
-0.04559668267145781
-0.0475185655015375
-0.002761275907215878
-0.04534319412450653
0.0446893005142454
0.0413279281075551
-0.035333053901759
-0.03896794997629967
-0.00730315606013539
0.03935240749497326
0.034430568524629
0.03709405783493104
-0.004648580526553267
-0.02652870109646696
-0.02811466053858501
-0.0237129024721111
0.01265275863844481
-0.00592138976928579
-0.0343002056506997
-0.03839344605822938
-0.03527839654040577
-0.01229168278112968
0.03971017773915914
-0.01778832770365039
-0.0340989418059906
0.007537578886326258
0.03377131349629383
0.009489701071195025
0.04283868522186771
0.0123470490641593
0.02525568240344021
-0.01094287849340567
0.005292522648673831
-0.01500913773066009
0.04016907014450576
0.01551762977144353
0.04200320593476639
-0.0007923126722848574
0.01606751961844281
0.07163408491229567

-0.3368549653691333
-0.499163640205996
-0.2611975117787146
0.2203616551806507
0.2085992328241953
-0.1714744309132595
0.1691368900522792
-0.1031292552795146
-0.1269480063242511
-0.09799546247088559
0.09152899653364496
-0.01498050936030925
0.08890555472573322
-0.07503619488404399
0.08033729122481505
0.07659830285576542
-0.06411193416662479
-0.06612431314522436
0.05503262080896609
0.0002819640033014953
-0.05213723089916778
-0.05295722700433193
0.04420709981559091
0.04385933574721269
0.04648205527181287
0.04093959620089524
0.002248533806979792
0.04319241091740081
-0.03930494052414378
-0.03732450591194354
0.04189527997801672
0.03068222389632131
0.005627927548458283
-0.03236099136476444
-0.03844764372304371
-0.02943395904452258
0.005980734955955844
0.03154538713964597
0.02049711562225594
0.01883401811944151
-0.03645140560798221
0.0002128810087254781
0.0205444080425207
0.02527336942777091
0.03656301907441256
0.009657192825114232
-0.02635748410333267
0.04166454716558599
0.01412862139291527
-0.00360886271111086
-0.01295794395839968
-0.04992325440240751
-0.01753334643146031
-0.00716358926676515
-0.01630150717164342
0.01092180101673563
0.00490362013593882
-0.01230770677431293
0.03163801786393584
0.01521408398183227
0.002911857747807414
-0.01161072790251201
-0.06641628979706124
-0.03006418640153784

-0.2312634785802907
-0.3732203914045201
-0.1984235775651058
0.1788340211860182
0.1630911373802291
-0.1313954406890196
0.1290966942567953
-0.1289844529073381
-0.03875355589974078
-0.08693490858987375
0.08234785863994493
-0.01066835700361126
0.06884049009378129
-0.06098568505708515
0.06775850305221663
0.05885044075239497
-0.05435027889296524
-0.05263227927177338
0.04579897433747161
-0.0001005740862836136
-0.04184131843109667
-0.04341589286712449
0.03789597658406719
0.03563422556423702
0.03680632103908343
0.03487053175169706
0.00181550085511051
0.0312022376231807
-0.03154899861624458
-0.03301272726393929
0.03175826171349616
0.02859807627686324
0.005656476645515353
-0.02521064664805124
-0.0252672911518388
-0.02860010875475463
0.003758166874352353
0.02048573948068914
0.02117217865005451
0.02646523931202851
-0.02573332293883292
0.001228284863949874
0.02471391019685437
0.01173360267476132
0.01486278849633771
0.01126017891663339
-0.03113293435167247
0.02298438559746167
0.02067871867857677
-0.005306182655330921
-0.02160404993826423
-0.01977727866244598
-0.02498692368372786
0.004876901954877687
0.0008004031736883535
4.268307129910373e-05
-0.0373666030951079
-0.005196059100513984
0.02301188743177566
-0.01397716712397292
9.567009797197684e-05
-0.001678583747694627
-0.003729832116472976
-0.04103595257258316

-0.1903448878592955
-0.292402182023568
-0.1684461469941889
0.1424451425234875
0.1372005953848618
-0.1081901853756412
0.1008741704950078
-0.1020486242739108
-0.08871105869457746
0.003665492757644984
0.07437905717917249
-0.008444199823594989
0.06575787137962459
-0.04906960227418505
0.0557049819847252
0.05160837292274813
-0.04328057527940515
-0.04569707682483014
0.03859380430761765
0.0003325288365324093
-0.03593569187790571
-0.03497166897926928
0.03493807672410189
0.03147652473645951
0.0284345286061467
0.02804434328168688
0.001598350699674581
0.02696117376052381
-0.02679765145786325
-0.02630152985502483
0.02434429359313731
0.026142099325315
0.00479734738371402
-0.02456734048733158
-0.01797221214691763
-0.01713416388980297
0.004686131141940628
0.02007750686076366
0.02830043933331418
0.02728428930090526
-0.01763966601538702
0.0009711005631737686
0.01973246530650507
0.01599147383504977
0.008436234894023016
0.00344517111968866
-0.008909386663180153
0.01462619201756536
0.03303402871849148
-0.004648870525509516
-0.0271620712203061
0.0008851564637697706
-0.001954294125523092
-0.008286249135250163
-0.006823273494936291
0.02093446956414756
-0.02757229395191324
-0.003380395766052412
0.02020067701874635
-0.0414207315112123
-0.02178846648135846
0.01258327414014776
0.02706174110628565
0.02104768811928342

0.2132261977275243
0.3334131839846919
0.1656276631813748
-0.1475681161173406
-0.1355810485953197
0.1114705760959034
-0.1034510680099903
0.09500297813469433
0.08344437172912886
0.07369062390716165
0.01791635175708847
0.0132352538687789
-0.07120254888100085
0.0566673453518944
-0.05308803627038824
-0.05160807480231883
0.0451768085624273
0.04435020253267315
-0.04014821310532402
0.0007276473199157353
0.03531191563564216
0.03832292761325087
-0.0325018758966391
-0.0328291561492257
-0.0306886914014296
-0.0245961830964535
-0.001690334591322245
-0.02989816378960201
0.02706742433729954
0.02204171355687244
-0.02731697188818157
-0.02251571244999314
-0.003712174442559514
0.02508932827298818
0.02253959774478656
0.01213422112209265
-0.006902278481806893
-0.02672346543865987
-0.03053982671643242
-0.02297786599117241
0.02668944403993227
0.001891672123096478
-0.01276554210351066
-0.02051213587789859
-0.0152633358585933
0.00207638071632324
-0.008163184826619912
-0.02128215343130425
-0.02511912431773842
0.0034758559081077
0.01538198449462697
0.01445139570853866
-0.01499706477662859
0.01872645648480302
0.01976973934030237
-0.04022646442021163
0.006418632848236894
0.0165352669813104
-0.04440618781319226
0.03379172718012732
0.01933737425579685
-0.01190172899109108
0.003544115797546028
-0.06512633911943316

-0.03107386280113635
-0.04819204814584912
-0.02754648211729685
0.02215232548097606
0.02065695714179891
-0.01539667094925521
0.01531371339894903
-0.01458229558158624
-0.01019576593741125
-0.007766158557749175
0.01295189805053274
0.04088720158201358
0.00175599369802725
-0.01017893602405657
0.007192981610020775
0.00600146294569179
-0.006935156528451756
-0.006065995870580381
0.005153848026271148
-0.0004079794252973768
-0.005641893620555977
-0.004759873827352418
0.004786471613030889
0.004391759021587918
0.00419961842393003
0.00440349222865409
0.0006208208664474516
0.003488727448258375
-0.003659467215631305
-0.003943375128887917
0.002850590844964418
0.003410048022854686
0.001984949781377011
-0.003235197657828763
-0.002710617636387136
-0.004413422919050703
0.002900682339557614
0.001740127056107728
0.002980680244228372
0.004063235272900628
-0.001489927024403483
-0.003331027335167648
0.004753184465807982
0.002088543113523934
0.001290255776287186
0.004775964542774472
-0.002967542188157274
0.0001908133910423146
0.00239820265456133
-0.008017146938342016
-0.0006880043640490755
0.001823685345847137
-0.002910518212854647
0.02033269058794534
-0.01717831331779115
0.003967248958514229
-0.01142021367263064
-0.01853194797353588
-0.00570562275289637
-0.005510143821144453
-0.009041377976803378
-0.02749838977503977
0.007594124518793978
-0.005000737681769424

0.2101951933910725
0.3076410248163626
0.1531693374744455
-0.1349005020523141
-0.1286718669227406
0.09894839466374132
-0.09698294590923347
0.09029197569178304
0.06858785694857601
0.06391615651994161
-0.06995567858132098
0.002312768763918946
0.04237762070351773
0.05713215473274007
-0.05795790555388343
-0.04391784787590056
0.04203298843345209
0.04280821603090616
-0.03478966595024352
-9.806730917082986e-05
0.03606943557247408
0.03417184836014699
-0.03139172323912373
-0.02807707239159532
-0.02910439399697197
-0.02841694814244128
-0.001324387111598316
-0.02287973669018685
0.02378679377864101
0.02439412704845368
-0.01962085296470497
-0.02218754955921587
-0.003880615792871823
0.01918078748288285
0.01978268365784775
0.02883090862152992
-0.003175086454309487
-0.0183312496991256
-0.02214001760052534
-0.0277035084603839
0.01833095843710888
-0.001951006935044988
-0.0263889752656234
-0.009612283529664197
-0.005327928088758406
-0.006452536484166467
0.02245294241864853
0.002360055182063392
-0.004875641293362938
0.004342770764325042
0.01101469859981002
0.00245400606598741
0.03615306248657058
0.007831284175140313
0.005202835189667937
-0.01366478338088291
0.05664156116233386
-0.001832345133925597
-0.01805919833880909
0.03046908149292786
0.01289560703190925
-0.01158036358509255
-0.01207516426049108
0.0352640997580378

-0.1143300707908448
-0.201677737224592
-0.1257324162972147
0.1054442134199008
0.09680708197413246
-0.0813570638709087
0.07284067621774115
-0.07147641158414532
-0.05724673872209211
-0.04493961434561813
0.05273412035135965
-0.009936787548166891
0.05441434590467251
0.08124383302720717
0.05058204165919196
0.04375792758404105
-0.0303566341987431
-0.03367239156783468
0.0311856899857997
0.0009350138817802618
-0.02669189695849068
-0.02936364478134374
0.02392692594935893
0.02320194362457667
0.02399625735144669
0.02314833573030374
0.000652932809419931
0.02065660407311436
-0.01687771498686171
-0.01748254979733403
0.01834659497618966
0.01153607560612961
0.001672400301011974
-0.01478889509305338
-0.02292485867592039
-0.02274659447549363
0.004168496541812154
0.02187249546522317
0.012835131744929
0.01415610706369001
-0.02653985494701217
-0.001100335696414644
0.01422893504336841
0.01076744055565434
0.01504359025481289
0.002264187722449146
-0.009117862183852563
0.00641828135891607
-0.0193371301526312
-0.001746198858240799
0.01262435581723488
-0.02993322430130017
-0.02489851264872772
-0.01307160633070335
-0.01863834079494733
0.02167569637123882
-0.02330910945373456
-0.01185330242905706
0.04037108725550151
0.003645093144889359
0.002503837405659794
-0.005387480072165906
-0.04667339150617075
-0.0161746829028241

0.1882630365891437
0.2737891077010567
0.1323810085982785
-0.1176807673444226
-0.1112144537199127
0.08691843356316961
-0.08447049795954373
0.07626585030556722
0.06314390793268063
0.05058553977131593
-0.04851668885763332
0.006701129143336365
-0.05462383901885573
0.05052429230968121
0.1009994958137279
-0.05090453717303589
0.04134559710788186
0.03411749211907453
-0.03239467251229516
0.001025896682549472
0.03045599345714923
0.0288666658486454
-0.02770006956648436
-0.02568628564409446
-0.02590875474982669
-0.02257588540279417
-0.001889897007889126
-0.02527937797284349
0.02150274239702996
0.01586655095540756
-0.01726983697635422
-0.01560218171513354
-0.002465539195255884
0.01963611032426509
0.02312720962408402
0.02063251698738819
-0.004599942269164404
-0.02289737655418137
-0.02042116176626216
-0.01385090725472866
0.0154705357127099
-0.001147703803548928
-0.01702476491191945
-0.02313861527835117
-0.01964215442732569
0.0004867194463704302
0.00344975034144146
0.0007653501453563898
0.003926392966563611
0.002211181607348344
-0.002554326680147878
0.01184641809521697
0.0221724320732555
0.02552157242838022
0.03081132586085833
-0.03498568915591171
0.007602280901575212
0.000554785072657122
-0.008203293970702345
0.01407052012198408
0.02564646753764203
-0.006373862135919426
0.03016890339019415
0.002060858471738116

0.1547242103139108
0.2396478421289879
0.1198992252310528
-0.1049893755390698
-0.09755539632179401
0.07842198208116555
-0.07345636241408829
0.07136377356772963
0.05375442457743825
0.04638708552163728
-0.04675425117035312
0.005956940558801955
-0.04043087976079826
0.04284505579979601
-0.05036863322063778
0.1409743107752056
0.04275308179881365
0.0384718387360273
-0.02509788277235094
-0.0005203230375860279
0.02696929674327448
0.02692896661002601
-0.02410908009340638
-0.024718255715969
-0.02120841034295275
-0.02249426052531323
-0.00101905039335134
-0.02018764602282311
0.02129288608535404
0.0168750522830143
-0.01044714748035394
-0.01971412571937889
-0.002945327921426839
0.01977141759279473
0.01476618306592519
0.01970695054954337
-0.003010931340256397
-0.01577230721239366
-0.0228935214005421
-0.01816549617572651
0.001669098976963088
-0.003280179444651195
-0.02093233028159536
-0.02302493836796043
-0.0111110753497904
-0.001432710370407598
0.00846753745285227
0.01034343917587398
-0.01402407122676355
0.004185462956166707
0.01420676460010784
-0.0150069441282123
0.02424857380719543
0.01973468218563733
0.02472741463224377
-0.02816200961687527
0.01953872387653677
-0.01016321180988297
0.02221381260927299
0.0355031468475207
0.04310283630907068
-0.01372726593985513
-0.01671865078521822
0.01089792342512898

-0.1029656087973072
-0.1668721577498746
-0.09946725858629883
0.08236402748795031
0.07770785888479743
-0.06188092235616593
0.05965469926199868
-0.05550961916380337
-0.0465648743707885
-0.03615983680154155
0.03841487735220836
-0.00604875675196849
0.03605033006370952
-0.02767113429605945
0.03818677682944199
0.04043743935330064
0.1884291925293495
-0.03652512749140822
0.02876546935877159
0.001492226353644046
-0.01739161897189673
-0.02348534023355094
0.02037585824932131
0.01755204981840112
0.02103661050535172
0.0158732893106
0.0004403683335682252
0.01781341521654833
-0.01478316700797015
-0.01461284903853033
0.01868122766257016
0.01081424986352063
0.001746227609969616
-0.01444370288341197
-0.01589510015943405
-0.007816828672236932
0.004398607973037027
0.01741117066769823
0.013300291033067
0.01080211216305497
-0.02254343607849808
-0.002167461840967408
0.004707548388543203
0.009356528001384562
0.01276714642428626
-3.585640630284241e-05
0.002226122495098157
0.02088099955914415
0.006326852907171724
-0.0007137490108296441
-0.002298875216229661
-0.02384410680123849
0.009583935625704603
-0.008293222277813005
-0.00851466409484334
0.01825816636215846
0.0009205979017985373
-0.01486398050906657
0.04049111751955223
-0.00287142374928035
0.002897137452002325
-0.003360990169788396
-0.0263376603611827
0.03072467424841677

-0.1285947645116988
-0.1923697769766309
-0.0931334576861476
0.08515828309529344
0.07881181205655491
-0.0635710233544491
0.0586455305947591
-0.05696066565402962
-0.0450609326202002
-0.0381734960038557
0.03674200116641559
-0.005351829877359173
0.03691223534662057
-0.03057198153064718
0.0305806797570583
0.03576414711165663
-0.03636294559348897
0.2346018327378258
0.03183280270038159
-0.002456241353081185
-0.0277823735775975
-0.01814942890302413
0.0200294760898341
0.01968716796914542
0.01758593489115652
0.01946749399629132
0.001825528255663782
0.01437790855693733
-0.01512007361817248
-0.0187647531168263
0.01937263071654574
0.01577450618346924
0.003555274546962806
-0.009634541175688346
-0.0116106167439552
-0.01605827913811304
0.001010114487315588
0.007057376619723879
0.009558825973172948
0.01876584387334164
-0.0174291171018288
0.0004619970299731004
0.01475641586115683
-0.004883290049375303
-0.0003720539087400769
0.009276702486561487
-0.0250879471495775
0.016171819067558
0.01390448523343318
-0.003300034547387716
-0.0157017631196491
-0.01081036964031414
-0.01443213759411009
0.01554770839557648
0.01899145333264208
-0.01522569078520835
-0.04181796608018026
-0.006486111162625536
0.02637978872476571
-0.009645269199986749
0.01622835410615724
-0.001082233836158453
0.01400898017172768
-0.03531574303284798

0.09719299998209548
0.1504165020534571
0.08085298020034977
-0.06912002913898936
-0.06544328358814719
0.05224755527751355
-0.05055984153200442
0.04591570660637425
0.0381053880227596
0.03154879911581226
-0.03304645828516875
0.00451902773061953
-0.02870838946354246
0.02746250024580791
-0.02848376695304351
-0.02222691404358706
0.02796944285949284
0.03130949348530433
0.2943238159310847
-0.007613362782541768
0.02690033684317103
0.02336730465536885
-0.01292866334653294
-0.01620337573045928
-0.01611541398949744
-0.0129271380432837
-0.0006588898063847417
-0.01497671954077068
0.01489150550278268
0.01610509653421099
-0.01507333147446107
-0.01562155289152693
-0.002694830158216048
0.01176596691704156
0.007409866506809646
0.008442544772335218
-0.001054631218250078
-0.006505544962160346
-0.009515604178626399
-0.01263536520592565
0.01013023593804254
-0.0007057116332028208
-0.008469297699756654
-0.004107614779608745
-0.004553546567172353
-0.006262208948426276
0.0130470638661434
-0.01924099521379407
-0.02412882136717436
0.001725981375939299
0.02062142670652043
0.006025539838048549
-0.002513391548046726
-0.00841185937209518
-0.008609296276386095
0.007666306968701417
0.01016194942096421
0.005463701467772822
-0.009433083249171892
0.01067082629771969
-0.0001243215598847464
0.006676073087205888
-0.01320049950218209
0.004936246203451636

0.01302078352461789
0.01403748561890398
-0.0003591203785562453
-0.0009592339688745252
-0.0009363291986966769
5.357237871721119e-05
-0.0002294505619000987
0.0001757163082521948
-0.0004977304178525897
0.0002203439217013339
0.0009548052565349321
-0.0001054156552960862
6.029177885412217e-05
0.0009431389353427883
0.001121430832121756
-0.0004737366054898859
0.001324161478545512
-0.002557048126803089
-0.007491930898105109
0.2758673604814842
-0.005065674812306008
0.0008681282430353476
0.0002029836544384982
0.0009548832276427385
-4.682642500635241e-05
0.0004284336116162821
0.0012811761591752
-8.188879518031007e-06
9.385842887141087e-05
-0.0007503235311653468
-6.550450436892399e-05
0.0003180269899663729
0.001132426008513791
-0.0001133824166909136
0.0002924057050358119
-0.00082993730394766
0.001941602284486131
-0.0007591205576713393
-0.0001427480369883341
0.000771718507142519
0.0001159764164098783
-0.002878922488433693
0.00076530465089589
-0.0008139161118444894
-0.001099059337675608
-0.003447434330232878
-0.002174337860115181
0.0004920073163786681
0.0007366317738393829
-0.006812464214886489
0.001239194229704853
0.0007242134639676383
-0.0003972207295516882
-0.003224477423843773
0.005228136136188506
-0.00298353910597164
-0.0001962805060477525
0.009567246802665285
0.002929678247199857
0.002732389238576885
0.01346622355467486
0.05611133984105125
-0.005173394149827284
-0.002065674704295131

-0.08130326178968868
-0.1312314122035187
-0.07297804033377089
0.06282454422762773
0.05846025682233764
-0.04740497170568733
0.04459108579290885
-0.04318463232883733
-0.03339390005153307
-0.028806175403373
0.02881052235118632
-0.004632665325621657
0.02901581615520013
-0.02253809534039383
0.0265377897861715
0.02386297663620442
-0.01652499749380483
-0.02654926153028227
0.02657776445774074
-0.004978308228292675
0.3619197207598814
-0.02603236097488661
0.01982281187645725
0.01033676202065378
0.01411562122791088
0.01224563630012355
0.001040633068846954
0.01499171230053736
-0.01688321221493956
-0.01159969209976439
0.01468711349357968
0.01146766785878673
0.002128031349439373
-0.0156918678238038
-0.01057464600251997
0.001656885386037227
0.003508418539455418
0.01113054648456358
0.0101764042330376
0.001130844705672856
-0.005673272449530134
-3.637311534837248e-05
0.0008191312172868385
0.01840094784009044
0.01863177379711604
-0.0009595231335360601
0.003682955857941287
0.02302676931448327
0.02736249813606839
-0.001640157132836682
-0.01670078325685255
-0.01018814685547404
0.01936102419022123
-0.008828594865148311
-0.0110793471572126
0.01103555778612029
0.03937817562487705
-0.001742982414018806
-0.006477060444318909
-0.001145337228414499
-0.01505161797180532
0.003429551870531566
-0.01631616922579274
0.03092639943186914

-0.10292885238861
-0.1513560076639272
-0.07336176958853498
0.06539386380662403
0.06215547555769448
-0.04900682354912646
0.04611774804554071
-0.04390479888566125
-0.03573631881107624
-0.02748999896086175
0.03016896689429394
-0.004044270938827509
0.02829361249193771
-0.02517922677330771
0.02518593982977341
0.02450755350116043
-0.02197260608991079
-0.01748603349232812
0.02318228240733564
0.00101763423535003
-0.0261382897477693
0.4361114677536557
0.0241036895437838
0.01875485954092949
0.009096902349684421
0.0165362717885042
0.001817021184835649
0.01524694990218717
-0.01384973218875662
-0.01632196769092321
0.009748652256552054
0.01475057520213388
0.002740757769634802
-0.01210956878568468
-0.0100497578209797
-0.01415824991563425
-0.0007616012808644985
0.00202219752567236
0.005590092101428201
0.004058689876285933
0.006733885508020617
0.004822442164641325
0.01465852400562945
0.01480612060059418
0.01381617378016537
0.008116580631164364
-0.02605517176695639
0.002436807678523015
0.01748537626052667
-0.003517353338471695
-0.01924658393745435
0.005013421846837603
-0.0265540434635485
0.001977749682366106
-0.004915797767216292
-0.01178197647277195
0.00376814883656654
0.01657770660326943
-0.04978669509226349
0.0005181963111836295
-0.02096682507492686
-0.003228006113478477
0.0009049607318488782
-0.06309764952927768

0.06844661468457192
0.1109751043157324
0.06231411029368365
-0.05404723368552995
-0.04988183185102284
0.04100265661521906
-0.03863784885385966
0.03546647871184754
0.02898147800145193
0.02533933403194866
-0.02337652918633144
0.003818458545826939
-0.02356698432647129
0.02036778605895684
-0.0228331412413501
-0.01919648354822442
0.01856087490797045
0.01800345550329186
-0.01163685665008989
0.0002057957758316008
0.01902033177869138
0.02312170279667996
0.5269892917441013
-0.01973714260177045
-0.01881235319992255
-0.008541880913744637
-0.0003283529417445897
-0.01345358518794409
0.01232187414650367
0.009979738128530428
-0.01514900580324962
-0.006775920655713476
-0.0009912499967818893
0.008088567494323271
0.01407887512974717
0.01170921571689356
-0.0007330819777610436
-0.007660703076434358
0.006169841337033672
0.003824862984867854
0.01111892677002432
-0.0002038695429823645
-0.00287994847742901
-0.008994208382598781
-0.02127182589041036
-0.006349458376884666
0.01794966545238993
-0.02113239068888847
0.008334531699091461
0.0003687199601919973
-0.004381875612835696
0.03413865588612643
0.01494240109958569
-0.00206180192838986
0.005054578942946563
0.0121238526888351
-0.02364685015083101
0.001445614241970383
0.001100945821376377
-0.04051048419378721
-0.01451614748836409
0.0167036369787823
0.06206078329941071
0.04856490198831925

0.07180410231221897
0.1119672408671049
0.06208352513682269
-0.05335794786739826
-0.05033165403727993
0.03984910828715682
-0.03787900337992316
0.03593536674566898
0.02806363494805407
0.02346478903646315
-0.02485231418330362
0.003461850970692436
-0.02167931429778912
0.01972200158215621
-0.02167389932358326
-0.02105311976987715
0.01599429826047712
0.018323772240663
-0.0153931311505674
0.0008187133281158995
0.009992545514916578
0.01838331024352329
-0.02027737820306137
0.6235779518858159
-0.02149820366560382
-0.0170716164260786
-0.0007493270203296223
-0.00786173205775734
0.01163086391162529
0.01200770205309294
-0.009909518624269593
-0.009758084420040378
-0.001758919654302813
0.009287107729415342
0.01146189900690348
0.009398773959887639
-0.001021821844496483
-0.00705618753730727
-0.0006701807231653222
0.0004787538837927327
0.007071970439382331
-0.001317396430155209
-0.00607596940790441
-0.008478282241180937
-0.01509539734774447
-0.005024024764547629
0.01586039215232882
-0.01243518271220357
-0.00243998725724397
0.001223936640268551
0.002838308729687706
0.01670601080832033
0.01452304509649357
-0.0007275888709519234
0.004276577325252453
0.006632811342953402
-0.01019874818721342
-0.002526790110904078
0.009428548646762468
-0.01737266009760597
-0.003500446989521518
0.008681854903780725
0.02975857385366846
0.03806725789514949

0.09027428728325566
0.1358729044363801
0.06616436363047321
-0.05901440837395149
-0.05461543849151357
0.04355658345449789
-0.04047868359770514
0.03877840773581146
0.03085126763504834
0.02395089585010331
-0.02544206964503379
0.00384419985931109
-0.02493652524308814
0.01965842368879537
-0.02324587544807675
-0.0206336592896191
0.01980487264934918
0.01735791928141563
-0.01660180256161197
-0.000174810832002069
0.0147753990107319
0.01008641795301218
-0.0194069378707033
-0.02212141671396012
0.7357314318625421
-0.02112283116884748
-0.003842160213657805
-0.01628784573662283
0.008479399354487334
0.01188317258420901
-0.008290932266232891
-0.01253794346914809
-0.002302847972648222
0.01367387471385372
0.005481462847809983
0.007586938970722891
-0.001136282443520793
-0.004172353077098405
-0.01409281565708752
-0.01088217830976449
-0.004814849154090417
-0.00321243930386812
-0.01244222463444032
-0.01181365055496782
-0.003980277975685493
-0.002697695306131256
0.008669673280243767
9.65914736039946e-05
-0.02503471995946599
0.002927497721456455
0.02202324237594829
-0.01639770143204805
0.0066306142670831
0.005012446544866596
0.00521731007493388
-0.006440510987036373
0.00757262699797537
-0.008094861149400129
0.02469328774493969
0.02511177535564195
0.02566240121710451
-0.008666786783915831
-0.03161711371974633
0.005340353623092891

0.07081327316151781
0.1122357619915317
0.06175942303959674
-0.05115601007633429
-0.04830188542166571
0.03816058484498948
-0.03675459070711729
0.03350107225816454
0.02718425346793043
0.02279123065960724
-0.02144311410548801
0.003455716948424126
-0.02155100943011554
0.01930148389928387
-0.01889045157112192
-0.01889193701669908
0.01614456038723315
0.01784725485650014
-0.01270170394261284
0.0003613944667247247
0.01312598496566402
0.01490001944677563
-0.008531622784848782
-0.01681055934968356
-0.02044530160887209
0.8669098421932387
1.08903332920301e-05
-0.0200827097595366
0.01492164311509015
0.003217011174754701
-0.01329038987922908
-0.009181308406584762
-0.0008609372314244734
0.008509495640412146
0.009135759029569524
-0.001778139793363897
-0.003784340275407261
-0.01200696462474406
-0.01278088496733324
-0.009497421293240979
0.01528602236971141
0.002637687759086132
0.002094583427854598
-0.007734178497706055
-0.00520095824887864
0.003368527389272885
-0.01377033718484268
-0.01893605786495203
-0.01698136159319949
0.0006626450593956628
0.007943824584713115
0.0115307568254223
-0.02728798424046691
0.008178147315654765
0.005428148111485189
-0.02102863960250168
-0.008008813141472945
0.01423162123585281
-0.03685353482504196
0.01430230772641539
0.001046105016725113
-0.005899145055425324
0.001704902253680791
-0.0650773274842045

-0.001992197382784484
0.0002298940617713317
0.002544653736102626
-6.612889944401531e-05
-0.0001058826006230929
0.0002241059168688421
-9.678508869118386e-05
7.895984970271936e-05
0.0003524291506901218
-6.059635150588334e-05
-0.0001970357289434307
0.0001146346804019355
-0.0003949412064528791
-0.0002351780391834611
-0.0006325831423304536
-2.440552260420039e-05
-0.00035509171582182
0.0008990447323166906
-0.0001151603100488867
0.0004159889099809011
4.383714775182588e-05
0.001006430364673799
0.0002396738402845599
-0.0001628775131427064
-0.00324323417197277
0.0005388403157608483
0.8787020404372921
0.004589519602409938
-0.0001998294586257074
-2.089365741226581e-05
0.001116763943875277
0.0007551740470957053
-0.00279658780606069
-0.000310071479564108
-0.0002886073012113587
0.0006386308908792112
-0.001401069453175634
2.702619825026997e-05
-0.0002050406528320903
-0.000960185788242788
0.001630607122524581
-0.003617221011288174
0.0004501503804413403
0.001317989960674731
0.001299430063106764
0.006602366334143772
0.002121457443823731
9.767373414504049e-05
0.001169661318320955
-0.007049628472167171
0.001763870606977506
0.002204827825763961
0.003225981752208771
0.02238152751150135
-0.01708018361574647
0.0003691679178451827
0.004691420718798143
0.02291095644621731
0.004089581437042689
0.0002057624224226654
0.0003594701963311016
0.01386530962601926
-0.003088971510437653
-0.00142122299215198

0.0719889794749483
0.1094472177791993
0.05513560561980935
-0.04918732931951365
-0.04529028930587434
0.03620239779409513
-0.03373189272799444
0.03262031440974029
0.02500004857667947
0.02067929186370775
-0.02213238359171755
0.002957615375785221
-0.01918397969812721
0.01693305534545968
-0.01992200588044543
-0.01626274517562157
0.01548578557188356
0.01497080967453892
-0.01429556121177936
9.544319179263675e-05
0.01220639425909979
0.01372575409883054
-0.01244750495021028
-0.007106381360615385
-0.01508469010189326
-0.01946531590532178
0.004101182257751879
1.012237821993439
0.01579924254354711
0.01586455109433879
-0.004933004032909255
-0.009299965876975909
-0.001649621581950987
0.005313221245259197
0.003515782704517027
0.01350571151892534
-0.001192566790799431
-0.005112149468698878
-0.009110464018404965
-0.01723461285223644
0.01380928665854039
0.0006450294767893763
-0.01186581538530998
0.009508705380550223
0.007884424965830554
-0.005502524174783984
0.01275212303605681
-0.000752238733781406
-0.004058770111745277
0.00323050951029363
0.007054109557900871
-3.410338102260123e-05
0.01363121658433063
-0.01154360344994213
-0.01318163840924671
0.00370601160149522
0.05145087587078848
0.004351629502917856
-0.03089972692947732
0.02064933063766676
-0.01080890813209977
-0.005219666197142858
-0.02715457093774485
0.01443117572668393

-0.05664357392416224
-0.08715172149064483
-0.04683069974068828
0.04057192079729797
0.0382151191037642
-0.03047725486740354
0.02895828528992795
-0.02688152948871628
-0.02212790957006104
-0.01770553037562454
0.01820621128173421
-0.002761498944618254
0.01773620790931365
-0.01376490990304086
0.01596663609708249
0.01559722478509735
-0.01190198634807516
-0.01296570853276819
0.0119537495109787
-2.401611759943203e-05
-0.01283549980572528
-0.01027450670269043
0.01077272587878251
0.009834541830163385
0.005865376169039794
0.01339455221074627
0.0002333490644971067
0.0151397761999412
1.174046689331244
-0.01597521272814823
0.01204547435921612
0.0004485334976647975
-0.000496672169204186
-0.00415035415671797
-0.008351964269793413
-0.009553889122783668
0.002257755442449549
0.009678513630523536
0.007915748923043781
0.01229308999437262
-0.01423893658940038
-0.0009464236599169482
0.008670260567897355
-0.003085044360322768
-0.00381965337466378
0.001813340413417983
-0.00500223627441054
-0.0007609029694995622
-0.009643012947760654
-0.001771828636802082
0.004936161353398061
-0.009266717505096903
-0.01134025336084107
-0.00150213429800475
-0.0002321407064432984
0.007092544877541834
-0.03397226037385828
-0.008876073673369076
0.0351482164636418
-0.009727379393901215
0.008146804184460444
0.002873750000633351
-0.001644363765178609
-0.000931073421912721

-0.04394378295204479
-0.07108495069314566
-0.0394077726358956
0.03403068683016819
0.03177022643724775
-0.02611237488557957
0.02453561849827145
-0.02313976439690416
-0.01863627018941028
-0.01605271985949893
0.0150995235178956
-0.002297378342473295
0.01484970193413783
-0.01342013572895775
0.01247487211497045
0.01239255802155165
-0.01172564398024634
-0.0110223500715106
0.01062197849825659
-0.0005385322261749823
-0.009358766381639513
-0.01145200811373559
0.007442546357445842
0.009312477171299424
0.00870244654346411
0.001907538542823126
0.0003540569037102745
0.01362841024253961
-0.01533665851982395
1.358796804183728
0.01228189922335603
0.007107343520425835
0.0001651452082064688
-0.003155581764671835
-0.009866539489050107
-0.004568968365364001
0.003329271800712183
0.01232806699308266
0.01303539476088786
0.00391553275219335
-0.007727381927631688
-0.001206431325454306
0.001820890770690249
0.01509149656363636
0.009556982045669665
-0.006610308838575293
0.01730051442667337
-0.004040625155865126
-0.008604266469780297
-0.0002116954099334945
0.01031510357934336
-0.00563188932052947
0.001664174832747569
-0.02447781791122278
-0.02628591516629349
0.03606878073709101
0.009664073073211828
-0.005239392822768847
0.01428473631755859
-0.01152100315844689
-0.01953335987421688
0.007630125962872503
-0.02201409570989518
0.03982392594003716

0.05236576742468714
0.0763269879196722
0.0367742809418778
-0.03340894633890727
-0.03195514014128472
0.02509109798534651
-0.02405634406922364
0.02313040065256934
0.01832393077007449
0.01463550254829026
-0.01599552498143817
0.002103673788736105
-0.01408531082821107
0.01221847222696868
-0.01409942617770009
-0.01069717900551304
0.01129654893348462
0.01234646196631857
-0.009114108180438511
-0.0001783331574200555
0.009699806920747182
0.008639451520118916
-0.01069839508132834
-0.006975792758183477
-0.006986726613421585
-0.009559141956985392
0.0008184352572182449
-0.003146251186220606
0.01125876386647157
0.01255108850273491
1.563338923675152
-0.0150140049870822
-0.0008371884319358456
0.01247678767171675
0.0008719227321766685
0.01308858134302515
-0.001344912094469938
-0.007311700867683883
-0.01084697426094334
-0.009372999613577921
-0.007745245869558148
-0.003131457853540202
-0.01418124726871653
-0.0142397169602575
-0.004154729572321363
0.001191715211727392
0.002709113625365652
0.02688848034089055
0.002822931853968676
0.003257796022669623
-0.0001904258294619637
-0.02199796561338905
0.02862537630899837
0.01890611482362691
0.02374362529290296
-0.02351016123418132
0.01876314433110748
-0.01423814036655838
0.03346474316756495
0.02669583387400275
0.03882721710133718
-0.01291195719491499
-0.01475979716907021
0.01888975723408546

0.02906535338246989
0.04839371990733791
0.02867689582573591
-0.02500475837318852
-0.02310263510579739
0.01939976219751414
-0.01796063312096497
0.0170985454544942
0.01410258688312132
0.01191412883829928
-0.01148143850078466
0.001790618908191477
-0.01151288245808505
0.009208468855355438
-0.009914527994569905
-0.0105282143157316
0.00740459220758491
0.008625990486710765
-0.008685365169249296
0.0004276524591450933
0.006277231873638564
0.008001213607128591
-0.005856653229595237
-0.007055514377520351
-0.006438265083125285
-0.00633617808405613
0.0001536242810209755
-0.00631433997618084
-0.0004238327393385078
0.006890821842769228
-0.01402719491292044
1.777375020644879
0.01223019378675705
0.01048902399613893
0.01393079872173864
0.00213441094422072
-0.002496758488680522
-0.009710399481653616
-0.002639956179769556
0.0001295117915565214
0.01407871169829859
0.002992556160764878
-0.001820727258780739
-0.003867927798933467
-0.007427001286133417
0.001372639005377275
-0.001943334229608111
-0.002791643263281146
0.01991136810143169
0.003526362302769071
-0.01552018597788548
0.01918557416744433
0.006244774596739774
0.01329278142798713
0.00959913066396899
-0.013891537575359
0.001013908248024279
0.01496913704191739
-0.02376884715723365
-0.0134931236469168
-0.006442044470237183
0.003260103062777436
0.03859445535896916
-0.003311207804444515

0.009520617774805501
0.01556260133780412
0.007697335211019818
-0.006312444496028835
-0.006618447014703509
0.005472986645949252
-0.005193370772600412
0.004695167711276299
0.004230123629269916
0.003303232305340141
-0.002923925831163993
0.0005786161924565788
-0.00345929468388345
0.002422294909497896
-0.002807432555210772
-0.002819303238991386
0.001977496011511127
0.002516732829068489
-0.002215725947583625
0.0002292244672636513
0.001696967828661873
0.002121354245468208
-0.001438072523552798
-0.001687955315614601
-0.001727889701134609
-0.0009696098347983123
-0.001430783478226249
-0.001588876953938716
-6.634433000061524e-05
0.0007117626058034767
-0.001185777736089517
0.01170885630314985
1.790045112110199
0.006248402121849232
0.00367937120613398
0.001382342474392713
-0.001286640910163311
-0.003148867853209628
-0.001828987566280357
-0.0005122834930834752
0.003432767993914682
-0.006151342320867126
0.0004436136240724266
-0.001356729101368205
-0.001517673445077719
-0.001581081661395744
-0.002667939989509841
0.001879461506911546
0.0062572248099127
-0.01700911572961514
0.0008654360581687864
0.003918716616015012
0.0007714054241627513
-0.01086377653755771
0.01543648748187062
-0.006287468310952774
-0.002012731210730525
-0.03205273500366108
-0.01850664170790333
0.002482380588276168
0.004200051362463767
0.004288934769462406
0.009626307439434548
-0.0002788908583680662

-0.03691475583076918
-0.05729378903704328
-0.03158341464879855
0.02733500327616532
0.0258432613847889
-0.02069194495354381
0.01990805795474122
-0.01837247804442944
-0.01501817332950731
-0.01266571214976331
0.01264062602706208
-0.0017736490310469
0.0116169261743721
-0.010598489650496
0.010941581089881
0.01036902903419391
-0.009852042988481307
-0.007775635892465596
0.007827406483251111
-0.0001732239905097785
-0.008920465168661388
-0.006849017013893262
0.006438345208026366
0.006716641481521511
0.008580747173989786
0.005169712524699522
5.418033866884506e-05
0.004842121650258491
-0.004058350497639803
-0.001995425508189696
0.01133275464206981
0.01095243852304744
0.005972514289621477
2.026342312635075
-0.01420876664147906
-0.01281254277519831
-0.0003021300236241854
-0.000281611324090126
0.001870981932619978
0.007830605774522739
-0.01078672113489905
0.0001244630131261441
0.006198493153302688
-0.005106515613691655
-0.000974126007892128
0.003777244346710249
-0.008548249088496464
0.005592309819237194
-0.007144740608924722
0.0005655949304885575
0.004873895602199544
-0.01272587448592469
-0.009456715716534416
0.006505291403340248
0.006913427345974204
-0.004156549536949368
-0.02381857782106417
-0.00425039444340663
0.02616609553309289
0.001586619229229088
0.01639993789939796
-0.004337199470374683
-0.008064158267704616
-0.01851723815340019

-0.05043498480931861
-0.07546436149765974
-0.03617378647679235
0.03229706452233437
0.02991660510277644
-0.02379601274294039
0.02225026995605565
-0.02153333701799348
-0.01658908191760573
-0.01348959705759426
0.0142872740276889
-0.002049353608063425
0.01331282241513395
-0.0113131812587836
0.01332694995103322
0.01104666459429111
-0.01013973987052669
-0.0107067868805917
0.007473917127043961
0.0001877028172421408
-0.008093089560293724
-0.008678612254308802
0.00775783091006066
0.007768940330463484
0.005958638359329171
0.007604703547435865
-0.0001346879217921376
0.003835813775153544
-0.007361949294062142
-0.008312829498038169
0.001120745530705791
0.01362571047595209
0.00311513016333532
-0.01469327250650607
2.297083524815455
-0.01162727112359669
0.001937740039935716
0.004932316618690823
0.004530670674412637
0.01149601069944418
-0.0003858347215754268
0.001495799961444113
0.006018312594361516
0.001713215602263729
-0.004495883694292723
0.003253230151024699
-0.006356776415930645
0.002129497708490516
0.02285325618867119
-0.002565956302447282
-0.01864819025502547
0.01533761400136465
0.0009336005381558096
0.005823248887363405
0.008784390686593278
-0.00332221542064427
-0.01929626090783119
0.002363236082908242
-0.002517734330347538
-0.02469490311854864
-0.009562179951528063
0.007210637160225413
0.03966153799423938
0.002046478382220953

-0.03978290069445164
-0.06346455359432628
-0.03499278419548844
0.02852379008691816
0.02700953300443619
-0.02128422480976665
0.02047158875916182
-0.01870995565379032
-0.01537449069070038
-0.01223273593936154
0.01221191186915276
-0.001988458492618494
0.01253160339823477
-0.01056906438806159
0.01112927951388068
0.0110790942517465
-0.00844835389601465
-0.009434900651481178
0.008439149680135181
-0.0004284467881609228
-0.004928948515413343
-0.008129450944528972
0.007895965942681445
0.005806365662827445
0.006017065096733212
0.002899384881848293
0.0006225788889845479
0.009020819383457867
-0.006360745123072443
-0.005110160766746966
0.009987882627188846
0.002056896995142831
0.0009843360947352693
-0.01230668556037022
-0.01167385781353309
2.60028726871095
0.007880552994625213
0.01325352272216244
0.01282255943758224
-0.003264327530073626
-0.006614783102982532
-0.001400050018493184
-0.00501543748890544
0.007031999542982251
0.008543305158504134
-0.002030078326436
0.01367601479770524
0.02209530950208656
0.02583338308006476
-0.001023699823924388
-0.01468303723298781
-0.006225780611953796
0.03653392243780672
-0.006046087459201804
-0.001344120804309738
0.01000114762528197
0.03071709642140906
-0.008324570814537947
0.01525326035669117
-0.008399464124446747
-0.005534535964303442
0.001445901593360812
-8.669004896814285e-05
0.06247218474006155

0.007528908763939045
0.01020311760885227
0.003695598252756591
-0.004266918446363391
-0.003952686279049791
0.002776136694503872
-0.00268059073801759
0.002267038769539883
0.001781037136759335
0.001646111574573383
-0.001331993446750049
0.0002723869106763126
-0.001525032546506515
0.001260161215800014
-0.001316946038868421
-0.001223253351405016
0.001493326608727604
0.0007825856161178207
-0.0007979598407240714
0.000143466946908776
0.001485422376421932
0.0002942418536574837
-0.0007731540593255937
-0.0007997056748932038
-0.0005079531044850603
-0.001434630501076343
-0.000450688262586601
-0.0008016888849911889
0.001469314067256909
0.001698436419766111
-0.0009742999683728891
-0.002000283752927632
-0.0009172153319662712
-0.0005155798500410577
0.001728771533344654
0.00750065601775648
2.804438848894828
0.0133652153888845
0.001064858178920175
-0.0005343544753343048
-0.00319648331283174
0.004086770822088685
-0.002935890710319874
-0.0001011474659981576
-0.001445993135506244
-0.01248889516954916
0.003438521681383758
-0.0008249519172769898
-0.00298323542622282
0.01595019032617517
-0.001939771068793782
-0.0009407978687208495
0.007203601462574996
0.01593173872048396
-0.02029036116403468
0.009616299074068599
-0.0007343199863061214
-0.0104927394885062
0.00652607230431983
-0.002251626302592825
0.002463113489958895
0.0212767896214381
-0.004280416521511889
0.01560947951524989

0.04263030207306118
0.06456580591359415
0.03212419143168044
-0.0285163520784615
-0.02627328099906956
0.02094014969811612
-0.01948135560862083
0.01880914793437144
0.01438643726775246
0.01203869390759705
-0.01245632979287512
0.001755982367343767
-0.01153194896201966
0.01028847840827468
-0.01133613708609382
-0.009799886860383357
0.009588874857014935
0.00833179902802675
-0.00714727032675019
-0.0001348759091239013
0.008075194159125235
0.005299699666747437
-0.006276595949346432
-0.00645709428524959
-0.004204504993542502
-0.007106947727478141
-0.0001770782859680473
-0.005175219484347544
0.007486693312905738
0.007696466399695268
-0.006500955390748742
-0.00808441965599388
-0.002424830078363541
0.0002425027430339572
0.00557612467784894
0.01304050713375245
0.01301421915683387
2.91850751672358
-0.008524280929511217
-0.008620234230557402
-0.006715527723119911
-0.004351041878922877
-0.006831198923658026
-0.0003582165944914749
-3.412962600038254e-06
-0.005055109646749822
0.02047576981739894
-0.006795101940733905
-0.01516035365805349
-0.001750033655531449
0.01660869279894803
-0.002478419967888066
0.009698358807445122
-0.01911467999163101
-0.008816852848890703
0.01800090928548935
0.007996630405001249
-0.00525837351857491
0.01975177138031566
0.000884544822005626
-0.0007673578292418434
-0.002479017039313755
-0.01374266933139309
0.04003736211163406

0.03124420988278682
0.04833435230886302
0.02669634080644083
-0.02337394453716322
-0.0218336176429328
0.01735972027693159
-0.016379987585508
0.01509014823890248
0.01240896380858804
0.010086691228148
-0.0106460120846865
0.00151597425011887
-0.009711179140514489
0.008242830893086745
-0.009486155582720665
-0.008822489198578413
0.007304871692348945
0.007670228328921913
-0.006236087880621455
7.227630268659844e-05
0.006015127169154997
0.006291387869004846
-0.002356473200894458
-0.003719323469197972
-0.006984747949536012
-0.005494141820304139
-6.59887883486312e-05
-0.005414825361281917
0.005473537581928156
0.008259918572603709
-0.006346240601582375
-0.003480047957296088
-0.001337435667844854
0.002554876182887518
0.002472455697186141
0.01128541583772832
0.0007010131653004145
-0.008345012860612653
3.274276019887254
-0.003124769256034511
0.008784984621416518
-0.000803307843388505
0.002969253774415534
-0.0009412826560986146
-0.01176058221026368
-0.006615556098463751
0.01876973579390558
-0.01575978297035749
0.004615188911655422
7.390151214487243e-06
-0.0005919644925182757
0.02124553567291152
0.01495856459272014
-0.01191283822232188
-0.005019658333621954
0.02490863167293057
-0.01142666149733466
-0.00200380386894001
0.009012986870302636
-0.03342901177358684
-0.01676838536110565
0.01407303604646857
0.03742724079263815
0.05454393847619939

0.02361148140004666
0.03971104997711135
0.02364897545824175
-0.02005320918350372
-0.01854345252806178
0.01521969951051561
-0.01403642845607427
0.01323018002045036
0.01067689346682068
0.009209942509595559
-0.00877020053346856
0.001404741145224306
-0.008872821586929376
0.007331614395555259
-0.007754904934439107
-0.007750767329888867
0.006392338050075013
0.006825731120742435
-0.006330859986164545
0.0003464160140624898
0.004301047573477237
0.004583879714917221
-0.003861179463496628
-0.002447945855732351
-0.005071379960661515
-0.005317857660166665
-0.0004103514105924534
-0.006390387713603582
0.006119869090822452
0.0036309211497968
-0.006384195782566022
-0.0008338788741491425
-0.0004226551674571188
0.005887441930830288
0.00792408949161706
-0.003270584433348156
-0.0006788242152151754
-0.007719544424066289
-0.003763304632603857
3.656419047145077
0.007484416278699132
-0.00225006173420737
-0.002012144172399589
-0.007796185893320925
-0.01894388146839766
-0.001758304927738421
0.004999225551768202
-0.01119862974008234
-0.0009791803442414054
-0.0007549864376047649
-0.001370637814715949
0.01676372064118418
0.001832698066264305
0.004471861270972364
0.01291884612317306
0.002813892030436741
-0.04302735779625346
-0.003894032294031062
0.0208877043908474
-0.02864705979784661
0.001869545256888594
0.009362229926344742
0.04458078235763926
0.02033102919369528

-0.03857705404026496
-0.05581024822331086
-0.02577471506944216
0.02306645305186193
0.02190873237157651
-0.01686125163548447
0.01612152468729344
-0.01536478830630175
-0.01204263786774495
-0.009479434658789749
0.01044979595609205
-0.00138952139243013
0.009384817463399786
-0.008452908100770914
0.008997517382531892
0.00745981289714525
-0.007893144702840849
-0.007617330369137103
0.006033507343114658
9.852929282726377e-05
-0.005889717114008084
-0.003973318561568444
0.005610377496644381
0.005736269606872459
0.001890558802306401
0.006408058667478738
0.0005051576415787686
0.006945367361445155
-0.006190414621214312
-0.005107854287624337
-0.0004848921486571064
0.008940410406751712
0.00209189100998262
-0.006590039085908304
-0.001726877731817144
-0.005212860880908552
-0.002337434819150314
-0.005405707140412346
0.008600531961340046
0.008129633049311524
4.07009679025416
0.01143353827397922
0.01530746111088298
0.01881780369242713
0.002927467008924749
0.003570351639439483
-0.0106926559527999
-0.008003824463860672
0.0162426875592319
-0.004163979160054831
-0.01670872939174417
0.02036826250063272
-0.01492373194058534
-0.003940800384487313
-0.01120101126357807
1.579703690346131e-05
0.01157764098456844
0.01932201279582516
-0.05984988432053418
-0.01046525964625037
-0.03036303976522323
0.005526930975661253
0.01840089375324386
-0.0321634064987299

-0.005065096208343981
-0.005744550802342902
-0.001152561385066326
0.001465382473444481
0.001550948294836869
-0.001100649337277886
0.001241053203408814
-0.001058029167776655
-0.0005849624533951439
-0.0007835126030580678
0.0007722101603203551
-0.0001163705075952301
0.0006624954107896264
-0.0007429086725535594
0.0005998125426141358
0.0004742801582261037
-0.0008584243241796565
-0.0003631615500143476
0.0004268595460683061
-0.0001454012489226415
-0.0005742068074648482
0.0003337641541370073
0.0005326055067130886
0.0001627717722185938
-0.0004373028068747889
0.001037733105308676
-0.0007217659163868095
0.0004421592097584302
-0.0003530905562515672
-0.0008673543623197978
-0.0009907276428879608
0.001636329519383473
-0.002460126170422062
5.012968477172543e-05
0.000635677065906593
-0.001090905379685882
0.002668506264286378
-0.002864041717903042
-0.0002103831922391999
-0.001684920205572371
0.01080025190300507
4.283195426304524
0.01116331654998473
0.001780490670786079
0.0006728755562933541
-0.003018822184032357
-0.005345207810243701
-0.002643562675900856
0.001014610654302915
0.01700162789252695
-0.007816387174384593
0.002289894646596782
-0.00595371018080133
-0.001370367362263655
-0.0004973276704571548
-0.001568200289869743
0.001519257182758636
0.01550792051084772
-0.007042288199506456
-0.002866053511356802
-0.00592244703744459
-0.0005421775068628405
0.001658478903220737
-0.01316580124805993

0.02467007547841841
0.03951460087360743
0.02122106977644573
-0.01802485325126076
-0.0168000732533037
0.01369460200624245
-0.01282665901792161
0.01205829478719899
0.009704445772345194
0.008147332483373819
-0.007859854632734552
0.001275280257995244
-0.008125638551271854
0.006506641482632589
-0.007330953765027874
-0.006846599391936415
0.005398844020025767
0.006246574461159051
-0.004966305143052523
0.0001423621809437819
0.003869317499973786
0.005768397731616479
-0.003626413838127001
-0.00377572363279002
-0.005640449769335748
-0.001375834992195178
1.916077829454893e-05
-0.004959185347485307
0.004919223587268984
0.001799471989724081
-0.006626007747783476
-0.002575103104403541
-0.0001658604504813086
0.004752552435281127
0.003252941811981075
-0.00201525138927265
-0.001897969847920424
-0.004850731612766889
0.002910129667987777
-0.002730280820172555
0.01431718568076996
0.01077958566454039
4.509692722232958
-0.01172655315654583
-0.01147080034743326
0.002979524267078953
-0.009100963666001931
-0.01494161446822155
-0.005265745671819522
-0.004175606481800844
0.001162380488330933
0.01517658910248052
-0.01400275602840506
0.001856728582562223
0.002972906660712167
-0.004508079249462139
-0.01760611419761278
0.004253382147043668
-0.01563787633115404
-0.01095657061134209
-0.004905372344873324
0.002678260704628727
0.01809667511893661
-0.02297706571779344

0.01827199233529779
0.02888945699287634
0.01690651660604938
-0.01444924186589391
-0.01349167116454614
0.01089517045981678
-0.01049007608853747
0.009722687520924967
0.007914840509889571
0.006641414244863454
-0.006811376212007542
0.0009327104980867198
-0.006049051805998564
0.005578854252854351
-0.005921788575013763
-0.005824653696587963
0.004657231819692355
0.003816727785201609
-0.004056506748328744
0.0001056747514548225
0.004639179087319283
0.0042816653665763
-0.004144276036552473
-0.003436406229062442
-0.003888395566409598
-0.004188903826389602
0.0001701798396685009
0.0007933746816189604
0.0009225733302037761
0.006190943648145651
-0.005115359565749116
-0.00262966180878493
-0.0007359138904337195
-0.0008278805259929649
0.002013542543205107
0.003462221981400046
-6.233447855380602e-05
-0.0006973656073209862
-0.0009448870527778174
-0.004732010329469367
0.0158049568639819
0.001321738826690168
-0.01128049272170618
4.993734971527177
0.0005571889237983973
-0.006421780648809661
0.0129304864056946
-0.002723073786050011
-0.0002030129038849814
-0.0002767038686756354
0.002682074591516218
0.007082675738436728
0.003807822193172022
-0.01437543536753309
-0.0180355693890461
0.01211724405511485
0.03269628786123062
0.00796433060780111
-0.03363859112952759
0.002853065976305498
-0.02621065022333518
0.001835349068425074
-0.01134480651767547
0.0087326980507838

0.02291834339871412
0.03409207801533899
0.01626172786206825
-0.01489270684586827
-0.01380777464155962
0.01118156270953279
-0.01044933490289235
0.01027871232938745
0.007896651047487775
0.00655919762888855
-0.006790360504379133
0.0009440831646943089
-0.00622780309953317
0.005331186535508032
-0.006262550988311227
-0.005138083233171144
0.004959637448196868
0.00421767290811555
-0.003784960185903314
-7.561629100669833e-05
0.004847632635470344
0.004279681321934234
-0.004770830226273681
-0.004728605968448488
-0.002780370368273315
-0.002875875487248158
0.0001550779880530035
-0.001313338655780778
0.0003498108503935705
0.004034584845889199
-0.003143059676634312
-0.00317296175345806
-0.0006584165305036532
0.0008260198375556471
-0.0008643215839401579
0.005290179230160956
-0.000671738309525171
0.0001740867329034692
-0.007715354394995353
-0.01304459643645479
0.0009909106646599085
0.0003253872425500092
-0.0102879873076635
-0.0004786055972769866
5.506615252478873
-0.005979227775626721
0.009124999399733769
-0.0005598192553221745
-0.0008809846053016426
0.0009036923744436282
0.007125880368619551
-0.008235897310902299
0.001513182324940474
-0.004948877557085968
-0.008939918629318607
-0.0005777061532527272
0.0368916354746059
0.003485689889020572
-0.02137524553102052
0.02416837501674556
-0.003571110581261693
-0.009120161999530932
-0.03687472899105567
-0.007025898891627443

0.006568399315529416
0.009575949146221464
0.004645104854732974
-0.003579587066241918
-0.003876749189914718
0.002635970785346627
-0.002373162664875866
0.002662102212713979
0.001847756122491194
0.001719630738985997
-0.001537463698965612
0.0002555595694280853
-0.001442487106723347
0.001267109019427982
-0.001264629239166792
-0.001115940549832562
0.0009803374035964056
0.001418035299122173
-0.001188087141577388
-0.0001584552130374774
0.0007086241206483504
0.001289209136819474
-0.001364047210150272
-0.001006399173626819
-0.001012088122032065
-6.164109105531918e-05
0.0009733018783396073
-0.001303494010824391
0.001041291185999587
-0.001126193463262546
0.0001407873277590603
-0.0002402795925983453
-0.000613980291577936
0.001479034907651841
0.001357914910687018
-0.0005900639535283191
-0.006030339779544848
-0.002872196067219151
-0.003610758612552578
-0.001426595405165866
0.002528134784743456
-0.002186566744028594
0.00256664457841026
-0.005799227710111398
-0.005853936108035681
5.872572783522864
-0.02558275059869449
0.0009537016511846736
0.0006224321353650803
-0.008600526170924713
-0.002275789460121387
6.732092347863454e-05
-0.00538763419940691
0.01229419344357501
0.003021246095519611
-0.01180148251170484
-0.00472407935087297
0.005763966263214289
-0.004651739278761582
0.004696990674561009
0.002521886874286831
-0.02008170974369501
0.004287501885962855
-0.02302935942450833

-0.01497281963024124
-0.02425521075594112
-0.01358311380023927
0.01109454323470966
0.01071667823413609
-0.008786024116372578
0.008725387791160982
-0.007733800878184823
-0.006801242983722654
-0.005233495879952364
0.005046690663531988
-0.0008178988664208874
0.005356334124997613
-0.004399168741401368
0.004349584294030611
0.004482200556249584
-0.003216468751302275
-0.00466279149846631
0.003573363296807634
-0.0002090113783420258
-0.002253989436791194
-0.004860614339873169
0.003769558513805729
0.003600701223588021
0.00338778242649255
-0.0004778802265280112
0.0003352911915009767
0.003646832959227652
-0.003211740017481058
0.003302826745443901
0.001936653696260755
0.0009134425972250134
-0.0004406842431476877
-0.003164908128961695
-0.003050062950925342
0.005265760983647403
0.001768975050189665
0.01070796202284871
0.009884278781953018
0.003440380867154532
-0.007141014739776344
-0.003905628971713145
-0.007761607350255607
0.01138411182792168
0.008880508044260053
-0.02531225364266628
6.07976482625273
0.0088698923365839
0.006826912729538134
3.049466651901066e-05
0.008249289140759293
-0.001801089229014918
0.02171260582204989
-0.0154357549686412
-0.01721447408448664
0.03273058947048654
0.0114409133642615
-0.007687798588658274
0.02621722530273008
-0.01807403267904315
-0.01461274577163347
0.004153517039472808
-0.002307811765875371
0.07279904893094397

0.01710905863666154
0.025559685161133
0.01230064604239889
-0.01152313833675763
-0.01082273911535895
0.008855590952856107
-0.008232852918149638
0.008193173072854004
0.00626211805956422
0.005307460027227743
-0.005414508853460689
0.0007144480332928865
-0.004777369741926713
0.004207243580349553
-0.004445309963301431
-0.003538570021313003
0.004301428752436859
0.003904903891231745
-0.003895403970569219
0.0001003603285976991
0.003941559944395279
0.002612983488433683
-0.004259030818766879
-0.003225630450159826
-0.001687246446717723
-0.004623875095179064
-4.91068118516683e-05
-0.001586211023806848
0.001205496124950511
0.00133164112334047
0.005756660181631621
-0.001883476521083481
0.0002853862271538052
0.003196694476818114
0.0007612360761967483
0.00912753519962093
-0.0004058003651962178
-0.003558178963700131
-0.008762035281138227
-0.005937997811126939
-0.004634132243815609
-0.001733696215856896
-0.01040472943542285
-0.001176854539649259
-0.001189070411633187
0.0006693004230576708
0.008871750155010509
6.658352788615549
0.0009910389577485815
0.002943298158276722
0.0004293889124360028
-0.02170850323055757
0.0232399990925297
0.01097544639507386
0.01422786702166618
-0.01569078078140414
0.02580814368826846
-0.01036683902018273
0.01489992864808717
0.02197245297789547
0.02357309217664335
-0.009864124072713714
-0.01573421332787148
0.01345711988401144

0.01028925843089781
0.01634719487022614
0.01012582045652164
-0.009188397340171852
-0.00868882175581691
0.007212684933977292
-0.006804471685129915
0.006088896501534952
0.005310937145813185
0.00435555599967994
-0.004468896201120434
0.000598262777889907
-0.00389097441184448
0.003059968865425557
-0.003411195492464195
-0.003590347943959603
0.002917990598593788
0.003354596171787087
-0.003259305847591459
9.243725853595795e-05
0.003689601607584136
0.003132217744532367
-0.001079872098224325
-0.002103926634778354
-0.004002986898388333
-0.003192893099812191
0.0001091787781267812
-0.002164171870758876
-0.0005251902055818237
-0.000699000380419308
-0.001157133116610795
0.004613715962896529
0.00150187466658266
-0.001316316314067761
0.008154299555996626
0.008925372638403054
-0.001171167444560418
-0.006239150123592423
0.001649113341114543
-0.001261579197540601
0.008406771608772557
0.0005471748771143815
-0.00352650637704462
-0.0002915889967369388
0.0004660457494950667
0.0003848711052141249
0.006308947368881985
0.0003087648626922262
7.293158667059522
0.003683991377889725
-0.01529075045562087
0.01991036423011834
0.01599391498321054
0.007734593375195449
0.01184018100042187
-0.009192974305425698
0.01249170335530203
0.002483814295810525
-0.02061545902755696
-0.01428399573832439
-0.007545453399783782
0.005055532156625494
0.03746923767931656
0.02192119277735845

-0.006166953642654358
-0.009639152310361984
-0.004285133652963179
0.003731407602109251
0.003180185014455607
-0.002975419277788656
0.002500157700308576
-0.00141541178995731
-0.001714127110857408
-0.001393238905871452
0.001416880942841074
-0.0002895091445337448
0.001487663979987328
-0.001088585859824325
0.001112069711080847
0.001242937592769071
-0.0009208218226604934
-0.001009867710367815
0.0009654120975818093
-0.0002547630287955542
-0.0007034145655410605
-0.001015449988813736
0.0005946599447018431
0.0006601143666767439
0.0009495619355670639
0.0005626152749247364
-0.0007743266899707878
0.0008616809017565935
-0.0009354340526113972
-0.0003676412183394576
0.001166313133807803
0.001506580531095658
-0.003777980625991617
-0.0001191253816924324
-0.001086539985498596
-0.0008443101231732814
0.005797100799089181
-0.0004480667083190857
0.0002972965347769791
8.867382803622427e-06
-0.002616074931080214
0.009421242315710161
-0.002239887616877482
0.00025108718530164
0.001067580770936007
-0.006613696395691161
0.0001049249487797297
0.002984102508397468
0.004017272498419279
7.734924574615267
0.009565259953437589
-0.001717143644144715
0.000317816050393752
0.004038335763316466
-0.002330844483212431
0.0009189974122963348
0.002907949603305243
0.01558309157314947
0.008852017002607961
-0.000837209744417885
-6.622708823936403e-05
-0.0009226280969469162
-0.00441004163807782
-0.0004630939967619782

-0.01044344097145603
-0.01813648480481884
-0.01157924381320871
0.009984912292679156
0.009235312327013525
-0.007616603401490841
0.007054968951453572
-0.006765578284655609
-0.00529687012793661
-0.004656486961452499
0.004219262995904263
-0.0006671928714134138
0.004205945783429386
-0.003317876897696844
0.003645266870214946
0.003739198187564316
-0.003072513377378627
-0.003348173474090488
0.003453826050354451
-9.840616969791974e-05
-0.002971507066680284
-0.003426657467265681
0.001633034691060154
0.001869448799300844
0.003947820835063605
0.002262392780572176
0.0002262405269524008
0.002141077422385262
-0.0009372501247324186
0.0006177693916847404
0.0009501533239069516
-0.001748283749870827
0.0006125413792609067
0.0009477233411692098
-0.006034124491537916
-0.005728222551272699
-0.0007761369567408639
0.005935953654048387
0.0001423118553925101
-8.528381415372232e-05
-0.009193359855156107
-0.004393797356524818
0.0003390215337995995
0.002132155180013677
0.005081662506878183
-0.002137348221329619
0.007017016281730413
0.00106791412574748
-0.01320089947141411
0.009752633113580395
7.963262659514054
-0.02071169676959067
-0.01249127958305358
-0.006228140271128871
-0.00637960206091584
0.01221208060323702
-0.0035458709218484
-0.009116805647984158
0.0162086088344223
0.008469835598754666
0.005581384370802835
-0.003097008645568573
-0.0294984359033667
-0.002110802988003555

-0.02787477567533587
-0.0404381629993058
-0.0187552955375576
0.01645862196506803
0.01549943793143303
-0.01171488014639064
0.01122902797339875
-0.01071068991855639
-0.008026917862586472
-0.006196918339270312
0.006900936605781704
-0.0009443273277576447
0.0061339101503661
-0.005648031317158275
0.006134672268911247
0.004916610359463738
-0.005211822937605243
-0.005015738046900082
0.004026343549289524
8.169685967428269e-05
-0.004171966727688375
-0.003148544402308935
0.0053638500010689
0.004077562519603515
0.001166050792684347
0.003977261752376152
0.0003125147873711823
0.002401417833237655
-0.003441106562190014
-0.003483839821355518
-0.002022239935873476
0.005746971209690646
0.001132483328571281
-0.005587468043510515
0.003132601463930637
-0.003228389776609592
-3.041310317990643e-05
0.0008551270394918892
0.008706503151071261
0.008170989892011662
0.008438326982145078
0.001258075984793313
0.009478151302021912
0.004542142213073639
-0.004138916680081388
0.0002255304094422443
-0.002218238245231695
-0.01686892088401295
0.01821209973294846
-0.001514622113480063
-0.0203463822644126
8.677643444591791
-0.01352472106267476
-0.005902695306629
-0.007785126248228966
0.00369461585257312
-0.01743582114342533
0.008292023107829847
-0.0225822187658727
-0.02919993959255002
-0.02562027630159335
0.01160348464902718
0.03993050389091507
0.0001765202327036791

-0.02138392577109786
-0.03424295847023853
-0.0181284472938669
0.01481816645252089
0.01365626916833631
-0.01073924800046583
0.01004550859422557
-0.009365832702165853
-0.007222805178482536
-0.005745464777771655
0.005635968608851919
-0.0009875639130493383
0.006140232848287379
-0.004895958031023202
0.005657213800348801
0.005261974549918128
-0.003883136778922803
-0.004649212793684207
0.003502874066045917
-4.694037522442047e-05
-0.002323732869320983
-0.004655016162620733
0.003517024372726032
0.003646343690302444
0.003021061413785037
-0.000421733939391212
0.0004265718023853914
0.00399931680359213
-0.003488353203572398
-0.001531423935699254
0.007033873035790414
0.002801689836234479
0.0005163753639014779
-0.00353771335681582
-0.002016103699949401
0.009437762309638744
0.002389601299362738
0.004139361888367239
0.006805920219913983
0.001155898473581839
-0.007261032656576663
-0.002703999486384091
-0.00561185014002925
0.003486961980894885
0.001202249080121339
-0.003187419037164002
0.01299725808965302
0.01721653025685421
0.0121840727339695
0.0001316322248424992
-0.01174079576006316
-0.01310770545002559
9.435108046902148
-0.006066685149820403
-0.004284883008615444
0.01348293898392192
0.02098167894754594
-0.01138108917800346
0.02438264456645143
-0.007036288837029588
0.00139059387202341
0.001220569385009483
0.001167731137916728
0.05597213046610867

-0.00632209307545283
-0.009753873112274186
-0.006090097048765447
0.005142291211588594
0.004840655888114396
-0.003520022487431637
0.003791087722897328
-0.003333149924559313
-0.001783211529947656
-0.001946266066564539
0.002280866566875503
-0.0002340572434759533
0.002189065642907764
-0.001954707899407013
0.002277547259417971
0.002098888763850069
-0.001699118475588164
-0.001114061786551613
0.0009658706553086621
-9.353520465552485e-05
-0.001570039026024834
-0.00102256314056739
0.0009737643071508107
0.000828339833865916
0.001323595119809854
0.001504532546821181
0.001969557992783026
-0.0004107647954886789
-0.001006935610807126
-0.004020114224373613
0.003492046044301368
0.003150296427865821
-0.001720805756329752
0.0007371298368401217
0.000908559883053947
-0.002468875902440516
0.00432954497988336
-0.005356090608059558
-0.003448510941453536
0.002261246178852008
-0.001607271636415803
-0.0005492502067610491
0.001120400284550451
-0.006657900484862252
-0.002011375110148659
0.007088779469962959
-0.009363243430733002
0.00761999225261797
0.00605059798129199
0.003325058922853385
-0.004582985129947108
-0.005330115092220639
-0.006083673039121027
10.135039080669
0.01381221584446598
-0.01319037200339774
-0.01263573438539121
0.005149838140805967
0.003956444822896791
0.003057457224983236
0.01022732623072531
-0.01512369357699779
0.008177207407953642
-0.02040873649533849

-0.01745936835812295
-0.0265184234341236
-0.01334961708336633
0.01143545753889226
0.01042957032723713
-0.008232551568915357
0.007510209391424722
-0.006952784463934939
-0.006081828144710872
-0.004564459076998482
0.004683728038097481
-0.0007382429572738104
0.00411934274855454
-0.003881838836163754
0.004288477986870909
0.004149918516227701
-0.003364465606329853
-0.002685368088831488
0.0025291679672722
0.0001266463548407119
-0.002867575767216329
-0.002578291479533558
0.002497927001810569
0.002111026195297802
0.002341544735224877
0.002232113418090802
-0.001412911037065704
0.0002193865682224611
-0.001853861690309626
-0.004871929430492797
0.004866808977590584
0.003249113352044959
0.003064788960787787
0.000220564377986393
0.001042810771498157
-0.001887317180149679
-0.005607775095634556
-0.002200391790934703
-0.0008376783966570732
0.005688675498358268
-0.004525074741301158
-0.0001425827110235176
0.001909145229813346
-0.007954707047406882
-0.003870936461895676
0.001621313840212033
-0.01028173720323149
0.00982780681573547
0.00884501225730497
-0.001468790586015919
-0.004588889744475803
-0.006989454016153301
-0.004229034104621255
0.01383721096046687
10.28250120817669
-0.01127591020101244
-0.01791982930883604
-0.006232179665541327
0.006476715639126265
-0.0005570317070978693
0.01743715924130732
0.005658435826642684
0.01152536865756297
-0.01409004986417285

0.01244906490812228
0.01902780070525297
0.009795490972790219
-0.008991900687945168
-0.008039000425230695
0.006520293966932556
-0.005898632527973285
0.005781057962432205
0.004452805295887812
0.003801481551955099
-0.004023528572200485
0.0005611688173329292
-0.003563463850829257
0.003175114076007691
-0.00387279127831649
-0.003302045475708316
0.003085934268145537
0.002229680109179107
-0.001977020361260979
-4.489235541396478e-05
0.002471034136411783
0.001491050048581316
-0.00109006050241226
-0.001358578177504386
-0.001822472488885174
-0.003182124303592302
-3.193750349184487e-06
-0.0009353704682183491
0.001849651673214557
0.005857997041740532
-0.004304401677265305
-0.003097875726980351
-0.001217380521670096
0.0005307533314618394
-1.532097452152498e-05
0.002877731765827827
0.002270789168390891
0.003458282790889606
0.007360123772918985
0.0004273186980314793
0.0007716386292282008
-0.0004550208804218376
-0.001757278505433206
0.005089218240617156
-0.0007784007818333397
-0.006465970224188664
0.01879815903940973
-0.009188500703864445
-0.00656591955682008
0.0003988146772799415
0.009115569974523775
0.001695599134397843
0.01175462044888841
-0.01192822830854437
-0.01006656379419795
11.08951948368479
0.009569286883755697
-0.0006478855077415536
0.005037307464139507
-0.01754251568570912
-0.01297058604479532
0.005647111228110719
0.0001972188734752842
0.04065790787576371

-0.004701983743434476
-0.008542657221685727
-0.005701893681815401
0.004329257363917401
0.004391835843215677
-0.003600881438136186
0.003492711097920662
-0.003184239256417658
-0.003085243066786439
-0.002313314490130274
0.002251982921407514
-0.0003955826447377207
0.002632311124938029
-0.002198942659286996
0.001959984056626445
0.002271602513784156
-0.001452587616447093
-0.002546374630717469
0.001641829809171842
-0.0001128320419904494
8.030294817986663e-05
-0.001122435244664589
2.841009103248383e-05
0.0003601224287446926
0.001503028540247798
4.614298278502599e-05
0.0003728130659979135
0.005206592628167078
-0.004038631724839512
0.0006672008627591206
0.003285309795648965
0.0005878606650591968
-0.0001581373569844155
-0.004353973005944208
-0.004394505800910593
0.00653109699360247
-0.0002229620650420187
0.001999771665277917
-0.002167233539765887
-0.01351338909482224
0.003926319051906422
0.0005330918164563744
-0.006139664618087674
0.01320728487917763
0.01691828515690486
-0.002408547520870239
0.005606865769719167
0.01484726400115878
0.00715589777379039
0.00206186052276776
-0.002533562720135413
-0.01225157070245694
0.0179051791134107
-0.01080451059071082
-0.01551891986594974
0.0092312607943477
12.00745247915232
-0.0005735479715838245
-0.01677668601033054
0.01735128898766135
-0.003795363107107893
-0.004277171113271431
-0.0365815734886019
0.01181443157930124

-4.69888105370976e-05
0.0002122625607726313
0.0007290105969032696
0.0001135102039208471
-9.805158853507869e-05
-0.0002885825513420472
-0.0002653341535055274
-0.0007438394359230539
-0.0003992899420412373
0.00079345407045417
9.344380825640841e-05
-5.222427016095699e-06
-8.171702763042112e-05
-0.000704555662900649
0.0002921409400142098
7.467971461268112e-05
-0.0005564312849992531
-0.0001537897988203387
0.0003207595730590367
0.0001751010861817339
-0.000203806187041151
0.0005024777359469393
0.000323546668182172
1.412302759336358e-05
-0.0004817677522416391
0.001251641244269949
0.001586031119580763
0.0002738060879462966
-0.001002591656101948
-0.0007306825155727237
-0.001850863856536996
0.002255065382261963
-0.004473903313456111
-0.0008202735512866184
0.0005457572472095057
-0.00195046607448028
-0.002348543204013657
-0.001202842072557949
-0.0006065020065316165
-0.0006603614261482907
0.006351656483062138
0.005274092864588424
0.001566037096815918
0.003379248918487584
0.001381479568327488
0.002659305137454522
-0.00374994869720886
-0.005310072320994752
0.001732607022752724
0.009584722409223149
-0.005736452387977199
0.005586785969724608
-0.008530006089407864
0.004292494750233028
-0.004797144594617863
-0.0003517887272097
-0.000914116177656946
12.6746929285005
-0.02532214674005921
-0.0009791121954481161
-0.006482407075099037
0.01632755319789216
0.003012401908198663
-0.01829233457458389

0.008722599440749197
0.0115144435821326
0.003883948196285382
-0.004166508334288233
-0.004146627006096471
0.003234287159313207
-0.003248685339868127
0.003203991071961256
0.002534995301675919
0.002681974997863412
-0.002495861231679762
0.0002842826127186934
-0.002318842038331484
0.001953974736485467
-0.002000334950242299
-0.001234548423516001
0.002211131148134838
0.001917388849228666
-0.00148454363691936
8.426694845422713e-05
0.0009708980320678527
-0.00064807053965392
-0.0009978599004155752
-0.0004793924962683757
0.0006769531920631532
-0.003317821756650723
0.0002879700056546546
-0.003036120192114063
0.003878002403736451
0.00206076664093447
0.003666943788600351
-0.004003024411808497
-0.002774931881652585
0.004436147041438913
-0.0003196742564111745
0.003586125229481526
0.001514945262370683
0.004356280170399374
0.002205065789502274
0.005048900911514565
-0.01929607206724333
-0.002357361410371165
-0.005483527551784285
-0.01339633721878714
-0.008550181942948352
-0.002002149448830567
0.01226518127099762
0.00754236989614903
-0.01203518901256747
0.004886991643577325
0.009479595443326575
-0.01539338761663942
0.01730864440003673
0.002337936552473036
0.004177789611385157
0.004032738456885935
-0.01504839462178523
-0.02511341252668265
12.9985207895937
0.002726530534746394
0.02924611072810679
0.002928779870537849
-0.008914199056702642
0.0439236638784266

0.002988012637634365
0.003635251651002847
0.0001591089774668251
-0.0001436881041647811
0.0001590602367112211
-0.0004321035219578603
0.0006270719025650531
-0.000443677810346596
-0.0009393449219926427
-0.001066160862638343
0.0008567707544648814
-7.941182636040399e-05
0.0007376347694293535
-0.0006210147979510087
0.000607673236315544
0.0008902785435441636
-0.0004148012789198964
-0.0006189054423714167
0.0004645221013331734
-3.935581680158478e-05
-0.0004481952702346309
-0.0002911739648101441
-0.001318840376693364
-0.0005102893334743871
0.001522802577538325
0.0009184065618570462
-1.583359489997212e-05
0.001682441252647075
-0.0007421344366019917
-0.001208576774661184
0.002971203317663985
-0.001923315465503721
0.0003265671652634348
0.000108926046028811
-0.003813012646755978
-0.001171218542467617
-0.0005054280199869642
0.00027225680535926
-0.008138889684640986
-0.007921217739528577
-0.003405760039035973
-0.0011288381325498
-0.004395891982961045
0.0006724980110235984
0.009591927635324932
0.001594381903628589
-0.007135083507741447
0.01006960908237632
-0.007614010741328194
-0.0002106504235991639
0.004683725457273144
-0.01700947197313257
-0.00422254457010669
0.002654392624446153
-4.549909427529683e-05
-0.01529392161337985
0.01468079542206176
-0.0008396636482787966
0.002840721822478987
13.93337117878065
0.007997229551813426
-0.009647776491654037
-0.03802018595654879
-0.02068410938235006

0.0002617392039050755
-0.0008644254694865909
-0.001835378304023022
0.001632576486165712
0.001484798739211619
-0.001632318749702103
0.001583160843904283
-0.001399827495591242
-0.001563575778218002
-0.001631863689587298
0.0009457750440023904
-0.0002121819247396394
0.001215349547039529
-0.0008748206671397842
0.001238907687618701
0.0014725393061748
-0.0007546966257183691
-0.0004224526279618139
0.0007962091041491478
0.0001360004769319588
-0.0009406916622591941
-0.001328676896694535
3.76058711432127e-05
0.0003351327221657509
0.001814565728024922
0.0004305771821185274
-8.22449049941369e-06
-0.0004255915321721695
0.0002201382019577916
-0.001933830265612548
0.004383614096644137
-0.0005857168234187074
0.0005936836779499681
0.002257353231615935
-0.001797581907868786
-0.0009152842330764836
0.0003468295915261269
-0.0002848133158041663
-0.00333403916900575
0.0003849739171746095
-0.007962814300535324
-0.001662992539886327
-0.0008685499310637306
-0.009292073236472655
-0.001466379719426941
0.0009820766655032889
-0.006250598298839132
0.009911994394921231
-0.003829385048672741
0.0001417322642446747
0.002967083521679063
-0.01488838429382148
0.00177190079690942
0.007113653201884227
0.01208051566779815
-0.009745438032701609
-0.002131780120387207
-0.005592084931892882
0.02573736334202336
0.00672786720960698
14.96201164491135
-0.003536291172200202
-0.01536723892198728
-0.0107999999273416

-0.005568276629982502
-0.007531038496107158
-0.00287261174505368
0.00208060987144522
0.002454567699710157
-0.00151056775956025
0.001847629435072417
-0.0008801962423911108
-0.001559675922448331
-0.0009700871105056935
-0.0007047741342328317
-0.0002848289649075575
0.0004929386283183075
-0.0003876110680233663
0.001096261317968324
0.0007378614588074868
-0.0007355384677997017
-0.0008206994209809824
0.000650116572454042
0.001046523643348433
-0.0004394771361707622
-0.0006634208380643813
0.001055559884981556
0.0008428892979730413
0.000132174063791772
2.111643980571426e-05
0.0008319062809505691
0.0002473459243660736
-0.0002403300499031941
0.0002664648214795314
-0.0008462983681401472
0.0008370608303170171
0.0005539739238449283
-0.000992126598857025
0.0006131996290846065
-0.0001984095861483268
0.00399823601070922
-3.131665997080618e-05
0.003380453105593266
0.002673352742808498
0.0009492379826518835
-0.0001344356873317985
0.001052392031002106
0.001272131200362499
-0.002811187608416994
-0.007570341337804173
0.001336561274509978
-0.003638252872205552
0.002842210203531437
-0.0005822437022533394
-0.001952393951852774
0.006080152021344016
0.0001112868381198489
-0.01022261352587478
0.003451223630912393
0.004609000197550831
-0.003970606021347732
0.01344406333358802
0.00268675116786802
-0.009152257161038624
-0.003992625619482663
15.33986194491056
0.009971253389693352
0.01120182928391703

-0.01365085598327598
-0.01887964702304515
-0.007762707776325401
0.007030705137329936
0.006712712415118045
-0.005114997088080016
0.005064004354228815
-0.00505359340030492
-0.003733775926929386
-0.002925093529411767
0.003571811495645272
-0.0003805380159136334
0.002852379292461932
-0.002827000818400321
0.002924486786174764
0.002194504210642562
-0.002516896331579054
-0.001928695877009237
0.001523720450254571
-4.931570705482302e-05
-0.002222118732236697
-0.001541404662522473
0.003668531462944185
0.002615555301400434
-0.0001861679927394177
0.001465098550845525
-0.0001520120569566995
-0.0005202187614979522
-0.001190923209592968
-0.003050341226686056
-0.0006116180299179587
0.005256174154834026
0.00133697678634901
-0.001899501174880579
0.005106561871088221
-0.0009732317609302157
-0.0007177893054799004
-0.001955137038665226
0.008066777778389855
0.0110158094997586
0.004306927236613928
0.0003923610808081087
0.005431012178452186
-0.002326979868209541
-0.0127262730804754
0.001601945428596065
-0.001290279537527071
-0.005769671605193978
0.01685915956179028
-0.00203457036650281
-0.01486450669267714
0.02137536390003444
0.0002134576939158755
0.005502462566879886
0.007583231293299087
0.0004722049652919173
-0.02758518997803561
0.002740667961854086
-0.007609288774665233
-0.03392639398701991
-0.01512186458962137
0.01015657271747314
16.11962437476641
0.00496340378103351

-0.01206118611203276
-0.0197420766107019
-0.01034301025992962
0.008257290067848672
0.007709600426173102
-0.00624457922759176
0.005878319924495253
-0.005607675879256543
-0.004341225105565882
-0.003513975693983679
0.003337653025250976
-0.0005641429839713046
0.003539440820018701
-0.002805167630085753
0.003052275192847164
0.002880640716743424
-0.002050594166164805
-0.003107217089020452
0.002236234064200115
-6.975477254172324e-05
-0.001178461982403277
-0.003754051653073837
0.003136303352136515
0.00307820562408391
0.001868154159447614
-0.001899927096054502
-2.067172613353472e-05
0.002380524770346159
-0.001435729446065013
0.002006448091726957
0.003045858226262156
0.0006311253008024044
0.0001915914636463756
-0.003327825725614632
-0.0007275032878123822
0.008759937915727697
0.002765379160012689
0.00785220432836823
0.01108236298472945
0.004832014567757829
-0.008548594215437105
-0.003360589111804705
-0.005410914177558898
0.003019108932039613
-0.0009036738647221361
-0.008048297311700103
0.02553728786282783
0.0056972862451993
0.01020432913828677
1.513025328591142e-05
-0.001024805774450053
-4.651454096765185e-05
0.03027087521717499
-0.01228794297957851
-0.009050650219750137
0.02605716544750663
0.007598454213727231
-0.01343468184202444
0.03360046521671445
-0.01657265065528339
-0.01034067448212733
0.01047418887099387
0.003948855890624128
17.29189073032817

