-1.316159301147811
-1.629246390864051
-0.3970733467628056
0.4673145914975023
0.4077790422366712
-0.2966007727732741
0.2897640224564701
-0.2810552971626974
-0.1863122346364013
-0.1455144955478685
0.1672198095412608
-0.0255537309922935
0.1671944411171068
-0.1048103063526642
0.1625064994087308
0.1333070585818067
-0.1042543515021321
-0.1228209451056662
0.09608970047353717
0.01069813659924914
-0.08397662871388338
-0.09742470174019252
0.07977286871440679
0.07563352850876469
0.07831802708632957
0.07149299569762038
0.002363281795105476
0.0731459563642594
-0.06978359821831484
-0.06382973026024
0.06362002790390754
0.06035476999974133
0.01158693020645253
-0.06056908088060067
-0.05597947229464473
-0.05397030113410823
0.01197700005808189
0.0495665684041398
0.05597955814281428
0.05096511585998111
-0.04290917124716469
0.002821906004678696
0.0531270834435569
0.04589183381625014
0.04098963923096665
0.01717205104686852
-0.04497799298223559
0.03390979489778696
0.05415360730008575
-0.01293384500409422
-0.04861532633248607
-0.02091132477066969
-0.04372170746021783
-0.01713798590830412
-0.02899366534099602
0.03409674077045339
-0.04738824658780989
-0.0001409086630443299
0.01364426479948454
-0.052319150773457
-0.04656416462729092
0.0101558193769776
-0.002138500130293
-0.04260980212531004

-1.628290205392285
-2.271083323138314
-0.8289517048629996
0.6522163416288004
0.6530006178059846
-0.4478924004592016
0.4599094235333128
-0.4145170981917412
-0.3011060268520923
-0.2243469913747357
0.2604198005988395
-0.04018692403050279
0.2463503018489427
-0.1799057157421841
0.2375885217027867
0.2080536532677033
-0.1653263851354604
-0.1853211050085139
0.1487483811363181
0.01166510822287216
-0.132647471773862
-0.1468125402835718
0.1256373588480269
0.1173356460147036
0.1204710315375289
0.1091660136441375
0.006059418025628829
0.1136199071320354
-0.1077720160812051
-0.09886721636963482
0.09999072689236427
0.09378530603273272
0.01792688798836141
-0.09424926027551057
-0.08682688465934374
-0.07599112828741902
0.01869688208651294
0.07986194184528311
0.08749056345516958
0.07752874564839947
-0.07132847281491704
0.004025960059461334
0.07442705531061311
0.07302074718394669
0.0667488300575029
0.02172652130712007
-0.05634185265116501
0.06638838882926958
0.08959011119041121
-0.01882748278847771
-0.07560946063597641
-0.04227084647564336
-0.04316171049407799
-0.0303009459236848
-0.04643386029164871
0.06108758691652556
-0.05097092334753482
-0.01008224631548519
0.04094041419518359
-0.07718461832874815
-0.06734397560070488
0.01535742336768313
-0.01529750776323319
-0.02092852852711555

-0.3911312492612243
-0.821313169903656
-0.5640491387268702
0.3704376575261361
0.3118420980344175
-0.2544592384754824
0.2232844491984655
-0.2130825287932391
-0.1584420837388683
-0.1300761416941607
0.1283496585146521
-0.02288984774031675
0.1229025949630131
-0.1070601373245323
0.1147154681487537
0.1062198757708637
-0.09311006421063553
-0.09024668311214069
0.07888840258383195
3.381774304772616e-06
-0.07145935258894473
-0.07412694839010243
0.06580761209016323
0.06290467976976796
0.06203174623209595
0.05652766229279
0.005014364495816054
0.05799212756570427
-0.05638366383209314
-0.05289941464288283
0.05761079489235715
0.04857166199687178
0.008818595527262824
-0.04841025941976503
-0.04509746278739872
-0.03373308562278256
0.009220048140484405
0.042464198143512
0.04294427427892412
0.03918528707642097
-0.04747322042547766
0.0006766497046935644
0.0299899245198786
0.03356570017939004
0.0360686964898022
0.01034564269516165
-0.02350894838466459
0.05567191989711016
0.05115797133325441
-0.007450631719424419
-0.03971731591437969
-0.04133604786264688
0.0009711707995559531
-0.01049542195927816
-0.01391532046283408
0.02670676197510537
-0.01161511935288672
-0.01858098361707006
0.05302381320415229
-0.02706846905625964
-0.01342309126511552
0.002173041289692095
-0.02479981793862098
0.0195728743868577

0.4578514390717008
0.6379943707485798
0.3662624722693746
-0.3319792046266486
-0.2876442666535465
0.2117561808766809
-0.1965185579159334
0.1784227313926617
0.1410045205582518
0.10896164359008
-0.1148724065049297
0.01771065664837455
-0.1062075547516696
0.08948806912601542
-0.1005387083918786
-0.09135620912724172
0.07832973286365198
0.0790834937757016
-0.06686599251390421
-0.000961329656969492
0.06316136341813941
0.06269739552114474
-0.05631022695388414
-0.0529153372834849
-0.05390097533864879
-0.05178902568230234
-0.002810252220817239
-0.04758854440936018
0.04720253077812979
0.05101008661311345
-0.04790718387471112
-0.04424091423142096
-0.008226891805921085
0.03809965509027994
0.03686204031895507
0.04111035401302438
-0.005239029803017043
-0.02775707201375193
-0.02884751844353917
-0.03755533775734794
0.03437101761347387
-0.003111531278348575
-0.03684322576771615
-0.01818839772131665
-0.02389931677442046
-0.01907714787216701
0.05165097190946359
-0.0383464510437428
-0.03871215599741171
0.008683212138770616
0.03934183825287006
0.0276061741546385
0.03664632125951876
-0.011368139320383
-0.006873834488905037
0.01018089701172419
0.04788156467080971
0.003928877422346136
-0.01991466449249941
0.01695858996434403
0.0008163527766144388
0.003137909853345032
0.00259109356940625
0.07374579488045488

0.3931169851844695
0.6320666930561837
0.3050784265060135
-0.2848112636166757
-0.2448072612395544
0.2069406460060328
-0.1851226852763511
0.1658075656575367
0.1279994351107838
0.1047799203047977
-0.1035152205441668
0.01691168675901739
-0.1012410642479975
0.08164153577491279
-0.09372540190136917
-0.08379439733603899
0.07265787385103847
0.07377444993164078
-0.06253365033521219
-0.000610957445397531
0.05714125342270922
0.05925817568299655
-0.05056641363169696
-0.04917019763037792
-0.05033966646709367
-0.04679718809361653
-0.002567426025496292
-0.0475887928294481
0.04566767638807858
0.04326173757975395
-0.04568812529830719
-0.03792219791557001
-0.00686601963758631
0.03826360634384333
0.03885233289253766
0.03227499390601088
-0.006325264258968628
-0.03110185977994189
-0.0257766227424504
-0.02366561401226106
0.03263038675487539
-0.001760148874731812
-0.02622415678908806
-0.02972160924580661
-0.03706089622612518
-0.01248099649241932
0.03365945680139774
-0.04332938664213752
-0.03190618193776858
0.006148076561653002
0.02790543419939398
0.03952154605236588
0.01966718173910446
0.004704574384406596
0.0132037771882366
-0.006389472638310252
-0.001713866560659409
0.005530785348465135
-0.01450350834071665
-0.001991822354817048
0.008850138322958494
0.008008338864423861
0.04431361346769351
0.03885575975082271

-0.2854196177212531
-0.4313219035256811
-0.24791062939751
0.2083782228048639
0.2059701815848544
-0.1275604938835058
0.1535296695894949
-0.1378542220509943
-0.1020348318368383
-0.08223229107520039
0.08577771112731049
-0.0122419651573174
0.0774600183090131
-0.0681492573917227
0.07310016721765308
0.06694337680703291
-0.0570796135146082
-0.06009588564485089
0.05016977736767499
8.224509534368168e-05
-0.04471266776653013
-0.04632110287020313
0.04120534438805227
0.03877119581055132
0.03938393692878461
0.03704337693670922
0.00224061969588709
0.04097527045053111
-0.03874245765970053
-0.03241278110680674
0.0320865672873747
0.03164164351836317
0.005467802036818121
-0.0347740793278664
-0.03166459860568381
-0.02272378087760022
0.005432194925067546
0.02622000669084654
0.0236547498510666
0.01269990777116985
-0.01327413595197138
0.003264652442201517
0.02068009479587578
0.03952936284356241
0.0393807249642239
0.005982564174425617
-0.01920178066227383
0.02748739903807173
0.03291039669662088
-0.005072210268668146
-0.02600886703376668
-0.0195837754778502
-0.01406850634981838
-0.01853014746280299
-0.03079751444565394
0.01997549829887527
0.03273420294059172
0.006283460400959982
-0.02739239712690046
-0.002582749975453137
-0.03659430640162667
-0.0012972073688279
-0.03919169762823049
-0.02095206423787477

0.2831445550030329
0.4487215840642517
0.218141489317566
-0.1949478582706472
-0.1855257161751616
0.154351040892824
-0.0936689649032257
0.1376363553222058
0.1025018305953219
0.07627990004621724
-0.08010065650700475
0.01243778966839843
-0.07649051760326131
0.06132734167956329
-0.07153386006727498
-0.0627277830755075
0.05600045187312212
0.05493643278293483
-0.04856938751207136
-0.0002203918689434033
0.04356560125703673
0.04237377861381995
-0.04000189891804451
-0.0370923350263101
-0.0359098072897208
-0.03844294006823107
-0.002270053752315957
-0.03635121703310661
0.0360463171948806
0.03330542178232465
-0.0272055528523122
-0.03165419762728781
-0.0059466237298265
0.0319214705644688
0.027126283864559
0.03030072973350797
-0.003318866259331739
-0.01994334672083105
-0.02154693336246695
-0.017608335280449
0.006359363294154347
-0.005574360820888863
-0.02832656533830708
-0.03263057551581517
-0.02956453145527071
-0.0103285306568638
0.03463622252316968
-0.01245782997424613
-0.02879595690463557
0.00622038138708283
0.02897757472401552
0.004551565861338147
0.03804053829203791
0.009798467863665481
0.0213588896818332
-0.006322520516856226
0.0008043073837760671
-0.01617656269898641
0.04438332662550605
0.01112807309196405
0.03782628538637051
-0.0002431397109772689
0.01185175716659462
0.06750948967567907

-0.2679282708449375
-0.3967032209978399
-0.2079618138845236
0.1755299626200961
0.164785993693613
-0.1376721352154338
0.1365023038098178
-0.06474816147127262
-0.1029579405926721
-0.0789480146264436
0.07177416005331944
-0.01218980459549481
0.0708163799807377
-0.05977265953564507
0.06355392681220759
0.06134006941294684
-0.05102099019489399
-0.0526350569503996
0.04356462524089922
0.0001799796808131499
-0.04153527056212283
-0.0422372139170967
0.03450797295995413
0.03488806573735632
0.03734952047090656
0.03247144028661902
0.001777470359983291
0.03476084109090886
-0.03129729856810809
-0.02969901039860012
0.03442577079721214
0.02376058104285178
0.004315675472484385
-0.02544290956732655
-0.03159989594018708
-0.02309084824175713
0.004736903169197143
0.02536370731046328
0.01439797198005367
0.01306548988343257
-0.0306314557316082
-0.0001016476137374275
0.01491179335365348
0.0199057187907121
0.03121409091439754
0.008038367472278204
-0.02153538434763579
0.03665205290110699
0.009173235496000399
-0.002196504452806984
-0.008475325467337168
-0.0453495148440124
-0.01302167280145444
-0.004768408840555821
-0.01268653870448355
0.006588728273222155
0.009082387741767041
-0.01127065528860931
0.02765893944533722
0.01931110483912229
0.006859276680945891
-0.01206022055850613
-0.06250419763012603
-0.02619197637500926

-0.1837891953517311
-0.2972380122291511
-0.1577911489511822
0.1421496594640068
0.1298958261855611
-0.1037551876163314
0.1035736407747063
-0.1045750511932157
-0.01256328648329806
-0.07092077045530805
0.06659648896372351
-0.008249981253395816
0.05377528961107735
-0.04846266903534971
0.05411919526491482
0.04655323676025159
-0.04349292707518353
-0.04185784873073703
0.03636891840822723
-5.231552636847451e-05
-0.03319114908893163
-0.03464474865701369
0.03013457370989518
0.02811905612926585
0.02951707560130989
0.02789678431877739
0.001468757778823373
0.02439667522527892
-0.02499118709663068
-0.02686446363937533
0.02560833409729559
0.02301757306171093
0.004651536390193084
-0.01953286927907327
-0.01974095060252599
-0.02340021064477914
0.002783519841329977
0.01547869544014761
0.01618944159144722
0.02179078401959635
-0.02097852720524456
0.001048795654323167
0.02016246723661835
0.00731844755592799
0.01052695666206911
0.009907967334485832
-0.0272090788801816
0.01891554616010648
0.01665025526917645
-0.004338734345952232
-0.01792823467653687
-0.01599992176250783
-0.02131710104504387
0.006988728620609362
0.003650110782714037
-0.003463035266043128
-0.03395656117501239
-0.004327458235422972
0.01980111811350443
-0.01063457435780087
0.003271517203126472
-0.002123243508945402
-0.0005139476926488747
-0.03789207452955064

-0.1514791556884088
-0.2328704357068147
-0.1340746387155049
0.1131844033950223
0.1094518450976081
-0.08589672177516983
0.07938645614530847
-0.08216420993735785
-0.07233069978415543
0.02288651453294405
0.06093471225623016
-0.006346820163766745
0.05330677771168246
-0.03814810408437182
0.04435678049666866
0.0411477404875176
-0.03415530200349019
-0.03653448995769589
0.03077772405603074
0.0004475556863973387
-0.02854917575935986
-0.0276295600409761
0.02833220285015508
0.02525733574362411
0.02213907228634582
0.02228305517446928
0.001269634416435688
0.02116440709261426
-0.02133186371051951
-0.02108274625697892
0.01921697643658058
0.02138406671318424
0.003921882373537969
-0.01985511824276087
-0.01327111661957537
-0.01278610926420699
0.003887817637915142
0.01582967412871991
0.02413140983024173
0.02332076401424009
-0.01366220700491563
0.0007590033061243336
0.01588020088456474
0.0123091976386067
0.004764251685736735
0.002398994434335677
-0.005592190291165637
0.01118008836713087
0.02966210438967546
-0.003845333455991499
-0.02404841273612509
0.004047711374090181
0.001159349375157114
-0.00660534804182264
-0.004373470926287516
0.01795169688355764
-0.0246906689192347
-0.002494013799402228
0.01753625776071333
-0.03862952561886525
-0.01910093448228257
0.01221707860821714
0.02975020089855576
0.02370669016478129

0.1694876252112476
0.265076017293878
0.1319935362236337
-0.1178312373878151
-0.1074160899462086
0.0889244561310143
-0.08236106467817628
0.07453896328259273
0.06746055028765902
0.06038891099809979
0.03657976629083928
0.01148280331594292
-0.0584563658640227
0.04605404061666196
-0.04120561652824596
-0.04107427608318209
0.03593192746999069
0.03508957526317999
-0.03214421231626204
0.000767420298654716
0.02802543581282025
0.03081502432929956
-0.0258708851003811
-0.02651150925929745
-0.02444548775731539
-0.01862560510428878
-0.00138508295297288
-0.02415845301636625
0.0214776219250589
0.01682142951893483
-0.02210614583733589
-0.0177776569328624
-0.002802177256086522
0.02026506648216028
0.01785330820913783
0.007699071916119517
-0.006040925984958683
-0.02248426813757975
-0.02630424302136635
-0.01901667046970147
0.02265095721672048
0.002060922693986289
-0.008891260040045843
-0.01677407212497203
-0.0115879805188605
0.003188553667076845
-0.01152746950566191
-0.01783966576075636
-0.02169716638893289
0.002699136189890269
0.01224638632372747
0.0112492427864662
-0.01811602679418866
0.01705211288434537
0.01725038739574229
-0.03724080769370333
0.003498762319593425
0.01577268672672383
-0.04167861090245857
0.03093733363358216
0.0165953816662078
-0.01170876018065308
0.0008354087182974451
-0.06778903802810489

-0.02470011427477771
-0.0383707321843283
-0.02178080430466746
0.01754841384894855
0.01645702434309905
-0.01205832403694578
0.01230285662484852
-0.01184463969525286
-0.007867470077780884
-0.005796222542285847
0.01131031556880791
0.04181459431159538
-0.0004781510168094162
-0.008780325921704276
0.005481531368665497
0.004430151943724104
-0.005642216145132281
-0.00472364418970201
0.004028142547793725
-0.0004128494142657007
-0.004595832538745907
-0.003707894879210121
0.003835722351806797
0.003504828520139344
0.003299357926040772
0.003576980404353934
0.0005751473330598445
0.002648188390139053
-0.002879211687277342
-0.003192707591712528
0.002116755484770592
0.002728731069225384
0.001868626740677345
-0.002560404780053825
-0.002035063436640471
-0.003795110840578615
0.002780473561113256
0.001130185347841621
0.002384359635001685
0.00349693906238538
-0.0009192377335956996
-0.003365414174227471
0.004202295194622941
0.001562556417375323
0.0007644513212020821
0.004620123647153665
-0.002497937486552805
-0.0003029737378760036
0.001916912820646017
-0.007903967815667344
-0.0002412535568902131
0.002275384311950147
-0.002467384329975248
0.02056407798501037
-0.01682146893051173
0.003539060950379453
-0.01101185073692422
-0.01842253773687191
-0.006094815353922014
-0.005110183626358731
-0.008657142194107563
-0.02755908244184666
0.007981126075239629
-0.004618062966818811

0.1667990811073261
0.2447054931476436
0.1220740704288131
-0.1072786180918796
-0.1026935004559184
0.07850870915369244
-0.07717630876831671
0.07190672599180364
0.05358862451031661
0.05183993222288304
-0.05745268366806848
1.487155200345229e-05
0.05879154426841989
0.04723011802569218
-0.04705980522290722
-0.03388121961238035
0.03351876157647483
0.03407519829161179
-0.02739083414442761
-5.279623808418429e-05
0.02922634140382794
0.0272522493520041
-0.02518234954731773
-0.02222209436009387
-0.02322472817309872
-0.02299273513862071
-0.001069256629937945
-0.01739478209487616
0.01867592929231179
0.01949772601466903
-0.01479518273894828
-0.0177504971689614
-0.003077859203133293
0.01474116395075593
0.01536481428869905
0.02478250543534536
-0.00238849512009925
-0.01433381269302587
-0.018225076162703
-0.02400204440705835
0.01458417564099851
-0.001777659251724004
-0.02277779220817999
-0.00616070579511222
-0.001877595261282007
-0.005432456914726574
0.01936475213664654
0.005592364979352327
-0.001710696299090528
0.00361255354713711
0.008088029409347816
-0.0005119388182214142
0.0332519946615058
0.006330144900395918
0.002838928695602299
-0.0108560685257834
0.05395212152683738
-0.002549493413687437
-0.01550349869418639
0.02783172785485213
0.0103534933297908
-0.01128011745339497
-0.01460497854002345
0.03275949014220536

-0.0913627735814114
-0.1607007613872205
-0.09972552618472931
0.08401176357187928
0.07717744237153482
-0.0648706366348477
0.05777063994482
-0.05695962096202566
-0.04548701816002672
-0.03485134544689175
0.04291910288813552
-0.008572178777634543
0.04506931305716918
0.0937895217264702
0.04198763465587196
0.03586963164042067
-0.02311036055906133
-0.02679645643561982
0.02512941068442055
0.001173245430043474
-0.02108022277187258
-0.0238071071783143
0.01893640521125491
0.0183822933315566
0.01931619212882342
0.01868593931892835
0.0003713523491881486
0.01634826896114131
-0.01265813033413933
-0.01357839752618108
0.01444310276074717
0.007964461354793676
0.00101334406427772
-0.01118349490609066
-0.0194275266046561
-0.01940737370819134
0.00356557041549064
0.01870689187442026
0.009645533122014556
0.01115723180851525
-0.02352443310572726
-0.001254782485740849
0.01133717963098734
0.007954393463295406
0.01229967562294757
0.001455086690089646
-0.006591834283580613
0.00383329186042878
-0.0219053706741195
-0.001192295607049592
0.01498484827223705
-0.02752747174953766
-0.02256381927161689
-0.01183075478779141
-0.01674020820830785
0.0194317729932231
-0.02111683141510179
-0.01134489723361717
0.03830750495162193
0.00579335246074302
0.004544990522851023
-0.005637224568610255
-0.04462495988845407
-0.0141667151561165

0.1493024896843008
0.2177403068726209
0.105552564591138
-0.09346600962826494
-0.08840660027243241
0.06934008023563987
-0.06740388393895491
0.06031329930700662
0.05042546793536599
0.04027347942302811
-0.03757820140865518
0.005043538115268809
-0.04441570521914046
0.04194559589378682
0.1144939493342629
-0.04222314396575788
0.03385683851985112
0.02629890916773057
-0.02587589645970842
0.001113579359227534
0.0244091839615658
0.02273279998556238
-0.02224768885325259
-0.0205760032748552
-0.02072251164015651
-0.01777718676470894
-0.001672042085192556
-0.02050505418268666
0.01699577436766118
0.01154223409121224
-0.01306575814533757
-0.01169419880643707
-0.001750418448384959
0.01574909057628496
0.01926537930318696
0.01706686939939834
-0.003886996717443437
-0.01939827616784843
-0.01699351532824397
-0.0105907963779582
0.01218821629053909
-0.001000882582033819
-0.0138476980092063
-0.02011964502731583
-0.01662488993449927
0.001379976690557405
0.0007343282551629856
0.003597753439065163
0.00670345996378835
0.001555981535818494
-0.005126336634248996
0.009252467839455786
0.01962185391555926
0.02421162127766464
0.02873729721877381
-0.03252951399344106
0.005241051474768763
-2.082641464777862e-05
-0.00594006017764559
0.01176173316949903
0.02342892121557014
-0.006042525358267495
0.02794574356939029
-0.0001393432027663611

0.1230396152205337
0.1904696394771259
0.09548235088962266
-0.08359440659521011
-0.07748025543417938
0.0624053346190575
-0.05843889655451907
0.05710151331365033
0.04247808154513096
0.03701341205843212
-0.03721539596475386
0.004455888633502389
-0.0311331310918358
0.03513054525015459
-0.04180129534625035
0.1523929193246066
0.03595571687762121
0.03161331220577265
-0.01903702806722935
-0.0005588203357556787
0.02152734580976236
0.02135394456126487
-0.01920541299879024
-0.0200402111317702
-0.01659310214860009
-0.01812268362175116
-0.0007816676660036766
-0.01590641456054231
0.0171918497267717
0.01304480066741937
-0.006570277342915445
-0.01626189427478533
-0.002309997566239451
0.01622817538591172
0.01131409860090257
0.01646536644159836
-0.002387690412787261
-0.01264583367356205
-0.01976812035624256
-0.01526267656004838
-0.001323073514120539
-0.003152185679242597
-0.01809721303999603
-0.02028063970145246
-0.008410414678885611
-0.0006142079769126483
0.006008170583307468
0.01287851332501416
-0.01150536123546747
0.003620505797653108
0.01190860891034235
-0.0173754808279242
0.02196612620075094
0.01853257172448845
0.0228538915666841
-0.02596101464263068
0.01739985276231173
-0.01066487218040103
0.02424491681226455
0.03340552177660364
0.04112363982778244
-0.0134421125975783
-0.01873735312265446
0.008933037978047126

-0.08197514282529725
-0.132956701031797
-0.07881226660989211
0.06562890143551996
0.06194083350799207
-0.0489449174604944
0.04758562789825596
-0.04421781154874101
-0.03727788810495357
-0.0284947298943855
0.03060511861693697
-0.004902899589573568
0.02873491592628832
-0.02100273960201522
0.03134207111815376
0.03409661727717601
0.1974915946643818
-0.03093395658856527
0.02390711995088454
0.001663894996489967
-0.0126744387938156
-0.01897946422660374
0.01625362104043584
0.01367596892420212
0.01721314235517167
0.01230007203988592
0.0002159056838947647
0.01427142807215166
-0.01142051347912777
-0.01140909523004099
0.01557632160717843
0.007880439101293114
0.001207959906771214
-0.01158617186252715
-0.01303490184621897
-0.005152692871390838
0.003910213374083662
0.01482459916693411
0.01075542886358443
0.008356580169722842
-0.02013685153322793
-0.00230350813654227
0.002347198789520102
0.00711085348107123
0.01053505391361459
-0.0006780807667484414
0.004248510264940078
0.01878177490690397
0.004276466427778798
-0.0002519005467624151
-0.0003783695082145216
-0.02191983260327023
0.01149031201892625
-0.007310714940881843
-0.006984728881144928
0.01643251631323635
0.002676180915588505
-0.01444112555623121
0.03881965719249209
-0.001159378960389259
0.004542818040234721
-0.00361771507963407
-0.02469520661869112
0.03235817336981252

-0.1020993236869385
-0.1529567646086017
-0.0743713218211626
0.06747560403740764
0.06266920659174384
-0.05080693670784205
0.04640854605068388
-0.04533841865183946
-0.0359274299678999
-0.0305627538571722
0.02898924971381318
-0.004168043150788431
0.02943671335953812
-0.02431858700738438
0.02343739652216898
0.0294249818643945
-0.03079508114122516
0.2434724241350926
0.02694500374474078
-0.002525706463055385
-0.02330113027252929
-0.01341408812598474
0.0159542156745415
0.01578328163569541
0.01373165463338801
0.01586465758507552
0.001671705718236831
0.01084939084635628
-0.01171011777369165
-0.01558788865549379
0.01620325326890691
0.01290687209192433
0.003033027188305543
-0.006686916049376138
-0.008779683165086432
-0.0133737305035584
0.0004879733352716213
0.004480143914180851
0.0069818816493927
0.01636835942306519
-0.0149677459063234
0.0003700536864844144
0.01242229300546426
-0.007162373360473023
-0.002602070449572199
0.008609832849708083
-0.02305649328030564
0.01408469717664253
0.01182540631429799
-0.002834423812944777
-0.01380249655761435
-0.008857376392624339
-0.01254818078473642
0.01654487441770685
0.02054876818074248
-0.01704419072721845
-0.04005322008461719
-0.006066567662774636
0.02471190769599354
-0.007916207321379759
0.01786643020214989
-0.001323812218210816
0.01567660228214547
-0.03370006663643177

0.07728145959509312
0.1196630620667521
0.06428812176017389
-0.0551226203807902
-0.0518769776076832
0.04160344775554347
-0.04037166064990771
0.03630910965109655
0.03029119885521563
0.02522242976650638
-0.02649280856617697
0.003551631367853591
-0.0225349916853461
0.02209279366614704
-0.02269002512548551
-0.01673371465112625
0.02326430438041059
0.02654129390689577
0.3014406905931491
-0.007928774878446574
0.02304628924701161
0.01951992127242888
-0.009318434158290288
-0.01290480060974521
-0.01282001857846707
-0.009859761120978416
-0.0004933603056830695
-0.01195948455830355
0.01204903038408462
0.01337343893061163
-0.01240373150978458
-0.01315918594424388
-0.002238032587822844
0.009318235108456517
0.004952610342768548
0.006208580209091914
-0.0006201286733677693
-0.004292537966458331
-0.007357923838983664
-0.0105771890715528
0.008073182231099627
-0.0006067658305084955
-0.006462633606558332
-0.002207519872301901
-0.002643155832718332
-0.005717652185563162
0.01133490531245984
-0.01745303250100262
-0.02238675469065744
0.001332943028560461
0.01899486049615891
0.004386360158438656
-0.004131485408563108
-0.009246789355959118
-0.009909738911739747
0.009223716622909819
0.008678137485509222
0.005103808533980942
-0.008007431600484623
0.00921636765597504
-0.001521867590004944
0.006887295283316711
-0.01460109142484868
0.00354824724645419

0.01023498073148405
0.01104097296307098
-0.0001880395003265713
-0.0007172927072200794
-0.0007410252247519411
0.0001323158694283114
-0.000145761528089872
9.540783272727284e-05
-0.0004123559478791077
0.0003825733260636494
0.0009553347569270887
-0.0001047715129321878
6.680342577488252e-05
0.001195635351159673
0.001186980880930656
-0.0005447783044008462
0.001505680488564489
-0.002609419418548523
-0.007826818327720628
0.2765217658482665
-0.005144159234678492
0.0009088437629378174
0.0001650314686194386
0.0009401026090061176
-7.23945563988514e-05
0.0004124100356557173
0.001274841880904665
-2.323942183841542e-05
0.0001063756802260964
-0.00072844488772407
-7.519733245243217e-05
0.000296395384610234
0.001129867689590509
-0.0001036488829623105
0.0003091741952836836
-0.0008174324743611162
0.001946638257840849
-0.0007767955128997275
-0.0001534512217761953
0.0007483900001625157
0.0001232741496365139
-0.00288610218304266
0.0007511355113097948
-0.0008264207413699532
-0.001112944666080946
-0.003442720525169805
-0.002162034506444748
0.0004756681996761954
0.0007290654460220081
-0.006818052163600183
0.001255778714577698
0.0007358326084050983
-0.0003820308510183467
-0.003216168485345841
0.005233594004161107
-0.002997683390510653
-0.000185902667481081
0.009573369980215773
0.002919153724415304
0.002741524508784411
0.0134771738427018
0.05610681740828274
-0.005164343228253911
-0.002053942190457267

-0.06471516984527126
-0.1044782992829897
-0.05795894621176972
0.05004000399011621
0.04669322865484218
-0.03744918956921428
0.03552401472561419
-0.03446788271690175
-0.0263859154792711
-0.02290653976073012
0.02296805116331875
-0.003748699417320972
0.02341836906242845
-0.01765340628809059
0.02126398360319533
0.0190317169012895
-0.01203151387626136
-0.02226716402857622
0.02279405736821411
-0.005074872593234703
0.3683069775006076
-0.02252674784287585
0.01666384627529606
0.007186461165715996
0.01113258832526296
0.009403643746259882
0.0008789516210871023
0.01224817082927768
-0.01425336644577487
-0.009135716273854904
0.01222489461566745
0.009219058257085924
0.001714827167578708
-0.01343397453646198
-0.008384131226726942
0.003769070663541015
0.003142111624101193
0.00916135571193866
0.008178599469131128
-0.0007367641214143924
-0.003780309804444514
-0.0001254338046956177
-0.0009917226730293454
0.01663718433052263
0.01692227666954025
-0.001467666623570366
0.005277604787345159
0.02141221426738655
0.02575610741266877
-0.001290682590350411
-0.01522658717173245
-0.008676957160585662
0.0208248573925502
-0.008057717587536994
-0.009879642562169482
0.009635540797297715
0.04075845297671429
-0.001419819305448874
-0.007766824961469434
0.0001968321624173063
-0.01378534747139682
0.003240119469502524
-0.0150271642464682
0.03218511885305855

-0.08169578427119269
-0.1203255032863595
-0.05854511366690701
0.05196414207386706
0.04943200278844861
-0.0391859548712365
0.03637322059366645
-0.03498406800023941
-0.02856053466247634
-0.0216360552648503
0.02409403595166374
-0.003149318806057571
0.02258086556475397
-0.02032655979004641
0.01976679782036646
0.01951484716681307
-0.01765321884921692
-0.01289844280159841
0.01937740816778579
0.001032455143141332
-0.02260728941964663
0.4424656214677908
0.02090604119891814
0.01571403825428708
0.005916041445133587
0.01368951535834425
0.001689361888255099
0.01240094898352936
-0.0111607971346612
-0.01378792598055508
0.007253934163618617
0.01244458560843222
0.00231253920272279
-0.009808659143329467
-0.007775130304249513
-0.01207288524327835
-0.001176734674432217
-5.381342049156235e-05
0.003595257668997568
0.002139663847312628
0.008659312365845329
0.004746880379254564
0.01279548797057406
0.01303242567240473
0.01203148914568509
0.00759416058190157
-0.02447086590396501
0.0007605577657009031
0.01585829568661018
-0.00314768201793845
-0.01773163452738158
0.006541838190702405
-0.02505606973044984
0.002748243034402979
-0.003700608295111566
-0.01323288708285902
0.005150515302575194
0.01691724180673058
-0.05112562461929503
0.001874078475271628
-0.01966200417654063
-0.003424577142801644
0.00221387039668036
-0.06180818041596724

0.0544910345475115
0.08836787679851789
0.04953576458200785
-0.04310697308276885
-0.03963641984276216
0.03257392383764932
-0.0309842565972088
0.02793552601716378
0.02306241840761917
0.02038706702367685
-0.0183957150577084
0.003060366064329894
-0.01879649966968979
0.01625419381738843
-0.0183687641343974
-0.01510391553834168
0.01484523827277432
0.01433355863724694
-0.008279911872907664
0.0001727960604674402
0.0160336062605554
0.02013523106186763
0.5323238116447485
-0.01717090382021588
-0.01628886914346627
-0.006015961741155
-0.0001832294334176022
-0.01109243148339232
0.01003372506493181
0.007829612808749775
-0.01304099915444428
-0.00485498630038279
-0.0006332148324827975
0.006129158949185423
0.01218792062857541
0.009924923615563346
-0.0004118598830699055
-0.005960171236377002
0.007902206474445433
0.00541074265452257
0.009489546198851621
-0.0001253320821749759
-0.00133080003212125
-0.007482615127352592
-0.0197990645998399
-0.00592004917153327
0.01658226372356791
-0.01975078058722158
0.009726141405112951
6.745127578600954e-05
-0.005647060497909523
0.03284566338327347
0.01369415438116048
-0.002722784182703706
0.004027002274682901
0.01332803807504621
-0.02482959100460299
0.001173403976395641
0.002208490003066037
-0.041672113479436
-0.01560503801135016
0.01686864137851912
0.06095388012177932
0.04748866067431442

0.05712178474662682
0.08913178841353739
0.0493999497509434
-0.04242380353059471
-0.04010855184222718
0.03168194768348432
-0.03009185644019388
0.02877431862280497
0.02213187305061274
0.01869494881854657
-0.01995655714910506
0.002733232109845897
-0.01705079055717239
0.01565198088628768
-0.01736210806865818
-0.01702659130667805
0.01241672479121958
0.01469968065768965
-0.01225491096356729
0.0008202519675925682
0.006935963919538611
0.01546188261847658
-0.01764670512840118
0.6286008451240149
-0.01903059343744809
-0.01474402996103947
-0.0006240861745762121
-0.005437397172502976
0.009409603122780689
0.009885370411964346
-0.007836726243847073
-0.007852387468358065
-0.001405945150987947
0.007405254909380344
0.009585895927111242
0.007659261018205591
-0.0006938125642977667
-0.005369575938115667
0.0009825894089851139
0.002080892078952411
0.005514809831941325
-0.001241389910064667
-0.004532808459972254
-0.007015750366967369
-0.0136349348663388
-0.00459947238107153
0.01454544939920038
-0.01105489150747299
-0.001106570654176522
0.0009252392072798779
0.001580189436596298
0.01545465704067484
0.01328618994021462
-0.001365108791096627
0.003280248599676374
0.007825113899602217
-0.01134060858907654
-0.002805215000167444
0.0105288944385914
-0.01849117700298189
-0.004581379416436111
0.00885042730088679
0.02868473698522679
0.03700120965871337

0.07166524066707486
0.1080531778057795
0.05272388162063637
-0.04691299183395536
-0.04345792288224053
0.03473485920512173
-0.03212746329818196
0.03089261918329885
0.02474941795908159
0.01880573980867932
-0.0202728104324073
0.003048123928968667
-0.01994885938367606
0.01550922503959347
-0.01853126538325727
-0.01639339835719339
0.01606360765915202
0.01353216234986033
-0.01327196058055971
-0.0001630930776909733
0.01171539201645098
0.006832020464611862
-0.01665609057784346
-0.01950443186351189
0.7407825450936901
-0.01868057356350349
-0.003783752125607849
-0.01385511323401538
0.006034259639887869
0.00967108024699578
-0.006068050524274018
-0.01053356022866393
-0.00193744162296448
0.01166019189575516
0.003518279668075681
0.00573446715800943
-0.00078271370763819
-0.002388663118650112
-0.01232734727670927
-0.009240705463730559
-0.006527613943693632
-0.003146704217988521
-0.01085016768768293
-0.01024644068431344
-0.002446446171692566
-0.002237132140226075
0.007268039824019711
0.001536226739928238
-0.02360078715629513
0.002609378434447477
0.02072716780919839
-0.01774754351966245
0.005338940710575111
0.004332567435277265
0.004149340536297529
-0.005193388155058513
0.006355007628251136
-0.008384873704275566
0.02584577053420367
0.02391626529027786
0.02453818911885901
-0.008499683740308076
-0.03277369230168815
0.004225054109288358

0.05637811593761393
0.0892717844120252
0.04904240346355655
-0.04081415494320221
-0.03839753224621512
0.03031959095466339
-0.02941132160750941
0.02660059506832392
0.02162765462262803
0.01833928346806743
-0.01673454199999683
0.002765163108302376
-0.01722921228080983
0.01551671157885775
-0.01479043087892333
-0.01508716472680744
0.01282024957489988
0.01447202211076119
-0.009758364897054724
0.0003680373923432245
0.01035301580161494
0.01214083038819871
-0.005927372003987514
-0.0144690947871124
-0.01812710453740508
0.8714493190700368
0.00017006584956957
-0.01794485592762813
0.01286311194945255
0.001137805456232853
-0.01134373940176459
-0.007370313123263611
-0.0005121111294735252
0.006706807436021982
0.007371113003697978
-0.003417386831671526
-0.003471175113551067
-0.01040619062653893
-0.01120982522193217
-0.008004849403202723
0.0138029811568564
0.0027177691505541
0.003564128345555314
-0.006369176812731659
-0.003815846043073676
0.003766575525724809
-0.0150163959974028
-0.01764432875641301
-0.01572134717808777
0.0003742298268596621
0.006760678312737493
0.01035366253793582
-0.02846683264759847
0.007576883334120301
0.004488688511305681
-0.01990430835895493
-0.00908842098088202
0.01397503844399458
-0.0358189833476387
0.01324656116308013
2.530050834894737e-05
-0.005748499796476069
0.0006918105998512166
-0.06609187480835968

-0.001512053141979901
0.0001771116926010209
0.001897804021278867
-0.0001039918100828161
-0.0001677345693084951
0.0001818751679913423
-7.702524719885721e-05
5.089173127350261e-05
0.0003631535913857103
-8.714377663334584e-05
-0.0002006568837324093
0.0001116516735481506
-0.0004224795182591614
-0.0002891744444694426
-0.0006633801788690199
-7.901329475748595e-06
-0.0003960552108366662
0.0009266007610352371
-0.0001029658153319814
0.0004104938708835697
2.35708770488437e-05
0.001019322155208368
0.000264804011947211
-0.0001546994627038545
-0.003308124578552468
0.0005848067402010597
0.8792846511394515
0.004729251045128746
-0.0002374361836532937
-5.206528052296197e-05
0.001162898017338755
0.0007810117398396926
-0.002792944995592323
-0.0003368434269454102
-0.0003159309438101162
0.0006183675433562269
-0.001401543287289765
4.818882550229679e-05
-0.000183469279297531
-0.0009411574436342115
0.001613442570223069
-0.003615184535130205
0.000466411632445587
0.001335026442001525
0.001313878436252524
0.006606535689886468
0.002107499801264128
0.0001113706765750821
0.001182691615367121
-0.007052240251648302
0.001751066473698059
0.002192067397315824
0.00321370984865754
0.02237689212610736
-0.01709204781072937
0.0003809672416272364
0.004680123510773714
0.02291035106849612
0.004100452853501763
0.0001949520737079162
0.0003494632724793066
0.01386892274831857
-0.00309966349741578
-0.00143133810422246

0.05715911283463483
0.08708818067773379
0.04390637946652967
-0.0390504910495002
-0.03609422562406406
0.02885700530752631
-0.02680367878880859
0.0260781235604095
0.01983397459479082
0.01638450847339415
-0.01786692674905207
0.002286489718250857
-0.01497797545185666
0.01346783120124407
-0.01602532381922136
-0.0127241202243897
0.01234575079695911
0.01181249748442856
-0.0115347604297006
0.0001030605003396825
0.009655036237859385
0.01109055968267601
-0.01011633827226213
-0.004772617226232059
-0.01288666447164601
-0.01742948778822444
0.004343064585581803
1.016520563376603
0.01387583022710886
0.0140475463008969
-0.003005946846748903
-0.007617304012751335
-0.001344417253244542
0.00360135016690228
0.001845710072518259
0.01195843703441405
-0.0009055079548304238
-0.003624314381859828
-0.007612225903438481
-0.01584182843091487
0.0123931596960461
0.0007024516849384902
-0.01051947822537525
0.0108403638881435
0.009157387848181845
-0.005115840610105808
0.01157289454241194
0.000450246009734514
-0.002858989060416578
0.002963594641945102
0.0059595940005057
-0.001166098093034116
0.01255047469391606
-0.01212222008848608
-0.01408605484376151
0.004755146561047542
0.05042925833810292
0.004107931224893954
-0.02993769586206105
0.0196464954357793
-0.01175511237902417
-0.005075752898151047
-0.02812480523870752
0.01349822698702028

-0.04504468881057633
-0.06934024834508309
-0.03729418795273116
0.03225311406806517
0.03040162862899395
-0.02433390868127278
0.02304516192307371
-0.02136831314065279
-0.01765991974869037
-0.01408484584981316
0.01446011861548862
-0.00221273702627502
0.01426846066601324
-0.01068208602314523
0.01270112889285779
0.01256524376903393
-0.009228654981619349
-0.01023308181751434
0.009624390455665672
-2.397104711052833e-05
-0.01063224758955472
-0.008041978702479552
0.008736304984470492
0.007910656653942926
0.00385619164101648
0.01163139456532217
0.0001088839370144119
0.01341472216226538
1.177893230517756
-0.01442372334297698
0.0105003545793235
-0.00108752695170043
-0.0007879548598505686
-0.002688125206060316
-0.006903661199720378
-0.008210443224493628
0.002008701832160386
0.008379778422549902
0.006647530987317699
0.01107189008560508
-0.0130240634754127
-0.0009975959515099043
0.007495289824672376
-0.00420248964859121
-0.004952610828810638
0.001496440256968688
-0.004014785508279745
-0.001815944264331557
-0.01066446533560061
-0.001542754484901482
0.005893072862357095
-0.008306512736183491
-0.01038671637415575
-0.001013869372909623
0.0005288600429751264
0.006171236867096913
-0.03310215146006942
-0.00866600331955533
0.03430727893746787
-0.008872590586832183
0.008972055880890225
0.00274706704326665
-0.0008231258375654572
-0.0001136619612593158

-0.034975063476876
-0.05659540545139013
-0.03131730459398585
0.02718389140133104
0.02526679885311394
-0.02073035072911028
0.01961983552195149
-0.01836083615373685
-0.01485449363585684
-0.0128765657902692
0.01192066499622303
-0.001816035294956254
0.01180846288726425
-0.01084111748476571
0.009606815788905836
0.009826251732981281
-0.009399064479855182
-0.008723005004492863
0.008571588134665022
-0.0005264966476764732
-0.007475143445776573
-0.009532084769601367
0.005694620313341884
0.007626110986827886
0.007053262094368773
0.0002503089804615178
0.0002481955070263198
0.01214251227712559
-0.01392377904644525
1.362274573744748
0.01096663431031361
0.00588327167549099
-7.796151917626479e-05
-0.001812674878352145
-0.008629368221008234
-0.003383630166511649
0.003119973619660685
0.01119960023353857
0.01192139699401559
0.002873007648896941
-0.006661638267125496
-0.001254976948768766
0.0008040373695143506
0.0141161047611721
0.008610041680424563
-0.006889317864860252
0.01820108584170939
-0.004924042316404285
-0.00950613444951714
-1.538175556343264e-05
0.01113420059668723
-0.004789310637557736
0.002479903353653346
-0.02404699237314863
-0.0256127992364301
0.03529278364019653
0.01044085591605819
-0.005062815919082584
0.01356604963458803
-0.01076975421304703
-0.01883088232899853
0.007524726334437153
-0.02129564907151291
0.04052417911280405

0.04155487512442774
0.06068464349612442
0.02937788771609906
-0.02654980159780206
-0.02548175816699443
0.0199580533278977
-0.01902401913739091
0.01854337472062717
0.01456927875457672
0.01158752606892434
-0.01285079454899112
0.00164421481693428
-0.01111356344889278
0.009690147195336583
-0.01135292763664854
-0.008103029537673796
0.00910672087060271
0.01006391400896646
-0.007151004089675551
-0.0001669295520323738
0.007846369347881001
0.006771594507752964
-0.009012949673876045
-0.005359211490156553
-0.00534623104301034
-0.00805731895337033
0.0009328839251430342
-0.001567835734373049
0.009870609170075912
0.01125598934421265
1.566706627227191
-0.01385031797151747
-0.0005920368855611921
0.0112826042804915
-0.000420416754937938
0.0119597823574473
-0.0011302055970659
-0.006194224450329596
-0.009753726535722446
-0.00834873867477356
-0.008771958528881995
-0.003095145267160649
-0.01318090105514252
-0.01329267008353116
-0.00321175985552195
0.001467768943227255
0.001868818994879043
0.0277930451392427
0.003672432456230166
0.003065338544826674
-0.001005309233111118
-0.02281445227346938
0.02782484931898814
0.01849533824490753
0.0230967398355973
-0.02273117783709261
0.01802981890946779
-0.01442309053003217
0.03418550249923787
0.02597821640070995
0.03813385478859184
-0.01280537234707254
-0.01545491590080404
0.01820126860060687

0.02315137454634725
0.03857272537474363
0.02278496661864836
-0.01993637891879058
-0.01836660836888067
0.0154424885642549
-0.01434238969742077
0.01355554564372966
0.01126991785715986
0.009496416864422104
-0.009115326479481755
0.001432532848485546
-0.009246779029667501
0.007223762694928272
-0.007793600920927434
-0.0086441388176694
0.005619722517299374
0.006924605820003846
-0.007154991200756966
0.0004054289949055063
0.004842987061800801
0.006553878990131755
-0.004561109461110233
-0.005793654659280193
-0.005198874141559354
-0.005142878551940348
0.0002338486007541964
-0.005166823350428847
-0.00161172461473157
0.005874594700781239
-0.01305452765901558
1.78024600306266
0.01267812276462519
0.009562581864665225
0.01302581631540534
0.001170480876787091
-0.002350727466512971
-0.008849516699510477
-0.00177244275906862
0.000946191738832492
0.0132784575455465
0.003028192147174137
-0.001058479599005143
-0.003113427221902186
-0.006697693638034767
0.00157690704559427
-0.002616829366018991
-0.002112676710871654
0.02060869132796712
0.003387867312747091
-0.01613618031561343
0.01853877365167365
0.005626827744411531
0.01296450476585639
0.009088303091872153
-0.01329612919281195
0.0004228030460274083
0.01483602226507418
-0.02322842842929001
-0.01407049079685437
-0.006975664962831031
0.003343969836375919
0.03804729256344326
-0.003841684378983959

0.007615603632018206
0.01233092704770956
0.006155915244956531
-0.005152129321099689
-0.005230248520850096
0.004352876534068064
-0.004115526056614019
0.003625064006156604
0.003426247896806747
0.002607304798399046
-0.002194918824298879
0.0004839718530485885
-0.002813487396892593
0.001847845664928683
-0.002196797699874021
-0.002268289009646951
0.001470452536213692
0.002026540003188969
-0.001772498097238521
0.0002259124559195949
0.001287394263586662
0.001701937323935067
-0.001059936451868398
-0.001324553477267556
-0.001375776139076215
-0.0006147824922131149
-0.001410584563315723
-0.001263593944545437
-0.0004057960475975349
0.0004031117203208395
-0.0008736341381146684
0.01225127237435237
1.790721745568276
0.00607723999833572
0.003446673955786833
0.001144444404589081
-0.001248350363440238
-0.002929017101425731
-0.001605273744254431
-0.0003013758055168719
0.003219369393295313
-0.00614333918778332
0.0006455353742994558
-0.001155530397324406
-0.001322075000346473
-0.001525460200242483
-0.002847099191867649
0.002062693532331862
0.006444576438814257
-0.0170508366444596
0.0007008584161758333
0.003743661218986073
0.0006045602393617404
-0.01095328379562966
0.01529930703588641
-0.006125870779622997
-0.002172841482493761
-0.03209167314169924
-0.01835997697992677
0.002326104045904297
0.0040544848981321
0.004307784772140444
0.009478232674273177
-0.0004228847335097107

-0.02936544550628742
-0.04559547195710577
-0.02514140141681994
0.02173069955921836
0.02056385173462411
-0.01648684103382209
0.01588438296035609
-0.01457763727435237
-0.01189562936908023
-0.01015260801257353
0.0100350554316817
-0.001395217708868293
0.009190102748803148
-0.008469362813023643
0.00869091441968132
0.00826351751026223
-0.008036654277020289
-0.005870754962539311
0.006215976933196923
-0.0001701418514502865
-0.007394552024506651
-0.00531457758206519
0.005026031988674096
0.005405025242977439
0.007257905488756778
0.003916390460688172
-3.052653299817577e-05
0.003593189922829039
-0.002875310662784195
-0.0007969982336298604
0.0102657799129869
0.009965685219789331
0.0058860968033909
2.029273610740772
-0.01326079451282995
-0.01190872888318037
-0.0004834941095331994
-0.00126378353832072
0.0009656796797298498
0.006964536790124268
-0.009928687778653486
9.389101884612889e-05
0.005373361269863466
-0.005890226989499933
-0.001766051903649802
0.003556629573659227
-0.007836465344767516
0.004856277278122116
-0.007861062415848642
0.0007274931788749954
0.005561788252238656
-0.01206497770993169
-0.008783427330487032
0.006848752887161642
0.00745048916855639
-0.004801030497370705
-0.02320748227221636
-0.004102614153927597
0.0255729066768562
0.002182456694409469
0.0169857958607723
-0.004427375512095957
-0.007489635896564891
-0.01794255813236018

-0.04002951409909872
-0.05999946748892229
-0.02881522484468247
0.02564974602244804
0.02381113523195592
-0.01898121329734302
0.01764236459122479
-0.01719504064532133
-0.01318120440592662
-0.01064802304047596
0.01143166108634465
-0.001608930513582879
0.01053641987111872
-0.00904508005421039
0.0107423824113658
0.008719361135483357
-0.008082624036630379
-0.008646258238980416
0.005638139694484734
0.000177844220527915
-0.006446154674044439
-0.006958980344357083
0.006244121047803568
0.006301732992255588
0.0045135835181825
0.006235126737028978
-0.0002263630409656226
0.002470264491198117
-0.006046333094816348
-0.007087333005148538
-0.0001807236242777422
0.01254124044097477
0.002943221834120307
-0.01362288507621336
2.300060269808389
-0.01064970258776296
0.001768204150542224
0.003955247166192163
0.003471909525513536
0.0105653133993336
0.0005758417344374663
0.001470407051463746
0.005099905174550715
0.0008373677602976498
-0.005354247330206776
0.002994012190364173
-0.005563944565531684
0.001315976655595284
0.02205369010508245
-0.002389500980554561
-0.01792091354460195
0.01610700342460372
0.001647546354372003
0.006209084871864402
0.009391089005027204
-0.004020829535531595
-0.01861469652989249
0.00252548771407712
-0.003162216520858526
-0.02402241959938766
-0.008935794453854697
0.007117087375306398
0.04031643071026123
0.002671382122640049

-0.03168241776403528
-0.05046456129475507
-0.02775710380402103
0.02276168873467981
0.0214622365172792
-0.01687537719124223
0.01636078451471209
-0.0148396388325667
-0.01227818682880498
-0.009713264391036496
0.00957531891276567
-0.00160211752457859
0.01012828555068434
-0.008441407014963057
0.008851672616968799
0.008963405712292705
-0.006591299988558142
-0.007551420078710013
0.006844847392097158
-0.000435724428913686
-0.003376330371633401
-0.006627615169471647
0.006518971830767756
0.004500698091149676
0.004697334699012657
0.001671341418474329
0.0005409252626782468
0.007805353959046368
-0.005186554965375262
-0.003976967489771569
0.008891798714538319
0.0009662151327898992
0.000810402016061429
-0.01132865445053195
-0.01073117927024296
2.603043559862589
0.007802411442705782
0.01238406237175721
0.0119639664018762
-0.0041783340032733
-0.005761909136380776
-0.001440427838468911
-0.005855208378535082
0.006233230408952136
0.007760683237836035
-0.002250830381620687
0.01438765117190344
0.02135288719114722
0.02511188712349366
-0.0008644685093049747
-0.01401251859475725
-0.005555874508897485
0.03721594073640556
-0.005714549793825702
-0.0008191069322784133
0.009358391183084123
0.03133022605876759
-0.008179194307167174
0.0146651823568837
-0.007800073154367047
-0.004950920310257796
0.0013579954014664
0.0004868762269054933
0.06305718081522947

0.005999272124762885
0.008062243668084144
0.003060300439543943
-0.003323389442939521
-0.002934784938596814
0.002252218537820801
-0.002189309410458841
0.001811314037147578
0.001460250163751469
0.001413126330054459
-0.001036763852036988
0.0002286065085707362
-0.001254297134964244
0.001060586128315053
-0.001034776929039084
-0.0009866442163634483
0.001307412565413679
0.0005602058891974186
-0.0006162750295404598
0.0001526059767539435
0.001348693673717615
0.0001152842580010039
-0.0006403696016019538
-0.0006625063015534838
-0.0003679529483279343
-0.001303490383564862
-0.0004460461095686438
-0.0006781928540318143
0.001345676774563647
0.00158560594365839
-0.000852770489849847
-0.001906151530516727
-0.0009052334442951884
-0.0006325097827673291
0.001647792924944193
0.007498495715657655
2.805113158831904
0.01375615488716274
0.001195802092924671
-0.0004242057976582344
-0.003326697669429585
0.004088785003108625
-0.002829934659349038
7.21857518261055e-06
-0.001344988343224328
-0.0124610424163527
0.003349545532816267
-0.0007342453968950458
-0.00289087932681425
0.01593141728565824
-0.002021750703027102
-0.001025152931649616
0.00712764230296889
0.01588991561863134
-0.02036162129453503
0.009690108535756825
-0.0008094310164655987
-0.01050804885625778
0.006596904725690387
-0.002325350387119104
0.002394712679881407
0.02128692485029242
-0.004352631947956659
0.0155446136456839

0.03383737443032101
0.0513731593241491
0.02556510050261551
-0.02265378224876787
-0.02095139482101571
0.01665385321908795
-0.01543244760747376
0.01500374618879256
0.01138711163266174
0.009558257085900712
-0.009965403863880881
0.001368303675092065
-0.009096916150367809
0.008291899246397092
-0.009059934682740151
-0.007749942068104464
0.007780024348531095
0.006505639503522196
-0.005545474377359983
-0.0001303525388270072
0.006645958014652712
0.003775308628275404
-0.004962873372201514
-0.005182930266518599
-0.002931039068577367
-0.005903039147776928
-0.0001000583490868455
-0.004000125763601229
0.006344149165177002
0.006613524420177532
-0.005409076147229416
-0.007094011314472691
-0.002266970595245889
-0.0008178000474868457
0.004629408076323667
0.01216823634613677
0.01348096750825216
2.921087644338585
-0.007718318243961846
-0.007844031661808866
-0.007602874536741532
-0.004331106250853674
-0.006033206765237706
0.0004211487390261446
0.0007666443249921082
-0.00483482529549107
0.01978677958985945
-0.00609008065620071
-0.01444956600692109
-0.001903008294509611
0.0159604488992182
-0.003138758169655447
0.009066839858024698
-0.01945580238229042
-0.009352813789634935
0.01860372439166704
0.007393181605362981
-0.005399101087530359
0.02031759688772865
0.0002948866109633618
-0.001323368132371811
-0.002396108493836888
-0.01431710259746011
0.03949291997929798

0.02484655788460534
0.03848105845273564
0.02126786613909121
-0.01856068627928339
-0.0173383635637661
0.01381950389611363
-0.01300636940138549
0.01195224094905655
0.009878008776750359
0.008039955694432282
-0.008546267471494198
0.00120111286091046
-0.007733046881080257
0.006486637987509349
-0.007635177328799714
-0.007087304665522207
0.005788580260890091
0.006126183346868775
-0.004920315713451123
6.90222566333438e-05
0.00476484020562298
0.005076846292248331
-0.00120200489548848
-0.002662104146143
-0.005920500260338428
-0.004492551771660112
2.110422496262468e-06
-0.004406489534085153
0.004528660912124634
0.007346688766418197
-0.005438264258597834
-0.002626185451071478
-0.001201417820743903
0.001717391714396142
0.001589104336366489
0.01055546813971388
0.0008789994144322705
-0.007669411673772386
3.276745742285331
-0.002484325177733232
0.008122558105988539
-0.0007756937176991955
0.003707015781132971
-0.0002858254820803947
-0.01110402412148234
-0.006431909345230325
0.01817604621524844
-0.01515360406435665
0.005205040796255587
-0.0001222191708850405
-0.001153439553452648
0.02068948550800137
0.0144169763423782
-0.01218953567970179
-0.00545920039568182
0.02544793200369238
-0.01191802569566574
-0.002128618681645865
0.009503734615099745
-0.0339240599007778
-0.01724775201902616
0.01414968715878423
0.03695328002507879
0.0540700254692268

0.01882245630874143
0.03164375771730171
0.01877079714623736
-0.01600487441319257
-0.01473825666072109
0.01203762989656456
-0.01117467541121349
0.01047502903239102
0.00850317661060972
0.007390950340624988
-0.006959749385186513
0.001126793734319867
-0.007142143557806149
0.005809850607199687
-0.006112809613748851
-0.006275350010111379
0.005026089321294698
0.005517377779628326
-0.005161421277134908
0.0003313160922388776
0.003223489325198458
0.003487534649218658
-0.002902235583368315
-0.001483905844155535
-0.004161716373090922
-0.004430738789782193
-0.0003507249456994228
-0.005529530209119344
0.005271941233583636
0.002841577326860586
-0.00559554859450236
-9.110029016362728e-05
-0.0003041792364130065
0.005145007260371331
0.007212832413532383
-0.00401143305781974
-0.0005345911071512192
-0.007115293033559286
-0.003174975002192479
3.658730563549658
0.006928484597187427
-0.002239221995412677
-0.001448034031630895
-0.007166834179659456
-0.01838102483343554
-0.001601536038339104
0.004466688386571906
-0.01065917179637982
-0.0004552141586975852
-0.0008606825588951184
-0.001849839286858666
0.01626769372175939
0.001353703195586509
0.004224670808017621
0.01253020564755371
0.003266463575761548
-0.04349048366187085
-0.003990580534675093
0.02130041287852301
-0.02909536821677121
0.001457958645887767
0.009427042218552336
0.0441597829159029
0.01992169240936083

-0.03059285094270125
-0.04435235634053918
-0.02055868233705684
0.01833405038279599
0.01744822420595569
-0.01336324102232747
0.01272290964899594
-0.0122876385383683
-0.009594792961736678
-0.007505195167187936
0.008388848058082628
-0.00108110214934907
0.007424132058008981
-0.006831281724538602
0.007155928089517057
0.005750931724655357
-0.006471040090018576
-0.006107582824712869
0.004766730200389288
7.842519641333894e-05
-0.004703704595111739
-0.002760889469321916
0.004525370312349204
0.004739916212835931
0.0008277195459462519
0.005461971478858377
0.0004462030352592025
0.005982727772841751
-0.005274417988521279
-0.004227898026498755
-0.001348617671928133
0.008147511876461268
0.001958427480374651
-0.005788149778264455
-0.0009221990059467403
-0.004479537618734158
-0.002516028708622701
-0.006176212057639768
0.007930203013448385
0.007521614229879188
4.072432584353885
0.01152338034236137
0.01469154254118212
0.01822489619993942
0.00224599774036628
0.003392380558555944
-0.01012551069107894
-0.008602630825837364
0.01566123168202823
-0.004040796599977471
-0.01617921604755552
0.02090423749531026
-0.01439262372335363
-0.003672396610872379
-0.01076812858780803
-0.0004926059750653576
0.01206193863378178
0.01944408611289237
-0.06033594623494039
-0.0100006062704221
-0.02990084954570696
0.005454719368272853
0.01886117678478202
-0.03170909143431173

-0.004043184706834912
-0.004504404733709506
-0.00102470085501931
0.001077897296604627
0.001287879427164218
-0.001074113988319596
0.000989581865148133
-0.0008216869681999465
-0.0003272630686754171
-0.0006352189287273575
0.0005698672782413743
-9.631419407122536e-05
0.0004841903971512482
-0.0006140457876167583
0.0004256011701808723
0.0003151337569443832
-0.0007545100233516512
-0.0002102829392350029
0.000319120080026253
-0.000154520452396489
-0.0004726924784924572
0.0004547356593225145
0.0004404987901857755
7.374522550571253e-05
-0.0005413737093674569
0.0009617826651502072
-0.0007245184461149236
0.0003498185524024554
-0.0002678926613187529
-0.0007918330863912002
-0.001075141164558401
0.001567295129934845
-0.002474694129256498
0.0001267263497726525
0.0007206069986952333
-0.001027702522496738
0.002653260906246748
-0.002943575000717025
-0.0002770212058100199
-0.001760739912297572
0.01097834815483657
4.283805421080313
0.01129001849049768
0.001753739714362626
0.0006407981599044288
-0.003028553722600363
-0.005319682795345451
-0.002680065643850168
0.0009814104295180468
0.0170115817920737
-0.007785489532751577
0.002324721406315728
-0.005918688031666302
-0.001351482289470915
-0.0004695946543612415
-0.001602393426279132
0.001551201984432558
0.0155179514974346
-0.007078376853730385
-0.002835446485906259
-0.005886610755420258
-0.0005463385223853145
0.001690526201225063
-0.01313220499213466

0.01964407412289515
0.0314258945966884
0.01686482496403559
-0.01436707661651079
-0.01334849162353829
0.01092883899627927
-0.01023314162272891
0.00953927386887351
0.007721556363735171
0.006488201175786583
-0.006185648927016941
0.001024057015432481
-0.006544306098318746
0.005150261205688034
-0.005841771418825431
-0.005508872254547982
0.004177449130509088
0.005062052069989626
-0.003901244329816731
0.0001370310639290326
0.002897130763739708
0.004778718191425817
-0.002746359573035731
-0.002912194833069635
-0.004824208533433468
-0.0005518326431412663
7.200958131426576e-05
-0.004188529428951608
0.004162117366015279
0.001081002318259263
-0.005910214243987656
-0.001929702865845598
-6.121928718591128e-05
0.004094053056607178
0.002598311974667168
-0.002641498242850912
-0.001769003767656977
-0.004264770532729564
0.003556172454354454
-0.002205111873352079
0.01379665137976046
0.01098789136031123
4.511828961701815
-0.01126801818321306
-0.01099848767810413
0.00313344708473135
-0.009621957359883561
-0.01446488865816287
-0.004785733348074519
-0.004274985803705934
0.0007164110914874553
0.0147351404246976
-0.01443105565794597
0.001629182355257851
0.002611139835209182
-0.004089266798965617
-0.01801335417218242
0.004163244640040785
-0.01525945265257626
-0.01136486969729652
-0.005268542746514632
0.002733198931383516
0.01771100276875102
-0.02334699933833186

0.01454277889756633
0.02300741958220168
0.01343323714331033
-0.01144842463164209
-0.01076020109730532
0.008697180039076938
-0.008380827619714796
0.007727586592480971
0.006238490094997235
0.005291506599662901
-0.005433854871656807
0.0007311830790156441
-0.004764038525229589
0.004439893937497884
-0.004745344703299316
-0.004721554983537341
0.003687060389159811
0.002811665621745739
-0.00321175859496698
0.0001014390550267474
0.003824445868603715
0.003484800445897197
-0.003403051274253888
-0.002745122199594948
-0.003182237851139767
-0.003558032296709695
0.0002141892874819062
0.001463913741985652
0.0003131688059359612
0.005606057348349193
-0.004540867875955409
-0.002081610721840222
-0.0006462508631723577
-0.001359080497682829
0.001479093460003242
0.002952973851387679
5.208473071125234e-05
-0.0002014923701461769
-0.0004587471248028805
-0.004217189357701147
0.01537892146705612
0.00136748727989111
-0.01089634114328386
4.995760915819525
0.0009243847097977365
-0.006339740091330007
0.01257053236517334
-0.002275986812342205
0.0001873917280095984
-0.0003525216498768942
0.002306453593402272
0.006706486578020003
0.003447357517559715
-0.0145595979023264
-0.01832884788704693
0.01247516754905316
0.03236175449277873
0.007888240154899129
-0.03332095309773554
0.002530993842719511
-0.02653489391791917
0.001891633441452738
-0.01164660076641419
0.008417925129044131

0.01818910883763022
0.02710706218991381
0.01297449816366046
-0.01180209024864445
-0.01100610783977039
0.008962790976780958
-0.008282333359154194
0.008224176219180911
0.006249113837988924
0.005179443886416583
-0.005419822531800863
0.0007363238329741899
-0.004890737652866777
0.004247874450629568
-0.005037840752981843
-0.004040775368497591
0.003985644935949922
0.003230002286310715
-0.002909236870880392
-7.341859253356145e-05
0.004069748088137495
0.003444910958549713
-0.004051683787312563
-0.004023561458383973
-0.002088232858212707
-0.002210806774240626
0.0001952427753885274
-0.0006860959349118591
-0.0002876310656527116
0.003468363404851343
-0.002561428690732153
-0.002641865901957665
-0.0005709287462116135
0.0002772757008705608
-0.00139070185652882
0.004789984354074447
-0.0005631379490704086
0.0006685335619885696
-0.007220025548853079
-0.01259108850704291
0.0004707346712313097
0.0003645288782577931
-0.009883457609479347
-0.0001071202766384019
5.508600959551702
-0.005918794556363113
0.008780641478641578
-0.0001956755207386312
-0.0004419984043543134
0.0008330141553032195
0.006760011744721258
-0.00861745815445087
0.001145082812974843
-0.005132765919078262
-0.009241188116735109
-0.0002345778644844119
0.03655205454944099
0.00340889544001763
-0.02105417669793342
0.02384235246168545
-0.003876414843231621
-0.00907166941016207
-0.03720325026428294
-0.007320163763066042

0.005279449649381383
0.007552501366421467
0.003732874633372566
-0.002778120778421325
-0.003230290103344457
0.001994878727836834
-0.001655242964833583
0.002193461340027068
0.001441672394486795
0.001473995753623429
-0.001228007102594676
0.0002130477686498898
-0.001172134181674409
0.001040448967786354
-0.00100943754752168
-0.0008697408348905055
0.0007879142744038631
0.001206520396814721
-0.001021916416352867
-0.0001508919714227288
0.0005404478551338573
0.001120396195932734
-0.001216872135179831
-0.0008657725422105125
-0.0008666462650173295
6.602194767605762e-05
0.0009826106467171289
-0.001167022475252043
0.0009238757400829357
-0.00124534056312316
0.0002596448282147271
-0.0001357460265879115
-0.0005969765706532418
0.001374189786587859
0.001245210060036457
-0.0006837284445179186
-0.006009705149172015
-0.002777637242307381
-0.00351584354371606
-0.001340290753407686
0.002440636102759155
-0.002175746600861941
0.002663659825095112
-0.005750497960471836
-0.005829269506911146
5.873276384907034
-0.02596475453809275
0.001049611956701443
0.0007121262917608949
-0.008627326097899063
-0.002383795561939862
-2.255325545541965e-05
-0.005477268189365221
0.01225032982739455
0.00294847608916099
-0.01172255682251132
-0.004799904666996103
0.005747433684191157
-0.004575995719449913
0.00462283319088121
0.002452055834517524
-0.02007108921378953
0.004219596494515022
-0.02310385870256964

-0.0119101377054546
-0.0192999821527664
-0.01075905800423108
0.00894157199430266
0.008474700871765427
-0.007001865328618882
0.007093434485649239
-0.006086160709345976
-0.005479306987388331
-0.004110222894359019
0.00388374507639641
-0.0006572640381007147
0.004321934718927234
-0.003465415766545257
0.003379920110881312
0.003579443818197976
-0.002415297262908197
-0.003864547228736597
0.0028773470059672
-0.000206017731595641
-0.00156735073544661
-0.004215843706374392
0.003148105635105801
0.003031026129414526
0.00281009178860735
-0.001019600576965453
0.000298572749836012
0.003113713640781475
-0.0027300942113709
0.003808735695262902
0.00147699087732509
0.0004678205322202695
-0.0005145533381159665
-0.002722759012148949
-0.002604610487327442
0.005681669270623699
0.001682971230631622
0.01030958241721111
0.009478926224053387
0.003044371952249446
-0.006757936579379452
-0.00394436649484769
-0.008182405983109793
0.01105713855061193
0.008572636531319826
-0.02571451343653052
6.081518709781569
0.008607053770764254
0.006543591641366879
0.0001038929563849702
0.008590862971619588
-0.001499776124959306
0.02201996131710468
-0.01528789294222819
-0.01696412157848892
0.03244872380093589
0.01171345283048791
-0.00762535422831177
0.02595007119524458
-0.01780500001338474
-0.01435903168642342
0.004111862663256933
-0.002055920365415584
0.07306697647742846

0.01357151244231035
0.02034171721552231
0.009825484666128537
-0.009183227230788222
-0.008649471390746009
0.007057676468851152
-0.00651461062794751
0.006572160956392713
0.004961803152135983
0.004213592339929726
-0.00433875679822894
0.0005505285314760342
-0.003714767551686321
0.003346865749247358
-0.003464603024183858
-0.002662521341268446
0.003529541445839815
0.003128167599474155
-0.00320364729126096
0.0001001813362646411
0.003315844961845453
0.001939186522241777
-0.003689891768977066
-0.00265319097143366
-0.001133079320925752
-0.004102797971110413
-1.835165050775214e-05
-0.001081794074941414
0.0007043609738224725
0.0008889851938552065
0.006242916982438338
-0.001468227774545679
0.0003540109897049138
0.002766179071851804
0.0003326659697779539
0.008720650067357885
-0.0003208871364254254
-0.003178120509842209
-0.008374559178222543
-0.005565198999987427
-0.005019930193513334
-0.001706666255388896
-0.0100542348016983
-0.0007859542988535697
-0.0008831528489557407
0.0007817412270702837
0.008628995449068451
6.660180855887385
0.001248066834714198
0.002917054844966572
0.0001598406427679418
-0.02205796495546955
0.02295217363173708
0.01082659945189448
0.01398027087525276
-0.01540379616220253
0.0255411558562749
-0.01042396575230871
0.01515574827328968
0.02170401398960524
0.02332463121222802
-0.009820204780080763
-0.01598936589103981
0.01321578944517776

0.008190655411265627
0.01304483097701581
0.008092628955881722
-0.007317882834190617
-0.006907473501880189
0.005787927030440388
-0.00543345095076572
0.00477578027248019
0.004234759411701586
0.003484768823269157
-0.003591926307823329
0.0004721832581902993
-0.003074105597307504
0.002299369650244344
-0.002652734728940847
-0.002874305662771901
0.00228537973223622
0.002712075172229833
-0.002709863777236543
8.438694145672538e-05
0.003156160545636155
0.002616605663219314
-0.0005777035262205705
-0.001655479266977098
-0.003545337609291069
-0.002776739015437155
0.0001366895464176174
-0.00174276352368489
-0.0009201586839037604
-0.00109418985638678
-0.0008013487262754598
0.004987074293590473
0.001563324135392761
-0.001662627313470895
0.007809091510090181
0.008598140578712372
-0.001099530803320426
-0.005914951480927957
0.001960954516570156
-0.0009569709468372225
0.008099994692108033
0.0005763826575476108
-0.00322883680184568
-1.005704164784137e-05
0.0007910325827892922
0.0004717542501929419
0.006093575497484886
0.0005144010731242959
7.294899147455984
0.003712099689850833
-0.01550322564407392
0.01969600871576601
0.01571192432508898
0.007624487210838556
0.01163439896139921
-0.008953053519408203
0.01226224684910935
0.002437851980164617
-0.02040348219559545
-0.01449768045996879
-0.007758565741791254
0.005096522307760939
0.0372605093745228
0.02171801577255478

-0.004846547545012902
-0.007690615062807648
-0.003363389750878412
0.003038651613539389
0.002398778875541537
-0.002495714994485398
0.001990176311613313
-0.0007549848550917904
-0.001374362989090835
-0.001130926663137579
0.001182446665893814
-0.0002495130135509836
0.001257117604595366
-0.0009193485102100362
0.0008748110657316329
0.001051570540260591
-0.0007499977715113937
-0.0008373371670898777
0.0008180073918643711
-0.0002627396505760195
-0.0005770337718696472
-0.0008770209726461458
0.0004774789222085546
0.0005482378183711451
0.0008407253194692703
0.0004533873876156966
-0.0007814683104405618
0.0007571404539500532
-0.0008329068368646177
-0.0002710051289813994
0.001070571048348998
0.001425909876447251
-0.003794195397984467
-2.682277168704881e-05
-0.001002673367521276
-0.0007663076086583586
0.005780722424861814
-0.0005215092089681379
0.0002207495031803958
-5.568517523610545e-05
-0.002547407230611393
0.009415814304768963
-0.002307337959326265
0.0001904753955556072
0.001013825814564465
-0.006643504981561843
0.000170750904147257
0.002961294525490935
0.004035228082877889
7.735587309403246
0.0098535496589141
-0.001612830367214954
0.0003912008852491968
0.004084281104374582
-0.002260061897119838
0.0008459393282126161
0.002975620858251081
0.01559807268829706
0.00878655740830786
-0.0007723467260700883
-8.322295239126501e-06
-0.0009308048072188282
-0.004349396981700387
-0.0004042323364810317

-0.008350993522577961
-0.0144643446739405
-0.009222535425346668
0.007965700342489201
0.007370104445653314
-0.006044642833497864
0.00566623994313406
-0.005442293242511702
-0.004206932581480454
-0.003740915900645151
0.003307745178800881
-0.0005272401019310298
0.003334962089894339
-0.002539810505067502
0.002825086765897791
0.003002493778383788
-0.002377396310171027
-0.002689605374420159
0.002856527818318152
-8.542476038436465e-05
-0.002423693269541926
-0.002871456296470805
0.001134781886056208
0.001375670658874186
0.003494478680960708
0.001803986956984425
0.0001960461629118436
0.001711847181161823
-0.0005093159349170446
0.001015149338225049
0.0005439819480984136
-0.002104991285461032
0.0005569904913170382
0.00133520434390936
-0.005682289066008597
-0.005381639147683196
-0.0008477116933546956
0.005605863746775603
-0.0001986609377156068
-0.0003956645001531465
-0.008879348381251069
-0.004422841038871224
2.753822434124146e-05
0.001825230463315699
0.004788128062460834
-0.002253683890422318
0.007324188395510476
0.0008152590627733798
-0.01344183999153714
0.01004006937359472
7.964911871722328
-0.02052757066896478
-0.01228086447131835
-0.006086475896109826
-0.006140550875768973
0.01197847294445412
-0.003310646159832223
-0.009073114987289094
0.01598316648648179
0.008693954304367379
0.00578979920515334
-0.00313404068761542
-0.02927826924217377
-0.001897465420296958

-0.02212000556188722
-0.0321298691659797
-0.01495933048925657
0.01307034920615223
0.01238519973787461
-0.00930250907528256
0.008898234008079403
-0.008630215049882685
-0.006359466209846019
-0.004868626804145966
0.005504701385095853
-0.0007311335623430212
0.004807322414341699
-0.004567099186939419
0.004887278123027743
0.00375384103197477
-0.004249438877015062
-0.003986204418873399
0.003168901035233574
6.286569609147992e-05
-0.003372585218302213
-0.002329475249042685
0.004643721410306298
0.003403824377967293
0.0004546001057064107
0.003346946095041507
0.0002736337919428906
0.001744337696730411
-0.002831808168338149
-0.002899180257814939
-0.002605134280549904
0.005208611737544332
0.001039400714100967
-0.005071790123782946
0.00368324747230908
-0.002745787388992806
-0.0001375710813883685
0.0003751412534354166
0.0082344387386332
0.007720696739546982
0.008893470266975708
0.001227148483984626
0.009043220638585238
0.004113843778101742
-0.004571820845383441
8.42566509443028e-05
-0.001843075196990424
-0.01731504647940754
0.01785305983652991
-0.001380601245982163
-0.02005979815416
8.679441852313603
-0.01322883981423883
-0.005755255967248696
-0.007508332352116521
0.003310774814304342
-0.01710911297594639
0.008364975603517712
-0.02290994867693778
-0.0288717170074389
-0.02531614054784012
0.01154957984017901
0.04024277192791702
0.0004892108463985501

-0.01702195374148379
-0.02722955703900309
-0.0143758097472592
0.01182384599483136
0.01086013364781232
-0.008529590423062151
0.008035929661377195
-0.007451810135225047
-0.005747366156281386
-0.004521254546714489
0.004386176027300656
-0.0007935123332265676
0.004972436441089362
-0.003907719586916022
0.004539082121509945
0.004255038539794641
-0.002969463909744895
-0.003758333298054816
0.002711744830504089
-4.995888243024052e-05
-0.001607324822743582
-0.003928672271254091
0.002879898482611221
0.003026556665765179
0.002414593881443128
-0.001023229566295934
0.0003869868641965579
0.003436651233853882
-0.002924916008983139
-0.001008114268418424
0.006511929646229692
0.002327047581625503
0.0004365052361699212
-0.00304726644677261
-0.001560177213321733
0.009902175093885673
0.002301545733069459
0.003723560927844901
0.006384477951665034
0.0007537574027777678
-0.006847539920139458
-0.002734165826798854
-0.005999727661175003
0.003107240317187127
0.0008178710935588037
-0.003315244611297272
0.01334869484376763
0.01686462710745478
0.01179180548045197
0.0002263620178730875
-0.01145747446425071
-0.01284032040939246
9.436835194961567
-0.005994135020360038
-0.004022408629226403
0.01320486055138651
0.02132291213864433
-0.01132416793741984
0.02409713928644066
-0.006737193857500375
0.001675498795546582
0.001170719305332169
0.001449175136776037
0.05624783099957736

-0.005078845962016017
-0.007741811651918461
-0.004883188709344419
0.004007210507718314
0.003893631697587956
-0.002743833559736167
0.003091193681522291
-0.002668952311017597
-0.001092250245015255
-0.00148082858055844
0.0018294284611861
-0.0001687884694235831
0.001808559658489949
-0.001603588617639112
0.001926336928736955
0.001755193702259805
-0.001405094908178501
-0.0008000823579181848
0.0007083636172123085
-9.288222421819178e-05
-0.001327130559575699
-0.0007899557462107869
0.0007546041805619038
0.000628149076339927
0.001116421229954347
0.00131622229660295
0.001958479425639756
-0.0006130056378029657
-0.0008248691170905732
-0.003840661417581272
0.003322063369475404
0.002986324337771954
-0.001748038260803301
0.0008959651700292651
0.001072596950516375
-0.002334142882560543
0.004297239074356373
-0.005505894771085648
-0.003583692500182834
0.002128896744534546
-0.001474850361810161
-0.0005592715939269607
0.0009870624693910548
-0.006782161699574261
-0.002134927999137691
0.007046282904109967
-0.009255183393569323
0.007502111919037973
0.005947514118404559
0.003366605632327885
-0.00446229829968371
-0.0052561150852096
-0.00606895113318294
10.13597776052373
0.01429121797853913
-0.01331304053765471
-0.01253457006932614
0.005178655258099155
0.003824637614026267
0.003169785737961457
0.01033625776404377
-0.01514562356565164
0.008286791948915358
-0.02030950275151382

-0.01383950092650097
-0.02110731596395458
-0.01059215004704252
0.009100825433970174
0.008256637223568352
-0.006623830751224381
0.005939848121829652
-0.005512600579005245
-0.005040611680880523
-0.003678627313040896
0.00372802306526901
-0.0005889205972880285
0.003182382311112639
-0.003097979159935282
0.003406303816536859
0.003340173473508991
-0.002664924295219917
-0.001948370788663413
0.001917875185695729
0.0001189944637235792
-0.002295456202900502
-0.002004297515191614
0.001980025264178289
0.001627507266177875
0.001844080305097483
0.001777586350616117
-0.001444538540288139
-0.0002549986000092547
-0.001419196081512078
-0.004448257264096003
0.004456015578584462
0.002863203673861565
0.003001035933890595
0.0006011796139653747
0.001430339763786582
-0.001550198235353769
-0.005687588701852441
-0.002552829906785777
-0.001172387447668338
0.005370595691586013
-0.004196810757351279
-0.0001662884662177642
0.001587924647320791
-0.008257772505717813
-0.004179052894675451
0.001520300441865713
-0.01000212230903256
0.009534780539962786
0.008555186294758103
-0.001383277950805477
-0.004295918783248593
-0.006743085479673575
-0.00397322419315852
0.01436020452784508
10.28380437873895
-0.0114420739838182
-0.01772756589305195
-0.006181656325111988
0.006225843078831161
-0.0003349418084392102
0.01765583418017209
0.005618555346155302
0.01174956566499554
-0.0138790226334195

0.009872416876763386
0.01516118099465726
0.007796893311220596
-0.007113138613522436
-0.006381872545767181
0.00520899971949834
-0.004657206799705414
0.00460893793124915
0.00353268415408896
0.003023458062912902
-0.003258599759582355
0.000437636670188728
-0.002789326908234384
0.002537420809004213
-0.003156742493949732
-0.002659756323689002
0.002505810583475986
0.001650612612645203
-0.001463625683687162
-4.749122311281472e-05
0.002021766724807628
0.0010105545468036
-0.0006770437440883905
-0.0009507971411520902
-0.001428820575351711
-0.002800794583433643
2.095666213139298e-05
-0.0005631299230107959
0.001475259920887936
0.005528043415321356
-0.003954042721889397
-0.002788805816730168
-0.001166892097039967
0.0002108040968213088
-0.0003181573465316819
0.002584248460591815
0.00232865186785093
0.003721416687377362
0.007653101106017094
0.0006819808544975941
0.0005031705389599455
-0.0004354671368263587
-0.001499335791768588
0.005349898100011883
-0.0005347406449395656
-0.006387195634959259
0.01857832121068887
-0.008947941946388104
-0.006326806278713638
0.0003327857596964467
0.008909325440028475
0.001439155401285355
0.01157422314513819
-0.01205567352138471
-0.0101593725054143
11.09108791169572
0.009433086829709465
-0.0006589831245644127
0.005204655682261394
-0.01777407917256815
-0.01315052880120611
0.005689111111787109
4.872562510852083e-06
0.04047395557747024

-0.003767942799692972
-0.006794471393852675
-0.004504271686200906
0.003496605814678869
0.003465639826687234
-0.002809295353378929
0.002764509524851532
-0.002494023015716411
-0.002522715236143007
-0.001819539664671238
0.00173429902500906
-0.0003278801115674987
0.002185487850283644
-0.001761779575960335
0.001532502333846357
0.001864382348120585
-0.001087007489805978
-0.002195511600284443
0.001337020097379565
-0.0001071927343760422
0.0003971599927403762
-0.0008406510225614827
-0.0002544664431062829
0.0001067090430514357
0.001243753862551974
-0.0001970603823998256
0.0003548204423440543
0.004968435582580991
-0.0038176783618471
0.0009051628656805357
0.00307928276725068
0.0003744807174928997
-0.0001950863208767186
-0.004160410739948013
-0.004197987499171454
0.006716772302465908
-0.000261324360666206
0.001815811720775904
-0.002330018474894586
-0.01370333191946056
0.004092355581907394
0.0005165085106506842
-0.006308959778596386
0.01304695517247241
0.01675511167479865
-0.002458643000591102
0.005749608003663165
0.01469875639914216
0.007001237630054621
0.00210457961061103
-0.002391313766818629
-0.01211545393640623
0.01808592183544273
-0.01073367578161116
-0.01545132764558139
0.009159001512706717
12.00892863989721
-0.000628801506553341
-0.01687551775631731
0.01745063303292447
-0.003642081810298566
-0.004318288346103373
-0.03646253078201807
0.01193994425712476

4.747909728011017e-05
0.0001088317246729332
0.0006174058175139765
0.0001310139787276675
-9.556046555372594e-05
-0.000237742832625965
-0.0003633953531242874
-0.0007169289555402332
-0.0003435734530555893
0.001000270789143098
1.57376648847773e-05
5.118553321162598e-06
-0.0001680588229507491
-0.0007161881241206105
0.0002729283798281831
7.637850824325184e-05
-0.0005547451813199158
-0.0001497467463389926
0.0003138976609103589
0.0001767805140657601
-0.0002022284771087243
0.0005194768535458918
0.0003249678811917086
2.34338514390627e-06
-0.0004909266782095821
0.001248887036036473
0.001588585727140501
0.0002673249383523539
-0.0009974505984237166
-0.0007317795724007792
-0.00186456012734619
0.002256633667498239
-0.00447575812794711
-0.0008155513604601633
0.0005508739333210855
-0.001947801835283544
-0.002347923330173061
-0.001206539387109064
-0.0006160137049582098
-0.0006555522138821666
0.006362588492817377
0.005275888324107941
0.001567801134269861
0.003379194115303411
0.001380361148665667
0.002658765300193795
-0.003749705468179514
-0.005307257391684535
0.001735025224368
0.009586721634821284
-0.005743273235044486
0.005585690560151554
-0.008539224745232332
0.004299508974342588
-0.004798725458167528
-0.0003212150041802847
-0.0009950187920340896
12.6753707824581
-0.02557916459317497
-0.0009505970867086349
-0.006471503599026394
0.01632550425648837
0.003044564457964046
-0.01827806658039486

0.006912018237020401
0.009119053197413166
0.003144032200096957
-0.003294292595864847
-0.00330479616698698
0.002526368298219474
-0.002555521394852955
0.002540990539761295
0.002016872255806922
0.002282953395233479
-0.002044606282957951
0.0002185491389686412
-0.001857587447224912
0.001581167237811283
-0.001550660132861475
-0.0008358358714581197
0.001877066125282958
0.001575260110354378
-0.001177850518020651
8.793268929184379e-05
0.0006967773048033089
-0.0009595817039088532
-0.0007450015593774282
-0.0002194203572043836
0.0009297876861890362
-0.003080860571808591
0.0003010586744062374
-0.002810262307312767
0.003650104600325698
0.001854972210875267
0.003894971688846185
-0.003821390418095677
-0.002744905674997624
0.004236450458534503
-0.0005091359295688146
0.003405359775218165
0.00155318288947796
0.004528363173234709
0.002387596299907258
0.005202074220038478
-0.01948464624639807
-0.002350463351855964
-0.005328680349674474
-0.01324242736065848
-0.008392989448598268
-0.001948871115034952
0.0121203799083844
0.007687756294177423
-0.01189089531969553
0.00484483120608703
0.009340874696372478
-0.01554128316440114
0.01717456933246683
0.002234758616144864
0.004043756597348762
0.004141111912990676
-0.01514890357370991
-0.02539535613474614
12.99988135448235
0.0026724663935113
0.02917238535865179
0.00295479459350526
-0.009061299883565233
0.04381918730018049

0.00233598418017344
0.002884649489165747
0.0001193183688597932
-0.0001273909382173735
0.000106537476025262
-0.0003285935161755873
0.0005160812514529982
-0.0002956639371605116
-0.0007561756968929318
-0.0009101121660758354
0.0006881548523559318
-6.61737969571998e-05
0.0005989990266080719
-0.0004331535782049118
0.0004992681732913535
0.0007676125425425501
-0.0002959111689861595
-0.0005097922374945221
0.0003639887937683462
-2.612304398802556e-05
-0.0003300891175177919
-0.0001996087074725146
-0.001440803674056071
-0.0006088256988467946
0.001423034737986118
0.0008298185182358964
-2.314834420633687e-05
0.001592133254889612
-0.0006627348332193615
-0.001119143901567695
0.002904272502755425
-0.002010765038672728
0.0003131253553093781
0.0001756732256159603
-0.003735949785788803
-0.001101927612844672
-0.0005196791090871481
0.0001998786707257687
-0.008207459474077305
-0.008003389155824396
-0.003356771473197344
-0.001138467591164122
-0.004472405597991688
0.0006145829460269463
0.009533124603711439
0.001576851058138026
-0.007078014436340837
0.01000539931215658
-0.007667539452700166
-0.0001929410380124266
0.004737970170495992
-0.01694976492180979
-0.004160422778672714
0.002696250519322383
-1.101873582438277e-05
-0.01538637372900855
0.01470668539803623
-0.0008034213546764726
0.00285902912858009
13.93472997049401
0.007982069611541572
-0.009695111748005849
-0.03800106481019589
-0.0206036766512095

0.0001786108141042046
-0.0007019803149183874
-0.001450994337184405
0.001282626132890101
0.001161376083689279
-0.001319615012627936
0.001304239161892769
-0.001039990702718227
-0.001261162825648284
-0.001348532633264286
0.0006532413162383011
-0.0001784469544016583
0.0009520016915638488
-0.000622516072369866
0.001026127522016946
0.001292486189765678
-0.0005540809059388867
-0.0002493099409852386
0.0006231859750681402
0.0001487186849033381
-0.0007827209769667078
-0.00116796192181833
-0.0001140246913832075
0.0001755227867383494
0.001683403704020399
0.0002835359674038919
-1.801279483743977e-05
-0.0005503439174094757
0.0003511961744122631
-0.00182180440538111
0.004270252012685349
-0.0006899143310621445
0.0005778880406278483
0.002377626667738754
-0.001700430912262609
-0.0008018177177690762
0.000327845239662066
-0.0003821317761691493
-0.003440849292062054
0.0002913715334157722
-0.007865164431085135
-0.00166687850777072
-0.000946226103212757
-0.00939401981826225
-0.001545988969641343
0.0009572557451995791
-0.006173357018074114
0.009831616761993397
-0.003916724200215395
0.0001616493877144801
0.00303782850820399
-0.01481574159684372
0.001854985050136095
0.007168325537929732
0.01213996868594357
-0.009816133245121733
-0.002026098926752469
-0.005568265429732711
0.02571131530412361
0.006735028317368094
14.96333998004302
-0.00370307198659087
-0.01533372000177978
-0.01075915959813053

-0.004491359847318715
-0.005900610695000732
-0.002360929071702484
0.001652741674956994
0.001963854724116036
-0.001179303590942393
0.001531547163048264
-0.0005359740288515183
-0.001382596975561602
-0.0008269134426154049
-0.001037351077616747
-0.0002676394610606042
0.0003002534488920385
-0.0002496984801097241
0.0009815682097884977
0.0006226852699317738
-0.0006645254185562347
-0.0007244960643670599
0.0005792713483889283
0.001038392558376547
-0.000373891185433861
-0.0005944940729634062
0.0009978274313474948
0.0007965164924251105
7.423881768290057e-05
-2.958021684616361e-05
0.0008313772683760066
0.0001962641632990911
-0.0001940941261737372
0.0003135259624776131
-0.0008910392477852651
0.0007969002038854087
0.0005425666660766381
-0.0009525805361109351
0.0006561864500235786
-0.0001640310206580194
0.003989715025605105
-6.881234305312374e-05
0.003348632540880205
0.002642345025183727
0.0009800530702600296
-0.000135307231911713
0.001017354220326945
0.00124950733635822
-0.002841220931003367
-0.007580649923618689
0.001360791800025771
-0.003661269173689342
0.002821024880830271
-0.0005743480037357925
-0.001930316792772914
0.00609743914268197
0.0001276313327809109
-0.0102167409588798
0.003465665700071347
0.004597789144715342
-0.003969218644980332
0.01344859858639726
0.002671918381013155
-0.009166458457514419
-0.004125083900795447
15.34048302947253
0.0100908539494419
0.01125809420419266

-0.01080685706371598
-0.01498262394121023
-0.006186479729405525
0.005555557503075244
0.005369032977765964
-0.004086911673566146
0.004001017331096105
-0.004101768277012469
-0.002933648983802957
-0.002284007793852147
0.002912418875639148
-0.0002807945428621418
0.002208356850694186
-0.002318526726497711
0.00233013604198488
0.001642919037978611
-0.002072350895730697
-0.001432551703729792
0.001114391326196706
-6.080921369056288e-05
-0.001835938456418946
-0.001139485404872714
0.003314218984834297
0.002284202485614964
-0.000545499995188907
0.001156105758031534
-0.0001701375448866755
-0.0008473946733427544
-0.0008985992654215549
-0.002770338454457131
-0.0008893061041795785
0.005000440215729823
0.001293300198752016
-0.001647585108589726
0.005379427719679848
-0.0007406953233362005
-0.0007707422268040892
-0.002200858487434594
0.007838829621781567
0.01079822270828331
0.004529208880264206
0.0003800332420870258
0.005212993866582718
-0.002517280842975794
-0.0129431004937776
0.0015402644339331
-0.00111537426572334
-0.005961449374537917
0.01667155719795321
-0.001984334368174427
-0.01468884228613804
0.02155298449863197
0.0003873513356958188
0.005606046267815076
0.007725979671737344
0.0002978802643708346
-0.02742586118601489
0.002807330602408483
-0.007793440478786429
-0.03379776118464248
-0.01500485254879217
0.01023179512226992
16.1210469772893
0.005054812610207841

-0.00959019753708799
-0.01570075450237995
-0.008167912035046195
0.006636791022450078
0.006132161874583206
-0.004963601268218448
0.004716986629471862
-0.00447816006199215
-0.003467033761191683
-0.002775608843931496
0.002591703998621569
-0.0004490924718420325
0.002831915932472369
-0.002212579431873735
0.002383929329508242
0.002287296099756931
-0.001507684202896621
-0.002590018402791649
0.001762394681870918
-7.042962341379895e-05
-0.0007431557270504098
-0.003314849391103406
0.002747884777582923
0.00269727608349932
0.001499222645256444
-0.002270552532298947
-4.448365756679043e-05
0.002044819529611584
-0.001100078289429727
0.00231764106706084
0.002735912245089381
0.0003503019061964316
0.0001431184421015445
-0.003037136122457542
-0.0004487977212725355
0.009044328222046944
0.002715377760993018
0.007604290830081498
0.01082249767930635
0.004592645860958982
-0.00830342838935233
-0.003375662742812388
-0.005642866106836793
0.00278851306291791
-0.001111272720513521
-0.008123671679510653
0.02575359010986391
0.005495465212392662
0.009999773614296735
6.950122815125188e-05
-0.0008338747113455394
0.0001542148886765336
0.03046189291621385
-0.01218372788234856
-0.008903412027418279
0.02587164693024037
0.007783076418315435
-0.01338225587879004
0.03344179682195215
-0.01636593588357977
-0.01019997558440638
0.01048457498464107
0.004057931372188007
17.29331636106251

