-1.432401484394204
-1.764054072037138
-0.4293372613413507
0.5059932733965162
0.4417557299753491
-0.320878220778
0.3139565355968505
-0.3042452432668296
-0.2017479385247936
-0.1574858764024803
0.1810602945823507
-0.02767222272282523
0.1811485608161628
-0.1132769611987694
0.1760918338859874
0.1443350873036351
-0.1128090124637579
-0.1330430205423107
0.1040401421395498
0.01161539057828288
-0.09088292928684533
-0.1055850532157521
0.08626512907624077
0.08184508897908617
0.08494671364009608
0.07731768558613292
0.002532682423494443
0.07928346382725365
-0.07550501685455563
-0.06899388244277108
0.06911827931426606
0.06508246352097399
0.01246354223459164
-0.06547918982659404
-0.06093863078251807
-0.0583184139385105
0.01300648170135455
0.05396631814905489
0.06034234769326179
0.05482362592628574
-0.04716814912127869
0.002939793654938449
0.05711802719592169
0.04962562884904329
0.04481426340171323
0.01843972460910391
-0.04833243088995395
0.03739079594882316
0.05771805734215113
-0.01390665263388282
-0.05173862213854469
-0.02414805362973821
-0.04687765968892747
-0.0187322092774753
-0.03163628710010503
0.03715719693954551
-0.05031406031979029
-0.0008373470541354379
0.01647293345116945
-0.05522312758989984
-0.04934232283295314
0.01047936656940363
-0.004925592799114663
-0.04534440913085397

-1.763020002370922
-2.464522486640362
-0.8962952926809139
0.7056067646764486
0.707082001898236
-0.4847490251898117
0.497818085875196
-0.4488426394945505
-0.3257906586997233
-0.2427389371465748
0.2819570312680776
-0.0434702263016099
0.2666673794491754
-0.1946099470892257
0.2571905400606977
0.2252865874291027
-0.1788627741087871
-0.2006249737230541
0.1610296999803495
0.01265710678355855
-0.1435968934397768
-0.1589620838717183
0.1358491983901929
0.1269249803718787
0.1305453415572907
0.1182690507294735
0.006569764594470526
0.1229643633055343
-0.11653326323144
-0.1069534229897716
0.1082808367313696
0.101164713414986
0.01934761427052962
-0.1017834179621616
-0.09439137670080057
-0.0827725432144884
0.02023482850693003
0.08660545525461028
0.0941460655223522
0.08359883411973247
-0.0777805195065891
0.004279523652921826
0.0805854535155808
0.07878838025961185
0.07260810225775338
0.02366695030854931
-0.0614977961463979
0.07178396658521821
0.095017731588557
-0.02027874250993775
-0.08046670103301529
-0.04723997699144246
-0.04803914279087876
-0.03279596300140294
-0.05045650896516531
0.06579256801861065
-0.05547807837356294
-0.0111309946369153
0.0452950317302724
-0.0816518158934823
-0.0716304549929071
0.01583325047700462
-0.01957217703934552
-0.02513970612985825

-0.4229033405197166
-0.8880268025026581
-0.6167008149962147
0.4001476396659538
0.3370644141865083
-0.2758524846338565
0.2416819865835846
-0.2305766065405166
-0.1715263305091827
-0.1407713678680153
0.1388416318938377
-0.02481384402648796
0.1329333355392082
-0.1159964170404776
0.1240570840630226
0.1149082861135834
-0.1009381341052188
-0.09757643859592398
0.08543768983604652
-4.010073475884675e-05
-0.07745801428510328
-0.08010010815017699
0.07123851998940071
0.0680624362872168
0.06708952289711409
0.06143902180866992
0.0054725930304768
0.06272592414464494
-0.06095064316830677
-0.05721090813523567
0.06182250977427003
0.05249804870784656
0.009481676799544141
-0.05234749943882971
-0.04892844826045202
-0.03738540396450965
0.009878779776138418
0.04593745004167951
0.04639057471300654
0.04246512742393044
-0.05077075480514481
0.0009412191281033167
0.0331530632257835
0.03663706387953137
0.03906114560501966
0.01130091724155921
-0.02622927695088556
0.05850456178206008
0.05395085152495307
-0.008157093823557579
-0.04227126753159474
-0.04394423364513849
-0.001572092978156046
-0.01183839649864099
-0.01598285395511793
0.02914798879757379
-0.01398609970463208
-0.01916581416096073
0.05525998913598563
-0.02939224336352582
-0.01563971293696844
0.002485274624963303
-0.02703500108522242
0.01737818968218605

0.4957477838634639
0.6902135995519157
0.3956295392312075
-0.3654200457085051
-0.3106111093398442
0.2288641482553694
-0.213065045529413
0.1930383576618309
0.1526780114953987
0.1179971419207212
-0.1241575400712572
0.01922537252240481
-0.1149783072875829
0.09680459343918082
-0.1088628273757806
-0.09883734642287062
0.08472462339486621
0.08577828397414534
-0.07236481659346372
-0.001052676842797655
0.06830214810310334
0.06794568078498538
-0.06093341959801372
-0.05732333708322004
-0.05837735475973322
-0.05588894463139452
-0.003013106730676707
-0.05174822767819622
0.05112461501712001
0.05469998455615557
-0.05159560775968192
-0.04761148365172052
-0.008741637203428359
0.0414684094164747
0.04022273219456783
0.04418991924803539
-0.005914512077689442
-0.03076448271809698
-0.03182454028023442
-0.04034763999930206
0.03722773547565981
-0.003264498876571713
-0.03957661601491303
-0.02080839662025927
-0.02651797777129193
-0.01992340618487514
0.05396910227013539
-0.04078429616273027
-0.04112255233373532
0.009266362150259307
0.04154438183890111
0.02985602051268503
0.03884617461146753
-0.01019555651424137
-0.005114570920548712
0.008067373685730996
0.04991255467585907
0.004430679550799548
-0.02185442404991361
0.01895365755663972
0.002729949992947171
0.002868674101321826
0.004515010735870233
0.07563744634907407

0.425879954636794
0.6844222298903535
0.329744843310929
-0.3075453675105754
-0.2713228244439985
0.2231941337236719
-0.1999274779672185
0.1799452547540173
0.1384892532221462
0.1132915929061687
-0.1122248153736672
0.01828542743041494
-0.1094440634374403
0.08830073928491239
-0.1014680991498323
-0.09073221150712414
0.07860100606220183
0.07987156028527848
-0.06778268861354707
-0.00068221652704121
0.06181118682788216
0.06417714837780229
-0.05485740016754748
-0.05326328277214021
-0.05444714892443162
-0.05066256037444726
-0.002748523778458386
-0.05138831374981251
0.04932609090174036
0.04667758481841684
-0.0491086380773244
-0.04102826887696857
-0.007433960253582162
0.04140922868718838
0.04194419212107458
0.03516013819491104
-0.00700240792839179
-0.03386209813334086
-0.02855175965643326
-0.02624533819867211
0.03528594246927447
-0.001931413275238166
-0.02875440310622623
-0.03214880347058437
-0.03947394806448392
-0.01321844610450395
0.03584510365019993
-0.0455805502388785
-0.03415161031416461
0.006731992817820045
0.02993715620869275
0.04160271694422722
0.0216999380917804
0.005776917694165128
0.0148581092459828
-0.008341493218057029
0.0001806345405253353
0.005997353420305851
-0.01629621915707962
-0.0001324208813103626
0.01062443098056292
0.00778934995353642
0.04609463771477715
0.04060457800304171

-0.3087726682970834
-0.4668129502415731
-0.2687638874818916
0.2252088623308334
0.2221441195145895
-0.1444247389868995
0.1655430753473869
-0.1487083066983254
-0.1107568226698128
-0.08907858766504918
0.09274872777674936
-0.01333278984238117
0.08391732886472407
-0.07369573508557541
0.07904879521584643
0.07245974808075117
-0.06189482024285381
-0.06490417981785795
0.05428273320698303
6.584901120286165e-05
-0.0485942428809593
-0.05013245923298804
0.04468620122203618
0.04203403013797187
0.04265498181907806
0.04011088743431539
0.002413953582640469
0.04402148977442179
-0.04162275485082817
-0.03516912479982093
0.03478763840710392
0.03414244492652817
0.005917357817696232
-0.03726702518135085
-0.03412489626782027
-0.02502101710762403
0.005883420148451723
0.02845005247695193
0.0258507146443895
0.01479138887134645
-0.01538013829828496
0.00345627560117078
0.02269112817486056
0.04146963672970112
0.04130179035889703
0.006603821013958155
-0.02092385053118983
0.02929548277109797
0.03468291621650917
-0.00549312936949238
-0.02764528956098157
-0.02124546125391188
-0.01569688371077851
-0.01940328757856647
-0.03209475728276994
0.02153789425559231
0.03122746629426471
0.005897643158688341
-0.02596150836335273
-0.004057909627015611
-0.03800999485197934
-0.001111629395057313
-0.04060700241679419
-0.02234995408276308

0.3067888657284025
0.485708946094993
0.2361170137873882
-0.2113637166402287
-0.200364968260396
0.166432581906566
-0.1080171749368982
0.1481947796376196
0.1105976274475123
0.08291540073859642
-0.08667244255593182
0.01342640576038984
-0.08278463242932203
0.06644453456666981
-0.07734575103868704
-0.06791772577211837
0.06053129697646324
0.05954983765985832
-0.05250809231770082
-0.000259871959164175
0.04714876009106306
0.04613333259283164
-0.04322638240897749
-0.04022515244063805
-0.03901636874793938
-0.04135332893394996
-0.002427575513414149
-0.0392349257187971
0.0388179747162667
0.03587821385405719
-0.0298119100731736
-0.03399969567824787
-0.006381657185831552
0.03430444528415771
0.02946874974090684
0.03247922842760004
-0.003745304027216307
-0.02205525279411534
-0.02365309452526634
-0.01956604705843953
0.008377555596395522
-0.005685663076577543
-0.03024229089436151
-0.03447862942154852
-0.03139694953355596
-0.01095807299036981
0.03626335795705726
-0.01416730161867528
-0.03049654002741081
0.006642812197742352
0.03051490747917451
0.006135143641981276
0.039579285765013
0.01061574493732537
0.02260853476269702
-0.007804253966325538
0.002243604786061292
-0.0158021626395847
0.04303183301856581
0.01253573194683337
0.03916580600669006
-0.0004192704578836089
0.01320368612955067
0.06883223243150087

-0.2900329713472481
-0.4295605456964712
-0.2250335904234818
0.1899065651776477
0.1788362362199187
-0.1485117690030539
0.1469677453330895
-0.07705611194231397
-0.1106511953975828
-0.08505606181878893
0.07810925635950909
-0.01308471326240454
0.07661717060553952
-0.06466744061810842
0.06893597807295164
0.06623317428640799
-0.05521893105530525
-0.05696088556429312
0.04724212567816189
0.0002127080745143245
-0.04493517971427496
-0.04567486400809065
0.03761835886400768
0.03776492263052355
0.04027821245510402
0.03518696141494012
0.0019285289564883
0.03746474260590009
-0.03386514865953191
-0.0321444101405475
0.03682105753819499
0.02598026495439095
0.004736498313870651
-0.02766136491738564
-0.03379588340171683
-0.02512492240073878
0.005135786799802308
0.02734609486709078
0.01635381591498954
0.01491538266963135
-0.0324977716308662
-7.740196270827719e-07
0.01671809957386861
0.02162699010907164
0.03292942349271417
0.008557481776439745
-0.02308171303447104
0.03825949463968563
0.01076230709748383
-0.002649431444580683
-0.009912842618390698
-0.0468162003631531
-0.01446850701948702
-0.0055364790796426
-0.01384577375743588
0.007978288229476604
0.007742359017441261
-0.01160323050177985
0.02893497555254167
0.01799729002398541
0.005593393196880573
-0.01191606685103896
-0.06375871171609206
-0.02743374236210576

-0.1990158749208446
-0.3216052694906963
-0.17082156425385
0.1539138762278315
0.1405413835732941
-0.1126189693392922
0.1117587357884676
-0.1124027925496829
-0.02096217607902802
-0.07605621045180062
0.0716478378296304
-0.009025512805869711
0.05860648831923054
-0.05247865564189738
0.05849314658355748
0.05049685942677406
-0.04697468644111011
-0.04531314866008212
0.03939297353184096
-6.776258489303523e-05
-0.03596519228302742
-0.03745751822906488
0.03262360335589265
0.03052903490979804
0.03185469863087536
0.03013313808859916
0.001579948976350827
0.02657918269144266
-0.02709416424503309
-0.02883617111670508
0.02758051403623079
0.02480720470395453
0.004973813098123152
-0.02135363426271532
-0.021513216381116
-0.02506772418608567
0.003096085044289681
0.01708442489060249
0.01778732140625072
0.02328984878490789
-0.02250331332101514
0.001106365005850194
0.02162208449145616
0.008734311030178039
0.01191743017752646
0.01034159444103858
-0.0284673940757879
0.02022039530960124
0.01794211797380544
-0.004648995876926491
-0.01910704184833521
-0.01721125593968409
-0.02249398740575038
0.006311509646281394
0.00273625150980937
-0.002338774047635064
-0.03505010471531113
-0.004606020121541595
0.02083078801760314
-0.01170648782102003
0.002253046168462728
-0.001980636261896718
-0.001545229831593487
-0.03890029498441765

-0.1639430528927511
-0.2519610692887104
-0.1450969111982901
0.1225676503972299
0.1183503652240179
-0.09304569392527676
0.08627718733229951
-0.08854065960855019
-0.07758358660464845
0.01672282112954768
0.06524608095566871
-0.007019393809450824
0.05729953453795533
-0.04165043151476698
0.04799586781963222
0.0445022873848241
-0.03708153726973768
-0.03947278035888344
0.03328413360935673
0.0004106816207162905
-0.03091791003672249
-0.02998398314963711
0.03045060086450852
0.02725166153449817
0.02415792522958164
0.02413054454060749
0.001375045919716762
0.02302333849975025
-0.02308459585404566
-0.02275632675517393
0.02086117103934922
0.02290989192723753
0.004202630736003981
-0.02136620201768678
-0.01477868287637167
-0.01418041326916063
0.004143825934329139
0.01719188616290806
0.02546830692797563
0.02459180264818348
-0.01493767371725168
0.0008270241499602744
0.01711555923400605
0.01349000563797177
0.005941797043972128
0.002734474144578392
-0.006655927752801083
0.01228519747469758
0.03074339228712811
-0.004103016616946249
-0.02504691187723966
0.003033563227204062
0.0001608553729043269
-0.007144366502372538
-0.005159059691350245
0.01890822298478001
-0.02561473074344984
-0.002778263698659606
0.01839069258339584
-0.03952459265269989
-0.01996278093771908
0.01233451456404487
0.02888808122769785
0.02285399271096361

0.1835160561924281
0.286991481499937
0.1427797027648862
-0.1273675216319867
-0.1164484677282227
0.09615465147823268
-0.08912453642939151
0.08110149193400348
0.07258644454030042
0.06465453399649687
0.03059462413798519
0.01204478735980659
-0.06254389748299852
0.04945761080285327
-0.04501616186576107
-0.04445239414992667
0.03889660074841508
0.03805941272249882
-0.03471096075542667
0.0007546410252423556
0.03036216046213156
0.0332226964903195
-0.02799740352029815
-0.02853746797434998
-0.02644765488196705
-0.02054026347918632
-0.00148296892885026
-0.02599915317005499
0.0232701782449787
0.01849554410525821
-0.02377717469111422
-0.01929712469676884
-0.003094006067384263
0.02181212649439168
0.01935617843642659
0.009121346474947261
-0.006317158123352876
-0.02384375735973118
-0.02766252577752228
-0.02028700098175643
0.0239460371358027
0.002006638012269541
-0.01013371918037739
-0.01797280633038369
-0.01276664649119866
0.00283190149571686
-0.01044859763930888
-0.01894365102948368
-0.02279453470470595
0.002948232986022429
0.01325195193416422
0.01227612069940459
-0.01711579522995289
0.0175890411791992
0.01805830720184215
-0.0381982907227188
0.00443511757040279
0.01601724781592197
-0.04255332661956894
0.03185269128045197
0.01747472006137231
-0.01177065446826447
0.001704049106971875
-0.06693512626446763

-0.026744106002172
-0.04152022083302543
-0.02362974252743561
0.01902477921250514
0.01780386662442031
-0.01312884828449157
0.01326838759297686
-0.01272253693633271
-0.008614114556210506
-0.006427927742278785
0.01183674624047618
0.04151720303151781
0.0002382820469169339
-0.009228837515668449
0.006030349161827511
0.00493404558193299
-0.006056826407986094
-0.005154115278267851
0.004389124839919467
-0.0004112856678100231
-0.004931288475789873
-0.004045235636124849
0.004140613568448782
0.003789241774562075
0.003588058266106493
0.003842019148763345
0.0005897937664739179
0.002917736884105013
-0.003129417615218653
-0.003433435579811987
0.002352075916662125
0.002947219407369269
0.001905930064157329
-0.002776791812279304
-0.002251703653439197
-0.003993385922047921
0.002819023026521392
0.001325784606936796
0.002575582945486657
0.003678541834287329
-0.001102241992923634
-0.003354386045409826
0.004378957027097504
0.001731225582523073
0.0009330688667368199
0.004670097249162001
-0.002648526651635779
-0.0001446237203578163
0.002071249198593028
-0.00794026294770761
-0.000384519708057239
0.002130536970611553
-0.002609490551551885
0.02048987885093848
-0.01693589929604088
0.003676374256326097
-0.01114280149642717
-0.01845762436818289
-0.005970007437762708
-0.005238439916154041
-0.008780360562095423
-0.02753961880672302
0.007857025157457989
-0.004740780712518126

0.1807162482586891
0.2648878997553522
0.1320458320668917
-0.1161363943075301
-0.1110244097758187
0.08506325449818675
-0.08352804139462505
0.07780246748945549
0.05839867103549248
0.05571247477529992
-0.06146223134366333
0.0007517487866769345
0.05352797917395719
0.05040555738931881
-0.05055458051758158
-0.03709983551920128
0.03624905904555921
0.03687577196549223
-0.02976345150655894
-6.733104119057359e-05
0.03142083917025865
0.02947119514379771
-0.02717362394831319
-0.02409963286503724
-0.0251102719504973
-0.0247321384495288
-0.001151070790799392
-0.01915374589536696
0.02031485268473386
0.02106794567114999
-0.01634265332529057
-0.0191734096431356
-0.003335294795443924
0.0161648375218492
0.0167815750495867
0.02608072294021063
-0.002640747950290174
-0.01561574528663469
-0.01948049869161127
-0.02518906075782708
0.01578567573136258
-0.001833256213345437
-0.023935855861671
-0.007267538693603488
-0.002984076523295231
-0.005759568592709817
0.02035505724563961
0.004555801708037051
-0.002725615674032062
0.003846729112209149
0.009026576754431782
0.0004391652156241592
0.03418233206239681
0.006811518920954632
0.003596976787915972
-0.01175678961718912
0.05481455794126844
-0.002319508618374063
-0.01632307939915788
0.02867746188097637
0.01116871725087551
-0.01137640783101082
-0.01379372875928113
0.03356268746348789

-0.09872925347836703
-0.1738418898660915
-0.1080655883527762
0.09088486428729253
0.08347249822103299
-0.07015756090625937
0.06260346125031785
-0.06161493867876291
-0.04925821860416222
-0.03808646894379555
0.04606666562433452
-0.00900978687726749
0.04806612793358536
0.08976635167545682
0.04474374265410096
0.03839931307813457
-0.02543410995438634
-0.02900149605660328
0.02707155457124188
0.001096862796496592
-0.02287981574102026
-0.02558900112072611
0.02053680584962032
0.01992786952279027
0.02081703925409814
0.02011695015320392
0.0004616478539093711
0.01772990658358582
-0.01401127880333799
-0.01483041372079349
0.01569488824407368
0.009109836690774205
0.001224694660264887
-0.01233968506968421
-0.02054908318037253
-0.02047820255414792
0.003758922854362737
0.01972206628386449
0.01066838373124074
0.0121189347954842
-0.02449142985700673
-0.001205250444423548
0.01226453208125818
0.008856489149662385
0.01317961803261058
0.001714550052446913
-0.007401889151665593
0.004662267837001219
-0.0210817780928859
-0.001369930349882255
0.01422786712211357
-0.02829895572058906
-0.02331252786613615
-0.01222867163521041
-0.01734890971822083
0.02015137356050356
-0.02181985802754004
-0.01150794080542925
0.03896927067888691
0.005104442133019249
0.003890417361312716
-0.005557130409756335
-0.0452818581945363
-0.01481064721791712

0.1617971574503625
0.2357142440458597
0.1141560322751096
-0.1012311875494147
-0.09572077402139319
0.07497705879998366
-0.07287693493746766
0.06542892587871151
0.05450410432201439
0.04358029569108626
-0.0410860359449197
0.005575084373772911
-0.04768921883399438
0.044696663337341
0.11016659042348
-0.04500715812145254
0.03625829204492174
0.02880623556142693
-0.02796630026351693
0.001085445738846016
0.02634832484296208
0.02469977858514565
-0.02399620667572073
-0.02221473546297925
-0.02238568429483448
-0.01931600237682854
-0.001741902893410726
-0.02203612916712321
0.01844104213261358
0.01292899443755744
-0.01441389862138667
-0.01294744621376682
-0.001979750384739552
0.0169955569350218
0.02050382645392908
0.0182102785398228
-0.004115632050437021
-0.02052039947121228
-0.01809267355240662
-0.0116362771634444
0.01324077348310545
-0.001047972435365911
-0.01486654693607225
-0.02108775073762179
-0.01759249262310149
0.001093533813734832
0.001605095099548277
0.002689434216484803
0.00581292429985665
0.001766099699947447
-0.004301523211407142
0.01008428172294265
0.02043979446534044
0.0246316860002251
0.02940238787441617
-0.03331718091104802
0.005998238334390315
0.0001637697665601272
-0.006665851367091011
0.01250210331394086
0.02414006143472067
-0.006148784954037517
0.02865865611695117
0.0005662350407907111

0.1332019857587974
0.2062409425487291
0.10331263343954
-0.09045554888405469
-0.0839182801224336
0.06754163958187079
-0.06325494289495757
0.06167523934433402
0.04609432979378487
0.04001938991312903
-0.04027444915474756
0.004937252066495099
-0.03411480143994967
0.03760450388466838
-0.04454874179918988
0.1487311129861481
0.03813551774085962
0.03381280647773888
-0.02098064437907013
-0.0005464933246848992
0.02327254022054106
0.02314177349172968
-0.02077798788750114
-0.0215403807218741
-0.01807320949462085
-0.01952457345905418
-0.0008577899136323938
-0.01727938501705747
0.01850698618549234
0.01427313949187693
-0.007813529804888553
-0.01736900550346251
-0.002513743258268605
0.01736443603295766
0.01242116470829912
0.01750488768483976
-0.002587561188716897
-0.01364847739715633
-0.02077038741059267
-0.01619359224874657
-0.0003635287265090596
-0.003193237393583972
-0.01900641811665597
-0.0211606918067907
-0.009276501200572341
-0.0008766862074682281
0.006796851476937572
0.0120655305552424
-0.01231307355844239
0.003801689724794363
0.01264561204883968
-0.01661592870952068
0.02269809277155484
0.01891806518674794
0.02345470425032813
-0.02666686079617078
0.01808575540229461
-0.01050398720218902
0.0235935558889851
0.03407819725036905
0.04175835512345605
-0.01353356450140549
-0.01808998568804612
0.009563164819591585

-0.08870642620541107
-0.1438325918634686
-0.08543587996719368
0.07099543680659316
0.06699699398651675
-0.05309315960808611
0.05145594027424056
-0.04783879886640911
-0.04025604169088647
-0.03095271948835917
0.03310955806172401
-0.00527034312552599
0.03108077308726542
-0.02314116377161737
0.03353698422602822
0.03612999782516599
0.1945855204385973
-0.03272693951341823
0.02546505681459393
0.00160885076919961
-0.01418715031840032
-0.02042437352975894
0.01757554726457504
0.01491891815095277
0.01843925915831615
0.01344590148724746
0.0002878856091129379
0.01540727904433918
-0.01249882162842636
-0.01243648090109587
0.01657197746419673
0.008821258922560698
0.001380573204901859
-0.01250250128444309
-0.01395211526453538
-0.006007005765519893
0.004066833698434811
0.01565406545449796
0.011571494616871
0.009140817592453342
-0.02090857595541126
-0.002259878082080114
0.003104119207661937
0.007830978196622335
0.01125084482365243
-0.000472138060725893
0.003599986992450739
0.01945495742700177
0.004933968335340167
-0.0004000075830272801
-0.0009942400317198095
-0.02253689374720636
0.01087897273114396
-0.007625776635864408
-0.0074753371628342
0.01701796817487294
0.002113214036739268
-0.01457672871980623
0.0393556628176809
-0.001708384530127302
0.004015079397019255
-0.003535387008582399
-0.02522189650252793
0.03183434120431744

-0.1105974708194275
-0.165596503737783
-0.08038822838308017
0.07314627561157522
0.06784612118186098
-0.05490020878039234
0.0503329285717354
-0.04906553997591067
-0.03885650139592759
-0.03300339556643533
0.03147552536154023
-0.004547666076165608
0.03183402902646176
-0.0263239908858866
0.02572817235275603
0.03145791980342091
-0.03258060594567129
0.2406277220338773
0.02851244480131597
-0.002503414335928709
-0.02473823975799832
-0.01493264622477222
0.01726113184727475
0.01703519405250553
0.01496770978818792
0.01702002788469809
0.001721032292079733
0.0119809759185121
-0.01280363813317281
-0.01660669505875118
0.01721962657089604
0.01382651069107781
0.003200508836053144
-0.007632173878311697
-0.009687554609023083
-0.01423462160631295
0.0006554226118316358
0.005306653470432481
0.007808269269783598
0.0171372211878643
-0.01575707283865929
0.0003995441787976309
0.01317083615303536
-0.006431506736446838
-0.001886913104236703
0.008823685694448056
-0.02370795070504176
0.01475402791912843
0.01249213731343383
-0.00298374816835598
-0.01441158158866238
-0.009483671830079435
-0.01315235692149052
0.01622510224423245
0.0200493577212466
-0.01646100550234063
-0.04061914802422702
-0.006201118289486531
0.02524678824344269
-0.008470691721723354
0.01734110744520143
-0.00124633476006569
0.01514181961086251
-0.0342182070282317

0.08366677627274113
0.1295249831975163
0.06960013055515184
-0.0596112403134583
-0.0562274234928512
0.04501673662211721
-0.04363881862735921
0.03938969366361773
0.03279706276790283
0.02725112044382007
-0.02859444478083325
0.003861847210507475
-0.02451463397025758
0.02381475987854141
-0.02454792167524945
-0.01849528345258265
0.02477311060416881
0.02807037024418367
0.2991584976642916
-0.007827635584315026
0.02428221508137863
0.02075366927172464
-0.01047617187694556
-0.01396255879019021
-0.01387679539376776
-0.01084338080643553
-0.0005464417743548093
-0.01292706035909001
0.01296053087403296
0.01424943483688585
-0.01325979617807274
-0.01394882520080327
-0.002384520353062173
0.01010315267679042
0.005740610082933542
0.006924948339218612
-0.0007594671110364376
-0.00500221125946659
-0.008049830488763135
-0.01123721087678703
0.008732821283108941
-0.0006384986000128547
-0.007106135723941715
-0.002816826198304517
-0.003255784856237435
-0.005892275431935526
0.01188394616376087
-0.01802640092668241
-0.02294538649394562
0.001458984380725676
0.01951647178511994
0.004911998922862059
-0.003612591278577165
-0.008979051882515162
-0.009492722902615307
0.008724282879886542
0.009153954434831702
0.005219221332070898
-0.008464612398186674
0.009682772035143221
-0.001073699630838461
0.006819558817339838
-0.01415196033439297
0.003993353542658369

0.0111286015821892
0.01200204004041707
-0.0002428456805860224
-0.0007949226911098116
-0.0008037146369380682
0.0001070890209528361
-0.000172643015425448
0.0001211867853251067
-0.0004397053564261901
0.0003305616333524517
0.0009551404501486316
-0.0001049759573102436
6.469811761385092e-05
0.001114679810920219
0.001165943224849403
-0.0005220158685579443
0.001447480235417682
-0.002592606710137178
-0.007719435936169776
0.2763119113074255
-0.00511897833807662
0.0008957962533446044
0.0001771896642630884
0.0009448365193828771
-6.420803261948855e-05
0.0004175430434069861
0.001276873242563196
-1.842471509843534e-05
0.0001023673730543571
-0.0007354511342981114
-7.209480613975595e-05
0.0003033231951397563
0.001130686647970129
-0.0001067653199386235
0.0003038062068952228
-0.0008214383811524134
0.001945021629276044
-0.0007711358786562433
-0.000150023455746143
0.000755863712644385
0.0001209385273264343
-0.002883800774753525
0.0007556719980683759
-0.0008224145376252918
-0.001108498975383621
-0.003444232925548502
-0.00216597629888241
0.0004809013548107761
0.0007314879596653016
-0.006816257991256318
0.001250466074904857
0.0007321099411490204
-0.0003868961602309557
-0.003218831885110695
0.005231846935044692
-0.002993153316590059
-0.000189227514398646
0.00957140847636806
0.002922523779819712
0.002738598025425055
0.01347366724652533
0.05610826621921777
-0.005167242596858015
-0.002057699507073475

-0.07003576697775925
-0.1130580491736672
-0.06277544334902088
0.05413989078055575
0.05046688695799296
-0.04064187259711131
0.03843179499016252
-0.03726324495080866
-0.02863332694073018
-0.02479845930384963
0.02484169515926899
-0.004032175021218234
0.02521340872628808
-0.01921986782262329
0.02295524007427944
0.02058106599285998
-0.01347250218465567
-0.02364040820043888
0.02400743496421055
-0.005043896099696363
0.3662586835636857
-0.02365095180701982
0.01767690212497676
0.008196711846938147
0.01208922851626691
0.01031502520058842
0.0009307984954556607
0.0131280079756164
-0.01509671884526212
-0.009925895238096762
0.01301449334486032
0.009940171127839032
0.001847337880947115
-0.01415804731659458
-0.009086615929177181
0.003091726266667733
0.003259584704803267
0.009792863037032376
0.008819266478131598
-0.0001378364454969524
-0.004387356874397071
-9.687017927045453e-05
-0.0004109947805573423
0.01720279670684024
0.01747050097804397
-0.001304713852131385
0.004766223925965407
0.02192999041754662
0.02627125454670522
-0.00140276023274978
-0.01569935018565544
-0.009161573426454369
0.02035541703222091
-0.008304923967807208
-0.01026437229893281
0.01008451658192178
0.04031581815804127
-0.001523458650629378
-0.007353207704611478
-0.0002335819206190342
-0.01419143072997056
0.003300871917503643
-0.01544053006290899
0.03178145652520332

-0.08850503608143144
-0.1302763561066509
-0.06329654699808565
0.05627074175852228
0.05351220589718347
-0.04233526290235892
0.03949813474459506
-0.03784472418452473
-0.03086169364362819
-0.0235132555540534
0.02604217276368041
-0.003436304469117067
0.02441279660631368
-0.02188273224351701
0.02150457772872333
0.02111593092760907
-0.01903832777066858
-0.014369612935341
0.02059752589170483
0.001027709713081881
-0.0237396293857837
0.4404280084212386
0.02193148138561695
0.01668914353545962
0.006936097176802027
0.0146023896834817
0.001730299242114721
0.01331362097971461
-0.01202306355234534
-0.01460055698023495
0.008053921022450063
0.01318408369450269
0.00244986325370613
-0.01054649654851394
-0.008504570873895058
-0.0127416027454436
-0.001043606421934051
0.0006119334160005164
0.004234945581908081
0.002755067824928284
0.008041880767333309
0.004771115070117462
0.01339293626858004
0.01360120023493046
0.01260381136208932
0.007761685434875534
-0.02497890911393701
0.001298106354574191
0.01638005597463738
-0.003266231429393631
-0.01821745630501529
0.006051717059549003
-0.02553644758157424
0.002501168430337513
-0.004090287151164746
-0.01276760170596154
0.004707228060618498
0.01680835603982135
-0.05069625064514127
0.001439283830177059
-0.02008044028798266
-0.003361538115095446
0.001794138174146766
-0.06222169348700365

0.0589673180187476
0.09561807039207429
0.05363368081678846
-0.04661542449315033
-0.04292210354229709
0.03527690913393071
-0.03343874638889357
0.03035062123570711
0.02496062368072386
0.02197518431048006
-0.01999303393544787
0.003303476377096685
-0.02032634563629122
0.01757337569466346
-0.01980044933268581
-0.01641637427046362
0.01603678685646317
0.01551047539198414
-0.009356434352430536
0.0001833689985537817
0.01699142497961397
0.02109295561300835
0.530613114329552
-0.01799385796118585
-0.0170981365691998
-0.006825984344279312
-0.0002297666175239957
-0.01184964004080729
0.01076750163786148
0.00851914237539919
-0.01371700855486572
-0.005471016926345969
-0.0007480333773202661
0.006757513210335197
0.01279433875803713
0.01049711923587908
-0.0005148744241246009
-0.006505521800495357
0.007346661112790954
0.00490216251205961
0.01001206721038101
-0.0001505206088974217
-0.001827601539226903
-0.007967361306251242
-0.02027136979277791
-0.006057753542174292
0.01702077061439571
-0.02019385357186184
0.00927987074079293
0.0001640693247293729
-0.005241325273577482
0.03326030790496511
0.01409445838110322
-0.002510818767909999
0.004356533560717018
0.01294186369165022
-0.02445030247601895
0.001260702900924488
0.001853308948585576
-0.04129959532650083
-0.01525583877021245
0.01681572313795419
0.06130884915907503
0.04783380409306889

0.06183008616706667
0.09645454161327237
0.05346729371498776
-0.04593009567734078
-0.04338688021507228
0.03430093542080486
-0.03258903432426426
0.03107066959998394
0.02403406958470197
0.02022449927974276
-0.02152653068513519
0.002966878080527854
-0.01853502692836537
0.0169571579388478
-0.01874477652610904
-0.01831782090447097
0.01356394910622519
0.01586185662591611
-0.01326124624412816
0.000819754858983021
0.007916151872151642
0.01639869911306771
-0.01849031358216062
0.6269901383594139
-0.01982191040794153
-0.0154904178757988
-0.00066424804846162
-0.006214835780560839
0.01012189594896361
0.01056596284388581
-0.008501409656078547
-0.008463509356146891
-0.001519138076484254
0.008008709423598765
0.01018749511148491
0.008217071274322928
-0.0007989997680224003
-0.005910440884377297
0.0004525948014829388
0.00156711609842955
0.006014145475054024
-0.001265765606318743
-0.005027671041770146
-0.007484741283384931
-0.01410327768551206
-0.004735613485762811
0.01496711301541389
-0.01149752483341799
-0.001534158420291673
0.001021026221637807
0.001983644521249196
0.01585592967532414
0.01368282587083303
-0.001160675388755119
0.003599742529645259
0.007442765224047198
-0.01097444706409348
-0.002715928541512072
0.0101760348724478
-0.01813250088755442
-0.004234745283385016
0.008796368622578566
0.02902908563956203
0.03734307063366551

0.07763398229240813
0.116974996399248
0.05703417424602032
-0.05079382286133894
-0.04703614449477111
0.03756387795532943
-0.03480570344413474
0.03342151323446887
0.02670626512984363
0.02045571398819645
-0.02193058181894447
0.003303414898080578
-0.02154835687504763
0.01683983975552221
-0.02004320126242273
-0.01775323665173979
0.01726337601976627
0.01475907690426587
-0.01433979308050298
-0.0001668626478975772
0.01269672333490387
0.007875664658032069
-0.01753827861247478
-0.02034365943347011
0.7391627155977484
-0.01946376824273961
-0.003802481725618833
-0.01463528676387539
0.006818380128134465
0.01038049092141995
-0.006780898653134165
-0.01117635987246348
-0.002054625570046447
0.01230595128124814
0.004147868845833902
0.006328526687463456
-0.0008961028790783873
-0.002960688625673821
-0.01289350882134226
-0.009767120260787894
-0.005978352602621771
-0.003167788566220535
-0.01136073599283311
-0.01074902231301959
-0.002938342043820817
-0.002384826703233961
0.007717524712232616
0.001074540184602694
-0.02406063069075819
0.002711402126309693
0.02114281418186073
-0.01731466807608004
0.005753176233847843
0.004550592352807045
0.004491825790743019
-0.005593337007569072
0.006745481526554966
-0.008291863997861162
0.02547617401724754
0.02429964886768558
0.02489871985572352
-0.008553276355505913
-0.03240279274718403
0.004582727315461768

0.06100716572305098
0.09663575952730805
0.05312047207747171
-0.04413051743574456
-0.04157364565218523
0.03283398736963144
-0.0317661580848963
0.02881338981735977
0.02340954467868101
0.01976689524685115
-0.01824448907877528
0.002986602934189327
-0.01861509077681344
0.01673041543593833
-0.01610519153747808
-0.01630728174999403
0.01388626015746121
0.01555439444757738
-0.01070220790376841
0.0003659036409628885
0.01124225538240859
0.01302562223274388
-0.006762506808302619
-0.01521993314742746
-0.01887050774764091
0.8699936300825083
0.000119021958135814
-0.01863042644206497
0.01352322233837944
0.001804567932108786
-0.01196797312224994
-0.007951066000886745
-0.0006239736328219438
0.007284876654262421
0.00793700224990204
-0.002891728622314314
-0.003571602043997116
-0.01091952914329132
-0.01171361805415761
-0.008483489721973398
0.01427854922814696
0.002692086869004829
0.003092872979474535
-0.006806892821100865
-0.004260025532907491
0.003638933486616812
-0.01461682119881198
-0.01805856205772374
-0.01612539723704137
0.0004667195230085093
0.007140091081128982
0.01073112250367689
-0.02808879833899493
0.007769690638668183
0.004789946315046758
-0.02026486003617732
-0.008742221856713469
0.01405732057573587
-0.03615074405871296
0.01358510881380979
0.0003526528668184765
-0.005796809607595284
0.001016680175875504
-0.06576652912066554

-0.001666070063890808
0.000194014189016942
0.002105223020243142
-9.184420725344242e-05
-0.000147889308157076
0.0001954149498273558
-8.335332084870879e-05
5.988967257014947e-05
0.0003597088740396931
-7.863129720739811e-05
-0.0001994906522966617
0.0001126081522084566
-0.0004136469475573017
-0.0002718623082444971
-0.0006535025599715047
-1.318986282224772e-05
-0.0003829196574466991
0.0009177604038246741
-0.0001068758844719967
0.0004122565836729307
3.006693776960918e-05
0.001015187423045892
0.0002567480624387215
-0.0001573217658883553
-0.003287313092616344
0.0005700665920013976
0.8790978219098003
0.004684445035002606
-0.0002253768899009088
-4.207143300389692e-05
0.00114810425993049
0.0007727281790898998
-0.002794112801645012
-0.0003282585430617097
-0.0003071708970447527
0.0006248653617511393
-0.001401390939274116
4.140426784889431e-05
-0.0001903864519651801
-0.0009472577848616118
0.001618946530155562
-0.003615837319826711
0.0004611985945091996
0.001329563437976352
0.001309246692394586
0.00660519867018941
0.002111975462482958
0.0001069797794224944
0.001178513365955868
-0.007051403173205992
0.001755171227340905
0.002196159166220847
0.003217643926563643
0.02237837861226502
-0.01708824350267384
0.0003771846841508604
0.004683746055756442
0.02291054475666119
0.004096967692485147
0.0001984184962272689
0.0003526712147626006
0.01386776441339819
-0.003096235059316516
-0.001428095481333422

0.06191577034800078
0.09425878474696603
0.04750753574033333
-0.04230130134252069
-0.03904341386816332
0.03121258620989662
-0.0290255624442276
0.02817614333725924
0.02149071976325545
0.01776178331980155
-0.01923485175756346
0.00250171119560808
-0.01632680341036322
0.01457910038276345
-0.01727496024632859
-0.0138589461139265
0.01335271518693329
0.01282536441637203
-0.01242011149029022
0.0001006079047277256
0.01047324583710264
0.01193563589666421
-0.01086393514285779
-0.005521020255002567
-0.01359156764170102
-0.01808234806735548
0.004265499156942848
1.015147145683933
0.01449264274341975
0.01463025418742645
-0.003623928481528629
-0.008156928260998026
-0.001442294642621726
0.004150323602495527
0.002381298494551473
0.01245462538590987
-0.0009975675927089275
-0.004101459835897476
-0.008092691054794959
-0.01628848911167551
0.01284729421250598
0.0006840339425217504
-0.01095124444574107
0.01041331959619272
0.008749151844008495
-0.0052398435003199
0.01195105781194118
6.461295630582047e-05
-0.003243743908031536
0.003049196598066963
0.006310600820936332
-0.0008030826144877334
0.01289706502875058
-0.01193666792799231
-0.01379601874832572
0.004418692064956854
0.05075687768459051
0.0041860874461965
-0.03024621527379927
0.01996809138084218
-0.01145166828320815
-0.005121908004323925
-0.02781366333030521
0.01379742081197594

-0.04876417297644867
-0.07505192099864001
-0.04035233412936803
0.03492073015423941
0.03290724197532182
-0.02630390961410565
0.02494137629149649
-0.02313624584883941
-0.01909271290029714
-0.01524589252950081
0.0156614161192046
-0.002388707789397603
0.01538046568292825
-0.01167068801791745
0.01374828085124391
0.01353754073299502
-0.01008591280228798
-0.01110938161407548
0.01037134551026943
-2.398269766080085e-05
-0.0113387892915717
-0.00875788339186526
0.009389347228618738
0.008527588048349251
0.004500498847026964
0.01219678548338302
0.0001487970416826759
0.01396791482991888
1.176659747888245
-0.01492125736673708
0.01099582747291845
-0.0005949413742859259
-0.0006945455955963352
-0.00315701777052362
-0.007368104574042495
-0.008641245589277107
0.002088569238578282
0.008796258296857087
0.007054210079346333
0.01146350606173584
-0.01341363674438241
-0.000981184481326406
0.007872080544368443
-0.003844158695981064
-0.004589293034315054
0.001598060260925319
-0.004331431165463549
-0.001477612653877931
-0.01033691617341367
-0.001616214421867073
0.005586209566172021
-0.008614421678870913
-0.01069249731610056
-0.001170440861289691
0.0002848296259905158
0.006466682501667232
-0.03338116949501146
-0.008733369517111919
0.03457695112185274
-0.009146696083645024
0.00870741378887108
0.002787692368762089
-0.001086472655733044
-0.0003757897330649252

-0.03785188114246867
-0.06124228825756715
-0.0339118713430284
0.02937962046300313
0.02735245318768219
-0.02245630547755921
0.02119632728503898
-0.01989339721295385
-0.01606729267001181
-0.01389511557316534
0.01294011296451776
-0.001970396727706974
0.01278376427421931
-0.0116681825972366
0.01052658200616899
0.01064925403379756
-0.0101451677845467
-0.009460398300936475
0.009229122534678738
-0.0005303497390008574
-0.008079209295918238
-0.01014778422234914
0.006255169689283143
0.008166905698560732
0.007582148652536511
0.0007817587538740465
0.0002821423868579054
0.01261903438826754
-0.01437687236305437
1.361159311557534
0.01138842504881698
0.006275825248766973
5.928117194180238e-10
-0.002243327290830482
-0.009026123459513181
-0.003763751876661489
0.003187094907621412
0.01156149402096464
0.01227864255535833
0.003207338989681416
-0.007003410076087621
-0.001239407202628485
0.001130136603744108
0.01442890051472587
0.00891372094258543
-0.006799843913438394
0.01791228363961547
-0.004640734981510204
-0.009216915853339553
-7.834076333058915e-05
0.01087152129983924
-0.005059515124497418
0.002218303915412129
-0.0241851511400334
-0.02582866042809547
0.03554164204060272
0.01019175130559025
-0.005119445231601342
0.01379652798065873
-0.01101067040500307
-0.01905616277125493
0.007558529170163249
-0.02152604649480692
0.04029961161589506

0.04502170391988704
0.06570074960917251
0.03174975577417644
-0.02874934564076717
-0.02755763800530214
0.02160407860103855
-0.02063778762671648
0.0200143044071686
0.01577332464308918
0.01256492109178851
-0.01385925222754389
0.001791548661407416
-0.01206651594708087
0.010500936051768
-0.01223364871398092
-0.008934926400882099
0.009808932354107092
0.01079588631131111
-0.007780511426323578
-0.0001705894407382696
0.008440735151705679
0.007370559519478389
-0.009553443703132172
-0.005877599030602068
-0.005872309830207427
-0.008538907161099056
0.0008961828757668223
-0.002074006097985375
0.01031574749227702
0.0116713061350814
1.565626694604016
-0.01422349322404184
-0.0006706531211994058
0.01166554197540551
-5.986221393899016e-06
0.01232175339400422
-0.001199058865090528
-0.006552579818290602
-0.01010429769603856
-0.008677201755864582
-0.00844272299340214
-0.00310679165180503
-0.01350169460852806
-0.01359635904295655
-0.003514153857523513
0.001379247236288573
0.002138275855497003
0.02750296708361357
0.003400023429577491
0.003127056634847863
-0.0007439903792743844
-0.02255262968158607
0.02808156421045747
0.01862706132272307
0.02330417674505883
-0.02298098396845336
0.01826497430649221
-0.01436377957053636
0.03395436807534809
0.02620833486719023
0.03835620362520033
-0.01283955283462133
-0.0152320119564923
0.01842205443854909

0.02504845526571719
0.04172243252984226
0.02467448293026015
-0.02156178993769665
-0.01988546534027921
0.01671154859860608
-0.0155027657122823
0.01469176182925789
0.01217834404750257
0.01027174791524941
-0.009874131351053844
0.001547367900246174
-0.00997350512725027
0.007860237281974084
-0.008473772692881515
-0.009248354530073321
0.006192109108371435
0.00747023637210219
-0.007645765690179334
0.0004125507132623716
0.005302940090531168
0.007018026783923893
-0.004976583086006614
-0.006198318160063106
-0.005596342001770904
-0.005525555126538946
0.0002081228643391686
-0.005534827494407087
-0.001230781649641328
0.006200493417418362
-0.01336645324660522
1.779325330538946
0.01253448004339356
0.009859682134805443
0.01331604083972873
0.001479600777206842
-0.002397559391797611
-0.009125597595122093
-0.002050644912656711
0.0006842880199027352
0.01353509134933737
0.003016762879002422
-0.001302928422757876
-0.003355387001350374
-0.006931578989684459
0.001511400980372078
-0.002400846536873277
-0.002330417677089044
0.02038506691341807
0.003432283905046886
-0.01593863465895638
0.01874619543863039
0.005824999815951885
0.0130697782589509
0.009252120939777649
-0.01348707364892516
0.0006123640270740238
0.01487871304382493
-0.02340173751127247
-0.0138853355543104
-0.006804535924839658
0.003317072954250189
0.03822276207877452
-0.00367156322233514

0.00822663149691674
0.01336732553153617
0.006650237264044053
-0.005524237776945309
-0.005675438508731512
0.004712081912283607
-0.004461185299903034
0.003968234384202165
0.003684044108275342
0.002830478636815731
-0.002428704726433432
0.0005143232690499749
-0.003020591598579439
0.002032063596685655
-0.002392622997771615
-0.002444994342267524
0.001633054175011159
0.002183741254482975
-0.001914635270297036
0.0002269734944080716
0.001418740148489052
0.001836439346555746
-0.001181200802973862
-0.001441091254041468
-0.001488695950697322
-0.00072857033045148
-0.001417061807196978
-0.001367909442780427
-0.0002969386989730012
0.0005020928021877849
-0.0009737344173059931
0.01207732876200247
1.790504764934994
0.006132130454287039
0.00352129839693016
0.001220735054250451
-0.001260629933759116
-0.002999521552163373
-0.00167701600902862
-0.0003690119010634155
0.003287803828200791
-0.006145905953849431
0.0005807807940651645
-0.001220052180258591
-0.001384801761868505
-0.001543297180490483
-0.002789645053858048
0.002003932649937579
0.006384495079637377
-0.01703745674510634
0.0007536369286160625
0.003799799199546135
0.0006580659643026653
-0.01092458025855417
0.01534329926456129
-0.006177693693914564
-0.002121496198579801
-0.03207918572776442
-0.01840701097288809
0.002376219882990096
0.004101166700873083
0.00430173941227889
0.009525718415509268
-0.0003767071537772146

-0.03178623183419981
-0.04934675774141631
-0.02720719343431694
0.02352783038300337
0.02225682208001429
-0.01783529138454202
0.0171746771028453
-0.01579452496208584
-0.01289695680658535
-0.01095848118003054
0.01087060273836926
-0.001516567783788098
0.009968307017888426
-0.009152128800246091
0.009412629749194431
0.008938708217114988
-0.008618791288408268
-0.006481607315675137
0.006732710012261541
-0.0001711289526822752
-0.007883880146345477
-0.005806622203518505
0.005478931075059996
0.005825617675149974
0.007682112317679661
0.004318290266625861
-3.362937854611814e-06
0.003993695368166001
-0.003254673143764076
-0.001181308295328376
0.01060792360585415
0.01028211623213966
0.005913809773629742
2.028333622571987
-0.01356478882224553
-0.01219855247022479
-0.0004253341519495314
-0.0009488222751480864
0.001255980808525018
0.007242266776172521
-0.01020383131442655
0.0001036957230713294
0.005637963190003635
-0.005638916094330509
-0.001512098478056375
0.003627373442317113
-0.008064711444105574
0.005092306990853509
-0.007631361144740501
0.0006755760397290209
0.005341195913922373
-0.01227690600204214
-0.008999336223614905
0.006738615943738862
0.007278270636124969
-0.004594359622178494
-0.02340344109342078
-0.004150004315355992
0.02576312923480773
0.001991390549695674
0.01679792415999459
-0.004398457840533811
-0.007673866995678104
-0.01812684518526099

-0.043367096272386
-0.06495913316968324
-0.03117509605678651
0.02778150874118025
0.02576918367537133
-0.02052527184222891
0.01912013565033986
-0.01858630084109295
-0.01427410906684411
-0.01155927908385653
0.01234745749988497
-0.001750169483212318
0.0114267935490313
-0.009772445650468531
0.01157123967570316
0.009465725492666215
-0.008742315280463837
-0.009307073072569255
0.006226851421555498
0.0001810128268683102
-0.006974323844803643
-0.007510449975605744
0.006729566220602582
0.006772247368866766
0.004977013792490406
0.006674331932332579
-0.0001969653485532904
0.002908196612329036
-0.006468235323158908
-0.007480348064656705
0.0002366421702025001
0.01288902945843175
0.002998352824792704
-0.01396614611376848
2.299105672840892
-0.01096319663781407
0.001822575150805048
0.004268593589960751
0.00381144124017372
0.01086378620033986
0.0002674424550447871
0.001478552684435443
0.005394436986093086
0.001118241450561727
-0.005078970731214105
0.003077139338603728
-0.005818196693203872
0.001576871625872263
0.02231010238500553
-0.002446092392541436
-0.01815414974552042
0.01586026952351699
0.001418584742086762
0.006085353603435513
0.009196526679801149
-0.003796784604905166
-0.01883326640424033
0.002473451647749232
-0.002955532561506076
-0.02423807717869984
-0.009136675211290534
0.007147090610581898
0.04010641388277562
0.002470976186371035

-0.03427998099790948
-0.05463328037253037
-0.03007741103958952
0.02460942685834589
0.02324111753620123
-0.01828916638827337
0.01767902300968485
-0.01608073321704172
-0.0132711021549778
-0.01052118116916169
0.01042081644088553
-0.001726004364362013
0.01089895443940238
-0.009123702818705955
0.009582029323657133
0.009641861521269291
-0.007186799337639787
-0.008155411427825133
0.007356089398764739
-0.0004333892177118673
-0.003874223142981235
-0.007109205889914592
0.006960545878232579
0.004919383885397257
0.005120544831513028
0.002065135861997169
0.0005671097396987574
0.008195128509990129
-0.005563080452472481
-0.004340359342850894
0.009243277891713083
0.001315974231694928
0.0008661795446683702
-0.01164227769952698
-0.01103347680455066
2.602159690771534
0.007827470542563301
0.01266288032629426
0.01223928969829344
-0.003885231058941034
-0.006035398860969564
-0.001427478592608973
-0.005585911499529557
0.006489370543970147
0.008011653671758871
-0.002180042344815912
0.01415945178655703
0.02159096646531739
0.02534324818747593
-0.0009155306210728868
-0.01422753995235182
-0.005770692377023612
0.03699723190617833
-0.005820863261128335
-0.0009874624210775814
0.009564509513312459
0.03113361449594961
-0.008225813797990048
0.01485376638748737
-0.007992279263499873
-0.005138073358927847
0.001386185300532847
0.0003029512855357249
0.06286958523329014

0.006489921688229272
0.008748846866521451
0.003264050083777113
-0.003625979327403366
-0.003261228657741074
0.002420239316721966
-0.002346871206077128
0.001957467659456944
0.001563130976107309
0.001487845694123098
-0.001131447368274056
0.0002426470791471703
-0.001341124692243067
0.001124590676889009
-0.001125271041410518
-0.001062527077018947
0.001367035702015483
0.0006315256132072133
-0.0006745416245214087
0.0001496743156370838
0.001392544544267142
0.0001726767218218339
-0.00068295537348653
-0.0007065063870795459
-0.0004128528741516882
-0.001345547108911529
-0.0004475346754091726
-0.0007177999192811568
0.001385327618850207
0.001621791956198662
-0.0008917453913180758
-0.001936341142653996
-0.0009090762958171892
-0.0005950102957224704
0.00167376468420382
0.007499190935111872
2.804896923195504
0.01363078654550806
0.001153808918001057
-0.0004595307727874632
-0.003284938438524401
0.004088138772884399
-0.002863915219505745
-2.753399641451312e-05
-0.001377381071935564
-0.01246997464298623
0.003378080124988469
-0.0007633354625854576
-0.002920497890899993
0.01593743831590794
-0.001995459486855669
-0.0009981003762649654
0.007152002964824627
0.01590332799930697
-0.02033876814271522
0.009666437241726345
-0.0007853429527578087
-0.01050313865708977
0.006574188416811131
-0.002301707148603503
0.002416649228215826
0.02128367413393271
-0.004329472486551397
0.01556541669168397

0.0366577559030798
0.05560411663951421
0.02766858118044817
-0.02453388002700486
-0.02265814569341692
0.01802842580755299
-0.01673094585729731
0.016224111574974
0.01234899339901349
0.01035370173448316
-0.01076424505310631
0.001492628161718205
-0.009877815334130638
0.008932189045681729
-0.009789901166946944
-0.008407357282128092
0.008360100350004375
0.007091291094250858
-0.006059151523517576
-0.0001318093280198826
0.007104311696725156
0.00426416647468694
-0.005384182945382853
-0.005591538602517262
-0.003339440304306052
-0.006289116984347125
-0.0001247565115752566
-0.004376979102730348
0.006710549679886601
0.006960822094242224
-0.005759229790258255
-0.00741163371782242
-0.002317595911515114
-0.0004777743478731693
0.004933020435103453
0.01244796276178371
0.0133312882732275
2.920260238821243
-0.007976782240989844
-0.008092959066950135
-0.007318312370105745
-0.004337501492444797
-0.006289121654466583
0.0001712157674520383
0.0005196880109453045
-0.004905467159216067
0.02000773113145994
-0.006316180010811837
-0.01467750802389314
-0.001853947386467672
0.01616833911590042
-0.002926995361535068
0.009269367063141713
-0.01934640996773587
-0.00918093620784779
0.0184104019670439
0.007586700764874045
-0.005353968022199976
0.02013613802749271
0.0004839832080646179
-0.001145056795756758
-0.002422698817553993
-0.01413288810766348
0.03966752198968852

0.02689805013533305
0.04164070192160788
0.02300864208727405
-0.02010415278227077
-0.01877987584305634
0.01495474434157694
-0.01408820657648401
0.01295846957308008
0.01068962777878949
0.008696278245620198
-0.009219608319496675
0.001302078097390237
-0.008367369412947901
0.007049812346825764
-0.008228724885921411
-0.007643740088115187
0.006274805942233994
0.006621324085876448
-0.005342240436853961
7.006462764609455e-05
0.005165781172127995
0.005466309176673374
-0.0015722188805948
-0.003001119146615243
-0.006261781896347706
-0.004813728591318084
-1.972747576490798e-05
-0.004729841364626142
0.004831651548181796
0.007639542525871222
-0.005729422279576887
-0.002900001274950392
-0.001245036319627058
0.001985945440025488
0.001872376083283712
0.01078953807920404
0.0008219227462819693
-0.007886062767177657
3.275953768273069
-0.002689702427643072
0.008334976210118021
-0.0007845497819981575
0.003470431472486238
-0.0004960092221522206
-0.01131456817299762
-0.006490798728507617
0.01836642315106102
-0.01534799266571141
0.005015894582169599
-8.065632984226875e-05
-0.0009733864687618112
0.02086779275040758
0.01459065202699733
-0.0121008079673111
-0.005318253517048979
0.025274990148028
-0.01176046118098247
-0.002088593054277393
0.009346362562983754
-0.03376531384446031
-0.01709402962209128
0.01412510664503756
0.03710526404231413
0.05422199888343331

0.02035867011472805
0.03423102576043727
0.02033520452768935
-0.01730316146805202
-0.01595859302168407
0.01305808959697027
-0.01209244447417767
0.01135858926116319
0.009200280997473893
0.007974280942809756
-0.007540357031185956
0.001215929233047003
-0.007697163733210979
0.006297865073933319
-0.006639423628361459
-0.006748511074410312
0.005464230174397134
0.00593696498577143
-0.005536448717170173
0.0003361544685325303
0.003569056331871406
0.003839124322930994
-0.003209764773269693
-0.001793062878953296
-0.004453443454434971
-0.004715227988274215
-0.000369845497340817
-0.005805604897339029
0.005543863201999468
0.003094716063675462
-0.005848460645834797
-0.0003293054583477016
-0.0003421737308017428
0.005383098427820904
0.007440930086998023
-0.003773851988741627
-0.0005808457967802918
-0.007309075014874253
-0.003363647494614333
3.657989304713263
0.007106767901331695
-0.002242699340187539
-0.001628941963174081
-0.007368659941956661
-0.0185615304748757
-0.001651809871369549
0.004637467673348378
-0.01083217307930046
-0.000623245334071868
-0.0008267847076018048
-0.001696162101524971
0.01642676447344765
0.001507314365730402
0.004303941360360858
0.01265483957107865
0.003121325786898399
-0.04334196402971195
-0.003959616603258214
0.02116805941411292
-0.02895160040682358
0.001589952340715135
0.009406256228813638
0.0442947934537733
0.02005296487777397

-0.03315322952653872
-0.04802661910667121
-0.02223135753287072
0.01985160567397749
0.01887862048817506
-0.01448495573343843
0.01381278253043543
-0.01327439297239683
-0.0103797734329105
-0.008138273396010282
0.009049759063338521
-0.00118000215860886
0.008052865757780192
-0.007351310684070192
0.007746470882073207
0.006298941142239695
-0.006927064854508022
-0.006591733771979082
0.005172945743231683
8.487445670734479e-05
-0.005084040466794016
-0.003149677777824517
0.004873315632022246
0.005059414596360952
0.001168555474892679
0.005765351341565575
0.0004651084421602379
0.006291431429588854
-0.005568149149098221
-0.004510086418015802
-0.001071648097072213
0.008401782298623945
0.002001227602108545
-0.006045290413078028
-0.001180246716478245
-0.004714691157545041
-0.002458756338080463
-0.005929123690418215
0.008145156225249955
0.007716596931400805
4.071683556151299
0.01149457154944049
0.01488905801197303
0.01841502285369484
0.002464533518421855
0.003449450069020192
-0.0103073765966965
-0.008410603378278508
0.01584768668819388
-0.004080299569920713
-0.0163490224562181
0.02073236687388689
-0.0145629414188645
-0.003758464962436613
-0.01090694098562356
-0.0003295694826435723
0.01190663924117514
0.01940493864327305
-0.06018007450788759
-0.01014960638601902
-0.03004906617504642
0.005477876913104294
0.0187135779191121
-0.03185478260254911

-0.004370821471750963
-0.004902048564392441
-0.001065691562593638
0.00120214106704736
0.001372226910436632
-0.001082615045458744
0.001070214311497181
-0.0008974675529208355
-0.0004098963235698882
-0.0006827682630128969
0.0006347498137188947
-0.0001027448281984504
0.0005413624702964592
-0.0006553673887701567
0.0004814605258696201
0.0003661652878523689
-0.0007878291330747731
-0.0002593044775306272
0.0003536660622804273
-0.0001515964129142419
-0.0005052440047914907
0.0004159466084583212
0.000470033604190621
0.0001022911383339399
-0.000508002475185044
0.0009861356148742882
-0.0007236357349668904
0.0003794283123233942
-0.0002952110636918352
-0.0008160496555305918
-0.001048074228655767
0.001589431608445389
-0.00247002265438998
0.0001021658047325924
0.000693373340222978
-0.001047968253721524
0.002658149540451563
-0.002918071770471552
-0.0002556539362897563
-0.001736427295504829
0.01092123887058245
4.283609810424214
0.01124938720767527
0.001762316457142848
0.0006510836056857581
-0.003025433490702166
-0.005327866532395846
-0.002668360925433592
0.0009920553666543158
0.01700839018852355
-0.007795396893513198
0.002313554709981393
-0.005929917973426244
-0.001357537651698779
-0.0004784867573960662
-0.00159142934420905
0.001540959333973806
0.01551473508960119
-0.007066804810819139
-0.002845260196058362
-0.005898101866266059
-0.0005450043875310557
0.001680250614070054
-0.01314297773543243

0.0212562596743929
0.03402001613895732
0.01826185743632799
-0.01554011660827427
-0.0144554286205092
0.01181579638792241
-0.01106489147713506
0.01034710990645406
0.008357465626919141
0.007020266521827715
-0.006722564824915056
0.001104622381426603
-0.007051432657421863
0.005585240778922218
-0.006319347847281255
-0.005937878598133066
0.004569137531421487
0.005441928844250331
-0.004242799060258635
0.0001387368802185502
0.003208907237566368
0.005096101536169594
-0.003028590356601262
-0.003189119356009983
-0.005085976835336965
-0.0008160809879194401
5.506244816957815e-05
-0.004435678195295247
0.004404914130169176
0.00131141309113108
-0.006139763006635438
-0.002136680838474823
-9.477728490020444e-05
0.004305227429778766
0.002808250300080065
-0.00244066788134229
-0.001810362646871187
-0.004452686938927559
0.00334899343024405
-0.002373531868407834
0.01396358292577332
0.0109210914304395
4.511143910031599
-0.01141506654683559
-0.01114995778577496
0.003084086078479784
-0.009454880320226478
-0.01461777302042811
-0.004939669023540585
-0.004243113702343112
0.0008594313463876754
0.01487670874819588
-0.01429370145259275
0.00170215324511596
0.002727155603512296
-0.004223578634594796
-0.017882756246665
0.004192152726248602
-0.01538081160905195
-0.01123393234851871
-0.005152075161091167
0.002715579371437704
0.01783468433620114
-0.02322836272595322

0.01573850074400971
0.02489354591818356
0.01454701327306348
-0.01241067842941816
-0.01163609361938872
0.009401998921722785
-0.009057198379981073
0.008367342450557902
0.006776048607329544
0.005724373822922012
-0.005875587695581913
0.000795805002828752
-0.005176093443329848
0.004805130936316668
-0.005122584167592989
-0.005075288964735204
0.003998159056507243
0.003133961153044513
-0.003482637770639455
0.0001027972743308189
0.0040857102500755
0.003740324580696525
-0.003640743289668881
-0.002966791218656437
-0.00340868400915445
-0.003760329228789037
0.0002000763923686453
0.00124888950642999
0.0005085820131683115
0.005793615506182659
-0.004725085682146726
-0.002257356753850066
-0.0006750038306021391
-0.001188744476500697
0.001650477220246904
0.003116271184305367
1.539320384861805e-05
-0.0003605059527036231
-0.0006146342616761388
-0.00438227951302887
0.01551553476076527
0.001352816486925791
-0.01101952841927439
4.995111249608767
0.0008066347675026869
-0.006366046996086658
0.0126859560967058
-0.002419356073211187
6.220334378583925e-05
-0.0003282092174017347
0.002426905632955354
0.006827116878864452
0.003562949119621182
-0.01450054361230981
-0.01823480425239109
0.01236039093422069
0.03246902723682797
0.007912640288525639
-0.0334228112499091
0.002634270743239004
-0.02643091749678987
0.001873584577179032
-0.01154982639119517
0.008518864365698302

0.01970613075986196
0.02934725689615554
0.01402872424789855
-0.0127932552514748
-0.01190463378710161
0.009674340935064961
-0.008977310802282718
0.008883062649996712
0.006777484486730575
0.005621919044499738
-0.005859360210315942
0.0008029512608196849
-0.005319533235510526
0.004595288214557571
-0.005430606930415417
-0.004392685635725974
0.004297996941167486
0.003546753983246661
-0.003190075236729994
-7.412719611016747e-05
0.004319217012177163
0.003712618313588473
-0.004282315761775372
-0.004249663545905682
-0.002310204511522323
-0.002424088615681199
0.0001823630971093446
-0.0008872559388153674
-8.320804904623971e-05
0.003649952196880545
-0.002747954501041864
-0.002812189539829534
-0.0005989861416876051
0.0004532539641051757
-0.001221889762710056
0.004950392650378957
-0.0005979661082571037
0.0005099632867559046
-0.00737887403061406
-0.01273652880802528
0.0006375511257994291
0.0003519757246770562
-0.01001319191447867
-0.0002262537290812546
5.507964180074783
-0.005938175637721478
0.008891075518277825
-0.0003124577436229639
-0.0005827778367844226
0.0008556825659067444
0.006877345811151276
-0.008495094565253583
0.001263132484988306
-0.005073795150230861
-0.009144572494542837
-0.000344619797740925
0.03666095571583002
0.00343352479925445
-0.02115714349704285
0.02394690558466346
-0.003778503376093537
-0.00908722205756422
-0.03709789578626534
-0.007225792140088892

0.005692693761567052
0.008201316712704809
0.004025388919998678
-0.00303511407371924
-0.003437576265809982
0.002200450981579913
-0.001885450272919039
0.002343732020999248
0.001571886501912353
0.001552758947446689
-0.001327236316734649
0.0002266791196594531
-0.001258822134646958
0.001113130597967571
-0.001091263661720046
-0.0009486866472611731
0.0008496151653463951
0.001274343591226257
-0.001075199085238753
-0.0001533168442012738
0.0005943751767468527
0.001174525945584454
-0.001264065020598135
-0.000910864748944846
-0.0009132831002453583
2.508657163574862e-05
0.0009796254969851475
-0.001210782955045857
0.0009615249539889842
-0.001207135062177228
0.0002215331197254133
-0.0001692654825939093
-0.0006024290194076478
0.00140780843156828
0.001281349678151582
-0.0006536948255655691
-0.006016321851477563
-0.002807958097604518
-0.003546278127985639
-0.00136796503529693
0.002468692467903834
-0.002179216261595497
0.002632551005488269
-0.005766122389872152
-0.005837177897709782
5.8730507574156
-0.02584225696220981
0.001018857275490114
0.0006833654999423009
-0.008618732574690802
-0.002349161847907391
6.265489087355124e-06
-0.005448526028861561
0.01226439508995087
0.002971810161700039
-0.01174786507282512
-0.004775590905193259
0.005752734819831123
-0.004600283714024047
0.004646612181736538
0.002474447827078055
-0.02007449464009546
0.004241370604487941
-0.0230799697744884

-0.01289213690668495
-0.02088891564845225
-0.011664646288688
0.009631946429768794
0.009193627806777743
-0.007573981297931641
0.007616749925596263
-0.00661449734850063
-0.005903214131173712
-0.004470415775949929
0.004256669228720244
-0.0007087730723701557
0.004653626011399977
-0.003764847714672312
0.003690852499352769
0.003868933329913254
-0.002672203196543938
-0.004120521681198057
0.003100532842541475
-0.0002069776671017729
-0.001787538392003153
-0.00442259625714023
0.003347389791544849
0.003213699220555588
0.002995341835193648
-0.0008458912443706505
0.0003103475789626033
0.003284670847000326
-0.002884539282106276
0.003646503583771486
0.001624386799468381
0.0006107201269894436
-0.0004908651297219953
-0.002864539436474673
-0.002747455312752473
0.005548303000549744
0.001710550621255998
0.01043733225919879
0.009608907567328625
0.003171361999563313
-0.006880775263012025
-0.003931943986603081
-0.008047466775506058
0.0111619863351634
0.008671362712416811
-0.0255855197439716
6.080956285836297
0.008691339089418212
0.006634441528601426
8.035634116074068e-05
0.008481328971210393
-0.001596396036859864
0.02192140046629628
-0.01533530680819979
-0.01704440033503352
0.03253911059967575
0.0116260595388231
-0.007645378413811106
0.02603574045348843
-0.01789126891281124
-0.01444039104429978
0.004125220064769298
-0.002136692565476927
0.07298105932363196

0.01470632834329466
0.02201522938439191
0.01061928772177013
-0.009933649978849156
-0.009346471621588519
0.007634262986026762
-0.007065671810785245
0.007092021687600324
0.005378821532941054
0.004564388774482891
-0.004683758085448063
0.0006030972261480207
-0.00405554614071049
0.003622786507383432
-0.00377911993958454
-0.002943474719666612
0.003777081727752015
0.003377273467934596
-0.003425490639560636
0.0001002354860281927
0.003516513727695177
0.002155271989792516
-0.003872417104733173
-0.00283676886245646
-0.001310804251272107
-0.004269904307082273
-2.82139087426113e-05
-0.001243564083579519
0.0008650727370738474
0.001030947203773217
0.006086976362656708
-0.001601399924480185
0.0003320028660597799
0.002904243407831774
0.0004701105281104982
0.008851135506429481
-0.0003481189885574747
-0.00330000724068857
-0.008498821114597046
-0.005684756129210279
-0.004896206341960959
-0.00171533524095367
-0.01016663966989442
-0.0009113130183247349
-0.0009812626503046791
0.0007456826815987949
0.00870684715843594
6.659594630144206
0.001165637729158122
0.002925473532329963
0.0002462857724730644
-0.02194589535581808
0.02304448000705804
0.01087433313571902
0.01405967418152804
-0.0154958328533471
0.02562677762959641
-0.01040564383816557
0.01507370646873898
0.02179010092569907
0.0234043132606801
-0.009834290548008721
-0.01590753953505675
0.01329318510509142

0.008863459097445948
0.01410371056753575
0.008744597765579924
-0.007917675083544727
-0.007478678848468536
0.006244789436493397
-0.005873084696537367
0.005196840589204201
0.004579853211365143
0.003763994891737483
-0.003873140878687881
0.0005126111215064665
-0.003336038502420777
0.002543272792797378
-0.002895937660572455
-0.003103917142342841
0.002488231832160805
0.002918109842755368
-0.002886046330864173
8.696889632937968e-05
0.003327219126919622
0.002781939528780073
-0.0007387339189044882
-0.001799277278336038
-0.003692091115449972
-0.002910182030123402
0.0001278673866825145
-0.001877895699534347
-0.0007935092620940426
-0.0009674645323331399
-0.0009154329832513522
0.004867349515809785
0.001543618883988545
-0.001551580136464827
0.007919788764726394
0.00870307032533112
-0.001122502664927519
-0.006018911836840361
0.001860960293071115
-0.001054649728237802
0.008198365095155681
0.000567016313522553
-0.003324290233645826
-0.0001003326768715699
0.0006868191373670561
0.0004438942668104403
0.006162635580826966
0.0004484602808331635
7.294341021943201
0.003703085218577144
-0.01543509145220862
0.01976474321017708
0.01580235029569966
0.007659793674724549
0.01170038479656132
-0.009029988635768383
0.01233582426810449
0.002452590419571572
-0.02047145659287239
-0.01442916051431068
-0.007690227219891463
0.005083378156274579
0.03732743998529158
0.02178316814071423

-0.005270129829971396
-0.008315553135410133
-0.003659002537864243
0.003260827145745045
0.00264939143025464
-0.002649558095075408
0.002153740599078776
-0.0009667822936372052
-0.001483333400913795
-0.001215050060116567
0.001257638265581141
-0.0002623399550792837
0.001331057781835253
-0.0009736270184095954
0.0009509038007518545
0.001112948310776928
-0.0008047815549998257
-0.0008926742570413501
0.0008652808378555169
-0.0002601802764500026
-0.0006175685199670143
-0.0009214167358432192
0.0005150631309512965
0.0005841170968216923
0.0008756338923265491
0.0004884170276582656
-0.000779178225822566
0.0007906708148493791
-0.0008657879203064543
-0.0003019996449783011
0.00110127634619346
0.00145178420400298
-0.003788994868355718
-5.642463630573685e-05
-0.00102957274892796
-0.0007913233415519729
0.005785975576502839
-0.0004979531496289619
0.0002452987310067511
-3.498054630896215e-05
-0.002569429809660261
0.009417555500318829
-0.002285704069456464
0.000209914159180698
0.001031067797806763
-0.006633945667223231
0.0001496401468392351
0.00296861221616679
0.004029472252080223
7.735374785018294
0.009761098836525973
-0.001646282927550328
0.0003676648204383052
0.004069546974500505
-0.002282761892709038
0.000869370580741114
0.002953918635256828
0.01559326741261201
0.00880755156905883
-0.000793148356275832
-2.68938027315614e-05
-0.0009281819084948923
-0.004368845927771568
-0.0004231107563661647

-0.009022286185295464
-0.01564208538933376
-0.009978329681830038
0.008613265877709587
0.007968291658633594
-0.006548763029049195
0.006111614712495054
-0.005866671101469103
-0.004556475349515404
-0.004034533653429652
0.00360006936465242
-0.0005721226602080937
0.00361428750395633
-0.00278932921603748
0.003088120758273357
0.003238754100687606
-0.002600315822300607
-0.002900809123910039
0.003048078389847154
-8.958555799511029e-05
-0.002599374921465361
-0.003049508225146976
0.00129456995410978
0.001534022222788519
0.003639865620611239
0.001950994725505522
0.0002057286224379081
0.001849501201439767
-0.0006465523399957198
0.0008877108337655829
0.0006742394572578645
-0.001990596105741542
0.0005748054166531903
0.001210941452377612
-0.005795122345725152
-0.005492786199070262
-0.000824758010350168
0.005711722896450354
-8.931276862845236e-05
-0.0002961267577672026
-0.008980050682351448
-0.004413526811539494
0.0001274297325028722
0.001923659217982726
0.004882263635369963
-0.002216376523741298
0.007225680612945135
0.0008962850570872248
-0.0133645708484059
0.009947893417688952
7.96438300423466
-0.02058662015827485
-0.01234834454883827
-0.006131906094346444
-0.006217213035175904
0.01205339030816256
-0.003386081371365721
-0.009087127325193286
0.01605546475705047
0.008622080695111601
0.005722961250267221
-0.003122164155201225
-0.02934887553557281
-0.001965882135732012

-0.02396542481075841
-0.034794120128202
-0.01617661436451917
0.01415687379932264
0.01338386953391314
-0.01007608672641823
0.009645673563681859
-0.009297361188984797
-0.006894186813926606
-0.005294567520445608
0.005952449050879095
-0.0007994975686230143
0.005232717689878361
-0.004913736020912039
0.005287278163262233
0.004126720621885139
-0.004558044245407058
-0.004316357749792112
0.003443854635584415
6.89059157413595e-05
-0.003628934021939972
-0.002592123991141333
0.004874655348474305
0.003619869484726763
0.0006827507228683168
0.003549067170539882
0.0002861020624967934
0.001955052588256587
-0.003027189937903697
-0.003086671257910205
-0.002418219290926598
0.005381255001699019
0.001069251105957549
-0.005237150824268341
0.00350666448840735
-0.002900541911298668
-0.0001032070613939348
0.0005290648293043237
0.0083858142677284
0.007865098488015287
0.008747520628103304
0.001237067131501655
0.009182695644889452
0.004251185147674464
-0.00443299583464318
0.0001295585529639859
-0.001963377765145933
-0.01717198186868527
0.017968192098765
-0.001423579266292928
-0.02015170140011634
8.678865149233459
-0.01332372431293596
-0.005802534452079402
-0.007597091274638256
0.003433865765421569
-0.01721387780286728
0.008341580568867652
-0.02280485152451154
-0.02897696760582215
-0.02541367160853574
0.01156686644302033
0.04014263742040397
0.00038893652649125

-0.01842111626804075
-0.02947880464152148
-0.01557926407684522
0.01278411659756793
0.01175686749889175
-0.009238209697532352
0.008680412049276694
-0.008065628730131566
-0.006220540669928205
-0.004913846715726112
0.004786986285896929
-0.0008557432769815611
0.005346945819218251
-0.004224641486344314
0.004897665383939251
0.004577963137425409
-0.00326246990297745
-0.004044040923060268
0.002965453155533248
-4.898778390878336e-05
-0.001837075973200332
-0.004161606810344311
0.003084224898315955
0.003225316656455383
0.002609089546299439
-0.0008303359786165638
0.000399680636055287
0.003617099481149973
-0.003105605518098225
-0.00117593945496628
0.006679313102247954
0.002479265304721858
0.0004621194272343071
-0.003204548496179864
-0.001706393753434013
0.009753242693879902
0.00232978517923573
0.003856908930829765
0.00651963123328396
0.00088272349942782
-0.0069801440515737
-0.002724491092183146
-0.005875335427289905
0.003229013668805966
0.0009411408457078543
-0.003274252719115925
0.01323599203560486
0.016977482186752
0.01191760195503036
0.000195981521503645
-0.01154833594849894
-0.01292606942351623
9.436281332836645
-0.006017401899695194
-0.004106582535928277
0.01329404089420765
0.0212134821868108
-0.01134242383639415
0.02418870026346464
-0.006833110935984675
0.001584130345572285
0.001186706847823207
0.001358918240628931
0.05615941399556994

-0.00547739718191765
-0.00838695236336829
-0.005270192899366613
0.004371178313763213
0.004197294850062067
-0.002992723477353657
0.003315615869293536
-0.002881928409922977
-0.001313815050390397
-0.00163007437230182
0.001974185492837641
-0.0001897168980201775
0.001930567609445632
-0.001716180412708233
0.002038950481142177
0.001865402294834058
-0.001499374507643093
-0.0009007617924920548
0.000790933669833513
-9.309224730875678e-05
-0.001405021755416944
-0.0008645407965518427
0.0008248800418898577
0.0006923404962213635
0.001182853027952779
0.001376604335559402
0.001962032130867827
-0.0005481554636539752
-0.0008832489373423965
-0.003898204782945731
0.003376568298568022
0.003038903628868076
-0.001739305753965087
0.0008450343928324169
0.001019997073161187
-0.002377345108032649
0.004307598369162352
-0.005457858728977596
-0.003540346525690373
0.002171335950832151
-0.001517311241528013
-0.0005560580866775293
0.001029818485037152
-0.006742317082090074
-0.002095309725361028
0.007059909754495317
-0.009289832892936854
0.007539911349365819
0.00598056777280871
0.003353283378947298
-0.004500997984833127
-0.00527984256206834
-0.006073670330334487
10.13567674960473
0.01413761573643076
-0.01327370547806766
-0.01256700871259679
0.005169414928125353
0.00386690346588566
0.003133766908080494
0.0103013275888509
-0.01513859158345037
0.00825165302723624
-0.02034132299464

-0.01500030033841107
-0.02284251025218142
-0.01147640864965777
0.009849475262057724
0.008953449244056708
-0.007139699730744386
0.006443431316939406
-0.005974423496481233
-0.005374510535440191
-0.0039626844234909
0.00403450027462558
-0.0006368031094694228
0.003482835678800571
-0.003349349463950648
0.003689188718875346
0.003599844131638038
-0.002889244327697026
-0.002184712445195964
0.002113896386457877
0.0001214492764492066
-0.002478925477060924
-0.002188358258322187
0.00214610794164023
0.001782555299124797
0.002003608839621642
0.001923337776161847
-0.001434396307144239
-0.0001028712948434052
-0.001558578714531607
-0.004584121921171535
0.004587743229450117
0.002986958532949981
0.003021480709752044
0.0004791290621060942
0.001306065838698855
-0.001658300846006116
-0.00566199369378576
-0.002439809028703931
-0.001065057438217561
0.005472598632649187
-0.004302074208875266
-0.0001586859431125989
0.001690934497291372
-0.008160589427602142
-0.004080245331161829
0.001552692124745225
-0.01009178567131035
0.009628748930399573
0.008648124097295998
-0.001410700283280538
-0.004389869274844005
-0.006822087707888553
-0.004055257942456507
0.01419249438903309
10.28338648501027
-0.01138878768644429
-0.01778921816999995
-0.006197858559748151
0.006306293235283607
-0.0004061588204504907
0.01758570903721209
0.005631344472525869
0.01167767284805035
-0.01394669528499765

0.01069901436578513
0.01640130212966589
0.008437858014548195
-0.007715668544609625
-0.006913341898420277
0.005629531532217282
-0.005055351726774712
0.004984841974323109
0.003827775590937574
0.003272967334294375
-0.00350392060110256
0.0004772534510755099
-0.003037596438990333
0.002741928112826363
-0.003386384673107011
-0.002865743327068531
0.002691854235586735
0.001836325641676616
-0.001628270157807801
-4.666038597477387e-05
0.002165849424536533
0.001164650126186905
-0.0008095010291075499
-0.001081571183038006
-0.001555068622155618
-0.002923085600072324
1.321235400859037e-05
-0.0006825108793641578
0.001595326356087321
0.005633861800741188
-0.004066402395490862
-0.002887926478876667
-0.001183083941435169
0.0003134110020496024
-0.0002210351651825836
0.002678367377522879
0.002310094942898035
0.003637027171473687
0.007559144045723365
0.0006003093071153803
0.0005892681108915251
-0.0004417384260219112
-0.001582059466029064
0.005266299084156699
-0.000612884026008224
-0.006412457974517697
0.01864882291520728
-0.00902509014399101
-0.006403489420401821
0.0003539620982630756
0.008975469016605892
0.001521395345271364
0.01163207829549239
-0.01201480321256687
-0.01012960676361828
11.09058494856112
0.009476767159451843
-0.0006554222121320031
0.005150985900555292
-0.0176998182394847
-0.01309282026530687
0.005675641250965049
6.655753361749011e-05
0.04053295003943307

-0.004067286578381168
-0.007354960731058971
-0.004888289076395439
0.003763581220946012
0.003762613970522835
-0.003063116267906484
0.002998002541747315
-0.002715335782026539
-0.002703090711840354
-0.001977868701705671
0.001900296294682551
-0.0003495882427181015
0.002328757359685524
-0.001901962219845027
0.001669569495995877
0.001994959577050054
-0.001204230624463839
-0.002308016335621545
0.001434756233021735
-0.0001090019731682173
0.0002955566303022933
-0.0009310030481130145
-0.0001637595581259275
0.0001879654988187851
0.001326891672126105
-0.0001190774415059325
0.0003605903516533136
0.005044801869420443
-0.003888526278224232
0.0008288580543048913
0.003145344315189826
0.0004429029550784446
-0.000183238078029405
-0.004222475898086647
-0.004261002253250185
0.006657235617041921
-0.0002490230783073043
0.001874799745561651
-0.002277822295797538
-0.01364242466166881
0.004039116599458152
0.0005218262453345246
-0.006254673934930697
0.01309836478550152
0.0168074345074323
-0.002442579711624267
0.005703837966341606
0.01474637652444835
0.007050829308920184
0.002090881702113969
-0.002436927282648543
-0.01215909964532253
0.0180279644257066
-0.01075638920087288
-0.01547299967839432
0.009182170865976738
12.00845527403277
-0.0006110821750697562
-0.01684382692152329
0.01741877898554413
-0.003691233299560674
-0.004305103640777262
-0.03650070174609205
0.01189969761257638

1.704188207157468e-05
0.0001419176701785653
0.0006531670368919801
0.0001254248918707684
-9.632906189702501e-05
-0.0002540590558291825
-0.0003319273683297409
-0.0007255725258454725
-0.0003614542300025242
0.0009339431894978306
4.066816371504908e-05
1.801237324368713e-06
-0.0001403617129855654
-0.0007124645395443384
0.0002790988251880173
7.584297164629159e-05
-0.000555290730277813
-0.0001510523095817824
0.0003161026418168799
0.0001762431482582409
-0.0002027405828373735
0.0005140206187212283
0.0003245179807232659
6.124241624970179e-06
-0.0004879835445015777
0.001249773360062214
0.001587766464935698
0.0002694089274619237
-0.0009991024595894871
-0.000731432446863395
-0.001860164808823217
0.002256135053943978
-0.00447516266472609
-0.0008170684443425317
0.0005492286470728251
-0.001948658561650185
-0.002348121296633248
-0.001205349729321297
-0.0006129609774046161
-0.0006570909609771732
0.006359080275708435
0.0052753129883932
0.001567238941712487
0.003379213822251453
0.001380723189801779
0.002658938893457752
-0.0037497855058205
-0.005308156972357054
0.001734251923604219
0.009586079424136317
-0.005741088662780273
0.005586039949970579
-0.008536271314432969
0.00429725902094362
-0.004798220256503648
-0.0003310165124345769
-0.0009690770140937596
12.67515341002828
-0.02549674277844638
-0.0009597428733054965
-0.006475002454533549
0.01632616199120983
0.003034248999161653
-0.01828264443024021

0.007492884213244675
0.009887346480000885
0.003381353525979737
-0.003574036058504037
-0.003574803706097765
0.0027534062085557
-0.002777840283679668
0.002753625855346819
0.00218304511689966
0.002410923233469194
-0.002189332943031415
0.0002396307870572814
-0.002005518968810298
0.001700728254753068
-0.001694878375741381
-0.000963708664711891
0.001984202705946795
0.001684987656023176
-0.001276208933149206
8.675529974725648e-05
0.0007846912152325194
-0.0008596774599759602
-0.0008260966147874474
-0.0003027943011124515
0.0008486997669608339
-0.003156854850028098
0.0002968615743509169
-0.002882698744408855
0.003723192638006924
0.001920973112180057
0.003821841979051471
-0.003879643043605529
-0.002754535383751552
0.004300494104507589
-0.0004483727710298873
0.003463331853688411
0.001540919720142175
0.004473173715801783
0.002329057922808101
0.005152949639556471
-0.01942416980691223
-0.002352675999743995
-0.005378341838346949
-0.01329178694301717
-0.008443402859930081
-0.001965957245621638
0.01216681838199212
0.007641129303284023
-0.01193717120341447
0.004858352898608757
0.009385363508862354
-0.01549385278380317
0.01721756852081897
0.00226784676135268
0.004086741231766739
0.004106354625190449
-0.01511666924388889
-0.02530494198843873
12.99944505017035
0.002689806855854886
0.02919603122288316
0.002946451167416529
-0.009014124773087443
0.04385269447242857

0.002545312755196792
0.003125490570815679
0.0001321222804922742
-0.000132660117833737
0.0001233319181647845
-0.0003617619148267788
0.0005516388418612336
-0.000343102095878966
-0.0008148927699977511
-0.0009601399237619787
0.00074220798978067
-7.041638055369083e-05
0.0006434382310474788
-0.0004933869627849184
0.0005340130784217127
0.0008069350091084109
-0.0003340263121466884
-0.0005447687457732283
0.0003962180063070342
-3.036808374625097e-05
-0.0003679541836877375
-0.0002289613894379807
-0.001401701263042427
-0.0005772347251459678
0.001455019074662692
0.0008582199187670732
-2.080256089216615e-05
0.001621084695152935
-0.0006881896056089533
-0.00114781623452759
0.002925728912017097
-0.001982728174900565
0.0003174349578172524
0.0001542748337763247
-0.003760655496499475
-0.001124142512379741
-0.0005151102297598991
0.0002230827951441655
-0.008185476068628371
-0.007977043645157901
-0.003372475677281001
-0.001135380134801285
-0.004447874563288344
0.0006331504724538372
0.009551976412748433
0.001582471683630994
-0.007096310932096327
0.01002598537017748
-0.007650378456826236
-0.0001986183501138875
0.004720579068957677
-0.0169689076780118
-0.004180339732797226
0.002682829229831272
-2.207230941103557e-05
-0.01535673056679893
0.01469838664192047
-0.000815041957352533
0.002853154944744276
13.93429424211862
0.007986934503565217
-0.009679933467675752
-0.03800719309624927
-0.02062946589783808

0.0002051019516274219
-0.0007541749553482968
-0.001574285829810265
0.001394879529365953
0.00126512192264373
-0.001419911274012778
0.001393704598453442
-0.001155402570053243
-0.001358152098444791
-0.001439401515570881
0.0007470605640985
-0.0001892671502867681
0.001036465490567704
-0.0007034288532554544
0.001094375464654384
0.001350232817600267
-0.0006184222135528264
-0.0003048406536429252
0.0006786784519503394
0.0001446410712791641
-0.0008333831455297255
-0.001219507839657576
-6.539588788205498e-05
0.0002267122642658102
0.00172546921592858
0.0003306944240220552
-1.487401954061268e-05
-0.0005103341913952311
0.0003091631644148367
-0.001857732050342812
0.004306610248755269
-0.0006564973329406068
0.0005829537083490388
0.002339052817975141
-0.001731588589236434
-0.0008382081292806405
0.0003339336187692201
-0.0003509208035285707
-0.003406593314486911
0.0003213902341118356
-0.007896482854629173
-0.001665632232042997
-0.0009213143721545415
-0.009361324154603543
-0.001520457408821624
0.0009652162262317397
-0.006198130015498918
0.009857394457485518
-0.003888712924250244
0.0001552614438726171
0.003015140134122763
-0.0148390396688134
0.001828339650782712
0.00715079200109216
0.01212090066973033
-0.00979346068792609
-0.002059991347791925
-0.005575904574094242
0.0257196702755995
0.006732729033258543
14.96291401296654
-0.003649588832399665
-0.0153444715752735
-0.01077225821219467

-0.00483663428386387
-0.006423409979604277
-0.002525001131831132
0.001789936537907503
0.002121201087573617
-0.001285525005587698
0.001632897570500663
-0.0006463503371808835
-0.001439376150845804
-0.0008728219844975252
-0.0009307066126611435
-0.0002731509952377087
0.0003620378485121063
-0.0002939212155008365
0.001018342418951348
0.0006596157592049924
-0.0006872947162761818
-0.0007553424444208203
0.0006019870154271587
0.0010409995628585
-0.0003949206247081496
-0.000616594346702812
0.001016338566801165
0.0008113850496717545
9.281483253726453e-05
-1.332492864972623e-05
0.0008315469439994116
0.0002126426086657621
-0.0002089189352503707
0.0002984364092111323
-0.0008766938389543964
0.0008097770731776561
0.0005462244655532244
-0.0009652603389989771
0.0006424033984857465
-0.0001750539553005352
0.003992447199963057
-5.678997596418665e-05
0.003358835120741202
0.002652287113254576
0.0009701729132657819
-0.0001350278755091009
0.001028588616043409
0.001256760993560477
-0.002831591318275674
-0.007577344524275624
0.001353022850914594
-0.003653889629154088
0.002827817254041178
-0.0005768795052189141
-0.001937395340691967
0.006091896682359113
0.0001223911489829435
-0.01021862370700757
0.003461035457241947
0.004601383156601024
-0.003969662533267922
0.01344714463329832
0.00267667394116931
-0.009161903473807737
-0.004082606766442389
15.34028386233919
0.0100525019010677
0.01124005239198428

-0.01171880555623496
-0.01623226173498115
-0.006691933374485075
0.006028584301396652
0.005799912472961265
-0.004416581340358209
0.004341889600842815
-0.004406982513976542
-0.003190230878912027
-0.002489579378652726
0.003123871137563514
-0.0003127780546608812
0.002414869636268684
-0.002481584648659322
0.002520720440855237
0.001819800360505351
-0.002214898879542384
-0.001591653998635954
0.001245646706882941
-5.712300413881833e-05
-0.001959778906431604
-0.001268364784632709
0.003427840091136816
0.002390453865628558
-0.0004302696783934643
0.001255187260492348
-0.0001643250678198412
-0.0007424761248909693
-0.0009923356913325012
-0.002860129855984344
-0.0008002628187437112
0.005082449067852452
0.001307306638739325
-0.001728364367274632
0.005291925328233203
-0.0008152603884200389
-0.0007537611466951965
-0.002122060711624181
0.007911923445374681
0.01086799852134193
0.004457931984720299
0.0003839869257013704
0.00528290781065965
-0.002456259057146612
-0.01287356849855073
0.001560043090567075
-0.001171459336169853
-0.005899950207837882
0.01673171387753357
-0.002000443901215413
-0.01474517427782037
0.02149602848391239
0.0003315872879079899
0.00557283085827962
0.007680205803019185
0.0003537824654603705
-0.02747695173676976
0.002785953285953167
-0.007734387054928462
-0.03383900838353995
-0.01504237589445702
0.0102076732466615
16.12059078507971
0.005025499673515267

-0.0103828596306747
-0.01699686789285761
-0.008865466153937769
0.00715649311636296
0.006638065788430714
-0.005374406281479849
0.005089439880172333
-0.004840396532814865
-0.003747391692041092
-0.003012398588325867
0.002830934222057312
-0.0004859889058114861
0.003058820925692642
-0.002402620327358933
0.002598270656328047
0.002477584515669461
-0.001681792353632161
-0.002755888388022872
0.001914352897905079
-7.0211064798521e-05
-0.0008827592718661423
-0.003455701223608245
0.002872451981182013
0.002819438106201924
0.001617541320052672
-0.002151695393901892
-3.68478681535e-05
0.002152482515186991
-0.001207720236595125
0.00221784040011097
0.002835311143802643
0.0004403630921782247
0.0001586637694920606
-0.003130359040899239
-0.0005381801591915006
0.008953126175940254
0.002731413477479082
0.00768379812205233
0.01090583548247667
0.004669411965392657
-0.008382052454429342
-0.003370828255644438
-0.005568478275828508
0.002862464006572874
-0.001044694514466107
-0.00809949991011636
0.025684222999538
0.005560190066275352
0.01006537405605616
5.206370708917728e-05
-0.0008951066790218363
8.984193430287704e-05
0.0304006330331749
-0.01221714857236227
-0.008950631305941637
0.02593114332784725
0.007723868967100734
-0.01339906945161605
0.03349268235269737
-0.01643222776495427
-0.01024509872440252
0.01048124567759412
0.004022950025888802
17.29285919109378

