-0.8913968473992551
-1.130891233740545
-0.2782065595561311
0.3244565455914472
0.2826904097412827
-0.2068440446850968
0.2006887553852737
-0.1954349721305552
-0.1294269452898116
-0.1013113341411749
0.1161779964349569
-0.01773960633086958
0.115768057399632
-0.07350492720709537
0.112461246332535
0.09260606122423541
-0.07269091731166254
-0.08513348688499454
0.06675792019668056
0.00733155251333435
-0.05849466718900688
-0.06733564857227446
0.05582190973975173
0.05271439580325566
0.05388038343805771
0.04999392834741377
0.001724179622943227
0.05051960617879066
-0.0486748631378363
-0.04478127242030787
0.04334211966202547
0.04291792415811291
0.008341819436215054
-0.04245372706709735
-0.03769369677032182
-0.03792328718256751
0.008170223550548417
0.03334524287533475
0.03988726526114007
0.03673022289617268
-0.02720354230641951
0.002399742263435302
0.03840408688185483
0.03211620165568305
0.02688373098414648
0.01247725772980824
-0.03260989683169169
0.02107133296865166
0.04100777209585491
-0.009363639020075597
-0.03709038198098687
-0.008969274991548797
-0.03208069422097422
-0.01124067445598957
-0.01925588333927498
0.02281316194870012
-0.03659498130927196
0.002405201391251018
0.003205634441793354
-0.04160169826205703
-0.03631451278988793
0.0089868168238002
0.008141766039528611
-0.03252884136933695

-1.130232706750372
-1.550888981160209
-0.578072741141215
0.4535544609751382
0.4518576931965327
-0.3106287213833359
0.3189257743271685
-0.2867642831657732
-0.2092606534739489
-0.1558804947033203
0.1802765792912586
-0.0279687303507637
0.1707970273807935
-0.1251088996994127
0.1647115780719927
0.1439073002654979
-0.1149420099680756
-0.1283916458998619
0.1030428167983621
0.007992328414727289
-0.09189141977164271
-0.1016168371688291
0.08763031555542351
0.08164698532825455
0.08299278287961248
0.07528056825990831
0.004146678415763821
0.07885677974090594
-0.07516781103219111
-0.06877394699272166
0.06914690627656436
0.06632390541273217
0.01263165766482775
-0.0662113210998353
-0.05868317002968673
-0.0507492150615412
0.0129692024769407
0.05477304212907761
0.06272553150905144
0.05493655968630538
-0.04732366557965334
0.00308845815548442
0.05150885250656134
0.05155594576239884
0.04494678136739298
0.0144947901815282
-0.03715875366161051
0.04631047914087003
0.06939525772832739
-0.01343877832196225
-0.05753104217520243
-0.02377817462223053
-0.02501137413666858
-0.02100560838140272
-0.03147155814911932
0.04358260502799809
-0.03419818348373552
-0.006193679400078735
0.02473310027684984
-0.06055784180273344
-0.05139161322314999
0.01360178779040748
0.0006089512067424044
-0.005261337143385329

-0.2740729920434019
-0.572771325947639
-0.367369949869235
0.2596037900912646
0.2178317243235776
-0.1746042461132483
0.1547040624414322
-0.1478295000142943
-0.1096397117827196
-0.09016264314022016
0.08922457133052797
-0.01571084703999056
0.08551056382444869
-0.07368959313998241
0.07990222421310898
0.07381059654424912
-0.06389893139839581
-0.06292083166160235
0.05445699146634449
0.0001778469190950954
-0.04907808579900158
-0.051856343118062
0.04554749460101148
0.04366327863944345
0.0431720745818148
0.03820329756303296
0.003298824504508309
0.04033995884821647
-0.03934860836093868
-0.03681591523695384
0.04190431214439371
0.0339252912755228
0.006343751017686532
-0.03372397114224934
-0.03081114383208945
-0.02010673150958576
0.00676333361832675
0.02951129670406999
0.03009052798417612
0.02694914380958814
-0.03517580302522078
-0.0003099188111027593
0.01819177535078274
0.02210827574492085
0.02490830602527948
0.006779897998660477
-0.01336289784259996
0.04510621178891192
0.04074188814124886
-0.004819709912333101
-0.03018994025920813
-0.03160702584386845
0.01045746493244982
-0.00548245006335794
-0.006205960391035485
0.0176023060926087
-0.002771072752023571
-0.016403382365672
0.04468259485115291
-0.01839997200744867
-0.005155034298633489
0.001012189144228922
-0.01646279746110975
0.0277578150872855

0.3178841401403413
0.4436919336651177
0.2567108809254592
-0.2071865473519466
-0.202074705549513
0.1479366885848389
-0.1348653009608835
0.1239411792226175
0.0974814126051655
0.07525901038060705
-0.08026348941850719
0.01206319756758699
-0.07353076187794039
0.06217850513562487
-0.06953334713913348
-0.06346461111104418
0.05448164903718905
0.05413386488194755
-0.04636555656944911
-0.0006313172193763587
0.04399027968629459
0.04313949056010113
-0.03907259001096904
-0.03647965595261211
-0.03721696784885482
-0.03650116838770021
-0.002050267676254262
-0.03208476894799916
0.0325807973137273
0.03725260780769411
-0.03415900044992253
-0.03167443009466375
-0.006307104399896509
0.0255407465455156
0.02433560518547328
0.02962731986771881
-0.00271965657732457
-0.01654737684415866
-0.01774991400179909
-0.02714356178864403
0.02372324584793867
-0.002542559062969142
-0.02665322767562388
-0.008420060883207355
-0.01413766959945542
-0.01591936238549353
0.04301001679903681
-0.02925808596294224
-0.02972741432658351
0.006513737849986827
0.03112943997632476
0.01921813360700408
0.02844509206128172
-0.01574348042097646
-0.01342959070018097
0.01805907662074543
0.04030981332609361
0.002061987410002922
-0.01268265641576859
0.009520194128532295
-0.006317764196792065
0.0041378500357776
-0.004581103553883456
0.06669482570827781

0.2725019686708604
0.4373398871962923
0.2131421194246133
-0.2001074580151364
-0.1459880908938666
0.1463336871587726
-0.1300070876338065
0.1131305446138023
0.08891781663097086
0.0730456108853582
-0.07107049587155971
0.01179330640652129
-0.07069974124726953
0.05679691756104682
-0.06490667381662593
-0.05794385077557719
0.05050642151786858
0.05106922710383692
-0.04297369521603741
-0.0003570527879661384
0.03973715620038389
0.04093872832453517
-0.03457671831447119
-0.03391737709991701
-0.03504122221756706
-0.03239108531651359
-0.00188877764820492
-0.03343751829023211
0.03203673033085108
0.03053363599344237
-0.03294654254655845
-0.02634903870584303
-0.004747691138355342
0.02654320702316813
0.0273356815611827
0.02152255359601763
-0.00380032614529977
-0.02082049089947468
-0.0154376800182687
-0.0140521688416454
0.02273854725958579
-0.001122990643942293
-0.01679728785689573
-0.02067743805462124
-0.02807153061877622
-0.009731028241166095
0.02551679555084988
-0.03494221938983594
-0.02354139686353699
0.003976730374823273
0.02033453154701837
0.03176701746125871
0.01209359680270687
0.0007052548920225294
0.007042760336075132
0.0008819900154600074
-0.008772740476003932
0.003796588489400227
-0.007823809194881527
-0.008920509885514528
0.002239349387945271
0.008819670885015509
0.0376781682614374
0.03234140758213409

-0.1990719734965527
-0.2991376202619574
-0.1700704622229494
0.1455911909904232
0.1456581068945981
-0.06456797913900318
0.1087248604629979
-0.09735737640170407
-0.06948734716006068
-0.05667488673120754
0.05976928688246177
-0.008171781712223365
0.05337799896415517
-0.04743347524273857
0.05092166026081764
0.04635939209578196
-0.03910741968264949
-0.04216116948850183
0.03482230078297047
0.0001502487575108718
-0.0302250974439222
-0.03210500974130055
0.02821533152398937
0.02659516781732426
0.02718141772934094
0.02559541472329234
0.001591505959413557
0.02961130563580426
-0.02799540682065298
-0.02212695680690638
0.02200971470144432
0.02230982380196792
0.003789200193922475
-0.02547211449607857
-0.0224860809843751
-0.01415061486198868
0.003748396480619821
0.01790012960714343
0.01546149918660435
0.004894575550744858
-0.00541732353971569
0.002549554597284707
0.01317653719424157
0.03228910551219188
0.0322132800873958
0.003662883180418316
-0.01277678662622256
0.02074084972411155
0.02629745042499029
-0.00350430122861834
-0.01990210920028992
-0.01338326357368402
-0.007992473587023987
-0.01526993853355875
-0.02595876800284314
0.01414636945298612
0.03835640803189344
0.0077210451217305
-0.03273172334241469
0.002921904459672451
-0.03131185350594835
-0.00198737936130097
-0.03391099250727644
-0.01573679380290085

0.1960979911348337
0.311170943166327
0.1511405930030371
-0.1337844526569785
-0.1302862955217384
0.1092959622791446
-0.04018341035789876
0.09828987742605416
0.07233096801620582
0.05153383701315822
-0.05561478529448959
0.008754359377995881
-0.05304924585458441
0.0422323209187383
-0.04989714556972964
-0.04338691824094752
0.0391093290927074
0.03775255172770201
-0.03388985325618853
-8.184781493656207e-05
0.03020851483526493
0.02836853397451533
-0.0279843502837415
-0.02541514207308799
-0.02433682608230634
-0.02759418234178489
-0.001679905715027321
-0.02560838489401578
0.0257172147809928
0.02371699586358812
-0.01749438215152171
-0.02291324689751642
-0.004323713876127708
0.02304081715255701
0.01839907998667582
0.02218035620330729
-0.001729566750141025
-0.01207483000703222
-0.01369858252263043
-0.01031135829022867
-0.001160074785925412
-0.005160544088880436
-0.02118772894125764
-0.02574284851797925
-0.02273668387381587
-0.007979698840453445
0.02857346257806376
-0.006087459496271954
-0.02245949953067052
0.004649501873128989
0.02324782324680269
-0.001350225136715896
0.03230634848701406
0.006749875988811632
0.0167039894142881
-0.0008016848269484077
-0.004559652004563481
-0.01756912294465065
0.04941996303441182
0.005881668240071195
0.03283444516705288
0.0004100792219061298
0.00681386272521825
0.06258123294605368

-0.1863041155708944
-0.2744050162921504
-0.1442807645660088
0.1219350747317414
0.1124308873092851
-0.09722811778437034
0.09749711919935138
-0.01881715879711337
-0.07426426723669131
-0.05615603784698289
0.0481490623551229
-0.008853281234990948
0.04919497900192964
-0.0414973262647715
0.04349949453243397
0.04309112271351883
-0.03536078138514828
-0.03650851848350035
0.02984868416277644
6.450614683188528e-05
-0.02885185018093869
-0.02942174787336645
0.02290594615909864
0.02415795339448629
0.02642989766563405
0.02234207551502278
0.00121167946978549
0.0246795046720301
-0.02172090570192713
-0.02057808950962932
0.02549462370532093
0.01548194918945027
0.002744766408983208
-0.01716935820740654
-0.02341176480843114
-0.01550352946543716
0.003249189671597568
0.01797176072998189
0.007104402387556549
0.0061651764053949
-0.02367268983973617
-0.000477081057895477
0.008175365809230655
0.01348593235952976
0.02481751210596592
0.006101134008860567
-0.01576892417076714
0.03065722650097653
0.003247701242148876
-0.0005091869091669639
-0.003113663601439552
-0.03987952552614962
-0.007625801621853589
-0.001901700515475286
-0.008364963812532284
0.00140718129858591
0.01408000910048914
-0.01003259941653992
0.0228997904818666
0.02421127318169554
0.01158043983302322
-0.01259517707055867
-0.05782590436276441
-0.02156166983341287

-0.1276770023463608
-0.2065742834346992
-0.1091912752615814
0.09828854829293222
0.09023545673213643
-0.07068045119719167
0.07306928894521877
-0.07538266211991755
0.01878984169764404
-0.05175499364287711
0.04775857483910534
-0.005357641582588508
0.0357645059719797
-0.03346742981648192
0.03781944501920933
0.0318447315784687
-0.03050263345360888
-0.0289763643677869
0.02508879261547229
1.104467660711309e-05
-0.02284173354486074
-0.02415759903816609
0.02085007605455032
0.0191287364941463
0.02080112467777913
0.01955380641227458
0.001052258822661604
0.01625888269140769
-0.01714761167866153
-0.01951000551523462
0.01825381975955002
0.01634258192002687
0.003448607528887092
-0.01274169042392709
-0.01313239214593888
-0.01717954588240123
0.001617805396749915
0.009490848001178956
0.01023015002510585
0.0161987709185128
-0.01529258738929255
0.0008349905180618778
0.01471868605716931
0.002037101003764532
0.005341454766508156
0.008289529364808708
-0.02251623882187658
0.01404888135821166
0.01183257072990855
-0.00318371364311019
-0.01353108073762925
-0.01148165594484077
-0.01692765214229726
0.00951700224174442
0.007056868706643604
-0.007655560114825807
-0.02987781196913803
-0.003290202863871307
0.01596063891603119
-0.006636258437284366
0.007070095098174486
-0.002653323400540563
0.003332345830046976
-0.0341323389165461

-0.1054627033983497
-0.161806854220484
-0.09294463830002721
0.07818811909674386
0.076279908129982
-0.05921280721000051
0.05369088671519922
-0.0583750186806238
-0.05272851699327812
0.04591377091139426
0.0448478601820415
-0.003837066633541612
0.0384146669574099
-0.02506590204727923
0.0307881046009389
0.02862999341673156
-0.02323313825552108
-0.02557416389150822
0.02142468419728004
0.0005895210109651381
-0.01970774283768827
-0.01884693749029846
0.02042636849067687
0.01781468709759349
0.01460716814920679
0.01538816016726814
0.0008748857035109124
0.0142292790831913
-0.0147917685052437
-0.01483725462127447
0.01308274851340436
0.01569013610312608
0.002873504278438846
-0.01421663827899319
-0.007646554883215783
-0.007582490611413521
0.002932642163820524
0.01074724966540472
0.01914318274338541
0.01857713028069676
-0.008903730009227361
0.0005056323614608194
0.01127052972348663
0.007902773449468929
0.0003705874800409605
0.001146661582300364
-0.001623092176034544
0.007056350650171673
0.02562782819686289
-0.002885385373849007
-0.02032206990760997
0.007832134700716
0.004885299704481235
-0.004592596014767418
-0.001443125452907902
0.01438279087585938
-0.02124244088203785
-0.00143404610950366
0.01434799528384799
-0.0352894283526619
-0.01588493745541075
0.01178019020459785
0.03296702543166641
0.02688810311950856

0.1177483991324607
0.183520544253896
0.09177102799390627
-0.08228631698560229
-0.07376971865781741
0.06195050741675791
-0.05716042586074237
0.05006825043802176
0.04834486330697406
0.04447140106459667
0.05891985753873642
0.009388291901960059
-0.04321969532350893
0.03334627026341665
-0.02700546443426763
-0.02847565837245918
0.02487162398468446
0.02401850013657459
-0.02257071087359146
0.0008103897986819954
0.01930847144494375
0.02183883632710418
-0.01793912247570979
-0.01895460904387366
-0.01698077794415126
-0.01148313860480463
-0.001018426368330659
-0.01729595609031185
0.01479232809975135
0.01057752232459835
-0.01587527336116272
-0.0121108165602769
-0.001712798408891655
0.01449524576913199
0.01224983926015637
0.002393625862241511
-0.005010670414427312
-0.01741517950690318
-0.02123895446164305
-0.01427833334984626
0.01782203023462739
0.002262643021955364
-0.004257758591932904
-0.01230305936915455
-0.007192794320091605
0.004519493788776696
-0.01555085989181726
-0.01372256648698726
-0.01760516199463382
0.001772223713756793
0.008495711758249943
0.007419340685089362
-0.0218462913112963
0.015048042016928
0.01423840203753256
-0.03367050938884036
6.503463215463967e-06
0.01486200623076718
-0.03841635821359229
0.02752320585780951
0.01331582978065234
-0.01148024040743089
-0.002403922533202429
-0.07097302467270536

-0.01716199030123157
-0.02665152851964931
-0.01488250407900938
0.01204435320644954
0.01143948953734662
-0.008064358517022746
0.008705663486595922
-0.008572172819967843
-0.005083083745194523
-0.003438902520101114
0.009348570795523288
0.04292615344034124
-0.003150392123553458
-0.007106128338775313
0.003436486711040889
0.002550762410259175
-0.004095655017489375
-0.003118964621446806
0.002681930868502259
-0.0004179935105832959
-0.003344505088555169
-0.002450448953938357
0.002698565223870907
0.002444107959621304
0.002223041360002345
0.002588457669339569
0.000520286599922693
0.00164324731282684
-0.001946232395013049
-0.002294914000873581
0.001239428844935232
0.001913921640997437
0.001729422016785175
-0.001753510687152744
-0.001227355038709514
-0.003055614797893313
0.002636717729683082
0.0004008979321292673
0.001671353829378092
0.002819604979050342
-0.0002369663730714335
-0.003406475575484522
0.003543529646946268
0.000933544485136046
0.0001357295908961807
0.004433658252665339
-0.001936448116998525
-0.0008934741913860544
0.001341489381240614
-0.007768912211347398
0.0002930752452509728
0.002815544718100559
-0.001937461966264676
0.0208409807537626
-0.01639491953111184
0.003027074323537545
-0.01052353081696727
-0.01829189558019584
-0.00656025075511008
-0.004631881645879367
-0.008197654253057978
-0.02763146243210673
0.008443881226279331
-0.004160510425405897

0.1155147441887525
0.1696579005967696
0.08490586958756141
-0.0742797202514929
-0.0716795634834729
0.0540671070583385
-0.05352172189178635
0.04993545435362819
0.03565800895512397
0.03739557222998986
-0.04250763913603631
-0.00273361234976593
0.0784256482551513
0.03537732643596501
-0.03404425988557367
-0.02188150263099207
0.02333719995451613
0.0236395475567019
-0.01854537271796437
-3.494075169512966e-06
0.02104287394962881
0.01898398051878128
-0.01775788884480737
-0.01522182959156014
-0.01619773937272277
-0.01650720682875427
-0.0007627172535742152
-0.01083936811417665
0.01256667947155871
0.0136435744419128
-0.009027802091313365
-0.01244587058888733
-0.002117296959647192
0.009434044606180785
0.0100845398928146
0.01994213670522922
-0.001448128374181922
-0.009555809667063268
-0.01354558491166624
-0.01957619041656719
0.01010631140107015
-0.001571092367643639
-0.018460851070728
-0.002034340316820923
0.002246739800895533
-0.004212245459413538
0.01567348317223365
0.009456502121720514
0.002072047610605619
0.002741731313391319
0.004588713766278238
-0.004057644116963183
0.0297838743203519
0.004534219698052455
1.414190048525284e-05
-0.007498777587203511
0.05073706022121661
-0.003405413868377066
-0.01244808371070834
0.02467870254118549
0.007314378373758595
-0.01092304628443451
-0.01762898285060424
0.02976582258330238

-0.06411105610775202
-0.1117150447399961
-0.06857559803325823
0.05835119698878708
0.05368525384194067
-0.04512118407691619
0.03973156380598388
-0.03957557291328842
-0.03140266528275105
-0.02276422421160862
0.03116443481143911
-0.006938184282558475
0.03387989617743966
0.1088319187421484
0.03169893355645276
0.02642135043724394
-0.01442899043064966
-0.0185628521101048
0.01787504044441977
0.001461068907360462
-0.01435754851139279
-0.01715322544872373
0.01295850937652326
0.01260892907300491
0.01371153314097828
0.01334041470956547
3.332404531161866e-05
0.01118885257188964
-0.007604072859640616
-0.008902031369274888
0.00976819753027806
0.003686463377665707
0.0002235872036371787
-0.006865121170515407
-0.01523917886177822
-0.01540734873333455
0.00284347600157959
0.01491572364992358
0.005825329573685131
0.007564955009301641
-0.01991316993186459
-0.001439537902833005
0.007873661897849145
0.004584902007386315
0.009013396421304774
0.0004857095236657444
-0.003566377758174909
0.0007371570912168626
-0.02498123535733284
-0.0005297633773580803
0.01781235754819954
-0.02464589930127414
-0.01976745135792393
-0.01034390278936563
-0.01446716415878178
0.01674432533481651
-0.01849096771443838
-0.01073665574649334
0.03583577720938536
0.00836657720216177
0.006989806109551529
-0.005935643424991513
-0.04217151380811049
-0.01176189234497634

0.10327896709257
0.1509195181682061
0.07349296728101093
-0.0645440431417105
-0.06118466813615205
0.04832524485440999
-0.04702835737308954
0.04125406836527128
0.03522635114280258
0.02794236382968159
-0.02450593659621343
0.00306267697339873
-0.03222320319326385
0.03167844359761727
0.1306296488758072
-0.0318461992786549
0.0249030345529031
0.01695712308142225
-0.01808388836183324
0.001214163824852491
0.01717902623271861
0.01540463750790003
-0.01572950081655041
-0.01446734083392359
-0.01452537255414554
-0.01204042142790774
-0.001410261625376809
-0.01480029756433804
0.01160932532688625
0.006372883231964006
-0.008042436794662235
-0.007022888321839891
-0.0008948021781676318
0.01110348276197323
0.01465067784152299
0.0128044098611073
-0.003034726810497242
-0.01521678109625073
-0.01289732258946098
-0.006693309091179815
0.008266266183396485
-0.0008260327035644888
-0.01005039431202728
-0.01651118190775055
-0.01301896623837753
0.002448308668727947
-0.002510767071146819
0.006983160196503121
0.0100219485691734
0.0007747532912490774
-0.008201064502285542
0.006152095322703037
0.01657328111291586
0.02264469053933101
0.02625942542890067
-0.02959422934238477
0.002418874384716161
-0.0007072746793099036
-0.003234702780644187
0.009002055855215095
0.02077838281274954
-0.005647898559649342
0.02528879585765039
-0.002768658448776787

0.0855385518512982
0.1317687473825769
0.06627863006166801
-0.05801754322850007
-0.05349571306901678
0.04324206870340405
-0.0404927581163332
0.04004676359381944
0.02899169412222033
0.02579603083559755
-0.02580746329646044
0.002660521612934032
-0.02001678235132941
0.02589280835415562
-0.03156142946474434
0.1660656492553498
0.02782227542763804
0.02341215361488869
-0.01178584104395975
-0.0006083263851287597
0.01501571940387542
0.0146871346432086
-0.01333875453674941
-0.01444348584836503
-0.01107366199349119
-0.01289228685106129
-0.0004965637845936264
-0.01078648960230246
0.01228627002112409
0.008462753720130731
-0.001933457166248874
-0.01213234766723491
-0.001549425606134721
0.01198973518285147
0.007185603672803489
0.01258713004342145
-0.001642149949350857
-0.008906586371104291
-0.01602977886222659
-0.01178982557484125
-0.004901647811039363
-0.002999556476162337
-0.01470597970726517
-0.01699770421677747
-0.005180253078280069
0.0003654376285524975
0.003066515803915738
0.01591091484473935
-0.00849291014821517
0.002946148063720467
0.009159223671064877
-0.02020888229205404
0.01923590131032499
0.01709362177682971
0.02061349933506644
-0.02332853372789083
0.01484128410844909
-0.01126379076305861
0.02667467752597157
0.03089614158437954
0.03875616230238466
-0.01310206263743815
-0.02115204279716665
0.006583025010284927

-0.05713101704798122
-0.09246554513333569
-0.0540905119752574
0.04561135205023142
0.04309047729256577
-0.03345955156585906
0.0331523837606421
-0.03070759257938904
-0.02616353714602748
-0.01931735230472213
0.02125909031727184
-0.003531803076753719
0.01998370215874055
-0.01301377286004863
0.02315570045913854
0.026507049744324
0.2083505040432403
-0.02424383920640998
0.01809169244006289
0.001872062014883877
-0.007026262509903208
-0.01358790983955135
0.01131871282056113
0.009035999705442886
0.01263753678774588
0.00802257784383416
-5.360566868061129e-05
0.01003268569154964
-0.007395801188108798
-0.007574049144929892
0.01186073462971588
0.004368582084551802
0.000563248702621446
-0.008166123324346856
-0.009611954199022787
-0.001963534617005794
0.003325692800507881
0.01172901797872038
0.007709707445169663
0.005428931817337513
-0.0172569853967959
-0.00246612917564118
-0.0004779836271291641
0.004422880210188556
0.007863594617906342
-0.001447038173931645
0.006668968011423883
0.01626913170894888
0.001822684246002992
0.0002999392607440782
0.001920662068615563
-0.01961661435830783
0.01377218230682094
-0.006134109688917203
-0.005154038404479773
0.01424751670309512
0.004777480899507558
-0.01393573452503805
0.03681892363926155
0.0008898807514017733
0.006512619105319618
-0.003924371628232092
-0.0227294422809116
0.03431316354627278

-0.0707731918927159
-0.1059424597723055
-0.05194336744097369
0.04634366430832385
0.0433930007071124
-0.03554093725535103
0.03179140964327927
-0.0314455951636201
-0.02500784948175541
-0.0214577205106019
0.01972070795599909
-0.002752791149749539
0.02050287190605508
-0.01683216425513994
0.01490226288281155
0.02184426630498809
-0.02413465687340853
0.2540907057339653
0.02109925391521307
-0.002606075295300548
-0.01794044923988847
-0.007752555350500535
0.01107984570599847
0.01111383030022482
0.009123533723422473
0.01155517389894761
0.001486892848084081
0.006630942971809025
-0.007632247146475618
-0.01178846057555717
0.01241385708716073
0.009477511475618431
0.002407968406212578
-0.00316185313375042
-0.005395147819518218
-0.01016275224310769
-0.0001364850439561896
0.001398715830959008
0.003900456158961983
0.01350084101639011
-0.01202491219677032
0.0002605868542246137
0.009631145727999628
-0.009888087215750135
-0.005268537204109656
0.007811885118761207
-0.02062736168328951
0.01158885487544626
0.009339498151724924
-0.002278919964957993
-0.01153092528871391
-0.006521729004071912
-0.01029526079917367
0.01773825608173401
0.02241050356099287
-0.01921856101147369
-0.03794278156644626
-0.005565880049973473
0.02271724606202702
-0.005848313661027504
0.0198253298111678
-0.001611786279896517
0.01767078240399856
-0.03176830806687393

0.05372399167795383
0.08296128642284371
0.04447269979380256
-0.03838861064771187
-0.03566568723537999
0.02886729260617895
-0.02819418415587025
0.02482008141833289
0.02094339075871574
0.01765094569697282
-0.01865341544192832
0.002394582064759185
-0.01515347204175974
0.01566184247882746
-0.01576409329068189
-0.01016077895640475
0.01763335214523331
0.02083823036479982
0.3099664667034748
-0.00830937017363755
0.01843351363793931
0.01491814556706012
-0.004997624008821712
-0.008957528910794458
-0.008877768421485356
-0.00618899436041145
-0.0002945673510409666
-0.008350133778187923
0.008648247012424186
0.01010465214536748
-0.009210238065740693
-0.01021282202843033
-0.001691051137683764
0.006389704196547608
0.002012946660232306
0.003535411225336184
-0.0001002386683665053
-0.001645012567559919
-0.004776601026689197
-0.008114175042808851
0.005612538567399928
-0.0004886475945071207
-0.004061678270429544
6.594449951897487e-05
-0.0003575501386609984
-0.005065848247337398
0.009286548825084151
-0.01531373029495109
-0.0203027763451539
0.0008636148067103172
0.01704840393522216
0.002425095222518911
-0.006067573335702095
-0.01024636948196974
-0.01146517819802333
0.01108698274171487
0.006902815474888331
0.004673919846051042
-0.006301532875167565
0.00747607001344622
-0.003194042977522414
0.007139385009284526
-0.01627676123211009
0.001887717219845791

0.006955331318712456
0.007483002074495487
2.872838047272276e-05
-0.0004385684922097201
-0.0005193232338493303
0.0002335240127381244
-5.429163969471237e-05
6.184457512072119e-06
-0.0003045293239387491
0.0005809033694714719
0.0009513609286038307
-0.0001032981617588427
6.97366773334803e-05
0.001500919968959253
0.001260747544570733
-0.000633501141028542
0.001726256684527834
-0.002668793243411498
-0.00823124102916481
0.2773065869390767
-0.005236112462810073
0.0009604612605269465
0.0001173841518195797
0.0009203603687667479
-0.0001053299670886402
0.0003913472580556384
0.00126727381718576
-4.339060644445127e-05
0.0001232549401603482
-0.0007004974297228776
-8.866099191726562e-05
0.0002688771276943796
0.001126582470165738
-9.037290307029858e-05
0.0003309637234126596
-0.0008010452413662049
0.001952401468323891
-0.0007994952856029625
-0.0001677359736534278
0.0007191462557293763
0.0001334612647475136
-0.002894833443016651
0.0007328358460107441
-0.0008426380390865521
-0.001130871614950346
-0.003437366192534956
-0.002146132992578868
0.0004549101105116297
0.0007187979794938891
-0.006824325780363999
0.001276677148785306
0.0007508237365401701
-0.0003627678224755183
-0.00320577642434592
0.00524107539880474
-0.003015692776740448
-0.0001724915661253177
0.009581086426279032
0.002905625860143985
0.002753407788314131
0.01349121243623477
0.05610113387198427
-0.005152562246647186
-0.002038929373065084

-0.04507835742754658
-0.07253633535124331
-0.03998614067024216
0.03474886009103987
0.03262750723060799
-0.0255316873704394
0.02468232115968794
-0.02403886758087284
-0.01799982236385233
-0.01584308810384569
0.01597717475489336
-0.002690992687593412
0.0167226467531442
-0.01180204102244476
0.01495663049957077
0.01324940960283776
-0.006651499191077772
-0.01714374666589095
0.01826493963502906
-0.005189026831766598
0.3759616727499318
-0.01833205301826523
0.0128823218087986
0.003414903309264535
0.007562793323003971
0.006001302472547779
0.0006848112823938724
0.00896504737156935
-0.01110568220520571
-0.006186362995061327
0.009278234402072585
0.006527561326106974
0.001219934402070025
-0.01073148310127285
-0.005762794447288266
0.006297633633827982
0.00270376260511603
0.006804834748913824
0.005787533983101845
-0.002972412835992293
-0.001514996674631189
-0.0002318051941178685
-0.003159074446932088
0.01452597544727251
0.01487640714561245
-0.002076111808900848
0.00718620681596361
0.01947978650275094
0.02383362805937143
-0.0008731749533893215
-0.0134619237802253
-0.006868119344336536
0.02257692523312124
-0.007134526544322905
-0.008444062652041963
0.007960050584764086
0.04241059224031592
-0.001033619230896715
-0.009310608293197898
0.001803401716006944
-0.01226975413496501
0.003013908132997681
-0.01348438241538227
0.03369150053977498

-0.05659697724644108
-0.08331771720159402
-0.04083545165406087
0.03591945902014317
0.03424092873548136
-0.02744234468001033
0.02473438094925634
-0.02432304311234828
-0.01998253951628293
-0.01463402398187072
0.01683230118937512
-0.002079689444915458
0.01575552137734271
-0.0145176324082712
0.01329379320844168
0.01354490230367313
-0.01248708438869122
-0.007414530353156679
0.01482754782333396
0.00105265301013477
-0.01838370085702365
0.4500733408257717
0.01708177096541912
0.01207746165353712
0.00211280762047335
0.01028476671845142
0.00153598676158415
0.008998533361029454
-0.007945558209522226
-0.0107574509633733
0.004271574534045008
0.00968695775814123
0.001800001141953783
-0.007057426444448914
-0.005055776863544702
-0.009578996833406354
-0.00167318721326506
-0.00253590816149033
0.001210350976409776
-0.000155503542046723
0.01096100800095667
0.004656902272773385
0.01056778510169776
0.01091148436686721
0.009897608658954957
0.006969131461877976
-0.02257672318322282
-0.001243889467987974
0.01391312754671333
-0.002706695342873866
-0.01591980941451238
0.008369457979734592
-0.02326484321369812
0.00367020750481653
-0.002248121878025239
-0.01496763507648611
0.006803436588755026
0.01732244367331473
-0.05272683278076282
0.003495443904594712
-0.01810172230367713
-0.003658906197559945
0.003778881219871122
-0.06026653410649746

0.03797086860513692
0.06137548512218505
0.03424397793200964
-0.03002104919942269
-0.02738805214305129
0.0224842417573989
-0.02183263138810427
0.01892458185737148
0.01597933980889278
0.01445791308950955
-0.01243567119983119
0.002153226853732188
-0.01308979079239237
0.01132653126711201
-0.01302938137316219
-0.01020564813193672
0.01039671308660213
0.009942411769108248
-0.004261136107621303
0.0001317548793761572
0.0124577501107701
0.01656160872478729
0.5387172037946896
-0.01409882232139966
-0.01326898515191756
-0.002991649801005784
-8.978804236199373e-06
-0.008266742412946837
0.007294800038919203
0.00525572055210107
-0.01051813352968787
-0.002555627317809834
-0.0002043762657738566
0.00378375249960715
0.009924915160274573
0.007788876142641584
-2.74222108545732e-05
-0.003925021233190417
0.00997573440507284
0.007309177228932003
0.007539549492207247
-3.151034270252117e-05
0.0005233952811840911
-0.005673175012505466
-0.01803641176967917
-0.00540587561220117
0.0149455749304248
-0.01809709633162871
0.01139169914306517
-0.0002925016643435712
-0.007161595825107746
0.03129793945552637
0.01220007890689336
-0.003514394303250735
0.002797335807311351
0.01476924064391783
-0.02624534661841061
0.0008480963492163149
0.003534225784691821
-0.04306266879059494
-0.01690839168792705
0.01706571279867177
0.05962898721391089
0.04620061209671465

0.03974625059888985
0.06187562558003573
0.03422484397376604
-0.02934838081970595
-0.02789023037386729
0.02190799594147806
-0.02078226591767147
0.02020920694508762
0.01503490621129827
0.01298574169189485
-0.01409972447609189
0.001861660205942636
-0.01151578627311249
0.01077714884885902
-0.01220717918105232
-0.0122084257314476
0.00813465878802795
0.01036435891105022
-0.008499329320351405
0.0008205589080680847
0.003276822591660701
0.0119670939656124
-0.01449818506638375
0.6346200993592679
-0.016078304275669
-0.01195823286011858
-0.0004736837099539863
-0.002536407620149803
0.006751475020076237
0.007345236767924227
-0.005356641942144838
-0.005571688777670143
-0.0009832272069294004
0.005153370009839064
0.007341237808246991
0.005577347047921775
-0.0003012960218984849
-0.003351491992184758
0.002960194524561517
0.003998534917627443
0.003651881167999549
-0.001150627780772808
-0.002686113118169933
-0.005265530910048064
-0.01188734756911592
-0.004091216538361531
0.0129720348991419
-0.009403069477794939
0.0004888190525728191
0.0005684790036130137
7.437309982164311e-05
0.01395719887256553
0.01180603515064543
-0.00212843932265305
0.002088342671562343
0.009251804988737186
-0.0127070350199183
-0.003137890146074309
0.01184577354576407
-0.01982973583750209
-0.00587496486702198
0.009051717563747494
0.02739978472347677
0.03572562110702477

0.04966820301658521
0.07486997051451436
0.0366570429343568
-0.03245344285932766
-0.03013652900766442
0.02418504007048287
-0.02215389704802619
0.0214680269430216
0.01745611782857839
0.0126513761753214
-0.01409444496295872
0.00209659916701247
-0.01398984176919916
0.01054274206611731
-0.01289992661955874
-0.01132379559884718
0.01158904119498897
0.008959860379296629
-0.009290107984751677
-0.0001511595820659389
0.008055356063751016
0.002941607824730334
-0.01336642531544501
-0.01637487359514752
0.7468315354943489
-0.01575977091457118
-0.003713496718614992
-0.01094707141256397
0.00311012322641688
0.007025696642972762
-0.003410462564189451
-0.00813670939376826
-0.00150012140255749
0.009252376859564615
0.001171426622965012
0.00351896249050395
-0.0003599346245715858
-0.0002562512494363031
-0.0102165506634641
-0.007277678230327532
-0.008575231734434393
-0.00306843928333392
-0.00894667929924594
-0.008372328818851523
-0.000612653297604431
-0.00168609064709221
0.005592212446920051
0.003257588345534383
-0.02188646660577109
0.0022299358619253
0.0191772545434532
-0.01936169725898747
0.003794508475533799
0.003519001925165263
0.002872791338171132
-0.003702417967488208
0.00489903127061548
-0.008730918685779854
0.0272239086486941
0.02248662369755709
0.02319397239561869
-0.008300528409999978
-0.03415662569709806
0.00289171941787274

0.03928393257001871
0.06185232671155638
0.03382439962117555
-0.02844662173943889
-0.02655863193370685
0.02093538013428881
-0.02063218787439493
0.01834641487824392
0.01497955300943396
0.0130106272340594
-0.0111012055286356
0.001939095545688996
-0.01206106853143589
0.01098359675516765
-0.009888422532613989
-0.01053424976750102
0.008841402321045839
0.01043447431433723
-0.00623599360727967
0.0003745657932154656
0.007033650144790146
0.008840042401810964
-0.002810050459602617
-0.01166681673180855
-0.01535355551641987
0.876889624348055
0.0003611788716665796
-0.01538711460949317
0.01039979238761026
-0.001350987768219452
-0.009014568379679936
-0.005202872778691589
-9.431942001852917e-05
0.004549524740247358
0.005259672287168381
-0.005379327189045175
-0.003096403223177439
-0.008490745761981628
-0.009329914647472907
-0.006218375702256846
0.01202864146433807
0.002813448306434318
0.005322802879838681
-0.004735689730621899
-0.002158368179660224
0.004243102249084189
-0.01650743279285863
-0.01609849633756008
-0.01421374458661622
2.970358831053447e-05
0.005344583027469456
0.008945053900128105
-0.02987763355779343
0.00685695367188047
0.003364793904879031
-0.01855892739089888
-0.0103803830195097
0.0136684831808098
-0.03458083534985087
0.01198309697240143
-0.001196352940157838
-0.005568658731249107
-0.0005204766439859941
-0.0673058916004724

-0.0009583669133253756
0.0001004002230529019
0.001117559679872723
-0.0001452962417674895
-0.0002374537287806813
0.0001288047687370145
-5.013374683930565e-05
1.466693747300237e-05
0.0003741085266398069
-0.0001203083947984031
-0.0002033646464177929
0.0001078222333865526
-0.0004537823114207483
-0.0003547851606685099
-0.0006985906649153288
1.313774535231381e-05
-0.0004461967266677197
0.0009584340390956592
-8.740909472583166e-05
0.0004040436261622821
-1.534706385027758e-06
0.001033805038650823
0.0002957059020639347
-0.0001441697065203241
-0.003385186176103892
0.00064061800063459
0.8799837179755717
0.004897658287659536
-0.0002832248849986062
-9.006977108166881e-05
0.001218909157240289
0.0008125689027848263
-0.002788497686462988
-0.000369537489100283
-0.0003493091322030787
0.0005935595046031749
-0.001402012788923797
7.411136209347746e-05
-0.0001570707181575234
-0.0009178811497075209
0.001592335962582174
-0.003612699949476707
0.0004863842917539858
0.001355901838527147
0.001331664412330194
0.006611646441239732
0.002090345320594394
0.0001282147953584999
0.001198751142991419
-0.007055527376791011
0.001735348383503123
0.002176381370243177
0.003198616823600798
0.02237117910843364
-0.01710661657023869
0.0003954936153268182
0.004666225580934271
0.02290949365506269
0.004113816776065397
0.0001816515022863979
0.0003371367134704548
0.0138733493793188
-0.003112821601076858
-0.001443807192873469

0.0396295855102367
0.0604172688300678
0.03048061447182432
-0.0269359065693927
-0.02511293048720428
0.02007147684142713
-0.01852806379633434
0.01825811013807228
0.01365778936251633
0.01124659594021571
-0.01276813746185321
0.001484145981331496
-0.00995167387497143
0.009319597031928407
-0.01137020990704402
-0.008492715238956398
0.008589647599905888
0.008037379833942187
-0.008232940680979918
0.0001105031553730024
0.006602971451966136
0.007940184956642461
-0.007328010025996682
-0.001980754763436773
-0.0102587143785233
-0.01499440235434412
0.004633437294393866
1.021650666897625
0.01157573277419498
0.01187442935800756
-0.0007013640885297086
-0.005604828394181673
-0.0009791052019469666
0.001553976599806615
-0.0001512117622096769
0.01010766444825211
-0.0005622377416671061
-0.001845315326978564
-0.005820541467525493
-0.01417587396650821
0.01069995280996775
0.0007708650085534375
-0.00890945092229444
0.01243313096813544
0.01067950793872818
-0.004653125306478976
0.01016271693721524
0.001888274309848392
-0.00142436013342345
0.002645133779171276
0.004650471451871999
-0.002519975356915997
0.0112580389375314
-0.01281473118048385
-0.015167350621936
0.006009652762855396
0.04920744258394787
0.00381706664315476
-0.02878712593801496
0.01844706175539983
-0.01288669222571693
-0.004904149889459052
-0.02928512555014155
0.01238270226063367

-0.03131983264281376
-0.04808308301262432
-0.02588632094240387
0.02230680642073654
0.0210647691680874
-0.01698308928023331
0.01597726043738829
-0.01477486490897452
-0.01231515562898177
-0.009751644170175487
0.00997919336397065
-0.001556427955265328
0.01012246334447382
-0.006990005148179159
0.008797821394954696
0.008937739167043735
-0.006029425107166821
-0.006964740466493053
0.006837338536394609
-2.269086972163934e-05
-0.007995298758725615
-0.005371642479173087
0.00629919627197781
0.005608349693217345
0.001452218890583945
0.009521420232665381
-4.056232468027551e-05
0.01135118016026101
1.182503000393759
-0.01256723185296843
0.00865199214542111
-0.002925908583574774
-0.001136814991704843
-0.0009384986656941312
-0.005170907527632835
-0.006602688907107502
0.001710708232002916
0.006825952151530286
0.005130222877225504
0.009610366646487706
-0.01157072740795992
-0.00105864870870765
0.006089380823912396
-0.005539587938421206
-0.006308205298211455
0.001117120127020583
-0.002833438753246968
-0.003078391402849126
-0.01188645812048896
-0.001269200445705859
0.007038242816905372
-0.007157584080421895
-0.009245712338919512
-0.0004292993635470798
0.001439124419378695
0.005068908401847204
-0.03206105039221784
-0.008415060708096151
0.03330096729253743
-0.007849758711206882
0.009959546442403638
0.002595840695361888
0.0001594523796940596
0.0008643116696726389

-0.02435957276796873
-0.03929634648571734
-0.02163612858697776
0.01899520877702324
0.01749260567433798
-0.01428799584309892
0.01374210452421248
-0.01264310371954106
-0.01032920388005177
-0.00907397351747838
0.008117021708689031
-0.001240090021935201
0.008170561589096806
-0.007751903140964778
0.006176734338449957
0.00675499463069858
-0.006613799520573605
-0.005972046558221335
0.006117304605961677
-0.0005111168432897336
-0.005220124585518086
-0.00723475231425235
0.003602164002588953
0.005607274120348722
0.005079628561967181
-0.001733962281793656
0.0001210965164713047
0.0103644266169435
-0.01223276046901306
1.366443639210531
0.009392682851909549
0.004418124864746237
-0.0003691664995566747
-0.0002050078207032778
-0.007148750046483158
-0.00196453506200448
0.002869484098489474
0.009849005769573878
0.01058804147996488
0.001624979382588164
-0.005386156983817322
-0.001312956712990981
-0.0004130802677126768
0.01294853314372615
0.007476738482810948
-0.00722340438610225
0.01927905167682215
-0.005981386063594017
-0.01058554032086782
0.0002191757230101462
0.012114723488006
-0.003780723645008284
0.003456296421874858
-0.02353101847414794
-0.02480728181108375
0.03436406671184865
0.01137070364408473
-0.004851796730639978
0.01270577935815479
-0.009870459466398179
-0.01799006114820025
0.007398852964380595
-0.02043571164676783
0.04136224874320977

0.02877725028872534
0.04203124737799958
0.02053827671807977
-0.01835526446926173
-0.01775324872909671
0.01381968204582126
-0.0130132383581324
0.01306146035427863
0.01008060123451009
0.007941618451966104
-0.00909157453105843
0.001095079603742901
-0.00756285056686927
0.006663477356880758
-0.008072513217474386
-0.005000977738591612
0.006487723650233677
0.007335720496971195
-0.004803492917608893
-0.0001544836391595066
0.005629226886708853
0.004538903215144623
-0.006997037122753196
-0.003425693875265902
-0.003384712890214332
-0.006260970584413703
0.001070312240320552
0.0003196958990162317
0.00821072297910707
0.009707189099941661
1.570741871101252
-0.01245879292939162
-0.0002985358619863963
0.00985464987471071
-0.001965982597034163
0.01060962102851614
-0.0008734331096517313
-0.004857933005158016
-0.008446404737197839
-0.00712355828178347
-0.00999948148506021
-0.003051926105435265
-0.0119845610511908
-0.01216006624010126
-0.002084167904126009
0.001798069204982884
0.0008640761856655221
0.02887490267075934
0.004688067475952575
0.002835732960712319
-0.001980031086954506
-0.02379090468357189
0.02686747163917794
0.01800375814208136
0.02232342805440482
-0.02179965427175611
0.0171528707922006
-0.01464388105096247
0.03504758669654289
0.02512000187037595
0.03730464400633832
-0.01267826895898823
-0.01628613830450331
0.01737801611040403

0.0161502489939036
0.02684507436582343
0.01573253839491126
-0.01387224693182039
-0.01270290023604667
0.01070425291582085
-0.01001434614993452
0.00931502662180137
0.007879114007662384
0.006600908182237657
-0.006283176627729311
0.00100391636636043
-0.006535012830698955
0.004845799617125844
-0.005256043857336561
-0.006388682409212471
0.003482211993047709
0.004888341280317672
-0.005322578990237516
0.00037815107389437
0.003125385788069084
0.004821368821028984
-0.003009766336587198
-0.004282557906742585
-0.00371513134934875
-0.003713790587766985
0.0003301591648583986
-0.003793073133454591
-0.003034287504094122
0.004657780683010657
-0.01189017465821304
1.783688550994501
0.01321526915762096
0.008453338535347243
0.01194244509699477
1.593320074426679e-05
-0.002175926973563936
-0.007818792794243454
-0.000733675915257837
0.001924238105845727
0.01232037875397308
0.003070775152341456
-0.0001458162086842695
-0.002209920584488851
-0.005824506478964224
0.001821556336696924
-0.003423248392899647
-0.00129972321502373
0.02144362654915313
0.003222338060237476
-0.01687380576113555
0.01776425113313806
0.004886916590077461
0.0125712372237479
0.008476760454327825
-0.01258326338217986
-0.0002850263938886503
0.01467685525350556
-0.02258133623706022
-0.01476189125632399
-0.007614600136981354
0.0034442134899257
0.03739213308716178
-0.00447679352267806

0.005349108645360223
0.008464736363144557
0.004309882499835552
-0.003763407918000637
-0.003568422150963737
0.003010907179907219
-0.002824962154720768
0.002343225117299383
0.002463327515219073
0.001773378700399391
-0.001321595732836752
0.0003706215660809693
-0.002040072467202773
0.00115927264457147
-0.001465588671516546
-0.001608193639776862
0.0008628945148657287
0.001439420490546659
-0.001241457414050207
0.0002218137612893044
0.0007966279766019874
0.001199520988353381
-0.0006068575825943321
-0.0008891183378164042
-0.000953967001922506
-0.0001895837058103757
-0.001386337816829049
-0.0008739284812334207
-0.0008125380822306854
3.328139635755899e-05
-0.0004996512783119437
0.01290163997043487
1.79153357599818
0.005872349325814237
0.0031679726073854
0.0008594112950024382
-0.00120249144259443
-0.002665675776554458
-0.001337278709662619
-4.869173318270607e-05
0.002963748275006691
-0.006133772238000094
0.0008874230907888517
-0.0009144813430721824
-0.001087764741096457
-0.001458811733700819
-0.003061725510996177
0.002282200034460155
0.006669017594701137
-0.01710076518878585
0.0005036880727994714
0.003533931730015658
0.0004046806657034755
-0.01106055539451236
0.01513498843334117
-0.005932288147790759
-0.002364665873250511
-0.03213828161731112
-0.0181842698112603
0.002138868518157898
0.003880095495176243
0.004330323899435245
0.00930083823917279
-0.0005953762739127643

-0.02043098957804212
-0.03163255896046577
-0.01743413857664229
0.01502890094704182
0.01425388488278814
-0.01145438769622167
0.01107390471065729
-0.01003828165349978
-0.008159418762641545
-0.007144384975365859
0.006917639572882819
-0.0009425230779066987
0.006287784808782479
-0.005919120663760879
0.005999981285803166
0.00574390880408651
-0.005863844655664505
-0.003591862937671479
0.004287540722172372
-0.0001656557587395591
-0.005567936121844972
-0.003478861351490485
0.003335505635665908
0.00383518710439839
0.005675029688688584
0.002416161437425957
-0.0001322310991497884
0.002098678158302321
-0.001459458565751799
0.0006376918167347581
0.008989141254852066
0.008784724867247363
0.005782822545735707
2.032787730361391
-0.01212657875268647
-0.01082697834941576
-0.0007005695730073825
-0.002439383446550469
-0.000117741329868627
0.005927778767233013
-0.008901961147526779
5.743143063005455e-05
0.004385816722299586
-0.006828203236735769
-0.002713814998028558
0.003292512152020444
-0.006984647363954903
0.003975359269635358
-0.008718227352841522
0.000920911335139603
0.006385244743529363
-0.01127404251482365
-0.00797756983970932
0.007260035121488731
0.008093067489909643
-0.005572319218061362
-0.02247612408869093
-0.003926012944218713
0.02486289351214749
0.002895579744802635
0.01768701292313139
-0.004535076068240591
-0.006802086113991248
-0.01725482399663582

-0.02773020931629022
-0.04155402255013415
-0.02001957444574317
0.01770780624662689
0.01652249840451626
-0.01322376834510093
0.01213974732458018
-0.01201058391130842
-0.009107979237133542
-0.007249243107050501
0.008018809041982627
-0.001082533537584024
0.007219415013059075
-0.006330401888448539
0.007655582759846095
0.005937093457556541
-0.00562246270799186
-0.006184058267595424
0.003443028171570314
0.0001672089445522491
-0.00447654711464217
-0.00490374547758177
0.004434038705150861
0.004547151024844478
0.002786317502222043
0.004597187336247172
-0.0003364605812202459
0.0008379129285151377
-0.004473211510884249
-0.005621859399035332
-0.001736948565386843
0.01124459315333844
0.002737584408880926
-0.01234323779107288
2.303627155461123
-0.009480796893168043
0.001565602545225493
0.002787261217602452
0.00220575553475647
0.009452261346811978
0.001725536921635674
0.001440281425325582
0.004001736661888022
-0.0002099840394786138
-0.006380463934685653
0.002683866586210104
-0.004615984765604764
0.0003432326155781279
0.02109779739542569
-0.002179045550027728
-0.01705119948739683
0.01702709866296012
0.002501152344056659
0.00667080473956831
0.01011631520157345
-0.004856036014283995
-0.01779971551328929
0.002719083819841689
-0.003932877885094528
-0.02321822584430412
-0.008186846982443034
0.007005595701449459
0.04109952037417965
0.003418446353398154

-0.02208757092231364
-0.03494033104406869
-0.01909769165094247
0.01587072277512008
0.01483102523633227
-0.01159855139821622
0.01144589777869669
-0.0102098262467254
-0.008573545701293681
-0.006697455501787294
0.006420751009582428
-0.001139942429007067
0.007254245206762867
-0.005892964743930257
0.006128486966358094
0.006431639973835694
-0.004368537076050235
-0.005298260606260359
0.004937000644251743
-0.0004436626710172838
-0.001517705988168656
-0.004831061369972884
0.004870858357905494
0.002938027407298917
0.0031182275834189
0.0002014714314541241
0.0004428838202059984
0.006351031489953606
-0.003781349157489466
-0.002620578882105366
0.007580258906322271
-0.0003394251445011541
0.0006021194964116347
-0.01015829638152341
-0.009603341543501766
2.606348089693825
0.007709197831568381
0.01134372962701317
0.01093661342360111
-0.005272592764288283
-0.004741394496647273
-0.001488651556662531
-0.006860297947281524
0.005277204171438149
0.006824103951708198
-0.002515108124600812
0.01523927547182134
0.02046432019911723
0.02424853130354827
-0.0006742571554586835
-0.013209925041377
-0.004754144479754047
0.03803225699752393
-0.005317581167475846
-0.0001909988883074748
0.008589188027725137
0.032064010770055
-0.008005483224226026
0.01396131587511125
-0.007082699876915971
-0.004252407938630941
0.001253022495263416
0.001173265131064375
0.06375727858799414

0.004181348111921285
0.005503810356302714
0.002301193556228002
-0.002194451355547923
-0.001716910520923966
0.001625426406543575
-0.00160230505837205
0.001266462889341133
0.001076833798881305
0.001134579762636773
-0.0006837984865132693
0.0001762675880192481
-0.0009307900653003509
0.0008217596786746664
-0.0006975525567631153
-0.0007037039888894088
0.001085098370528983
0.0002943358140512747
-0.0003989853952735262
0.0001634591439594027
0.001185250962014782
-9.868457913630963e-05
-0.0004816282588788872
-0.0004984339197820977
-0.0002005942426143217
-0.001146641328958546
-0.0004404669790347804
-0.0005305918645238839
0.001197837167833281
0.001450692376105356
-0.00070745283800198
-0.001793637107550868
-0.0008909165505803161
-0.0007723738748606728
0.001551091071018627
0.007496285207899607
2.805922189754028
0.01422483024812048
0.001352524330949014
-0.0002923866256130381
-0.003482547547410841
0.004091169133854872
-0.002703158942324947
0.0001369128053306098
-0.001224144692831836
-0.01242770490991932
0.003243096953454675
-0.000625727229174563
-0.002780388966416916
0.01590901144470958
-0.00211984028274379
-0.001126081367769136
0.007036787223941706
0.01583984810373905
-0.02044686909864351
0.009778383963002521
-0.0008992924602529559
-0.01052631578559192
0.006681646460214083
-0.002413557799481264
0.002312888611428603
0.02129901456200673
-0.004439029348687142
0.01546704103163695

0.02344606596189852
0.03563816711373245
0.01772384036590544
-0.01564852305301454
-0.01459759120732443
0.01152769165317677
-0.01059675802391956
0.01045566484981274
0.007801814175536517
0.006591240339153174
-0.006988176882569391
0.0009048958189695334
-0.006187439120177267
0.005902036767251641
-0.006341057407098617
-0.005298995476342363
0.005616574734368674
0.004323182424778542
-0.003630012714173875
-0.0001259468145628071
0.004936622121000762
0.001953164513615739
-0.003391858553896276
-0.003659124779524861
-0.001408702035648852
-0.004463101682655308
-7.559528891185649e-06
-0.002595411354374149
0.004977903345206351
0.005318380443737262
-0.004103556377473871
-0.00590956339384844
-0.002078098712758704
-0.002086028857708933
0.003497655490186048
0.01112508735721471
0.01404031537741515
2.924179786101007
-0.006754882762091078
-0.006915825398084444
-0.008663992206109528
-0.004307479404601432
-0.005078972045770755
0.001353248757840798
0.001687441128229593
-0.004571267391693213
0.01896293358690909
-0.00524703489321157
-0.01359969135990109
-0.002085473037410443
0.01518514122121104
-0.00392845039880099
0.008311696572046338
-0.01986405055975303
-0.009993560043895001
0.01932442328881119
0.006671522421747606
-0.005567027692204382
0.0209942609665571
-0.0004103183211397929
-0.001988255266035016
-0.002297275753892474
-0.01500404175521775
0.03884200362990334

0.01727796298746198
0.02672244433695262
0.01477384125216714
-0.01280511754149063
-0.01196610192563771
0.009583138256247195
-0.008973630305519358
0.008199322939032458
0.006850286395569638
0.005590392777786867
-0.006034629336139509
0.0008245169890471255
-0.005367870770700926
0.004383298741466275
-0.005422585598434492
-0.005011173994905564
0.003973950702167953
0.004279383758817152
-0.003345978320667096
6.44317047571801e-05
0.003268389481095111
0.003624271371320038
0.0001796637420312286
-0.001397004656313768
-0.004647343153584608
-0.003293907480808274
8.387905119148649e-05
-0.003200141907056818
0.003398106395729857
0.006253781208822039
-0.004351939789374171
-0.001604287318662157
-0.00103857365281932
0.0007152441975947594
0.0005320059115967689
0.009681986699058459
0.001092092161237925
-0.006861291677207729
3.279706690364052
-0.001717980156322386
0.007330175476054731
-0.0007427543396298934
0.004590052431266731
0.0004985682190605579
-0.01031837005524288
-0.006212072652067664
0.01746563881929948
-0.01442820723767655
0.005910757723597122
-0.0002770027726392786
-0.001825458797012732
0.02002408790962395
0.01376888494654671
-0.01252081572982828
-0.005985002507350226
0.02609327588565019
-0.0125059627646721
-0.00227775668114886
0.01009105519454153
-0.03451648103406807
-0.01782141660883033
0.01424122397032223
0.0363861592686966
0.05350296609889635

0.01314936746851378
0.02200739937964711
0.01293080232310455
-0.01116069744827207
-0.01018708536890685
0.008227243443752291
-0.00775125397978673
0.007177388010268009
0.00590119056691722
0.005212581908600934
-0.004792745812351082
0.000794094228679883
-0.005071151662537261
0.003986574484873444
-0.004148117263909657
-0.004509041157630127
0.00338992801040067
0.003951514487044271
-0.003761203448535482
0.0003127257309162738
0.001933109875210825
0.002175224842758259
-0.001754051094773743
-0.0003294718770269871
-0.003072834778374023
-0.003368405003143047
-0.0002791411032556703
-0.004499020125175587
0.004256661130240162
0.001896415311295612
-0.004651369334836911
0.0007983426456967218
-0.0001622710751321663
0.004256004281693088
0.006361335862733929
-0.00489878128693982
-0.0003618511611902873
-0.006391986591541597
-0.00247070463204787
3.661502707364601
0.006263075863886837
-0.002226351823516371
-0.0007726678757329856
-0.006413075608509362
-0.01770712519775584
-0.001413777116330452
0.003829012494825459
-0.01001321661291509
0.0001721193311828382
-0.0009870055032139922
-0.002423671741488667
0.01567372306914016
0.0007801626505170071
0.003928553435104683
0.01206495401245792
0.003808297642589786
-0.0440450809523688
-0.004105998911476023
0.02179457601198696
-0.02963222862298615
0.0009651414823598904
0.009504511233367782
0.0436556896640136
0.01943161613711187

-0.02116007547248486
-0.03069193456040275
-0.01432676612274559
0.01268276831294799
0.01212557878447527
-0.009181738606943537
0.008665783445857236
-0.008612105123594322
-0.006670167658843921
-0.005144926055008579
0.005926648604869092
-0.0007126762989238191
0.005082954278083995
-0.00489085629794898
0.004957670374297433
0.003708541005800963
-0.004771166284532172
-0.004304107746994334
0.003252808796087176
5.524095042005201e-05
-0.003285766819090403
-0.001312584499973387
0.003228367748518817
0.00354911123990168
-0.0004423354781803194
0.004331079168611693
0.0003753866836057792
0.004832520729884113
-0.004179685272291902
-0.00317597632890026
-0.002380693633734424
0.007199742451874623
0.001798782892283667
-0.004829716329384841
3.945505679737874e-05
-0.003602874670846433
-0.002729675802905026
-0.007097274204472389
0.007129264943647536
0.006794959666453677
4.075231953136512
0.01163144991254641
0.01395551899062561
0.0175163183961141
0.001431244832914
0.003179543903738426
-0.009447669369419345
-0.009318459912596572
0.01496633587172028
-0.00389399464350516
-0.01554617275896262
0.02154488753084057
-0.01375775612844186
-0.003351333685241641
-0.01025090279031821
-0.001100226552336697
0.01264079420541941
0.01958970352457894
-0.0609170813266248
-0.009445235128545788
-0.02934835791309076
0.005368670408836094
0.019411307156117
-0.03116613296835653

-0.002823693135472015
-0.00302035528638492
-0.0008724958270288029
0.0006141927186247432
0.0009735606654892357
-0.001042997619388432
0.000688784812144658
-0.0005388665442873232
-1.861445490630133e-05
-0.0004576782346229252
0.0003275589499179149
-7.23245174776421e-05
0.0002707670348942603
-0.0004596627150143707
0.0002170904165382271
0.0001245377504194342
-0.0006301231238122129
-2.720688631640357e-05
0.0001901237531062809
-0.0001654207443180429
-0.0003511163654403519
0.0005995910996482893
0.0003301991977830718
-3.286001337438358e-05
-0.0006660131242826648
0.0008708490002399296
-0.000727824733705439
0.0002392371454016157
-0.0001658651527075988
-0.0007013913889793263
-0.001176230569487296
0.001484623247412292
-0.002492152180902721
0.0002184616974345603
0.0008223405259387798
-0.0009520154788018978
0.002634996839677224
-0.003038851664379586
-0.0003568239970483506
-0.001851586069701679
0.01119189185357878
4.284537369479644
0.01144218457741591
0.001721772924455215
0.0006024405484892833
-0.003040197621120761
-0.00528917880336246
-0.002723745435610632
0.0009417022229473544
0.01702348024088586
-0.007748519397830659
0.002366396284309097
-0.005876772999071895
-0.001328868276720931
-0.0004364186013869347
-0.001643313522888309
0.001589428672352949
0.01552994920329949
-0.007121585852945188
-0.002798820986589151
-0.005843704561638279
-0.0005513045081563473
0.001728880117747176
-0.01309199046587242

0.0136906615768142
0.0217662450919989
0.0116518325864538
-0.009992275997759582
-0.009222429543963002
0.007618414007733617
-0.00713214669133102
0.006525425980234599
0.005348886899247463
0.004501887979994625
-0.004182419153043844
0.0007234693090534415
-0.004652829121469111
0.003525575370278125
-0.004060874936238517
-0.003907998909327613
0.002715277985479803
0.00364499389615223
-0.002626437626988963
0.0001301369612037212
0.001733327329048714
0.003594575397135887
-0.001692968201042196
-0.001878494882528121
-0.003847567554888577
0.0004346483078210735
0.0001354629564090805
-0.003266384965935422
0.00325593505574222
0.0002209895607254561
-0.005053571125161083
-0.001157203375202277
6.407498113432527e-05
0.00330586790704
0.001814868221106543
-0.00339124549118229
-0.001614600374605337
-0.003563504926386232
0.00432959994837147
-0.00157649704820972
0.01317380865491542
0.01123769508415764
4.51439065426718
-0.01071930225462655
-0.01043331227428948
0.003317771366935689
-0.01024570851047187
-0.01389427893005187
-0.00421121722562679
-0.00439370185366449
0.0001825169953875716
0.01420672644103029
-0.01494370121924263
0.001356663709924096
0.002178194274717873
-0.003588006028137066
-0.01850083160461836
0.004055541840348044
-0.0148064848883989
-0.01185366302790808
-0.005703208191692899
0.0027988037673058
0.01724935823130299
-0.02378973640508826

0.01012879135151447
0.01598576112020923
0.009276661128863543
-0.007858919383609178
-0.007494844154261163
0.006066308078113767
-0.005858514703399599
0.005340565066976964
0.004232184981581848
0.003675310314231184
-0.003785370266185211
0.0004900501514031951
-0.003226872267009473
0.003075450389463968
-0.003338457877696802
-0.003401267213366408
0.002525638735633576
0.001609002731005105
-0.002200657261877795
9.59721186714984e-05
0.002848960574718966
0.002531320102396556
-0.00251566192796731
-0.001917599609984701
-0.002337069594313421
-0.002802832944659711
0.0002670280265750361
0.002266499818330148
-0.0004162505275068663
0.004905865463117666
-0.003853314037165189
-0.001425491011326929
-0.0005388677060871448
-0.001994917319433999
0.0008393983131828311
0.002343269992079634
0.000189111388220505
0.0003920850904067571
0.000123172757126496
-0.003600645767726174
0.01486910946632836
0.001422272323197384
-0.01043663434080889
4.998190679317128
0.001363776696794576
-0.006241593781010907
0.01213972864150214
-0.00174062444861512
0.0006546851748278474
-0.0004430830142860989
0.001856696127801761
0.006256115477458097
0.003015823159246325
-0.01478016310464856
-0.01867984893014574
0.01290365136729629
0.03196127812629405
0.007797291075753322
-0.03294067604819027
0.002145433867347279
-0.02692309728585182
0.001958924067513377
-0.01200783069599051
0.008041120358121257

0.01259856840184472
0.01877578095364827
0.009045457608603443
-0.008109076559238284
-0.007661240956466089
0.006309429548219341
-0.00569407807431368
0.005768436645269217
0.004279413102992082
0.003528754235184148
-0.003781459695198178
0.0004879644713006986
-0.003292884801128869
0.002951092122226507
-0.003574813366676212
-0.002728755436562003
0.002820632947494225
0.002049519374969851
-0.001861897321999668
-7.132199774869544e-05
0.003139326710626723
0.002446943119581441
-0.003191592319593513
-0.003180244900908266
-0.001260746288464671
-0.001415229921659626
0.0002434800225745909
6.374213274880532e-05
-0.001050026329382221
0.002791215651322543
-0.001865966200958446
-0.002006688144046983
-0.0004662398959796802
-0.0003790407772223578
-0.002020079460824616
0.004191637259472554
-0.0004332013645655306
0.001259830973435557
-0.006627596589670275
-0.01204859408505758
-0.0001515235154500713
0.0004113392156044662
-0.009399793947695178
0.0003370130378594887
5.510981931397889
-0.005846681757499542
0.008368959844699594
0.0002397228777193334
8.316173108302701e-05
0.0007487829798448105
0.006322337930278255
-0.009073898890608553
0.0007047827124801238
-0.005352853447353124
-0.009601441793582934
0.0001757579096927833
0.03614586528730607
0.003317242570487966
-0.0206701256678745
0.02345238292564959
-0.004241550065342823
-0.009013826244743832
-0.03759621935237469
-0.007672005291729964

0.003734969140892675
0.005125842609964429
0.002638666609095
-0.001816839070204863
-0.00245502242265242
0.001225865224766459
-0.000794102616737909
0.00163138760682065
0.0009545858373519677
0.001179389238311649
-0.0008568379682179648
0.0001620629681471721
-0.0008479088650111772
0.0007685504932554885
-0.0007034043880976558
-0.000574436529281869
0.000557124764052888
0.0009528347674558511
-0.0008226208623586201
-0.000141829325532741
0.0003387224262626105
0.0009179357244075258
-0.00104034260635249
-0.0006971069744222028
-0.0006922018369015636
0.0002191385928570159
0.0009937814594916372
-0.001003336310888792
0.0007830557468188559
-0.001388252234982915
0.0004021963167985455
-1.036502684086615e-05
-0.0005765801661008446
0.001248443519036323
0.00111002809789273
-0.0007960665252238782
-0.005984954155079871
-0.002664223077707899
-0.003402006696178607
-0.001236772762506246
0.002335697606427431
-0.002162766604062611
0.002780027680493442
-0.005692071001312067
-0.005799712285160301
5.874120629609493
-0.02642308225670592
0.001164658667334577
0.0008197078730327076
-0.008659469504431635
-0.002513361139038306
-0.0001303557342607307
-0.005584787566732205
0.01219771342004248
0.002861192433006571
-0.01162788653214714
-0.004890853178240072
0.00572760787009967
-0.004485139251943363
0.004533884567805537
0.00236829383564304
-0.02005835375959051
0.004138149648665538
-0.02319322088131658

-0.008288131428312208
-0.0133857566540676
-0.00738007307236743
0.00636796601830303
0.005795129388709261
-0.00486671716002559
0.005142728536449795
-0.004115172537521813
-0.003897603657158698
-0.00276550944383934
0.002492164742451697
-0.000465111017626583
0.003084874826874413
-0.002346918953087014
0.002220541911097218
0.002499120374382366
-0.001456314218516981
-0.002909620441389359
0.002044387048391576
-0.0002020905325457371
-0.0007452948045920489
-0.003444518066286172
0.002404173054348314
0.002349172290822679
0.002118795257519848
-0.001668056141640904
0.0002544865794360697
0.002475761797923244
-0.002153741320373291
0.004414369828308205
0.0009269922835409266
-6.558534562527683e-05
-0.0006030114770799876
-0.002193575610087089
-0.002071498275676748
0.006179546736461614
0.001580006255800777
0.009832805309716551
0.008993763707834855
0.002570238435577057
-0.006299490842865865
-0.003990753074797181
-0.008686244979815331
0.01066583015671391
0.008204272899988962
-0.02619693071219012
6.083622240768479
0.00829263097126413
0.006204640193879594
0.0001916041863333201
0.008999889369138002
-0.00113911835894098
0.02238789671839494
-0.01511083204554415
-0.01666451150400651
0.03211137499946716
0.01203966192208254
-0.007550733925301477
0.02563025982925557
-0.01748296743901725
-0.01405534696629264
0.004062095161083301
-0.001754454378893778
0.07338768590251264

0.009392607305969742
0.01411983529611498
0.006867521510400694
-0.006387630125793208
-0.006054960235161115
0.004907353506587338
-0.004462231619603476
0.004634538094934075
0.003407176893357702
0.002904873717758368
-0.003052774611184167
0.0003545694831903585
-0.002444828722138167
0.002316914510524288
-0.002292938509006223
-0.001614984203654139
0.002606232430839888
0.002199782160004785
-0.002376298744229795
9.954307458555922e-05
0.002567370040319148
0.001133569694853228
-0.003009184915544916
-0.001968405225135206
-0.000470491158018305
-0.00347946435546672
1.858549728566756e-05
-0.0004787298101761668
0.0001049810531625725
0.00035961384766233
0.006824471651265672
-0.0009716034901175981
0.0004361282750814753
0.00225126236717989
-0.0001798317337839018
0.008233864392399211
-0.0002192920437257485
-0.002723646681704738
-0.007911124721600079
-0.005119185694714245
-0.005481362634427556
-0.001674355240306727
-0.00963503240273509
-0.000318172655011351
-0.0005174050582053748
0.0009163459627807022
0.008338897537165628
6.662373159466546
0.00155523910251683
0.002886016463859834
-0.0001625467920582085
-0.02247619444303187
0.02260789480766526
0.01064843568317093
0.01368414948620688
-0.0150605271627026
0.0252217931506055
-0.01049212607496266
0.01546176673583952
0.02138287168235485
0.02302744229438219
-0.009767774735175674
-0.01629456671179993
0.0129271936058828

0.005708141226617575
0.009103569506377713
0.00565945559211303
-0.005080014908345613
-0.004777144171760278
0.00408217729547959
-0.003793385026988066
0.003204226190625786
0.002946466675313786
0.00244200440536205
-0.002542226737306342
0.0003213005113418923
-0.002096719670193424
0.001388008263998038
-0.001745436565002757
-0.002017068692372935
0.00152789091684453
0.001943051596444899
-0.002052066303179459
7.450280227664013e-05
0.002517319390657275
0.001999497795990333
2.367630293833103e-05
-0.001118534605045191
-0.002997461497171878
-0.002278445520543111
0.0001697184309890556
-0.001238281386195279
-0.001393019014364796
-0.001567435120587449
-0.0003754897882837786
0.005434198242799119
0.001636938765230898
-0.00207725363886679
0.007395806110108723
0.008206285449468725
-0.001013728644105989
-0.00552677609526989
0.002334309182726996
-0.0005921669952103415
0.007732709461118683
0.0006113661025001527
-0.002872385665782934
0.0003270600637332449
0.001180279702766001
0.0005758322101068747
0.005835801251996175
0.0007605020632859109
7.296986881244922
0.003746068672721512
-0.01575761917193321
0.01943940298350814
0.01537414045763599
0.007492613407464347
0.01138801261434262
-0.008665750456634175
0.01198746930264469
0.002382907491411632
-0.02014963205408465
-0.01475355449601587
-0.008013778473188956
0.005145563202530313
0.03701058158190135
0.02147474483380846

-0.003301292361495876
-0.005375852651782899
-0.002264507316730959
0.002214593992989549
0.001469006768455095
-0.001924285425645406
0.001383796406036101
3.3036978711982e-05
-0.0009700174584333881
-0.0008184533070145619
0.0009040057823405275
-0.0002019559564182685
0.0009835108996904072
-0.0007177133790479935
0.0005931546902867169
0.0008241056425436454
-0.0005467436148862463
-0.0006324665480446696
0.0006427418033945698
-0.0002720602180826002
-0.0004267656734722703
-0.0007126330262796231
0.0003381799259221045
0.0004152415426107909
0.0007115305325314606
0.000323463231730788
-0.0007900577364608164
0.0006329989057450387
-0.0007110375678673243
-0.0001561019730584516
0.0009568268112527653
0.001330081415234375
-0.003813518022625221
8.294114035709075e-05
-0.0009030761555250712
-0.0006735696957348846
0.005761243194273047
-0.0006087084827666297
0.0001297948142250829
-0.0001323660540456378
-0.002465899905257601
0.009409373274124807
-0.002387467167276381
0.0001184994300036716
0.0009501098462235799
-0.006679085246021861
0.0002490294724756213
0.002934641846698903
0.004057510519534341
7.736382261717898
0.01019885115806648
-0.001488315148931408
0.0004786130474209063
0.004139149300236627
-0.002175707899244342
0.000758919860815535
0.003056225269198225
0.01561581968254308
0.008708569746682136
-0.0006950890571981956
6.060041239442304e-05
-0.0009404567099128926
-0.004277200272236494
-0.000334183581801514

-0.005866552219598128
-0.01007375910461328
-0.00639950902548208
0.005547646964620111
0.005137314623231103
-0.004161224447477012
0.004003641244240995
-0.0038574351234705
-0.002901368013078786
-0.002643831873552314
0.002215943527635957
-0.0003595989631079769
0.00229188470129162
-0.001607179313811289
0.001842972201306183
0.002119979170019008
-0.001544464510032596
-0.00190084072341517
0.002140894483905339
-6.967748484325065e-05
-0.001767303404414694
-0.002206408654766561
0.0005378131907746791
0.0007840104116791707
0.002951459496369585
0.00125469961459885
0.0001598023080102934
0.001197691065821846
3.397812851267668e-06
0.001491254046846964
5.737095996239143e-05
-0.002532348846086223
0.0004904260549912163
0.001799486720707478
-0.005260821652354423
-0.004966341283659744
-0.000933476536507263
0.005210414394781755
-0.0006072014653467172
-0.000767564757486327
-0.008503154592359589
-0.004457640781705301
-0.0003456662868921621
0.001457449680450745
0.004436446902793973
-0.002393151822065271
0.007692296356396487
0.0005125818777086981
-0.01373045542314654
0.01038478492793168
7.966890351664377
-0.02030706942428682
-0.01202882233739473
-0.005916665114361947
-0.005854097127582065
0.01169860214235543
-0.003028794027360877
-0.009020845745582524
0.01571303519675962
0.008962495381219054
0.006039499130717503
-0.003178367470852174
-0.02901447001479671
-0.001641873421641288

-0.01531716430946673
-0.02222173310280964
-0.01042314271707215
0.009023583318523131
0.008668902064312445
-0.006418841856792365
0.006115992498834309
-0.006145468998718913
-0.004367391585148684
-0.003280793278320459
0.00383680243348922
-0.0004764650633633268
0.003223494845247116
-0.003273808595743769
0.003398486420004195
0.002364249127343718
-0.003099192337419726
-0.002756464962107129
0.002144278872402608
4.092100526726893e-05
-0.00241698489062572
-0.001351177593226195
0.003783035660605814
0.002598681828228173
-0.0003954313587200011
0.002593627403497892
0.0002269272567517805
0.0009592807008300555
-0.002103745418922435
-0.00220037819496897
-0.003301558903497667
0.004565151265022095
0.0009280563331308246
-0.00445563368608998
0.004341276797244327
-0.002168969911557402
-0.0002657007233197707
-0.0001983891648610504
0.007670361234077901
0.007182405835551458
0.009437263555828031
0.0011902237046797
0.008523439667821701
0.003601907824504329
-0.005089221961630981
-8.476438957531708e-05
-0.001394774688637941
-0.01784849515842732
0.01742418671399174
-0.00122048619029376
-0.01971753510723115
8.681598059313199
-0.01287548312054835
-0.005579034345657187
-0.007177727515690748
0.002851876627652202
-0.01671865975701149
0.008451915959380371
-0.02330174188964155
-0.02847938633844531
-0.0249526578812073
0.01148531397018677
0.04061596091365979
0.0008629004540007786

-0.01185659033058383
-0.01885498170222791
-0.009885497828351325
0.008243532256085815
0.007518793806206263
-0.005885513372854477
0.005634365262295635
-0.005162919700585679
-0.003982842022861901
-0.003056301445025617
0.002891562083567534
-0.0005614290169569973
0.003576491826756682
-0.002724447227097344
0.003202738466218046
0.003050600000342762
-0.00187614964511057
-0.002693137490681897
0.001765274583881928
-5.313994138414989e-05
-0.0007501227099154916
-0.003060127630673144
0.002117704920752712
0.002285048463389677
0.001689347908578248
-0.001742975356013859
0.0003394533588048101
0.002763784733895944
-0.002250862910010048
-0.0003820392594479629
0.005887636596941452
0.00175922418446796
0.0003409037532691113
-0.00246050920678468
-0.001014926720370517
0.01045792642078969
0.002196192133499875
0.003226264030722971
0.00588035196525099
0.0002725901996582828
-0.006352940429155986
-0.00277023536175539
-0.006463729829481615
0.002652926390968528
0.0003580329478000068
-0.003468295996325472
0.01376914998088481
0.01644363247638315
0.01132241187016738
0.0003395590109616423
-0.0111186038571143
-0.01252062236551466
9.438906481585335
-0.005907539415510331
-0.003708476475738173
0.0128723231009054
0.02173131934013786
-0.01125627016405427
0.02375553977473572
-0.006379308570486525
0.002016378095559676
0.001111183994577847
0.001785881968874172
0.05657762718906412

-0.003592810984386008
-0.005330972834255252
-0.003436047826566124
0.002646290885988006
0.002758433846529132
-0.001813106094997092
0.002252190230354361
-0.001872642407659005
-0.0002636415159881008
-0.0009226940422857428
0.001288154793063404
-9.053841029465388e-05
0.001352444276949178
-0.001182479583315215
0.00150537401426098
0.001343099929548582
-0.001052556374917741
-0.0004236443087223833
0.0003996244796184507
-9.206370933802514e-05
-0.001035857718358511
-0.0005111090584694724
0.0004918172652430618
0.0003881298327123784
0.0008680307528071284
0.001090442385370218
0.001945183129531684
-0.0008554914304027305
-0.0006065828131585589
-0.003625483367509392
0.003118273687857428
0.00278971007247272
-0.001780696396383949
0.001086401107352066
0.001269279158131738
-0.002172607553721956
0.004258499150005858
-0.005685514552569188
-0.003745760950554464
0.001970199263934602
-0.001316092590370477
-0.0005712869429223556
0.0008271836777504935
-0.006931148260794491
-0.002283068561928248
0.006995320064476294
-0.009125629427419131
0.007360767803996805
0.005823935663450317
0.003416419473446348
-0.004317572903818704
-0.005167421577592561
-0.006051377352559794
10.13710404784546
0.01486588782919622
-0.01346013994456268
-0.01241327324494774
0.005213200691130956
0.003666560452881541
0.00330448206896392
0.01046688625939709
-0.01517191491258842
0.008418196058335419
-0.02019051403434098

-0.009568277338089775
-0.01465760241129776
-0.007296593522796027
0.006312794738217367
0.005663795667887454
-0.004701252002261395
0.004065796359468913
-0.003792728361804794
-0.003797400953732429
-0.002619944574127002
0.002586529220136266
-0.0004105558633846732
0.002063735189341255
-0.002160052324769133
0.002353402821423824
0.002372525432082121
-0.001828735933292764
-0.001068000620963228
0.001187367970872428
0.0001102725180752083
-0.00161149599655888
-0.001318743146225734
0.001360993212665614
0.001049646826967632
0.001249741782338999
0.001234316317191002
-0.001482526006146121
-0.000821831369449985
-0.0008997841788491185
-0.003941821284963697
0.003965216811049569
0.002401927911434612
0.002924782578116586
0.001056039503705951
0.001893435761085981
-0.001147283624633828
-0.005783039904520056
-0.002974022622715382
-0.001572343064733841
0.004990355110409277
-0.003804574784977105
-0.0001946023426138664
0.001203969397743645
-0.00862002260458771
-0.004547320930585448
0.001399442962021654
-0.009667924458014083
0.009184490002483494
0.008208793402076323
-0.001281163288962866
-0.003945518612775529
-0.006448677160854687
-0.003667457637478119
0.01498725924179355
10.28536698664992
-0.01164027211319292
-0.01749797396206382
-0.006121453747951253
0.005925844766735839
-6.951829683780235e-05
0.0179171985262849
0.00557099543132642
0.01201751913399592
-0.01362687586169848

0.006830623906535882
0.01055133398897288
0.005407869350035772
-0.004867961831390166
-0.004403496784904978
0.003640883570499774
-0.003174709249852805
0.003208146916798442
0.002432898407761763
0.002092799662985545
-0.002344415353009423
0.0002899624596235572
-0.001864291353591662
0.001774087471254916
-0.002301413150899247
-0.001891832228043727
0.001811903033167687
0.0009585379290311231
-0.000849643521280736
-5.093122944762788e-05
0.001484452828723679
0.0004361863167165517
-0.0001831378285663357
-0.0004630813034424907
-0.0009582672654267371
-0.002344682951592728
4.996055593160872e-05
-0.0001181379303486448
0.00102749238615405
0.005133477171250548
-0.003535091584060355
-0.002419192541428157
-0.001106482396896719
-0.0001718451963197342
-0.000680206800463463
0.00223318659034465
0.002397859296004249
0.004035967757935233
0.008003508616494952
0.0009865566230136905
0.0001821630692204923
-0.0004120975338208755
-0.00119086000064177
0.005661732571674988
-0.0002433770071712572
-0.006292911307329506
0.01831543496061662
-0.008660209861646565
-0.006040830827375124
0.0002538997008986862
0.008662644947458853
0.001132274861145869
0.01135858689580074
-0.01220826336691916
-0.01026999804311283
11.09296905449049
0.009270416061790916
-0.0006720058328393641
0.005404743325527902
-0.0180512062250036
-0.01336572884098756
0.005739302809029546
-0.0002251982589573554
0.04025397261117888

-0.00265756211286182
-0.004703032293365441
-0.003069113026747747
0.002499432251135226
0.002356358843679709
-0.001860593974888729
0.001892192027049023
-0.00166702527549865
-0.001848605467695971
-0.001227678950710935
0.001113870513038289
-0.0002467625172630789
0.001650162391947006
-0.001237591417315829
0.001020385761870804
0.001376315853680912
-0.0006488162836489146
-0.001775067652799699
0.0009717171055658054
-0.0001003622735230244
0.0007770047405180085
-0.0005030041328169022
-0.0005935556972887224
-0.0001970208585634499
0.0009330098690366767
-0.0004885682357394751
0.0003332254917295949
0.004683004415046446
-0.003552871625501383
0.00119042475730199
0.002832381252014714
0.0001186938367416642
-0.0002393881006456085
-0.003928426128706492
-0.003962451031328479
0.006939329157473824
-0.0003073114873709367
0.001595315547330078
-0.002525099731846529
-0.01393104630993411
0.004291340870122735
0.0004966274253798688
-0.006511890627089511
0.01285478130753474
0.01655952121331369
-0.002518700874147742
0.005920691577095555
0.01452074532006013
0.006815861931911998
0.002155768958326736
-0.002220787553024854
-0.01195230521337628
0.01830263051460294
-0.01064875364826812
-0.01537038129344375
0.009072463229020479
12.01069973178524
-0.0006951595560328074
-0.01699396267508446
0.01756967978641872
-0.003458302487255431
-0.004367584104422794
-0.03631984701765219
0.01209039782407738

0.0001343905422599282
-3.10230320667005e-05
0.0004786714587501698
0.0001568707432156239
-8.726698225721944e-05
-0.0001795563737000284
-0.0004773045017299568
-0.0006876296763973518
-0.0002789792969799369
0.001246895182328582
-7.556752560010541e-05
1.723356647271294e-05
-0.0002696168648851959
-0.000731117675279022
0.0002519221983351182
7.987781570911783e-05
-0.0005538816971504836
-0.0001463509076400159
0.0003067477795447754
0.000178965560339447
-0.0002012682321031424
0.000538717504224371
0.0003275588036311763
-1.095119412554955e-05
-0.0005009690802743082
0.001246350593738303
0.001591637417143724
0.0002604267122167045
-0.0009920602177401691
-0.0007338080074444156
-0.001880227015942864
0.002259171753966768
-0.004477893102070697
-0.000810553443212697
0.0005563125690552943
-0.001945183594849867
-0.002347062063948577
-0.001210349403378282
-0.0006268233128123991
-0.0006492557572675229
0.006375107053691028
0.005278091727596561
0.001570462992256555
0.003379635990109941
0.001379550804237298
0.002658243772813517
-0.003749890218894199
-0.005303395589528745
0.001738424383954078
0.009588939406940432
-0.005751877100010683
0.005583937003420737
-0.008550721652450874
0.004307748870872347
-0.004801012743312399
-0.000284093633981462
-0.001092495651213455
12.67618398881509
-0.02588718426945832
-0.00091676746766073
-0.006458798119462456
0.01632315367732502
0.003082771081718651
-0.01826133892732544

0.00477045471161887
0.006263235515778326
0.002261851782121262
-0.002253389984425434
-0.002300895296153695
0.001680221617755135
-0.001728193812811713
0.001748945487118667
0.001397826388256638
0.001805956399124642
-0.001505414498480618
0.0001400169396318061
-0.001306511821245378
0.001134976622002001
-0.001013482862815969
-0.0003591342027596336
0.001477571475367957
0.001166446797987779
-0.0008111110050000848
9.213118172533357e-05
0.0003689551215892388
-0.001332016644443209
-0.0004426366764435905
9.15432045606472e-05
0.00123205188213385
-0.002797424581492714
0.0003167797270802524
-0.002540286564026473
0.003377555888374011
0.00160887554887056
0.00416768920020519
-0.003604218420235201
-0.002708983951281361
0.0039976121269039
-0.0007356483478567978
0.003189132262470507
0.001598926105111232
0.004734110311455764
0.002605912309724456
0.005385249322508569
-0.01971021939503552
-0.002342244461541537
-0.005143519104478862
-0.01305834152484266
-0.008204998138687167
-0.001885088972206245
0.01194718740476787
0.00786163715469528
-0.01171833647947966
0.004794455303794983
0.009174916079705364
-0.01571823209706345
0.01701420363596745
0.002111160026518745
0.003883384884762212
0.004270637722926198
-0.01526903713829227
-0.02573347978804057
13.00151346123176
0.002608044287818929
0.02908436575578124
0.002985882899834849
-0.00923735769469743
0.04369428654303777

0.001573039523592849
0.00199554634111022
7.512358703290189e-05
-0.0001113882280075022
3.960901753727536e-05
-0.0002023343642857581
0.0003801333673687129
-0.000115876693350026
-0.0005347194445597749
-0.0007217507020014829
0.0004844006999492948
-5.007624991589107e-05
0.0004311575481792205
-0.0002070152349149559
0.0003676982382217565
0.0006193433963776861
-0.0001524108705403091
-0.0003777899945111257
0.0002425702625918668
-1.037143154129537e-05
-0.0001876803774138243
-8.889685754066021e-05
-0.001587805553602911
-0.0007276699989470538
0.001302620429135746
0.0007229633088693629
-3.19154483367548e-05
0.001483120899553607
-0.0005668970721079422
-0.001011304285268274
0.002823403873613493
-0.002116183472365411
0.0002969286704777351
0.0002562491270538393
-0.003642961933654947
-0.001018364968720987
-0.000536866591628331
0.0001125671819292102
-0.008290175434701196
-0.008102377680541404
-0.003297554288301943
-0.001150059154619464
-0.004564619100491478
0.0005447215611086328
0.009462172228405471
0.001555724337019863
-0.007009190478776319
0.009927994456879155
-0.00773213067216161
-0.0001715574697585508
0.004803370099775489
-0.01687780292327344
-0.004085559528773318
0.002746603656208746
3.063863123783472e-05
-0.01549763066838874
0.01473804260576676
-0.0007598189392203874
0.002880716123281984
13.9363606740975
0.007964159105927109
-0.009751989710142409
-0.03797784089936661
-0.02050687400370077

8.629723362613964e-05
-0.0005026012513989378
-0.0009884290733025757
0.0008613320852752347
0.0007718211063238794
-0.000943588457807663
0.0009685194261078116
-0.0006073591304837032
-0.0008976745548890718
-0.001008112546061755
0.0003016982347166073
-0.0001378821907737753
0.0006354182276389153
-0.0003195140101448288
0.0007702200279638761
0.001076040852954726
-0.0003130211414225087
-4.115678174929885e-05
0.0004152567885349289
0.000163934129979106
-0.000592919379517047
-0.0009747817232129649
-0.0002962059860369395
-1.624154720328459e-05
0.001525764517188734
0.0001068738583917916
-2.975389657622495e-05
-0.0007002733772561933
0.000508682046527062
-0.001687191851016951
0.004134003230648367
-0.0008151185651993761
0.0005589110868951891
0.002522139918285185
-0.001583668856158198
-0.0006654979150523069
0.0003050345987595361
-0.0004990744393176016
-0.003569188612452399
0.0001789159405796446
-0.007747818387567463
-0.001671553399934386
-0.001039577765202373
-0.009516495502517357
-0.00164165656768147
0.0009274353018641324
-0.006080534857957297
0.009735040225272893
-0.004021668775414697
0.0001855976296655568
0.003122828999994226
-0.01472844817943702
0.001954796168674543
0.007233980130895123
0.0122114206620948
-0.009901078999922258
-0.001899173635720118
-0.005539642351135006
0.02567995775092923
0.006743734142111282
14.96493396045635
-0.003903222583593496
-0.01529338763796817
-0.01071004837373967

-0.00319459586309858
-0.003941537830822884
-0.001746122942708414
0.001138506236552932
0.001374126727045739
-0.0007813352145154091
0.00115162659440878
-0.0001224272640985035
-0.001169725709607753
-0.0006548566513426631
-0.001436749133864274
-0.0002469637486003927
6.869955654245123e-05
-8.404593638677773e-05
0.000843596927927159
0.000484229981755649
-0.0005791189061582724
-0.0006088075902403527
0.0004940791745009743
0.00102860618514522
-0.0002950310148317622
-0.0005115911117386505
0.0009283989884485092
0.0007407306943314669
4.556531566658436e-06
-9.054204559657333e-05
0.000830744825621018
0.0001348174352034141
-0.0001384828918074096
0.0003701194781080152
-0.0009448547743131882
0.0007485964199634083
0.0005288630182719466
-0.0009050152795454342
0.0007078890200659379
-0.0001226816450008426
0.003979469997557575
-0.0001139130807363493
0.003310348132871668
0.002605046627883067
0.001017130286097019
-0.0001363618002950082
0.0009752168711213767
0.001222274491793357
-0.002877350983131795
-0.007593040624438177
0.001389947283297753
-0.003688971195036568
0.002795519750176957
-0.0005648423701190152
-0.00190375289787478
0.006118256792054562
0.000147319269196206
-0.01020966460450771
0.003483061399351265
0.004584260836539014
-0.00396748562917551
0.01345406757322675
0.0026540544482491
-0.009183433013859855
-0.00428395550868935
15.34122825407164
0.01023442910187702
0.01132567536354205

-0.007449529555902325
-0.0103394953681413
-0.00430519061352288
0.00379568946210973
0.003767795723450768
-0.002859218783069861
0.002733345529175485
-0.002965945858028062
-0.00197826631950702
-0.001518002041617676
0.002125225429852442
-0.0001617298429402354
0.001439885006495195
-0.001710411925356012
0.00162127141222443
0.000984097727670948
-0.001541382324197508
-0.0008402450865890607
0.000625519346443493
-7.424995487288896e-05
-0.001374487707456059
-0.0006596553926520349
0.002890908856777554
0.001888382687725682
-0.0009747025161902817
0.0007869651326652598
-0.0001919150473074506
-0.001238155717281883
-0.0005494795702458573
-0.00243583409284137
-0.001220888163636811
0.004694940837243844
0.001241078519420736
-0.001346719059392751
0.005705389892966078
-0.0004628948235802095
-0.0008340386230633652
-0.002494404421954654
0.00756658595588664
0.01053822601544972
0.004794663954048419
0.0003653404715448401
0.00495252076487668
-0.002744553146597581
-0.01320217248228813
0.001466520238330752
-0.0009065093137158285
-0.006190562795562597
0.01644750068400038
-0.001924431686236196
-0.01447892907289974
0.02176518634692705
0.0005951062769472431
0.00572996292348759
0.007896442229644994
8.960925696958541e-05
-0.02723552767413908
0.002886998642287483
-0.008013623180770812
-0.03364422741313659
-0.01486523104704948
0.01032227842899969
16.12275315516752
0.005163681276210523

-0.006667755215427566
-0.01087685683347512
-0.005565748941659567
0.00470014259934145
0.004247914600314899
-0.003431071152111348
0.00332953652197988
-0.003127650485056058
-0.002421723607026015
-0.001892103686642123
0.001699749184808386
-0.0003115131839908394
0.00198623486371634
-0.001503094329722841
0.001585264406851019
0.001577689784556016
-0.0008581043166962019
-0.001971771012213783
0.001195571156325471
-7.096562669073263e-05
-0.0002223312924687954
-0.002789704636360719
0.002283245067915972
0.002241543974273772
0.001058064841355396
-0.002714035511368098
-7.30775889349754e-05
0.001643419217081502
-0.0006985775078110171
0.00268989674647046
0.002365237638884256
1.439705085040438e-05
8.510149039855333e-05
-0.002689408210541349
-0.0001155056982617127
0.009384641610668227
0.002655570066920872
0.007307826496216122
0.01051165221327547
0.004306272752522609
-0.008010213466961957
-0.003393670476994388
-0.005920308841782572
0.002512634188159482
-0.001359515836877201
-0.008213911439723033
0.02601236768546612
0.005254078492372532
0.009755124664834733
0.0001344498051441734
-0.0006054508608371494
0.00039436665520475
0.03069039519949402
-0.012058962536198
-0.008727366660793059
0.02564974370563203
0.008003961808937103
-0.01331959936599981
0.03325201782986695
-0.01611851673511425
-0.01003175820843736
0.01049721120465118
0.004188193106600409
17.29502635266285

