-0.6196506890452118
-0.8279077812815562
-0.2048074100642608
0.2372703899442202
0.2052112790765919
-0.1523151671203812
0.1455295291358719
-0.1431068221518415
-0.09433730418601924
-0.07431379078457676
0.08478806368599698
-0.01294533052036515
0.08408722564756724
-0.05446871541671927
0.08157131686421989
0.06765910674269922
-0.05334973534268551
-0.06192805661375162
0.04877814322352015
0.005215245711667119
-0.0428531337621323
-0.0488433888486709
0.04111106922045772
0.03867387470263918
0.03882685573603028
0.03684320135579382
0.001370337679704792
0.03658049694105914
-0.03573729338575775
-0.03307382762192581
0.03089313646989137
0.03219644708663757
0.006378526944392875
-0.03135052066103496
-0.0264383110875266
-0.02810203794826087
0.00585602699853806
0.02335563330054485
0.0300134917405881
0.02798785067491278
-0.01755638706285971
0.002104014631086016
0.02936174479463417
0.0236732693524269
0.01821079913028445
0.009648123244554196
-0.0250079015661
0.01317724493563202
0.03293659616671556
-0.007120460914255246
-0.03001952846274753
-0.001650577162361243
-0.0249269079920004
-0.007668869653846935
-0.01325420695463597
0.01586496870980818
-0.02997561780809993
0.004032572101366099
-0.003195682821677519
-0.03504159694654766
-0.0300220506265203
0.008201184112824731
0.01445024149674603
-0.02631818965218588

-0.8274037476935837
-1.126846135348712
-0.4307446023825205
0.3362821106275057
0.3328501216172297
-0.2299344707837189
0.2354832204072164
-0.2114359281601071
-0.1550117967800129
-0.1155562576459527
0.1329616007813127
-0.0207613183854991
0.1260818185115964
-0.09297094416713955
0.1215340556838728
0.10608979595798
-0.08525004344244456
-0.09473118447408937
0.07608895988923042
0.005772518765757498
-0.06785853255447886
-0.07491072788501411
0.06520876713971273
0.06060504512945042
0.06083826401044068
0.05531938972572602
0.003054359389831677
0.0583074463068616
-0.05593704735396689
-0.05101442483033738
0.05093531431951873
0.05011360537852533
0.009527708196786566
-0.04967451372445436
-0.04205326519534054
-0.03587580860080868
0.009599946471577282
0.0399471652600249
0.04811078159442832
0.0416092407809782
-0.03314879875187734
0.002517626492889634
0.0379825808135888
0.03889828259128766
0.03207126208727068
0.01025776603663481
-0.02583241653864095
0.03445648197852919
0.05747387725447783
-0.01022587407567724
-0.04686762640185243
-0.01287177598373134
-0.0142969759062173
-0.01555104415097989
-0.02262545512959992
0.03323949649153492
-0.02430420664481131
-0.003859720888238288
0.01517274344573484
-0.05075713561497294
-0.04197802562968207
0.01252444319851624
0.009995147672406727
0.003997235119751513

-0.201799695997407
-0.4268416264943116
-0.2533020008109741
0.1949336401763045
0.1627486721062854
-0.1281374880636665
0.1145407435011882
-0.1097323361337088
-0.08113495466863264
-0.06691542531945351
0.06634875287548306
-0.01152647020848779
0.06361935230311416
-0.05430435549453256
0.05949414590199189
0.05488768489790063
-0.04687878501347616
-0.04692424290528519
0.04020097379635119
0.0002459980746802128
-0.03602389322182294
-0.03882982978433588
0.03372274683252788
0.03243843710156934
0.03214185906124452
0.02751919229188384
0.002314215545087256
0.03001752285175587
-0.0294043058491294
-0.02742719789594375
0.03272635656802132
0.02537403751447453
0.004902462002040998
-0.0251512821062837
-0.02245888528369673
-0.01216044661808715
0.005327488772156607
0.02194029312075117
0.02258403389022466
0.01980931311038938
-0.02799015955533496
-0.0008870822757320504
0.01130052004654868
0.01542282015450596
0.01838659372790782
0.004705202810927314
-0.007437585917209763
0.03893559385784068
0.0346573000208418
-0.003271913858543036
-0.02462890254544205
-0.02592853079742836
0.01599777092407726
-0.002565900348878856
-0.001698331693480574
0.01228169584248041
0.002391313010095764
-0.0151212000001715
0.0398120634093518
-0.01334140376543454
-0.0003266187103407731
0.0003239162676871971
-0.01159497322618749
0.03254114844279456

0.232459320510111
0.3289892359067985
0.1927809385007125
-0.1344902186810891
-0.1518544430608545
0.110699905862365
-0.09869203480879679
0.09204531338144957
0.07201683800059805
0.05558728218559724
-0.05998840500954804
0.00876040320489563
-0.05435504249606259
0.04628177760079864
-0.0513186781504517
-0.04714276758063016
0.04054872450727551
0.0395061625429552
-0.03437266766589323
-0.000409381799813833
0.03278423268448105
0.0316752004511944
-0.02898793344362305
-0.02687019674992674
-0.02743966530168545
-0.02756515502745557
-0.001615462073786981
-0.02299947671736288
0.02402601964246939
0.02920305102353452
-0.02610873885121591
-0.0243206528619709
-0.005185288813493385
0.01819292410861521
0.01699674802493443
0.02291496894656684
-0.001247886318538587
-0.009980093493433158
-0.01125460208948848
-0.02105403755862824
0.01748750220628299
-0.002205728156202206
-0.0206878961847612
-0.002707093276029207
-0.008421372982261581
-0.01407955392409656
0.03795128604921971
-0.02393805366171532
-0.02446699595981412
0.005231657468736783
0.02632549315538786
0.01431174909017219
0.02364468530175488
-0.01829293271395549
-0.01727298863576971
0.02267361539437134
0.03587996752999841
0.0009587582660346341
-0.008450774517974451
0.005169876684393964
-0.01049329900148287
0.004733415528675795
-0.008778240224909653
0.0625644066291243

0.197778863795611
0.3221355052889679
0.1592686100756056
-0.1503987948730214
-0.08805690678274768
0.1108995705834892
-0.097533689705986
0.08222434490343428
0.06597151999867444
0.0544815785297431
-0.052008697092733
0.008790198445465811
-0.05271954234016103
0.04230233639614504
-0.04791690568631443
-0.04277224535342568
0.03753096085011705
0.03770888580088029
-0.03150441608543308
-0.0001760796599736769
0.02953234090648902
0.0301682886757499
-0.02519542533182064
-0.02497495376717542
-0.02604547250923421
-0.02395000982401911
-0.001500993068951112
-0.02511589735675261
0.02403944917164808
0.02306456740980962
-0.02546304580810444
-0.01955593210110346
-0.003510121347300103
0.01966704215585001
0.02056624307168393
0.01522122556976131
-0.002323399330361388
-0.0147769890117766
-0.009369123463290198
-0.008413279380125878
0.01692805561834926
-0.0007460960557193148
-0.01126202996063823
-0.01537293177105136
-0.02279080088723354
-0.008123839549782734
0.02073705752451589
-0.03001763780653467
-0.01862963086078575
0.002690583942304989
0.01589274980824305
0.02721803459907433
0.007647128400498556
-0.001630681619213259
0.003420155227128196
0.005154632913654453
-0.01291398528565152
0.002767143173179678
-0.003903476143639291
-0.0129838028104403
-0.001641311202416071
0.009308499317415033
0.03378361957482857
0.02851326815074081

-0.1466381287827929
-0.2214470331351047
-0.1247784589277179
0.1089624836218008
0.1104013458859284
-0.0280325794140951
0.08255159658241566
-0.07374777702116682
-0.05052253269862333
-0.04181214434336001
0.04460093764570654
-0.005799855263555823
0.03931116056668302
-0.03541080926532963
0.03794970628462904
0.03436181123101162
-0.02864771967601505
-0.03168872069870059
0.02588061922104558
0.0001713466472200258
-0.02179052135720588
-0.02380659524010451
0.02064744548871096
0.01950340145092563
0.0200603497572007
0.01892988211825601
0.001219407935410789
0.02298000063746179
-0.02173202132788615
-0.01613340523729547
0.01613301437609739
0.01687110081878943
0.002813676945
-0.02005148213620054
-0.01713099740049089
-0.009158565086220219
0.002767094382239693
0.01304693910883643
0.01068538612313323
0.0003479371441941631
-0.0008352087484411897
0.002132776000367672
0.008801615752543394
0.02807117732881851
0.02803319882238342
0.002315308639168126
-0.009031076453339518
0.01680793499561341
0.02244141380848768
-0.002583133897796106
-0.0163441103899314
-0.009770555286170612
-0.004450530135176461
-0.01337608955817448
-0.02313450493705762
0.01074648635730252
0.04163250853115522
0.008564555286926893
-0.0358436716653943
0.006128795517004564
-0.0282326409735138
-0.002395867678628668
-0.03083296691157076
-0.01269470425812028

0.1421665905813058
0.2297420492553482
0.1118850011816034
-0.09789007814001269
-0.09772784248817333
0.08296601014811245
-0.008858892221449928
0.07521938689359629
0.05463922609530527
0.0370752194936492
-0.04124160003311174
0.006593009058251314
-0.03926726228980721
0.03110128817064902
-0.03715295810103911
-0.03204345943023746
0.02922433869396384
0.02765126523933983
-0.02528827160051638
2.306838778587885e-05
0.02238521928367629
0.02014413991397501
-0.02093881279312312
-0.01857617520148431
-0.0175382755152711
-0.02124211749346012
-0.001342293263302418
-0.01929765141338532
0.01966254857424206
0.01809482611957854
-0.0117967519652279
-0.01778695656787749
-0.003376394020905525
0.01783533157205107
0.01327430746030019
0.01742524981033601
-0.000797686529260606
-0.007455096097324181
-0.009096273762281688
-0.006035147236961618
-0.005572547581259663
-0.00491501169143204
-0.01699982014658329
-0.02170703952660338
-0.01872973290610252
-0.006610221912360752
0.02501670266125322
-0.002350708217465081
-0.01874220729859642
0.003719062726664189
0.0198891640885247
-0.004808998466122677
0.0289428641406878
0.004970622504324531
0.01396952080548645
0.002439047023717993
-0.007703567744833412
-0.01839322373677397
0.05237355494594717
0.002807591475245407
0.0299066445487984
0.0008018271940844663
0.00385977217913714
0.05968787323780293

-0.1364483945954247
-0.2023198373515797
-0.1071102324982055
0.09056997236023738
0.08172437328576984
-0.07365221538875415
0.07464095049967075
0.007934865080052171
-0.0575048522310318
-0.04287651267123355
0.03434173141200102
-0.006901974018188071
0.0365332788725907
-0.03087364462286438
0.03173901475744858
0.03242929482385405
-0.02622535118506468
-0.02706871000414179
0.02184014211116352
-2.088342953808584e-05
-0.02145036161564829
-0.02192321758889487
0.01613194453089829
0.01789379713968742
0.02004192618175847
0.01643126660219028
0.000887595767333694
0.0187815110996064
-0.01612706214570528
-0.01525099538292636
0.0202731615930922
0.01064570318767113
0.001830717543753234
-0.01233699358224245
-0.01862279055841341
-0.01107572455954921
0.002380080434949111
0.01364914112443514
0.002842819540555782
0.00213645854504148
-0.01960418585278094
-0.0006986894370689425
0.004238927202690385
0.009737457546421423
0.02107813669673165
0.004972963955942624
-0.01239964869229972
0.0271542560680289
-0.0002153953170902605
0.0004816528153815075
1.785938051103095e-05
-0.03668486841776272
-0.004472888746065244
-0.0002333565503334504
-0.005836240228347059
-0.001622417595246619
0.01699881877131961
-0.009303066721205205
0.02011965256460601
0.02707235746506255
0.01433870899417337
-0.01291493320334406
-0.05509249245191604
-0.0188540677558523

-0.09305645312460221
-0.1530211863810793
-0.08080012190423905
0.07262545845711553
0.06694534125454941
-0.05140330577433025
0.05518390485317617
-0.05832407968688896
0.03703148410299506
-0.04059365907012608
0.03674689427038758
-0.003667958092415899
0.02522275124336861
-0.02475194896552557
0.02826188291594446
0.02325115978877448
-0.02292737493198859
-0.02143468919921766
0.01850415424185272
3.220858591954033e-05
-0.01680316976045423
-0.01802268247590284
0.01542850516770555
0.01388293446861404
0.01570134116849485
0.0146866875333437
0.0008137947036616093
0.01149793071082389
-0.01256687018613359
-0.01521454330817508
0.01395538063436824
0.01244308598992178
0.002748252663522659
-0.008776052640663671
-0.009267241146447548
-0.0135500197152105
0.0009364966101804103
0.005989499109578474
0.006748757125857638
0.0129340819062496
-0.01196883261539898
0.0007074628214881814
0.01153765514714191
-0.001045852790000509
0.002310260007303772
0.007347379971447099
-0.01977455959945585
0.01120537376955165
0.009017206420558411
-0.002502999392753698
-0.0109634827073733
-0.008843682741101238
-0.01436310881497509
0.01098699841524795
0.009051128362042953
-0.01010680094520556
-0.02749600711078589
-0.002679516956607136
0.01371714269404549
-0.004302069215065204
0.009289471981509013
-0.002967971605169755
0.005579055752655318
-0.03193400988190934

-0.07734242702724642
-0.1199421029623893
-0.06897805245482347
0.05775195123137417
0.05686229256591478
-0.04368587607875239
0.03867112932974179
-0.04450291611062913
-0.04130784379153048
0.0592573734199911
0.03547015581104392
-0.002375071213478474
0.02972029163472914
-0.01747698790300743
0.02285499509991536
0.02133554721763426
-0.01687775069515669
-0.0191763026569331
0.01597680312318643
0.000660434088122871
-0.01456157952966358
-0.01372265657632391
0.0158215327751882
0.01348101557573974
0.01021372648879402
0.01137402810711762
0.0006485847574352303
0.01018355817963629
-0.01098109691372937
-0.01119873930991616
0.009506241531295269
0.01237251063602433
0.00226449865328451
-0.01093147544926015
-0.00436611447795662
-0.004553061154998893
0.00237559872377277
0.007783433318388729
0.01623609647811155
0.01581451607105245
-0.006129087337244468
0.0003566674493415031
0.008583849053422885
0.005336329361877109
-0.002190942019556535
0.0004184057169700911
0.0006898536342058309
0.004653113608693183
0.02327607706723461
-0.002321685216081777
-0.01815154403602385
0.01003652859394263
0.007056569471996724
-0.003423753919227369
0.0002669150956615563
0.01230187962467737
-0.01923379324325838
-0.000814389919432923
0.01248975137714761
-0.03334393719237483
-0.01401074218361833
0.0115220160463541
0.03484158254664733
0.02874331482391848

0.08594157631133391
0.1353849422618607
0.06825460571915563
-0.06146257202933832
-0.05399991219392945
0.0462150916238163
-0.04236926586738828
0.03575981911446805
0.03717021539297213
0.0351961099305876
0.07192467179977173
0.008160917031807314
-0.03429689596228671
0.02595811768006468
-0.01867878818435625
-0.02111272725821678
0.01841970800760762
0.01753506599965276
-0.01698005044953194
0.0008484571048753679
0.01421986583879685
0.01658615013474634
-0.01330602167030083
-0.01454286987955026
-0.01261174760588081
-0.007315277841828532
-0.0008084899596964582
-0.01327881217844367
0.01088667040734575
0.006929192917487359
-0.01223187192886534
-0.008798894834967274
-0.00107882488346319
0.01112468820801048
0.008970995594013252
-0.0007028915925105707
-0.004408650900720309
-0.01444961607492799
-0.01827865095177365
-0.0115108470245526
0.01499803602235764
0.002382642497070049
-0.001549168623966342
-0.00969198743283875
-0.004622397207251205
0.005294828268933536
-0.01790205897660149
-0.01131586981658818
-0.01521286831988765
0.0012248170337406
0.006304875760580376
0.005182315450620574
-0.02402658655068508
0.01388161132077545
0.01247563008787797
-0.0315822520676326
-0.002033387876478035
0.01432591741248871
-0.03650986778648264
0.02552943533820009
0.01139939400798651
-0.01134033733868905
-0.004297110520274949
-0.07283560882236063

-0.01253391906586624
-0.019735805766106
-0.01086006453138061
0.008824349442388293
0.008493912659878356
-0.005735612137221627
0.0065943301105791
-0.006656664947366869
-0.003455889248034357
-0.002065904471794423
0.008198305616267675
0.04356890376889239
-0.004710198154322328
-0.006131921827126821
0.002237524273586844
0.001453125693418509
-0.00319323774058744
-0.002179474823002854
0.001895614970294502
-0.0004228597870066009
-0.002614082937339769
-0.001714391751062395
0.002034365161102486
0.001824713026539827
0.001593182742227933
0.002011377385834842
0.000488867805624545
0.001055225676267473
-0.001400989494490686
-0.001770383510559976
0.0007263197964177443
0.001437763550979734
0.001648302344897153
-0.001282006403559839
-0.0007547999004220462
-0.002623867153282159
0.002552684599018272
-2.570577072037944e-05
0.001254566827258403
0.002424003364354352
0.0001620925691130772
-0.003430664302986608
0.003158409207811488
0.0005661268505830471
-0.0002319512412896501
0.004325009817943801
-0.001608212291429007
-0.001238635670359246
0.001005005550629775
-0.007689193153884718
0.0006051987415185402
0.003131102562153357
-0.001627702325864627
0.0210022052490476
-0.01614524983753737
0.002727634155796578
-0.01023820892398904
-0.0182149981228256
-0.006832260175926861
-0.004352490119840603
-0.007929068164308458
-0.02767431124621828
0.008714326562902611
-0.003892875920327474

0.08390548487629812
0.1252289074529517
0.0631350716415781
-0.05490931632983281
-0.05341146986332446
0.03978209098783917
-0.0396109192794915
0.03705807110600916
0.02515965121098918
0.02896431747032427
-0.0337530811977163
-0.004337964144350915
0.08988354259925246
0.02847867021715014
-0.02639434171424627
-0.01485954122966854
0.01738818815287825
0.01751812106706486
-0.01337108251041665
3.864730594250435e-05
0.01625889873148545
0.01413590367879824
-0.01341446496225418
-0.01112841463669516
-0.01207820582942305
-0.01271555116001486
-0.0005874039719434286
-0.006996724721621109
0.008990651551140033
0.01021772286233419
-0.005649291274225709
-0.009340719548247844
-0.001557211169760957
0.006328158440375504
0.00698991057519659
0.01711187114338501
-0.0008975327080572673
-0.006756170512063008
-0.01080585233904804
-0.01698718564701931
0.007482909882000491
-0.001448173915651012
-0.01593304609360614
0.0003796118441183206
0.004662618093375165
-0.003500331576515456
0.01351226665054436
0.01171885568184524
0.004287563507497362
0.002226150051604482
0.002541458275782348
-0.006132174048020612
0.02775332821110477
0.003487147579635812
-0.001641837603646721
-0.005531997143123473
0.04885572456578541
-0.003910381591195941
-0.01065966467301499
0.02283426262351236
0.00553534702004636
-0.01070890614729261
-0.0193991799506197
0.02801177015671022

-0.04757608042161977
-0.08302159766159799
-0.05049578869566216
0.04343040607037413
0.03999602006023104
-0.03366734213790468
0.02922996205144577
-0.02947716051069901
-0.02322495258962818
-0.01576049434387458
0.02433775009862937
-0.005988673679042373
0.02737622631544935
0.1175191614826802
0.02571341078668061
0.02093714732914351
-0.009396898238707945
-0.01377779889356664
0.01366645120681207
0.001621083682900104
-0.0104587796397124
-0.0132877552294213
0.009489834805961975
0.009260299352750193
0.01045565655108765
0.01024023427076222
-0.0001607404317818405
0.008191421200798731
-0.004671244091843411
-0.006187948765298126
0.007053860291894328
0.001203431012485391
-0.0002338328552306591
-0.004359101623053077
-0.01280630957405509
-0.01308737642576425
0.002424121856325675
0.01271382244838975
0.003607998561995251
0.00548075271327018
-0.01781619158611865
-0.001547492812198337
0.00586294794574242
0.002629967045912993
0.007105112155124615
-7.606019975255193e-05
-0.001810369736736463
-0.001060170842799334
-0.02676692538620932
-0.0001426452560229986
0.01945301319516862
-0.02297387404044799
-0.0181442092433972
-0.009482794051262828
-0.01314680603795856
0.0151837526473954
-0.0169672745286766
-0.01038160645700057
0.03440122418689018
0.009859493349305063
0.008408870567593296
-0.006110881266902374
-0.04074752011065554
-0.01036536269970284

0.07486204360278685
0.1113223114496154
0.05469187620791659
-0.04754962262551952
-0.0451317434292444
0.03602939673493972
-0.03502791749400085
0.03007076781983815
0.02631393586752272
0.02073650482310932
-0.01684118071478191
0.001901811460247145
-0.02505978773878226
0.02569833995509681
0.1400622189924089
-0.02576720710085778
0.01966759745377729
0.01147429063459303
-0.01352241199842811
0.001284729056554316
0.01294950025458727
0.011104619635844
-0.01191316049202007
-0.01089210373593046
-0.01088932813547062
-0.008684315453128953
-0.001260618289650312
-0.0114526792166683
0.008453977835940811
0.003345578226482345
-0.005096774743872695
-0.004286305312616983
-0.0003956825030617223
0.008382334635097063
0.01194345160130261
0.01031022289281736
-0.002535570031413249
-0.01276433449504253
-0.01049692964741824
-0.004411658566826234
0.005966422583684519
-0.0007216834066580462
-0.007825036382136486
-0.01439834939800535
-0.01090474278197025
0.003072059786102012
-0.004412323818172613
0.008966990733287265
0.01196726959146388
0.0003118659419086005
-0.01000135799968313
0.004336510717137851
0.01478689447872228
0.02173045931888802
0.02480546803595935
-0.02787302351626651
0.0007660738094476573
-0.001113747673698932
-0.001650092647768467
0.00738632333235896
0.0192253231863991
-0.005412832477587889
0.02373217787521177
-0.004310585420416799

0.0625378648399267
0.0971478301688226
0.04921463580812064
-0.04304126202301932
-0.03940877242221323
0.03206557846809029
-0.02996343960220984
0.03007416387186087
0.02110902503327273
0.01926024791876358
-0.01913827999438386
0.001611962767463816
-0.01351170397073139
0.02052425005360693
-0.02556047592807632
0.1740123286006044
0.02308093469816759
0.01861416591080223
-0.007556168178680272
-0.000627489981997613
0.01121802659428017
0.01078971490823363
-0.009914760330459734
-0.01117876289007679
-0.007846192677062122
-0.009842131188672866
-0.0003332403727292472
-0.007792655444547804
0.009422417534626821
0.005787411313544265
0.0007752040033213855
-0.009720422064352755
-0.001106800975470503
0.00951557987010355
0.004771917723660264
0.01032501421460963
-0.001206731478666986
-0.006720924048072258
-0.0138467806341018
-0.009762871094482435
-0.006992501401930385
-0.002908988683767524
-0.01272499138387469
-0.01508183672941064
-0.003292690383246696
0.0009357716641870718
0.001348635904347814
0.01768210889791761
-0.006733166481273437
0.002548298793830242
0.007554384199541905
-0.02186248814382574
0.01764124596873288
0.01625636479397808
0.01930364328799303
-0.02179011566609199
0.01334781097736935
-0.01161685073256352
0.02809329417850018
0.02943178505195967
0.03737338883496856
-0.01290052166431359
-0.02256191090442892
0.005209506858683677

-0.04193312227700559
-0.06863128122611221
-0.03970054878585132
0.03392878803881686
0.03206236478341828
-0.02445421244147788
0.02471860638178371
-0.02283281791946533
-0.01969053192236878
-0.01398516794145077
0.01581470640816436
-0.002733048099746681
0.01487932250318703
-0.008383170769435816
0.0183762014869585
0.02208959969597977
0.2146375707638627
-0.02034417754392089
0.01470915870979305
0.001985918413537213
-0.003743987888303497
-0.01044673365958105
0.008448491333601217
0.006338049843643641
0.009971988015868483
0.005535592374699103
-0.0002082219363498296
0.007563350937086584
-0.005053885738090748
-0.005342710456993531
0.009697034375431839
0.002325141848902102
0.000189111274495872
-0.006175822560608749
-0.007618172091478982
-0.0001091182149026955
0.002985273112042106
0.009926173533782711
0.005936948702675646
0.003726157375719373
-0.01557979408077784
-0.002561446898451496
-0.002122430272162671
0.002859196398249437
0.006308073132992031
-0.001893706091310764
0.008077701323019614
0.01480662893729663
0.0003940606100091264
0.0006237035195365494
0.003258026738381427
-0.01827659883469902
0.01510020531806151
-0.005451210439096775
-0.004087517711443283
0.01297523049071318
0.006000049365849096
-0.01363957262618355
0.03565466768058976
0.002081989820150641
0.007659072970636789
-0.004104552468130817
-0.02158537780681348
0.03545159855522124

-0.05146726695529965
-0.0781300862871506
-0.03880403974273752
0.03395081574382259
0.03204373564875679
-0.02662185728409083
0.02319782231726366
-0.02330822642038988
-0.01861432620482228
-0.01614547449490203
0.01429298923936947
-0.001924493568808652
0.01526443224194546
-0.0124766024599439
0.009893059552521587
0.01741080535364724
-0.02024699788870843
0.260271606651697
0.01768397676251479
-0.002660711992978603
-0.01481007792691816
-0.004439680104357384
0.008231625104680458
0.008387077927820959
0.006425573881976473
0.009038951791059027
0.001381204072007659
0.004160580867631516
-0.005248758536327816
-0.009567303390856778
0.01019684890522279
0.007472035826560456
0.002043814906538623
-0.001101695234713147
-0.003413334471826974
-0.008287620920436828
-0.0005015921801553864
-0.0004050422399344963
0.002098628826386921
0.01182504985935807
-0.01030302383480012
0.0001951279613285834
0.007998401141276482
-0.01148065463173801
-0.006828869726807893
0.007346761476845443
-0.01920690159849526
0.01012902042452476
0.007885353542222017
-0.001950437546902938
-0.01020329424593395
-0.005156847094865183
-0.00897760471489382
0.01843328885050871
0.0235004160178538
-0.02049102367575998
-0.03670928028792832
-0.005270182968654303
0.0215510295342514
-0.004640025215379525
0.02097096381717805
-0.001782777486117496
0.01883665283515956
-0.03063757621742671

0.03928660152111652
0.06131937671186772
0.03290949601255656
-0.02859904743209386
-0.02616013494677907
0.02144595402396274
-0.02106124134455433
0.01811054239675095
0.01548858192165212
0.01324393210165558
-0.01407743004196037
0.001719207831774409
-0.01083874482690595
0.01192846674493029
-0.01171138492134439
-0.006329419404021936
0.01435528126695846
0.01750763456424747
0.3149077020252465
-0.008522572912881086
0.01574772415013559
0.01223227098112483
-0.002481436591833136
-0.006658780281133935
-0.006577380391908815
-0.004051690033794392
-0.0001806316717480543
-0.006243625693815945
0.006665918805990342
0.008199686624599085
-0.007347522029430068
-0.008495270760657692
-0.00137321769914848
0.004682719710089686
0.0002977844961017844
0.001978324182971964
0.0002029015925563677
-0.0001004605140258021
-0.003271506335208525
-0.006679155219674702
0.004177014290736681
-0.0004189755458083676
-0.002661750277825155
0.001390742532092587
0.0009755431000301146
-0.004686683629020859
0.008092277424369803
-0.01406641951963443
-0.0190873086874323
0.0005874665611181663
0.01591423288447523
0.001282166587632729
-0.007196299274649327
-0.01082727837828953
-0.01237302771137739
0.01217380938823685
0.005868113581328854
0.004421321351169764
-0.005307214361001122
0.006462025167245639
-0.004168953649837409
0.007288085061625255
-0.01725361775093117
0.0009190152339217275

0.004893062424150226
0.005331747176167346
0.0001213965692225759
-0.0002462339600831194
-0.0003564952755991288
0.0002732762361142395
2.336138026728823e-05
-6.478540754266339e-05
-0.0002575923477926778
0.0006849982137851627
0.000962018265383482
-0.0001043614991756655
8.482406662905132e-05
0.001670025744580433
0.001316616110198829
-0.000674765676374378
0.001845610618963852
-0.002712694377741295
-0.008456874543752331
0.2777593143758267
-0.005295293608748594
0.0009826018482428432
9.59215266048428e-05
0.0009144700693791699
-0.000117925761508054
0.0003842310523664415
0.001262830157517466
-4.909295955869556e-05
0.0001278909228033066
-0.0006892010406633481
-9.139934908526057e-05
0.0002574520696324613
0.001125307225257233
-8.709224001190037e-05
0.0003388012176710036
-0.000795385675856405
0.001956510261865252
-0.000808355521065856
-0.0001720163248289481
0.0007058527040520396
0.0001354105065290118
-0.002899519454798426
0.0007259621409479739
-0.0008486576098619316
-0.001137622701926153
-0.00343346590052954
-0.002140095913442182
0.0004462125202914477
0.0007161415833248015
-0.006829145552206851
0.001285887491274103
0.0007565815452439627
-0.0003546019961161285
-0.003200941879362702
0.00524282467345342
-0.003023136760642918
-0.0001673970647793979
0.009584486649870673
0.002900371787354174
0.002757723436727692
0.01349676110797263
0.05609858726213288
-0.005148304905020726
-0.002032917877127498

-0.0330365563087996
-0.05371601516433589
-0.02950877112053588
0.02581491990622421
0.02438465632407871
-0.0185960672466128
0.01833797928976761
-0.01795483770884926
-0.01311046783060086
-0.01173632675781036
0.01189978509117332
-0.002074291606622898
0.01281315325105688
-0.008407421456074423
0.01127049915834774
0.009880813714006466
-0.003523802177190213
-0.01415447463143945
0.0156289444478316
-0.005259576149987394
0.3803927242378822
-0.01588639781032486
0.01068121467618466
0.001221583356137838
0.005481810085041817
0.004022403505462476
0.000573482086738302
0.007050974157595407
-0.009273001135522586
-0.004469037968616028
0.007561508072307521
0.00496019784191332
0.0009325685931910645
-0.009158007433067897
-0.00423456522506636
0.007768535548078239
0.002448178276488089
0.005431094674594164
0.004395028413771747
-0.004273771203626153
-0.0001949610195893271
-0.0002944434037826614
-0.004421655670412857
0.01329715728841398
0.01368411536059022
-0.00242968173083712
0.008297601678893884
0.01835411465955224
0.02271365924631916
-0.0006278129101534607
-0.01243461432381539
-0.005815165168753341
0.02359742631910158
-0.006598473794455518
-0.007607203535129975
0.006983609537279905
0.04337234074277121
-0.0008069932083170832
-0.01020961772787758
0.002738504641208762
-0.01138696809919108
0.002880678931656587
-0.01258598480505579
0.03456940073834677

-0.04115101329834501
-0.06142746948780814
-0.03046161358106205
0.02650433015511138
0.02529790303095166
-0.02057927174407153
0.01789398118655062
-0.01807629546281813
-0.01496017965397862
-0.01054770848606767
0.01257970232422835
-0.001453288771068042
0.01175150653041949
-0.01113761078141052
0.009492372130184213
0.01005369940693661
-0.009471213103943684
-0.004203266259155779
0.01216911532018571
0.00105768844461475
-0.01591748826176207
0.4544940626854134
0.01484715191759539
0.009953686484032366
-0.0001120073450509222
0.008297052742315788
0.001448246005463624
0.007006999689426084
-0.006066465583688765
-0.008986283586697823
0.002526864958434284
0.008074940172081761
0.00150155868979573
-0.005449431350061585
-0.003464113611689653
-0.00812244872332887
-0.001963392620665819
-0.003988191872308627
-0.0001844628976815556
-0.00149640083479759
0.0123077918661168
0.004603186920065575
0.009265004934373789
0.00967214706621566
0.008649340454567063
0.006604803857204727
-0.02146902363238176
-0.002415861618180256
0.01277527215576152
-0.002446013889397847
-0.0148611485267651
0.009437479947413528
-0.02221744178550532
0.004207251970832619
-0.001397735877807012
-0.01598254133468172
0.007769531059157627
0.0175615600791118
-0.05366267099071374
0.004442807471895389
-0.01718943696463388
-0.003797889747402141
0.004693816455433569
-0.05936441167746318

0.02783737714233268
0.04547140278334127
0.0253302957741502
-0.02237695470792467
-0.02021404573220475
0.01661246670975649
-0.01647717216871428
0.01366938495863263
0.01184964945797252
0.01101039572360484
-0.008959914923487166
0.001624415355711228
-0.009758163054304412
0.008467707191804608
-0.009909023683633587
-0.007352148685017053
0.007809952003459295
0.007380877514836822
-0.00192342643703566
0.0001122522648953708
0.01037775083132894
0.0144782753536393
0.542417249574693
-0.0123115648337978
-0.01150859017576398
-0.001233549258161146
9.096445426609432e-05
-0.00661974337556899
0.005700647195658293
0.003757575251831133
-0.009048542315903969
-0.001216792623475285
4.45783928702335e-05
0.002418600908537293
0.008605953827254882
0.006546298324244585
0.0001966212399943218
-0.002738954648037611
0.01118294628919186
0.008414184628354273
0.006403512085299897
2.368480461816143e-05
0.001603387674036129
-0.004620165619200594
-0.01700942137139892
-0.005107086555447967
0.01399267950350027
-0.01713394355513917
0.01236170339431219
-0.0005039525711935709
-0.008043135010578087
0.03039711034780371
0.01132994108602596
-0.0039739851580137
0.002080634873782107
0.01560895764387218
-0.02706936094693715
0.0006571902569093797
0.004306110879718623
-0.04387182372887664
-0.01766739568531766
0.01718169983312782
0.0588576159404646
0.04545006420655125

0.02911328331025255
0.04581552633783036
0.02537692352524868
-0.02170905622073946
-0.0207320063871438
0.01621717278608607
-0.01533482820351989
0.01520977580660685
0.01089655542527407
0.009664409788995109
-0.01068277731190363
0.001353243834482189
-0.008282441236977904
0.007948414324980779
-0.009192438094011506
-0.009400574923526457
0.005643398881306169
0.007834510060161219
-0.006312800059161515
0.0008249024203784095
0.001148611127637848
0.009928838563256529
-0.01266493814917893
0.6381033350894254
-0.01435651268092799
-0.01033719151523842
-0.000387465874254835
-0.000845812069545572
0.005203626804520804
0.005866294397182914
-0.003911482711025297
-0.004243387004854296
-0.0007377637878429629
0.003841871242106117
0.006032618400773131
0.004365781444114546
-7.256609234661e-05
-0.00217505254654627
0.00411235723375621
0.005114758887845259
0.002565797695500996
-0.001097174506475439
-0.001610268398975263
-0.004246476276558803
-0.01086886246718117
-0.003795804147840005
0.01205543293896117
-0.008440838983294834
0.00141856896433631
0.0003588111110944128
-0.000802279351399861
0.01308518745007749
0.0109437732923389
-0.002571797314889766
0.001393273418526541
0.01008330549512211
-0.01350276191891804
-0.003333083307684601
0.01261267822002375
-0.02060906504347014
-0.00662846389751132
0.009170165314916122
0.0266513016871161
0.03498212331275322

0.03609611890707368
0.05523319518180018
0.02724482726317048
-0.02396658787998611
-0.02228728446314716
0.01801821409834048
-0.01628446115062836
0.0159426446211283
0.01318068986983735
0.009057852453112332
-0.01047183528432762
0.001539117346564938
-0.0104910772413017
0.007650828246106685
-0.009589579545971358
-0.008355657415657702
0.008974902863642704
0.006278116735357438
-0.006962062637505611
-0.0001382979834890871
0.005916629422015877
0.0006636082674653337
-0.01144247221984995
-0.01454558406438477
0.7503452813021145
-0.01405303214370014
-0.003673537453158013
-0.009243019836635774
0.001401084253725444
0.005478565678175768
-0.00185514683121043
-0.006734544875340302
-0.001245276816316726
0.00784417535077225
-0.0002034910533500276
0.002224490024536665
-0.0001125288900236509
0.0009926715754260476
-0.008981440923155969
-0.006129707537101424
-0.009773849968020727
-0.00302164028365295
-0.007832326074585337
-0.007276681933566539
0.0004611177662969803
-0.001364745842666301
0.004611697275522094
0.004265008602660625
-0.02088307717379562
0.002005285931570158
0.01827074130874497
-0.02030544852375302
0.002890608299704228
0.003044902858598449
0.002124927019389537
-0.002829276928517118
0.004047577969378026
-0.008935462844011116
0.02803009606471757
0.02165084675898304
0.0224073068854095
-0.008182155008465622
-0.034965524332744
0.002110804860431378

0.02885249937323214
0.04572180560499793
0.02495905382058269
-0.02122184028844471
-0.01962670675256014
0.01547299029648245
-0.01549563662182731
0.01353033067833412
0.01110289705059469
0.009910526654434827
-0.007815788242033167
0.001457293915751707
-0.009041841978590115
0.008352968971859295
-0.007022245258336356
-0.007881239002315446
0.006526321613047164
0.008078168098554333
-0.004185249191432447
0.000382228970441351
0.005102364327321581
0.006915122278891832
-0.0009961040289372192
-0.01003584032706039
-0.0137360494989276
0.8800369189240417
0.0004708413831257275
-0.01389535655380125
0.008965182655701386
-0.002799305051004538
-0.007657375418224399
-0.003940738068308888
0.0001481699726939884
0.003293444223204791
0.004028770077030016
-0.006521009162567429
-0.002878063145193994
-0.007374315943659521
-0.008234854791912168
-0.005178426140804817
0.01099441563307775
0.00286965404221185
0.006347172745653925
-0.003784550378388046
-0.001192538883310046
0.004520072868426692
-0.01737593184033039
-0.01519798707684012
-0.01333524154958301
-0.0001726509037686988
0.004520193165182124
0.008124813941398773
-0.03069932855274366
0.006438826771565887
0.00270943547706455
-0.01777487335228881
-0.01113267108196858
0.01348855480862735
-0.03385980513538756
0.01124754659620432
-0.00190788982719155
-0.005462716654997783
-0.001226578920475388
-0.06801336636327922

-0.0005793278276293256
9.2153718631304e-05
0.0006796776523855586
-0.0001800878928811045
-0.0002897396374241325
0.0001046436897899297
-4.329723734279859e-05
5.951750997707816e-07
0.0003856264690767809
-0.0001359347228578893
-0.0002093911756757293
0.0001062778147491665
-0.0004764155111403755
-0.0003902741569928498
-0.00072348070770079
2.186493820468865e-05
-0.0004724394171055407
0.000980112459681254
-8.089526949862561e-05
0.0003999359337364677
-1.381453600728637e-05
0.00104474549614776
0.0003114309268373702
-0.0001399968129390813
-0.003431721027466233
0.0006710062493523908
0.8803859864038976
0.004992524013394683
-0.0003078209307969186
-0.0001102852116898251
0.001249410395964701
0.000829204306878499
-0.002786151214005481
-0.0003868465748318086
-0.0003668918787078431
0.0005805848994583052
-0.001402556714354075
8.757645830312854e-05
-0.0001432394752309939
-0.0009057081604686297
0.001581540544795614
-0.003611387155599166
0.000496614129490663
0.001366771425301117
0.001340667771756149
0.006614304636736098
0.002081548068862644
0.0001367858166741527
0.001206870435158418
-0.00705700104923829
0.001727276140955578
0.002168344717731936
0.003190939938125173
0.02236828656323648
-0.01711411802234716
0.0004028443113760245
0.004659133030905802
0.02290935932461961
0.004120632813204822
0.0001748681077074897
0.00033091731522429
0.01387564656256438
-0.003119523178964196
-0.001450074894771939

0.02881086377599126
0.044636152598192
0.02262150683133571
-0.01983166688533941
-0.01864695800003079
0.01493908970809695
-0.01366172886813606
0.01367646863775691
0.01004090627181733
0.008248383704547847
-0.009780217365789384
0.001014494913119715
-0.007003564203641106
0.00690533803123813
-0.008635577643994589
-0.00601708379689462
0.006396796261754286
0.005824493666358964
-0.006303552722427295
0.0001195828732205467
0.004820613957972338
0.006095882330898624
-0.005698736931267462
-0.000351476556275993
-0.008720042456642587
-0.01357235920051981
0.004800143261108225
1.024627125103531
0.01023105510326859
0.01060403132303776
0.0006456115627384888
-0.00442843262287515
-0.0007663357994398688
0.0003577155878159446
-0.001319875682302044
0.009026987141961767
-0.000361408396587761
-0.0008041287177087079
-0.004773154480717034
-0.01320252484904616
0.00970934029397498
0.0008116424607593772
-0.007967769015339556
0.01336344040446456
0.01157022470742936
-0.004383457176839171
0.009338300755695262
0.002729277950271097
-0.0005852941865740315
0.002456835137331275
0.003885445290982622
-0.003310974463824575
0.01050218150387826
-0.01321798263496453
-0.01580020227441327
0.006743687878146179
0.04849345821949617
0.003645358225573725
-0.028114520135664
0.01774637487506878
-0.01354836823834377
-0.004802385269681847
-0.02996330464392075
0.01172985569263099

-0.02291748438286157
-0.03555196910618938
-0.01922984551849541
0.01649166550200437
0.01559069899518887
-0.01270022947430059
0.01183825534918888
-0.0109244781908626
-0.009196228849607422
-0.007229487963346947
0.007363547759089883
-0.001173289311831905
0.007698282390777729
-0.004846686656641548
0.006513211876724809
0.006822255470700185
-0.004166829894407115
-0.005056057676463065
0.005213335273683485
-2.526830558791733e-05
-0.006459909677532638
-0.003813377349140459
0.004879713820041012
0.004267872181094648
5.064602298957563e-05
0.008292951684483343
-0.0001262960230416118
0.01014682357303834
1.185170044295044
-0.01148520714395994
0.007574034928467786
-0.003996428439173119
-0.001339323831649811
8.077285189705052e-05
-0.004160326133762022
-0.005666745994842709
0.001536955317146425
0.005919764436251945
0.004245832394969316
0.00875921578743296
-0.01072322168594103
-0.001094755882483993
0.00526987751855345
-0.006318480197296953
-0.007098492684616271
0.0008965037397113051
-0.002144737626400829
-0.003814166342361082
-0.01259894714702905
-0.001108307547328696
0.007705290747253258
-0.006488240536700688
-0.008580763339492498
-8.964736545303111e-05
0.001970244024372749
0.004426212049915565
-0.03145445765110677
-0.008267668410368962
0.03271464035178234
-0.00725396650435239
0.01053504176087732
0.002506737034580185
0.0007320818843352479
0.001434612573144845

-0.01784147321321716
-0.02909911201599188
-0.01599062403346685
0.01420869530799785
0.01293686497544726
-0.01053784948373278
0.01030154270632341
-0.009307209462776852
-0.007690035643457202
-0.006862526798778383
0.005898142979173721
-0.0009042214029437618
0.006045973469700115
-0.00595905999223117
0.004171667696886228
0.004964916101988726
-0.004993471353735689
-0.004366377432264706
0.004688581073463617
-0.0005049521453185019
-0.003907927395340594
-0.005895187096814129
0.00238424979239895
0.004432846311885966
0.003929143574436163
-0.002887410163332127
4.817320543659014e-05
0.009327540710341697
-0.0112478771543856
1.368853683166085
0.00847531766182746
0.003564774001731355
-0.0005381626083654899
0.0007302348135716148
-0.006285815149995681
-0.001139173383106068
0.00272349957182245
0.009062053252926441
0.00981161720993988
0.0008986060309217284
-0.00464309559811338
-0.001347108161595662
-0.001121955272053266
0.0122689680258719
0.006816304557443381
-0.00741755385245152
0.01990659179997648
-0.006597370497138202
-0.01121423413203574
0.0003569699158884641
0.01268549479547494
-0.003193676078157578
0.004024933807355252
-0.02323145018471424
-0.02433781077534451
0.03382286056604296
0.01191186968493419
-0.004727944794875329
0.01220486653042499
-0.009347108064378015
-0.01750034087819254
0.007324732970961577
-0.01993500751900315
0.04185061457447384

0.02091420567605353
0.03099492017148627
0.01535850915882558
-0.01354703296584447
-0.01320345907814393
0.01023385029585409
-0.009481675543012276
0.009849998792604992
0.007453767282222779
0.005814597315225214
-0.00689077037479064
0.0007735452945089156
-0.005480752756361916
0.004902817907586426
-0.00614587187409321
-0.003187516454601048
0.004958741796596802
0.005737517023500168
-0.003432166213492399
-0.0001439709675859077
0.004335186828407148
0.003232207793555552
-0.005819713753131725
-0.002297235479149746
-0.002237517861712897
-0.005212795849850377
0.00114912798525583
0.001422969539495436
0.007240853086262744
0.008802051694087253
1.573078307455033
-0.01164524729525713
-0.0001278602361274
0.009020323072032585
-0.002869010741740225
0.009821771460671831
-0.0007233727078063528
-0.004076776239808709
-0.007682709571557975
-0.006408282299040035
-0.01071718437229539
-0.003026069304163848
-0.01128552299482424
-0.01149872987387562
-0.001424955263233647
0.001990506850786014
0.0002768895277220221
0.02950687353491777
0.005281926450752347
0.002700088198537028
-0.002549096192028409
-0.02436110078640372
0.02630808473971669
0.01771757420439863
0.02187102614772331
-0.0212551426225583
0.01664064439845519
-0.01477395795174053
0.03555100872830324
0.02461884651441448
0.03682013922230703
-0.01260302187963046
-0.01677176150866927
0.01689665492788866

0.01185108138951928
0.01993626941614665
0.01162508099907964
-0.01033358376424197
-0.009389548953925447
0.007949331683064059
-0.007485355492603873
0.006844711022249433
0.005904730401846612
0.004919354365438484
-0.00463357940953421
0.0007543380977755571
-0.004953964236447671
0.003467416086143097
-0.003775196670541364
-0.005075790408497647
0.002240606883591764
0.003701644214892671
-0.004257291661641013
0.0003642277781661168
0.002127402088707014
0.003812805086323478
-0.002107938613546137
-0.003404625361987591
-0.00285157901276824
-0.002883766078396442
0.0003854378172555783
-0.002993524252935356
-0.003860670123803552
0.003950244200714574
-0.01121246894094842
1.78567617749507
0.01352528885307754
0.007808347953108103
0.01131182038673168
-0.0006542149322713341
-0.00207412376824119
-0.00721923191946091
-0.0001298854808650081
0.002492456362889548
0.01176305702528858
0.003095798531610824
0.0003849711434521282
-0.001684927773938141
-0.005316575293644927
0.001963593312432321
-0.003892069448632752
-0.0008269405995883744
0.0219290703048519
0.00312522423281017
-0.01730257767290182
0.01731416125210805
0.004456669399240823
0.01234318278617637
0.008120931636542218
-0.01216857698996807
-0.0006963613346265189
0.01458366546802886
-0.02220509604021344
-0.01516361803970392
-0.007986145727864255
0.003503010904993048
0.03701126006829369
-0.004846288770555195

0.003989496607198425
0.006207206098091465
0.003237537000153998
-0.002954222686153738
-0.00260105258857661
0.002232891642496203
-0.002074458098215282
0.001599444076056844
0.001904487769043619
0.001290367107800066
-0.000814994251691122
0.0003047948952125232
-0.001590809119128632
0.0007609991765020487
-0.001040602663622033
-0.001225281784627789
0.0005109126913845443
0.001098513433944347
-0.0009336601860698007
0.000219818499563815
0.0005122595914940518
0.0009080384224944131
-0.0003442751200500258
-0.00063683850049685
-0.0007092495537366646
5.665847729452829e-05
-0.001372414647876804
-0.0006478526716047039
-0.001048183444368444
-0.0001810305045081778
-0.0002828768087741415
0.01327725198248608
1.792000891599697
0.005753075268877497
0.003006122192427481
0.0006942104353743445
-0.001175853725381796
-0.002512821371167266
-0.001181827813068726
9.781901843224853e-05
0.002815425738715269
-0.00612816067987037
0.00102776064505215
-0.0007747337484653983
-0.0009518162601720613
-0.001420202884630148
-0.003186206464175549
0.002409530025653551
0.006799189932370611
-0.01712987677188755
0.0003893469170636885
0.003412345877044147
0.0002887478248639612
-0.01112264172894034
0.01503963081397921
-0.005819978331259103
-0.002475871332741768
-0.03216542889991228
-0.01808236845410987
0.002030335237982211
0.00377895259762542
0.004343521810597325
0.009197967658753961
-0.000695458128048965

-0.01496850371999681
-0.02340745083108059
-0.01294055043599888
0.0111140910459346
0.01055840900864951
-0.008524847934808248
0.008260021835913784
-0.007390357510111253
-0.005981871617608327
-0.005395101261692135
0.005100112401868549
-0.0006785426905478903
0.004593235299453997
-0.004439677825499605
0.004427016038300884
0.004276156698733651
-0.004599760060376031
-0.002262707562334188
0.003164975744581662
-0.0001651853969183815
-0.004505381567515388
-0.002408742840124311
0.002351842026136768
0.002921889891968878
0.004752571147839691
0.001543771225886839
-0.0001905878113366921
0.001227913857428474
-0.0006354829525843995
0.00147199957847367
0.008245391331494031
0.008097102020956825
0.005722267090244714
2.034817716747391
-0.0114653182320525
-0.01019763858145651
-0.0008269315741537078
-0.003123538858533881
-0.0007483541696315776
0.005324738656414082
-0.008304017908609934
3.582974553070631e-05
0.00381086933467211
-0.007373977982002322
-0.003265703434300353
0.003139039815069847
-0.00648881201332735
0.003462516450666271
-0.009217394306595543
0.001034426553065653
0.006864230750823853
-0.01081368712134748
-0.007508520392777294
0.007498780927349135
0.008467487811979164
-0.006021478623669252
-0.02205049927885991
-0.003822486089145129
0.02444970621496453
0.003310528508529428
0.018095137661183
-0.004598376732168017
-0.00640185261932975
-0.01685427798583639

-0.02013685579611203
-0.0306339965310117
-0.01486411839677387
0.01304386381491553
0.01222472147476566
-0.009856495374631132
0.008899820118702792
-0.008969616107192449
-0.00671974584244055
-0.005264065550874897
0.006016922101144551
-0.0007740151342309205
0.005271335408244324
-0.004749079604407378
0.005839890195840972
0.004307349365243605
-0.004184607382147354
-0.004738620290173884
0.002159141746942889
0.0001577070055106962
-0.003324760331667685
-0.00369889405121177
0.003374980993894997
0.003521455536095906
0.001773727486550763
0.003639981018568399
-0.0003995473420503622
-0.0001187005833204239
-0.003553085478174743
-0.004764532865520982
-0.002647152890569606
0.01048551533253308
0.002617449039143903
-0.01159409112164534
2.30569336978403
-0.008797105536766162
0.001446690284730056
0.002102826466613587
0.001465608680218305
0.008801404248481986
0.002398595768573115
0.001421951237691792
0.003359081726338992
-0.0008223847635779576
-0.006981447543445873
0.002502995575020937
-0.004061360686160769
-0.0002260473398360823
0.02053819932755954
-0.002054384131055987
-0.01654247571169985
0.01756496877506268
0.003000912818985399
0.006939849973172623
0.01054113795907412
-0.005345211025952153
-0.01732305197911491
0.002833542735350587
-0.004383768207893906
-0.02274806470935918
-0.007748452807807593
0.006939310910715472
0.04155753675911336
0.003856045028939544

-0.01624154180120253
-0.02581473736059689
-0.01405559355685278
0.0118464168361049
0.01094999207791094
-0.008528024959061683
0.008571431579745319
-0.007509453830585681
-0.0064138573097304
-0.004943602312113268
0.004581584646741671
-0.0008704680244542107
0.00557569324542368
-0.004414425151232981
0.004536690230696095
0.004956694676496584
-0.003075555280699927
-0.003983714320817872
0.003826138341265854
-0.0004503643442496824
-0.0004366071744366499
-0.003783322339973123
0.003911478414172014
0.002028742536552191
0.002197808923746167
-0.0006535526625805234
0.0003866366573502332
0.005503272572052484
-0.002963395650713608
-0.001831228429426839
0.006816324850431882
-0.001098877020273488
0.0004811306944404205
-0.009476803448952603
-0.008945655798782894
2.608256476708348
0.007654088989251677
0.01073732091507834
0.01033818125358309
-0.005908789788782546
-0.004146945711957186
-0.001517029002349025
-0.007445414563529166
0.004720975940850098
0.006278578490475605
-0.002668689480473255
0.01573506294479118
0.01994701054142402
0.02374573577543318
-0.0005625625982855232
-0.0127428864902434
-0.004287519245740086
0.03850738337141107
-0.005087047856303366
0.0001751474997459936
0.008141169589146877
0.03249108533448484
-0.007903598292465158
0.01355161414470899
-0.006665254066265238
-0.003845788283683993
0.001191276657547471
0.001572882138727675
0.0641649917065457

0.003084815578235894
0.004001707545839216
0.001855167544517933
-0.001535650772212175
-0.001005989147978687
0.001259442988604443
-0.001257334631661379
0.0009472962022757989
0.0008518654359082324
0.0009714137044305189
-0.0004769746640695014
0.000145600615681913
-0.0007407805805403962
0.000682453227909105
-0.0004996433195928957
-0.000538082410650276
0.0009549975214437578
0.0001385499378710418
-0.0002719186764063712
0.0001700344479200849
0.001089400333320737
-0.0002239821346368714
-0.0003885745739262223
-0.0004024493063716601
-0.0001024662398998812
-0.001054947472978105
-0.0004372824862458583
-0.0004439655712968177
0.001111306310815149
0.001371685769072363
-0.0006223926938120917
-0.001727627010593565
-0.0008825016329791192
-0.0008541084786142664
0.001494095351301892
0.007493925256834278
2.80638792826935
0.01449571288862936
0.001443837949114887
-0.0002155210426620581
-0.003573351464921334
0.004092638133854582
-0.002629159855225787
0.0002124937269826384
-0.001153585321629511
-0.01240828617459591
0.003180948960396154
-0.0005623513488888227
-0.002715875302727968
0.01589577059560006
-0.002177091131435242
-0.001184982554885606
0.006983669177517201
0.01581070903238308
-0.02049665746961545
0.009830017874527306
-0.0009517548160916238
-0.01053712600607218
0.006731135107575432
-0.002465039503814126
0.002265078976429373
0.02130617939128194
-0.004489469390519076
0.01542164945345566

0.01702450116750323
0.02632162056924947
0.01313106537477829
-0.01153702745695728
-0.01085259459360613
0.00853145419645775
-0.00775113819894281
0.007789147500732335
0.005700707349827839
0.004858725441758249
-0.005242409481478652
0.0006334273084490964
-0.004479502738365664
0.004510377479708587
-0.004742729615071201
-0.003864022193131251
0.00435263687543512
0.003042817217783629
-0.00251001730893507
-0.0001205137505361968
0.003937241581483852
0.0008856218607786333
-0.002472871841460321
-0.002768524139317121
-0.0005167094705229012
-0.003621935315371015
4.543864507875416e-05
-0.00177226614749564
0.004178954070472953
0.004561080150426215
-0.00333971937985313
-0.005216905522294797
-0.001967869809884699
-0.002826766370433358
0.002834582339190359
0.01051534605109879
0.01436416202739548
2.925969591839372
-0.006190579972107297
-0.006372818767889949
-0.009284433292126245
-0.00429303128044173
-0.00452067889054447
0.001897937036119656
0.002226262387254286
-0.004417548339605146
0.01848103704986962
-0.004753752906898809
-0.0131024673114311
-0.002193518037678594
0.01473192636393532
-0.004390077407832474
0.007869822677044461
-0.02010184550520575
-0.01036869530747987
0.01974647942277036
0.006249662038047676
-0.005666277609620532
0.02138999798348477
-0.0008224578580064597
-0.002377214083730561
-0.002238580326262127
-0.01540566990441602
0.03846083663940342

0.01264284052443569
0.01979028369163616
0.01098593050511924
-0.009442319653365465
-0.008818522025151126
0.007116031068640932
-0.006613177311822986
0.006008550607346327
0.005083975688872669
0.004164926147483742
-0.004568728075632003
0.0006047747845573657
-0.003985556309637963
0.003162553778313388
-0.004128027873738019
-0.003800914109066879
0.002917747398281823
0.003201157797870376
-0.002428829156855828
6.362919177553431e-05
0.002397295891349033
0.002776395994413709
0.0009842020690160004
-0.0006603437514786986
-0.003904600188147647
-0.00259622871035086
0.0001307858273773209
-0.002496581273583125
0.002739488147226594
0.005617266361722608
-0.003718878615844673
-0.001009232507945297
-0.0009438880437521386
0.0001316570196950467
-8.376818384348353e-05
0.009173373838399893
0.001215974580629099
-0.006389576878795286
3.281416687270901
-0.001271371001620246
0.006867996444166172
-0.0007232584568172493
0.005104000481038814
0.0009551903410309425
-0.009860602431327102
-0.006084272600526187
0.01705190544356773
-0.01400561943374812
0.00632201437836794
-0.0003680013530089948
-0.002216641974329161
0.01963664349686015
0.01339130436202189
-0.01271325858978802
-0.006291626769101485
0.0264692760596798
-0.01284844461276514
-0.002365235019786249
0.01043304668343605
-0.03486138296104809
-0.01815554937245294
0.01429505265744979
0.03605581551579711
0.05317247778756098

0.009675774953107784
0.0163383893787267
0.009532211316034878
-0.008335195332156705
-0.007526244340425846
0.006012681760137215
-0.005751549835262897
0.005256482471135649
0.004385983203948149
0.00394718069441711
-0.00353040711899514
0.0006003762007165426
-0.003863499414168445
0.002929650831349138
-0.003001600224585483
-0.003481032029355758
0.002439448553034763
0.003038897032189756
-0.002947076742738264
0.0003033989515972286
0.001183145271376159
0.001411092783459193
-0.001086284964042551
0.0003413211578470994
-0.002438710664807353
-0.002751163030753733
-0.0002380587810776203
-0.00389903494166759
0.003666406486171253
0.001346862694798078
-0.004102106709270206
0.001315386356351373
-7.988403220860098e-05
0.003739267044748205
0.00586577792559961
-0.005413862642275734
-0.0002615114724706647
-0.005970784276926238
-0.002060762575685413
3.663101996909102
0.005875526551522469
-0.002218543388608519
-0.0003797012692375798
-0.005975408349091832
-0.01731511206199032
-0.001304761895122539
0.003458376708651216
-0.009637661760176561
0.0005369701671255412
-0.001061136066850833
-0.002757211671422535
0.01532852734159866
0.0004466668927333947
0.00375680012952923
0.01179419625351074
0.004123550440114059
-0.04436732753364307
-0.004173651520080001
0.0220819350460175
-0.02994414964986
0.0006785577762635987
0.009549950569655651
0.04336262337916475
0.0191464926683083

-0.01534455174035733
-0.022601500803666
-0.01066994755042499
0.009360319630688816
0.008984853776922449
-0.006734832662049661
0.006275903476551506
-0.006453785794187061
-0.004953883724603312
-0.003764675342186488
0.004481229404441767
-0.0004964599487181447
0.0037062076980649
-0.003759817867382771
0.003663104837684012
0.002511673147391115
-0.003776341523108659
-0.003244818415175653
0.002366076321821644
3.935586600460008e-05
-0.002455989166813224
-0.0004625173302016325
0.00246888194304822
0.002851835999206766
-0.001187204213889036
0.003669308129218034
0.0003348365289165435
0.004157636880700788
-0.003538557334290082
-0.002560100101868967
-0.002985620358381881
0.00664462757026361
0.001705559686057938
-0.004268602104750449
0.0006032034875711294
-0.003090113474321209
-0.002854365082981165
-0.007636560295441468
0.006659699256559533
0.006369013783888306
4.076851342384822
0.01169288140377534
0.01352391143792633
0.01710128385339419
0.0009545407735956036
0.003055267835192441
-0.009050760397471276
-0.009737540337998018
0.01455930630205577
-0.003806844117814356
-0.01517568402866744
0.02191985586235037
-0.01338598874250977
-0.003164065807670287
-0.00994764184537749
-0.001456316979629469
0.01297966296705419
0.01967579600432014
-0.06125707048429507
-0.009120100776908105
-0.02902485160291943
0.005317554059486048
0.01973342517814958
-0.03084789572554236

-0.002106740880643489
-0.002157387712985826
-0.0007821210388043284
0.0003446010530803329
0.0007896279432495242
-0.001023487731546539
0.0005135240903267147
-0.000374428097114439
0.0001602995131043031
-0.0003546535508551859
0.0001870051783762243
-5.83553713051163e-05
0.0001468011261015623
-0.0003702576509684912
9.59489951549271e-05
1.401448048202441e-05
-0.0005578960585547494
7.898496938759828e-05
0.0001152874786843612
-0.0001717932978607883
-0.0002806132205273773
0.0006835956315534191
0.0002662123828511731
-9.467371562115633e-05
-0.0007382857611381182
0.0008180930130972904
-0.0007297194166676717
0.0001750938360430927
-0.0001067193202983687
-0.000648933012434701
-0.00123483086827071
0.00143666845654474
-0.002502251447681107
0.0002716232366025115
0.000881288516299384
-0.0009081391710361792
0.002624418314654257
-0.003094040792161896
-0.0004030833518617481
-0.001904167670124177
0.01131510250774664
4.284958497141915
0.01152941981777384
0.001703092480331435
0.0005800579696526615
-0.003046968314834351
-0.005271357221439617
-0.00274916261511135
0.0009185725060217256
0.01703043228705756
-0.007727000647958259
0.002390624284676643
-0.005852400024468075
-0.001315757360432706
-0.0004171076655455047
-0.00166711401004183
0.001611651335652156
0.01553694360591705
-0.007146669349545326
-0.002777528315833479
-0.0058187953595015
-0.0005542252367630388
0.00175116732037727
-0.0130686215439185

0.01004595970972569
0.01607800940581211
0.008612216797908072
-0.007435061285055715
-0.006804216586290616
0.00569049285586701
-0.005316561145761422
0.004766715060078069
0.00396477901241867
0.003346434074374654
-0.003013588262545058
0.0005481214432869791
-0.003547719286738423
0.002582550767256265
-0.003019362149315897
-0.002974630783029924
0.001864488710497763
0.002817451251622487
-0.001884076794998925
0.0001276046296918408
0.001055841261872069
0.002903767313163706
-0.001079410872948454
-0.00127686595452729
-0.003277668979075455
0.001008524432132834
0.0001718620927621588
-0.002728421644267436
0.002728170998195416
-0.0002798375871978561
-0.004554396414995346
-0.0007072003689528525
0.0001369371367076627
0.002846897132380508
0.001358203406289945
-0.003827362717043866
-0.001524766825100978
-0.0031547488153226
0.004779554446449934
-0.001210379205406479
0.01281053297633834
0.01138185235430146
4.515869203980102
-0.01039943005826138
-0.01010365808956178
0.003424856022902105
-0.01060850591863605
-0.01356189494891998
-0.003876575506103036
-0.00446352337012574
-0.0001282008105462155
0.01389909136677427
-0.01524232234726963
0.001198425093414616
0.001925882414473115
-0.003295934915083649
-0.01878460436260539
0.003992270316178382
-0.01454268729742834
-0.01213806746604036
-0.005956473863016676
0.002837457189164106
0.01698057578030526
-0.02404776873418206

0.007435042489776946
0.01185415737359915
0.006856806709262342
-0.005765479551723105
-0.005584975557404714
0.004536300996648978
-0.004385185612839135
0.00394985833793773
0.003064480058033551
0.002736572738607226
-0.002825453101393531
0.0003496281816679678
-0.00233063845115005
0.002284586716199799
-0.002517164240688778
-0.002632969494226864
0.001850732047474277
0.0009084290057434529
-0.001612678651408716
9.3837662510262e-05
0.002282149766990136
0.001976063241022177
-0.001999821546743867
-0.001436654328264733
-0.001845170737816535
-0.002363910658620299
0.000297352894206936
0.002733490039445722
-0.000840404121677683
0.004498766615187323
-0.00345330839929677
-0.001044081809982172
-0.0004765377601131858
-0.002364594526351114
0.0004671841249048645
0.001989146307425091
0.0002686541281330406
0.0007373242854601747
0.0004614591782282932
-0.003242779293218396
0.01457233623765617
0.001454093975970881
-0.01016890334722689
4.999591650476382
0.001619737730569178
-0.006184403186480624
0.01188911795342517
-0.001429722172849114
0.0009264138300356169
-0.0004962562397368658
0.001595430391009961
0.00599446043521556
0.002764952078044839
-0.01490807754186248
-0.01888405395298232
0.01315276739602582
0.03172854756990977
0.007744044020226033
-0.03271964005500154
0.001921373948460136
-0.02714869337594245
0.001998279828336604
-0.01221789107827269
0.007821997172248532

0.009144808149434145
0.01384127958065457
0.00674135000686374
-0.00594090149257835
-0.005688927453657748
0.004757695589979813
-0.004170968085355529
0.00432885776129595
0.003125630046271323
0.002565395316199254
-0.002821250484475589
0.000342473875587061
-0.002355359594806742
0.002196072086334917
-0.002714833093664934
-0.001960593317260108
0.00214005686262365
0.00135710726390674
-0.001249699902428204
-6.856406070264419e-05
0.002595487050704789
0.001862489088360245
-0.002688650946289721
-0.002687604504136903
-0.0007760218060658209
-0.000950689379856673
0.0002711148481094978
0.000503162712945952
-0.001495573085784143
0.002395119547660907
-0.001459023786169464
-0.001635249253671325
-0.000405171147901439
-0.0007625789068620762
-0.002388575207549212
0.003842250900315985
-0.0003573649335340028
0.001605740750551654
-0.006281386344241591
-0.01173166881665864
-0.0005148610922779181
0.0004387301845746209
-0.009116553270676123
0.0005970462559912165
5.512356744519238
-0.005804079363558727
0.008127868807630959
0.0004946384556547704
0.0003897353453514354
0.0006986804050267935
0.00606669742565738
-0.009340413016262046
0.0004474909606099719
-0.005481040068894921
-0.009812187452663887
0.0004158091619274262
0.0359085982229872
0.003263099986124739
-0.02044572419705048
0.02322458424561385
-0.00445506654529811
-0.008979565010103826
-0.03782574313320788
-0.007878004939653521

0.002843886917561736
0.00372814549318176
0.002008624775332737
-0.001263292870871197
-0.002008452804245886
0.0007831327041785104
-0.0002982620944752149
0.001307711094626119
0.0006741092177236721
0.001009742181006021
-0.0006430890878527827
0.0001327014518879352
-0.0006611727520436577
0.0006120090000019586
-0.0005271354830299566
-0.0004043834155639464
0.0004242302050563008
0.000806729706332909
-0.0007078542858189515
-0.0001365983654832978
0.0002225624359878031
0.0008013411180742139
-0.0009386846549485697
-0.0005999861052279135
-0.0005917383564323729
0.0003073065651293744
0.001000207873044383
-0.000909069551507634
0.0007019619962219018
-0.001470550187411872
0.0004842855812334021
6.184059417041173e-05
-0.0005648353353281638
0.001176032585050032
0.001032179204684023
-0.0008607545779384552
-0.005970701289841951
-0.00259890620348914
-0.00333645382749986
-0.0011771592632582
0.002275265012496656
-0.002155292947640107
0.002847036413779307
-0.005658408911234824
-0.005782655045797197
5.874606412221911
-0.02668684164781242
0.001230901477329882
0.0008816525221837634
-0.008677981499871309
-0.002587951965123281
-0.0001924223194884589
-0.00564669454733825
0.01216742350538108
0.002810936152316376
-0.01157337286320707
-0.004943218915532746
0.005716185563766755
-0.004432825492348707
0.00448267086310241
0.002320062195090678
-0.02005101567054385
0.004091252355826466
-0.02324467612896446

-0.006069876397412521
-0.009903110720839823
-0.005411262723115797
0.004862674998740794
0.00422630324127086
-0.003624031489429001
0.004001126999185634
-0.002966063708581277
-0.002975920011012155
-0.001984111209150032
0.001681532666537663
-0.0003530871853187927
0.002362831843613746
-0.00169831322503784
0.001543177544443731
0.001870003586577172
-0.0008987420281974816
-0.002352693881367741
0.001559706578601551
-0.0002007120594819311
-0.0002674761282757401
-0.002994924231188445
0.001971550568354402
0.001952660209010477
0.001716152263628645
-0.002044994907523957
0.0002291878263117176
0.002104167765176346
-0.0018182332897561
0.0047665192347272
0.0006066996122630532
-0.0003758868402476481
-0.0006543823851354021
-0.001885757305303706
-0.001761143055284593
0.006468901470354295
0.001520152151340055
0.009555247648722549
0.008711594836535745
0.002294713636369717
-0.006032714526864031
-0.004017703924364992
-0.008978955503140094
0.010438143826453
0.007989584427789397
-0.02647513556417205
6.084834975005107
0.008109223099800944
0.00600712517644666
0.0002430005818529344
0.009237400148413065
-0.0009294070360992427
0.02260184316556509
-0.01500807861011268
-0.01649016465290329
0.03191502767451277
0.01222936401106038
-0.007507000010109823
0.0254443016537868
-0.01729574505485672
-0.01387866849608923
0.004032903987635271
-0.001579066037371038
0.0735742349925898

0.006801130224825563
0.01042877805671989
0.005131322266319159
-0.004744949143982938
-0.004524468615059028
0.003650342188418507
-0.003254608788133068
0.003498685987915951
0.002496540020131802
0.002141144257035985
-0.002299020522253066
0.000239775318261022
-0.001699809313514582
0.001717299420328904
-0.001604439703937091
-0.001001799332450017
0.002066890202674881
0.001655207095313329
-0.001892700725751269
0.0001003995271632664
0.002130013052588061
0.0006619516646506003
-0.00261116109301329
-0.001568543869534052
-8.246367246071077e-05
-0.003115459794936787
3.974376272683731e-05
-0.0001254453265864261
-0.0002453184781930057
4.991418114488715e-05
0.0071644422371682
-0.0006811469042645854
0.0004840337431103635
0.001950329013752761
-0.0004797328016732509
0.007949745920800175
-0.000159989607606017
-0.002457664460369595
-0.007640261653960489
-0.004858784434182004
-0.005751045156503421
-0.001655403673210934
-0.0093899267711854
-4.547798060662665e-05
-0.000303154743723273
0.000994671789281084
0.008168653584493455
6.663638057271878
0.001735455749945644
0.002866866295895933
-0.0003510482294407343
-0.02271990320339664
0.02240668668277411
0.01054469855242514
0.0135110347781644
-0.01485989947247094
0.02503523415079622
-0.01053245414362434
0.01564054607025147
0.02119539576579959
0.0228537441838093
-0.00973683493296851
-0.01647286934462432
0.01275833553791501

0.004192279814849561
0.006783902674668105
0.004243412347997332
-0.003776429527033226
-0.003533756844628835
0.003091493417343306
-0.00283720060764485
0.002290184449704992
0.002197640694828004
0.001837017800239649
-0.001931764888349855
0.0002335328337823745
-0.00152766463130742
0.0008603360873549724
-0.001216697134152186
-0.001518926115438953
0.001088273768277732
0.001495691358871023
-0.001670057602771983
6.939040469557832e-05
0.002146595400861472
0.001640655515046913
0.0003726857947039048
-0.0008068603251283524
-0.002679037845926641
-0.001989242757525466
0.0001886786540161268
-0.0009450576799926208
-0.001667624768257397
-0.001842131798225513
-0.0001279615695370928
0.005693676865801065
0.001679604579411303
-0.002317994672349387
0.007155652909148759
0.007978940148318438
-0.0009639615383663895
-0.005301320590680267
0.002551094428124419
-0.0003804927695710463
0.007519429388179906
0.0006316653765186225
-0.002665456850050385
0.0005226821650258771
0.001406033033648744
0.0006361250829231432
0.005685931235204249
0.0009037314769034313
7.298189765318513
0.003765009085623307
-0.01590540406392439
0.01929032707792242
0.0151783218847115
0.007416165459140801
0.01124497171606176
-0.008498978093852227
0.01182805968224542
0.002350772455370156
-0.02000230273003025
-0.01490203733811537
-0.008161891452135047
0.005174143121997743
0.03686552022079052
0.02133345439513055

-0.002304023409641101
-0.003979741717444692
-0.001612428786424811
0.001720709880763985
0.0009122552722104861
-0.001584080607349658
0.001019443640917428
0.0004985767465083813
-0.0007280350976220047
-0.0006324718674134324
0.0007358024786036141
-0.0001734123493595215
0.0008178084590866429
-0.0005976488212838263
0.0004228056007666885
0.0006871829682690727
-0.000425123814667653
-0.0005085741182895368
0.0005375323936120937
-0.0002781315348860371
-0.0003364306416604224
-0.0006133791015275103
0.0002543531690796289
0.0003353405849243006
0.0006332697012669276
0.0002456176403608093
-0.0007949450556209809
0.0005579311876536722
-0.0006377815842048902
-8.703401158937279e-05
0.0008882876780293069
0.001272220775295516
-0.003825015819102058
0.0001487886124246309
-0.0008428671983760625
-0.0006178822519010082
0.005749545628225588
-0.0006614757186931087
7.502880387703426e-05
-0.0001786687471412511
-0.002416586267926036
0.009405458540324723
-0.002435829736249371
7.504081106787081e-05
0.0009112480284182499
-0.00670006366063835
0.0002959916024152304
0.002917301950552715
0.004068324687009425
7.736840418153226
0.01039927246591548
-0.001414899760502885
0.0005307107033161425
0.004171426757547991
-0.002125593856168826
0.0007070478617970826
0.003104222976496601
0.01562667304308507
0.00866213454637093
-0.000649078907819357
0.0001018192670435123
-0.0009464570801575056
-0.00423410249769454
-0.0002922564812613419

-0.00435769269793977
-0.00750032600251649
-0.004760650762122134
0.004141834488308774
0.003836622469480763
-0.003069140808990754
0.003035671336812361
-0.00293661998740587
-0.00214332268017976
-0.002008030876838051
0.001581874467744458
-0.0002622723854024376
0.00168563018590137
-0.001067589461817245
0.001271784446719732
0.001607761473320724
-0.00106177000447937
-0.001442587175704853
0.001725917447524307
-6.113497558132182e-05
-0.001386786658878263
-0.001820316083434804
0.0001916309801181979
0.0004410914783059838
0.002636137094470826
0.00093637319330866
0.0001389882596972502
0.0008991853953837217
0.0003007128224847614
0.001767363684902411
-0.0002248937896492596
-0.002780239966915256
0.0004518477404140044
0.002068608953808067
-0.00501618755016947
-0.004725671239253394
-0.0009831830576151714
0.004980976557573286
-0.0008440599120963317
-0.0009831502131396131
-0.008284920520973115
-0.004477816488617357
-0.0005620580648117721
0.001244328554934877
0.004232480976455846
-0.002473772726385304
0.007905515159923691
0.0003369560908923937
-0.01389799773776763
0.01058367890931675
7.968030026124575
-0.02017889330385397
-0.0118824800270327
-0.005818437230074462
-0.005688114613991952
0.01153624709447403
-0.002865428687850237
-0.008990300389835233
0.01555645995261284
0.009118156132582003
0.006184317995095976
-0.00320419991353529
-0.02886153806148845
-0.001493619983212505

-0.01113448491825135
-0.01636134201067497
-0.007763925807708113
0.00664617077251266
0.006476536647378249
-0.004731310450022909
0.004476760667736029
-0.004685714014012786
-0.00319800885396519
-0.002351831711173748
0.002857260263557398
-0.0003270071237192188
0.002291663396560516
-0.002519605454675927
0.002521300454516082
0.001549682627719986
-0.002425777389996928
-0.002033951346382004
0.001543905796913459
2.653350487723769e-05
-0.001857518925996652
-0.000776705303279794
0.003278671674941613
0.002127043212541839
-0.0008942793772126186
0.002152520891260864
0.0002001889579435274
0.0004985277600390366
-0.001677058279211129
-0.001790953921822867
-0.003709938686318946
0.004188146331711662
0.0008630453179422599
-0.004094435066940471
0.004727110279965564
-0.001831307847618377
-0.0003406420085442985
-0.0005348374740489974
0.007339769520522827
0.006867257552159215
0.009756143668419997
0.001168457905189211
0.008218754570806576
0.003302277847583767
-0.005392396743310476
-0.000183270697259721
-0.001132064392644026
-0.01816041685016334
0.01717244202156893
-0.001126502014102954
-0.019516282450768
8.68284311170499
-0.01266768890276298
-0.005475887441890434
-0.006983589856696044
0.002583354131414989
-0.01648998450360005
0.008503535581422323
-0.02353105656955602
-0.02824978411876258
-0.02473963399448327
0.01144722594862264
0.04083454860318435
0.001081946913758065

-0.008691188020563356
-0.0139215286222753
-0.007266438068246153
0.0061481795855079
0.005557308353024057
-0.004343734322012369
0.004224918963023299
-0.003824244088101108
-0.002950884793254806
-0.002202315654841745
0.002017294245122374
-0.0004257805620405239
0.002758487403116263
-0.002036374536660235
0.002419001387710724
0.002346780808287261
-0.001238715901656632
-0.002069490183624767
0.001212880883770637
-5.623566411279725e-05
-0.0002499774871648236
-0.00255202962459376
0.001672578386283921
0.001852353037076793
0.001265037292088922
-0.002162634400133717
0.0003122012336938112
0.002370123028340778
-0.001857414645963599
-1.652355368187471e-05
0.005522894706495552
0.001427640304267114
0.0002852172075990203
-0.002118082805502717
-0.0006960096040130577
0.01078186255412857
0.002134698292942756
0.00293548947246333
0.005585933788230559
-8.166483261305528e-06
-0.00606403323643122
-0.002791361908859764
-0.006734745421781577
0.002387861984964959
8.951458274085401e-05
-0.003557265267260295
0.01401451231047545
0.01619781460428733
0.01104873745698767
0.0004060264252746739
-0.01092051607506274
-0.01233350481216294
9.440101502567922
-0.005856448870615153
-0.003525021714030786
0.01267776449348727
0.02196920807774357
-0.01121605547182379
0.02355619569090772
-0.006170600409257232
0.002215306970701827
0.001076129641118783
0.001982403538337673
0.05677028679587704

-0.002727210248116027
-0.003937545191490278
-0.002601438028192686
0.001861312931848998
0.002103121220023198
-0.00127646788509988
0.001767921040773998
-0.001413278139604572
0.0002140490186278627
-0.0006009513818390901
0.0009759250089596226
-4.540030742796266e-05
0.001089198778461538
-0.0009397768086673703
0.001262353382573838
0.00110539012416033
-0.0008492585648937828
-0.00020645393381054
0.000221558057194812
-9.166285951785875e-05
-0.0008678795678405403
-0.0003502125764536948
0.0003402491110125112
0.0002496998711590779
0.000724722360034567
0.0009602333478674538
0.001937537853006972
-0.0009953742127325575
-0.0004806808654502304
-0.0035013801905268
0.003000716824633508
0.00267631123924151
-0.001799525401818034
0.001196235445006713
0.001382734441946511
-0.002079437614380435
0.004236160028478085
-0.005789121954692138
-0.003839248031249721
0.001878670671969487
-0.001224511845420679
-0.0005782215065062973
0.0007349682266432009
-0.007017070719065417
-0.002368524302826271
0.006965947976858441
-0.009050900027963237
0.007279241931145475
0.005752636170501661
0.00344515536956364
-0.004234127641277046
-0.005116217551200964
-0.006041088008246192
10.13775217258359
0.01519670066049139
-0.01354495728974138
-0.01234332407641865
0.005233141149289827
0.003575450217441066
0.003382135260336617
0.01054220269425597
-0.01518708678390711
0.00849395500652738
-0.02012188920492401

-0.006921359232251962
-0.01083411359945189
-0.005365703872606304
0.004674069799347785
0.004133781896886318
-0.003575061200921227
0.002960431330255024
-0.002781932185629234
-0.003065732924786689
-0.001999971610767564
0.001915724558086393
-0.0003058641776774168
0.001405609250617844
-0.001613285154741766
0.001733080295393806
0.001805164005602794
-0.001339438109083651
-0.0005509111494456617
0.0007594132775530754
0.0001040120808040606
-0.001211164584954157
-0.0009161221651022651
0.0009983657738413534
0.0007112501741738239
0.0009008894701861554
0.0009163256218110454
-0.001504287584011764
-0.001154356814524454
-0.0005954417619316226
-0.003645245489259575
0.003677410820647914
0.002131743383718855
0.002880240905018936
0.001322464443350559
0.002164982014910838
-0.0009113832253138021
-0.005838819829072852
-0.003220918367216819
-0.001806724366664497
0.004767744785005083
-0.003574663661596543
-0.0002112604249981174
0.0009790896000081858
-0.008832031442346053
-0.004763074997885126
0.00132901886657605
-0.009472271291859952
0.008979423363004118
0.00800597324222348
-0.001221098773744637
-0.003740856016079549
-0.006276182541505266
-0.003488365194458525
0.01534929617916202
10.2862688570798
-0.01175747086865878
-0.01736303931712666
-0.006085688770882877
0.005750491430251511
8.592544226549478e-05
0.01807032138261202
0.005542846942119767
0.01217441820950184
-0.01347895123796545

0.0049379213028733
0.007814247913701507
0.004007174401916377
-0.003550105118263785
-0.003236479502876966
0.002723563713420377
-0.00230134592923226
0.002386169738073496
0.001787809100399477
0.001549148908980749
-0.001807877689382916
0.0002034364375548639
-0.001321129939367084
0.001329546055756572
-0.001798340602681548
-0.001442019455297539
0.001406477876748531
0.0005524069936457107
-0.0004906102076423294
-5.197820246443283e-05
0.001170188825537192
9.954707989643914e-05
0.0001058905364050537
-0.000178001673790367
-0.000682348829793809
-0.002078167465628848
6.65767066345489e-05
0.0001426967538008747
0.0007657188228900435
0.004902558153260679
-0.003289953984740128
-0.002202936564828303
-0.001071223458924738
-0.0003955658968999197
-0.0008923476631574007
0.002028120034759865
0.0024383248532776
0.004220372768794912
0.008208336342577578
0.001164678709366327
-5.726277377019525e-06
-0.000398376555793771
-0.001010393884316175
0.005843855248912222
-7.283171734801506e-05
-0.006237993686793716
0.01816163897423242
-0.008492012260605105
-0.005873636517927928
0.0002075256012191359
0.008518419338709201
0.0009533639027792754
0.01123213965369026
-0.01229699461845072
-0.01033573079182925
11.09405382194462
0.009174682425567435
-0.0006803441272767996
0.005521928515236724
-0.01821271554254042
-0.01349160900086331
0.005768770933140864
-0.0003596312467059517
0.04012526086145979

-0.001997802563892754
-0.003487270843024797
-0.002239508586221794
0.001921875010148247
0.001713881202703525
-0.001312530185447063
0.001387278782391319
-0.001188852462438813
-0.001458920778702203
-0.000885944276831499
0.0007553312511942056
-0.0001998627187142514
0.001340554827358586
-0.0009351895537230383
0.0007241293291021724
0.001094313697485929
-0.0003957922607300257
-0.001531981466497548
0.0007606909760646045
-9.657021131040605e-05
0.0009963176484164421
-0.0003078320743461423
-0.0007893799328571044
-0.0003724290106516313
0.0007534479744879966
-0.0006568889367420946
0.0003208104475705614
0.004518062763669357
-0.003399905435531774
0.00135513676255717
0.002689725295019755
-2.901335598761776e-05
-0.0002649533164957245
-0.003794430256872761
-0.003826361363565599
0.007067830638003638
-0.0003338675942144671
0.001467939722212735
-0.002637812411196425
-0.01406249583222674
0.004406297035945782
0.0004851467653876404
-0.006629094128319215
0.01274381565178466
0.01644655238691551
-0.002553353966874386
0.006019498779902229
0.01441792951917867
0.006708814630487997
0.002185367770337525
-0.002122330159337991
-0.01185809256251931
0.01842767314790572
-0.01059975575408428
-0.01532350364830112
0.009022319722453275
12.01171911374243
-0.0007332166863752154
-0.01706241841202705
0.01763847580273536
-0.003352253917144333
-0.004396035340835274
-0.03623745035546483
0.01217728256441063

0.0002587628064785612
-6.733351316719148e-05
0.0004124521590673914
0.0001581804883725125
-9.746247670011747e-05
-0.0001382291749937762
-0.0005534672723990925
-0.0006624360337259518
-0.0002354012781669334
0.001393056987687032
-0.0001335972448622865
2.501598749262611e-05
-0.000333741943393529
-0.000736927545055444
0.0002341358107977743
7.773825721403218e-05
-0.0005501729048232459
-0.0001402642159972181
0.000299632324532522
0.0001797359738998719
-0.00019805419442914
0.0005529984659058324
0.0003265233149501465
-2.092336364457902e-05
-0.0005094442814066252
0.001242766489529396
0.001593431149687675
0.0002539569250769717
-0.0009868030227096064
-0.0007329448976391578
-0.001891368455813939
0.002258761289598068
-0.004479382483310403
-0.0008058269473796915
0.0005614364671273636
-0.001942076297164239
-0.002346902838151793
-0.00121432443730842
-0.000634715759192096
-0.0006471320704803394
0.006383971469882774
0.005279216254760531
0.001570443220134683
0.003378483893652704
0.001377572119800001
0.002657595659009672
-0.003748674798475714
-0.005302551209411384
0.001738999552661878
0.009590729009853274
-0.005755633379469103
0.005584145899049592
-0.008556098602504583
0.004312976339920808
-0.004801243717619366
-0.0002639727986551684
-0.001147469616416793
12.67665234277014
-0.02606548999023871
-0.0008962312535877267
-0.006450414233248457
0.01632149407715323
0.003105825530155323
-0.01825059922716946

0.003448035110625422
0.004566458575028253
0.001737753914063861
-0.001638003517207144
-0.001705110684465342
0.001183834441197958
-0.001239280551029278
0.001283096116119129
0.001033861033774631
0.001526330575510911
-0.00118850924975748
9.384512630440187e-05
-0.0009825238576673043
0.0008748732343024563
-0.0006974795777561106
-7.981032223359211e-05
0.001243806946582239
0.000926209655132765
-0.0005964489533190872
9.513674426385484e-05
0.0001771037164858614
-0.001550208524076383
-0.0002655970727791061
0.0002732884923208204
0.001409240632072935
-0.002631758656949939
0.0003257796146512525
-0.002381914218835712
0.003218117042016301
0.001464813295437488
0.004327190133759864
-0.003476992338097963
-0.002687998866704261
0.003857939994600317
-0.0008683989388257056
0.003062773472297518
0.001625653843186843
0.004854656056149778
0.002733559886979808
0.005492463489133783
-0.01984202879067305
-0.002337342002849863
-0.005035098754676191
-0.01295071291875423
-0.008094996591133356
-0.001847966649532462
0.01184592954684549
0.00796335632491766
-0.01161737171689108
0.004764846983284733
0.009077977548545035
-0.0158215253666452
0.01692042987541886
0.002039451845560868
0.003789791343611281
0.004346666778592723
-0.01533951253021994
-0.02592856823300855
13.00245386395925
0.002569676509973143
0.02903241934112372
0.003004143007815908
-0.009339959427174721
0.04362106864059542

0.001074718684750574
0.001448719223983283
3.884335210590043e-05
-9.134777077223477e-05
1.303536146897981e-05
-0.0001359534099281794
0.0003103772551987767
-1.908560667946479e-05
-0.0004124047728202855
-0.0006167707240585969
0.000371539763541947
-4.146256746176111e-05
0.0003391276484529893
-7.91105562068877e-05
0.0002965467499518741
0.0005373393787082452
-7.240932798316105e-05
-0.000305130095531005
0.0001751062156173217
-9.205768770975689e-07
-0.0001078590194942288
-2.77594408925161e-05
-0.001670377462569292
-0.0007941951103956253
0.001235483212265042
0.0006631784302066411
-3.699018599091056e-05
0.001422387909632325
-0.0005134760039214072
-0.0009508710293946218
0.002778572761426352
-0.002175350529512277
0.0002878167508722063
0.0003011323189714694
-0.003591046177818779
-0.0009715636075773131
-0.000546488453588235
6.374882959437841e-05
-0.008336432421335272
-0.008158141061252643
-0.003264809081770589
-0.001156615129227999
-0.004616442371297142
0.0005056481977726397
0.009422551441216804
0.001543846612147709
-0.006970646258906508
0.009884553568557455
-0.007768192356952131
-0.0001596627341039118
0.004840049570876536
-0.01683737012733747
-0.004043470073232424
0.002775187331763976
5.374077687775596e-05
-0.01556066051195789
0.01475519522239034
-0.0007350818641243427
0.002894049784415273
13.93729811244427
0.007952998646861453
-0.009784472260954399
-0.03796533378445768
-0.0204520625495885

1.954131123351076e-05
-0.0003959611232617018
-0.0007247762992283814
0.0006213990563295281
0.0005504266929728885
-0.0007286540067904284
0.0007773055856408135
-0.0003599436643432932
-0.0006897100995682166
-0.0008130083389968282
0.0001004383816467801
-0.0001146884161730826
0.0004542930935270087
-0.0001456861625880531
0.0006240094482304376
0.0009522683875721103
-0.0001748987286822736
7.784883888259028e-05
0.0002961592530560983
0.0001727796826861756
-0.0004842030773387158
-0.0008642093781732303
-0.0004005627332921969
-0.0001261615011243754
0.001435559928252144
5.607771999209055e-06
-3.651650262450083e-05
-0.0007860781924445646
0.0005989082200497844
-0.001610113698130289
0.004055991758677421
-0.0008868128423383807
0.0005480407482945798
0.002604956974821389
-0.001516854583667839
-0.0005873497816829762
0.0002919722239090963
-0.0005660318106372333
-0.003642731400228951
0.0001144883088258668
-0.007680599246782943
-0.001674216091072253
-0.001093003913912293
-0.009586712755013469
-0.001696422562660056
0.0009103394894832449
-0.006027364908640752
0.009679726349799165
-0.004081803066025309
0.000199282340569423
0.003171515963641059
-0.01467844057821066
0.002011997096164671
0.007271669876222284
0.01225233683114013
-0.009949726591556247
-0.001826343333580848
-0.005523254696538077
0.02566211384440572
0.006748549549805465
14.96585092567601
-0.004018330756405631
-0.01527037466306755
-0.01068199662187513

-0.002462765039762458
-0.002822808293701205
-0.001394986467573316
0.0008452337686835178
0.001037681981817851
-0.0005538602385082668
0.0009350661779542029
0.0001139173812557937
-0.001048473925537897
-0.0005566778288028213
-0.001665503624846333
-0.000235223737580751
-6.343763465286903e-05
1.073538666690016e-05
0.0007653083883460395
0.0004053620969828941
-0.00053059655608755
-0.0005430357890416942
0.0004456395493562953
0.001023068632976284
-0.0002501667189554462
-0.0004645087423552534
0.0008889356605990501
0.0007090803721068107
-3.501991726824472e-05
-0.0001252088129093742
0.000830373628931667
9.994194246269028e-05
-0.0001069007009589842
0.0004022929653399109
-0.0009754093333725641
0.0007211621658007939
0.0005210280835098981
-0.0008780038473691421
0.0007372550476413308
-9.919859690970731e-05
0.003973639642887343
-0.0001395211688554782
0.003288642436413622
0.002583873374023078
0.001038143614259919
-0.0001369411861986329
0.0009512694265012826
0.001206876405259928
-0.002897849351977543
-0.007600102897581699
0.001406468018898794
-0.003704646048482503
0.002781110754745409
-0.0005594716212155186
-0.001888697656029127
0.006130000031014451
0.0001584096468576603
-0.01020568690671975
0.00349286138074807
0.004576714729453851
-0.003966703376544054
0.01345712961921114
0.002643981950539548
-0.009193406737407588
-0.004375575236227334
15.34165710961025
0.010316834532987
0.0113643468260438

-0.005374920012283821
-0.007583087993375279
-0.003196562466127181
0.002757035861849276
0.002817696002095347
-0.002137760451324236
0.001983523751902607
-0.002296412677706176
-0.001416219277681528
-0.001069090279562618
0.001661716082219328
-9.166557583298149e-05
0.0009867999906399746
-0.001355154617880669
0.001202463956239736
0.0005970288107845353
-0.001229710858515389
-0.0004914883437646832
0.0003384735219531738
-8.292111634779853e-05
-0.00110385049795796
-0.0003774108353981129
0.002642477728778718
0.00165618067053352
-0.001226850934503844
0.0005704934504001676
-0.0002043731469137265
-0.001467807631020905
-0.0003444676842834595
-0.002239455730948569
-0.001415754298160357
0.004515558489689498
0.001210527703445443
-0.001170056352624693
0.0058967835249124
-0.0002999833850603774
-0.0008711065913027895
-0.002666738686090765
0.007406733360584751
0.01038574044450825
0.004950589126854989
0.000356609573065826
0.004799661500997854
-0.00287801886578847
-0.01335415049798971
0.001423421967303803
-0.0007837968817571814
-0.006325043788894695
0.01631593391701185
-0.00188897658568297
-0.0143558482712325
0.02188961969452753
0.0007170294766486412
0.005802194594468661
0.007996605366831541
-3.261111695623082e-05
-0.02712387715805737
0.00293368805134838
-0.00814238010919241
-0.03355383274076951
-0.01478282902167342
0.01037375093984378
16.12373692913922
0.005228467940665331

-0.004865072528165191
-0.008029285037570293
-0.004046321048969883
0.003563706052799269
0.00313935426885547
-0.002536480271676182
0.002513910969782629
-0.002336997980928303
-0.001809819082710564
-0.001376806690345233
0.001177578808080039
-0.0002310287459692952
0.001490366967153483
-0.001090334595112801
0.001116432614888184
0.001162624451232007
-0.0004791073027580519
-0.001609305780908021
0.0008645344672671133
-7.206673206503199e-05
8.168106983694916e-05
-0.002482309965433434
0.002011781179312043
0.001975534518728181
0.0007998342713512717
-0.002972674419014765
-8.94687079720082e-05
0.001408384442270203
-0.0004640444979999488
0.002907395847407465
0.002148488728069595
-0.0001819265081864404
5.129417862507753e-05
-0.002486312475500767
7.95159919505749e-05
0.009583063866647085
0.002620609547527856
0.007134340048848792
0.01033006851808211
0.004139054546186031
-0.007838792802655412
-0.003404265184823905
-0.006082473585461627
0.002351603945857965
-0.001504815898846844
-0.008266401890095618
0.02616342002467222
0.005112942997637643
0.00961210578171804
0.0001726570150022665
-0.0004720727025028146
0.0005345326566894397
0.03082389011709493
-0.0119863809629625
-0.008624303431943304
0.02552004542858686
0.008132871951020311
-0.01328282878298918
0.03314107222935049
-0.01597440864628353
-0.009933219499747264
0.01050398191089513
0.00426488926790132
17.29601208408772

