0.1014755602134979
-0.00272335961391411
-0.006473061178127281
0.0002982656816798709
-0.003815566891051344
-0.003761588948514196
-0.003306901902982739
-0.0009901168618640791
0.0005379408533932163
-0.0009738647427351036
-0.0002169649239284713
4.764734033799008e-05
-0.00159897023771172
-0.002612619949124784
-0.00189250796488608
-1.533449478464691e-05
-0.0008984990996237614
0.0008741675106898753
2.754672617884322e-05
-0.0004534383644594128
-0.0004508480458662702
0.001230643478473053
0.001244442605448361
0.0005933616399045731
-0.001906314310257833
0.001148039761425404
0.0003576036143759319
-0.001135309604760462
-0.0006559705617524146
-0.001357429351393658
-0.002834810884104935
0.003157494958692965
0.001015963517607037
-0.001243613590125779
0.004029281561961879
-0.001451652850750379
-0.0004489759080628313
-0.003678811377062402
0.00325476358119997
0.004294936477754321
0.008573734542930814
0.001352031813638039
0.004856960915420495
0.0007791797503007235
-0.005279470587618466
0.001909128140890263
-0.00442433419368703
-0.008203065878180938
0.01106997600305154
-0.00111189161103492
-0.01084709742665331
0.01819597409546913
-0.005546221112178998
0.002075685263318507
0.00297394497529081
-0.002939021361024537
-0.01203193023454948
0.008354582118020228
-0.02055639277408382
-0.01724053414916711
-0.01296634581412478
0.006165892682026282
0.03154626732620417
-0.009514665258337548

-0.002677341196958697
0.04749997582134204
-0.02215352501023427
0.01195589054014295
0.004095214404375569
-0.006285711704770061
0.005012878614335138
-0.002988888857105292
-0.005012167115511274
-0.003908462861233355
0.00210166669346336
-0.0008225541524354493
0.002590400647891764
-0.003774930569040399
0.002356402756328893
0.001419354304556097
-0.00306607390140026
-0.001708538802770764
0.001511908696290392
-0.0002932524860770996
-0.001346630504503414
-0.001095585806163647
0.003170340604768429
0.002379115515614604
-0.0003955403749761879
5.829421527738746e-05
-2.017520139409299e-05
0.001510011984182361
-0.002733247024677201
-0.001885011648009096
0.0005788959382668944
0.005275701036020352
0.0009102793546721215
-0.003922830141943346
0.003920400982525448
0.005294478415769929
0.0002633307990753971
-0.001037785069785527
0.007688755829379002
0.00473307244808254
0.006044066562177418
0.0009632173561058853
0.0005659960170777422
0.003875427018907411
-0.003533574144162108
-0.001505757951192718
0.005486198445246996
0.001671621285992007
0.02450634464679793
-0.001385515659285758
-0.01736090808947629
0.01730362208085651
0.015338218305809
-0.0004198099261587396
0.001818105547944552
0.004645370772102395
0.003067339449154528
0.002540312385394141
-0.01128051374797587
-0.02363310365976937
-0.01593611643318905
0.009603714431632908
0.0359573901192531
0.029590968843052

-0.006494682469988119
-0.02209091217458932
0.06513696936293006
0.01497616328338867
0.009799082504847787
0.001351614286293227
0.002989142656773963
-0.003754191032556765
-0.001853315905721664
-0.002165899068624034
0.00275700640844221
0.0001235798538892218
0.002811717559056996
-0.0002316964528142056
0.002845194514433048
0.002246019167054992
0.0005172234261533631
-0.002484313292417489
0.0005330020797767734
0.0004844788869998976
0.0003118700528902032
-0.002628930558006395
0.0008203730187206109
0.001200964016758282
0.001483736624356401
-0.002221978748019982
-0.0004497245724402155
0.001324384853554232
-0.001739991034808233
-0.001305505341186178
0.007207460866386102
0.001584509622501276
0.0008873884056538955
-0.001301941298915064
0.0007605664456438841
0.009957502350659063
0.001335085130024469
0.0008902698928636894
0.001705963124856578
-5.979048465102178e-05
-0.008010356248748164
-0.002491231302994391
-0.007866517745677707
-0.003179886072744456
0.0002517247164649404
-0.001076436846583859
0.009042592385987133
0.02177177553234388
0.01773640686874703
0.001016853625268624
-0.0091560147713537
-0.01013001760904287
0.03140818747583116
0.005562050332622612
0.01083106152162025
-0.002512783609612617
0.01675334388389577
-0.01156990711504906
0.02626319261173204
0.0007337839742687054
0.01310420688012247
-0.001575544002765003
0.001945559794010372
0.04584150155182377

0.0002788837413950387
0.01177530523079265
0.01489506496482814
0.06796838577294956
-0.01253533956776767
0.007085300218462626
0.001675308146664331
0.003451172933096298
0.001257055239852606
0.0008610218731774141
-0.003686679722294811
-0.0004182737831457286
-0.001159636873237788
0.001988163807396764
-0.0008183654104254499
-0.001792215844412001
0.001807226491853555
-0.001096871553766581
-0.001048988764308307
0.000165442543454837
0.001629043823084738
-0.000146326986143645
-0.0009632394381578039
-0.0001611866643546157
-0.0002934862727234783
-0.002724482588804982
-0.0003928174475488722
0.002225891698023414
0.0002569997380017428
0.006835172260688175
-0.003751125924412661
-0.003887769724634354
-0.002065756799112669
-0.00222271005198251
-0.003382090250858207
0.004256161303769782
0.002845290564957653
0.008256418364293687
0.006788795810872651
-0.004129068269041078
0.0001705616315847876
-0.001275273640874385
-0.004116299463930322
0.0131694051735355
0.007455867835019036
-0.008956391713403376
0.02390042172137359
-0.009158518353117826
-0.009856509708966571
0.001687713857592276
0.01297480731764023
0.0006777074661939839
0.01030827160909201
-0.02539176138596615
-0.02794032978930821
0.03548891058212534
0.02357149287211677
-0.002090938690752116
0.003307900260107244
-0.006919873452227871
-0.02209404094406126
0.006373033914890141
-0.02043863694424191
0.05109423725783896

-0.003792653648169635
0.003876263448356146
0.009685825803563176
-0.01249367790620382
0.07275618826180148
0.01240259716487644
-0.007625303555696882
-0.003527303728580541
0.002323846778725078
0.00289533479004234
0.000846780712571887
0.0004582743034698286
-0.002922083242440265
0.001962222860222906
-0.0008969866796286236
-0.0006802305833294212
0.001499795405050086
0.0006925567397202508
0.0003268977755610503
0.0002799214009400093
0.001205768630474389
0.0003180791171557926
0.0008367885804669683
-0.0001548347635790055
-0.001112359426107645
-0.0005141600363705093
-0.0004098562416327552
-0.002051859003020494
0.00185088000224808
0.002340642960752359
-0.004711632393132487
-0.0007101432214607744
-6.823143254026113e-05
0.000588732210280116
0.001800033278173696
-0.002272282259594568
0.001781474076836458
0.001976567358756139
0.007464281843882293
0.007236108014379837
0.0008168043168551116
0.0002954909519992026
0.004091198504907348
-0.0006529672365005268
-0.008147006259514688
-0.003655628447454564
0.007479088944927373
-0.01635798400379995
-0.005007804281728557
-0.0008605507515694717
0.003567135904415254
0.01459585157915478
-0.004686917013582351
-0.008126991063378435
-0.006619373676542735
0.01700132179417503
-0.02440433014395808
-7.209247730738142e-05
0.006973014174299569
-0.02426018292614826
-0.01240661191876778
0.01064637696278428
0.02298021977020343
0.01789963384289252

-0.003758947507719776
-0.006097801430063615
0.001440247254152161
0.007031639856576993
0.01239032167967656
0.07395324214753861
0.009764216736439393
-0.008024603003075823
0.002289580478783072
-0.0003836795938520739
0.002380987734327899
0.0008042715389087647
0.0001929960803790925
-0.001859437030640776
0.001901412992562117
0.0009567386823761503
0.0004955933442245559
-0.002558146215466207
0.0009811321462663046
0.0002571610993029608
0.001708474955163
-0.0007218519526431529
-0.000429325415565153
-0.0002478414184032223
0.0002456915826475701
0.000362492241653696
0.0001741824883850073
0.004527537158894115
-0.004293631693695496
0.0005571559473688377
-0.0002230131561312162
0.001727176730811625
9.319939194897016e-05
-0.004958639860941878
-0.002228431327726127
0.004746688413703617
3.458798035692957e-05
-0.0004602893778440816
-0.002610592175771726
-0.01231557416439017
0.0119176026353208
0.0009721703598344778
-0.003377568479352372
0.01632517204112183
0.01639809152134886
-0.001442986245858854
0.001395885386938161
0.00585830394842894
0.01170842562276173
-2.905094577714267e-05
-0.006435404491303129
0.0002893363115260179
0.005410715815931031
-0.008094126451800153
-0.01527744346747009
0.001283521512564379
0.05075459997622307
0.01090495977294977
-0.04450852384019736
0.01505924333116463
-0.01965954561109661
-0.003524122946040366
-0.02226373559672637
-0.004227985091237868

-0.003317861082121639
0.004859615439196424
0.002879700293664544
0.001691114258007528
-0.007601494198534973
0.009758143615757107
0.07814208758739506
0.01118645152121588
0.005533045412670671
-0.003128849293761708
-0.001368191940203629
0.0005966503590773381
-0.001069811336940964
0.0001088039744008972
-0.001865548665729798
-0.0005608662579555312
0.00176118548145957
-0.0003504751369431025
-0.001406724943947318
0.0002801314061703023
0.0006566877362471134
-0.002664128863251902
-0.001380314770871005
0.0004164409608243976
0.00131463540043139
-0.003599172162161347
-0.00039293107634929
-0.001797288927764757
0.00285560536338442
0.002488741535268313
0.004011574662772873
-0.003558852567559825
-0.0007405423763443398
0.003385398413405425
-0.0009399952699113417
0.004218643093389119
0.001789094737324174
0.005359576130547419
0.003676528080323594
0.005838235047198651
-0.01781410360567436
-0.004237515389650586
-0.005378051725876592
-0.01050179761606108
-0.007612294434776487
-0.002798012359677823
0.01514782849917943
0.008019564300466527
-0.008427824498021848
0.001149970184796695
0.01056480107292433
-0.0144111936128071
0.01960837122646168
2.037095697676066e-05
0.006387483206978376
0.01142937705816017
-0.01643118457161821
-0.02066978636767696
0.06057152603107378
-0.005727532479714323
0.02178095661766579
0.00187658953205149
-0.004339037313746946
0.05166193318558824

-0.001005125970167281
-0.002808556606442786
-0.003696976559885794
0.003433037784752152
-0.003488790797187167
-0.008018567101936725
0.0111822657480649
0.08244389572309486
-0.0108931608475302
-0.005898388882814195
-0.004047466946509341
-0.001479285346708238
0.001370248665707515
-0.001251854350707992
-0.0008970268564213404
0.002780397506429393
-0.0008035096310021342
-0.000844528066507289
-0.0004349447467256102
-0.0002322382072824685
-0.0008548880967405347
-0.001089892846696544
-0.002712250937577513
0.0004692050641359083
0.002289916158921867
-1.435843133859506e-05
-2.313512084484303e-05
0.002391751245925313
-0.0005717259266722037
-0.0004344064344133927
0.005760005465468052
-0.002804052028195737
-0.0007167019999280342
0.00110149684390315
-0.005312791229039174
0.00124322570654376
-3.697452018931167e-05
0.001634261671830264
-0.009006024181775976
-0.009070961426492143
-0.008295897132393086
-0.001311769311750348
-0.00670670881431291
-0.0006885311766446237
0.0106827014669694
0.001830723063176027
-0.003031698157727169
0.01741375266136343
-0.009842936091467195
0.003229617791961996
0.008727672729564278
-0.02780036164575995
0.004294312711880608
0.004415058378127338
0.001189258591161902
-0.01004388918210953
0.02511615454569184
-0.007283411658335922
0.01238797759412412
0.03503036430685107
0.02200909243054835
-0.01379358431699886
-0.04749235527864355
-0.01132814609727319

0.0005398324555999885
-0.004948428576041884
-0.0018412580237514
0.001315103914825639
0.002349828943095036
0.002271137394883735
0.00553747177046471
-0.01089178481931973
0.08787223153549346
-0.009503579043825337
0.006131674377098551
0.00103084675502507
-0.004063890869723388
-0.0004477341425594495
0.001734725738999182
-0.0006474223304747519
-0.001841506007230576
-0.0004840969893882138
0.0001855016726028723
0.0001140027952065831
2.040852483989244e-06
-0.0009743908914928755
0.0003467015400552306
-0.0007141818587980578
0.001529617215972295
0.001141890215794505
0.0001435288753830944
-0.001733006442749257
0.0001737212713012903
-0.003266712182667973
0.002004801115872661
0.001597926023994836
0.0007969276161814236
0.00225445209272882
0.001475852886654369
-0.003450091426654632
-0.0009579276447672653
-0.003743531530494417
-0.002932591477659939
0.003851324228328937
-0.002728836014264867
0.0003565180642820561
0.002691886830992122
-0.009622682183637939
-0.00611725838408986
0.004722512161111153
-0.01215045954343578
0.003297766061088872
0.001189280540874329
-0.0006185132369828018
-0.003820850942435506
-0.001505452036697401
-0.007231098651240916
0.01508512098031548
0.01459105651035379
-0.01692115782793941
-0.02087101198781155
-0.0009879672895222208
0.007477532006395515
0.002191436673547963
0.01546147912913057
-0.003835828934969288
0.01182735548790031
-0.02582294512368201

-0.0009731993548693421
-0.004044498778546869
-0.002240764822806484
0.0009127179723394306
0.002922495378130665
-0.0004194236194698934
-0.003083998011715686
-0.00589172963703203
-0.009502968694329365
0.09652222074540646
0.009362104792285556
0.001696331134041418
0.005536237174566304
0.003706197307888391
0.0008053502840741416
0.001023356153525466
0.00083147313624753
-0.001376969087215738
0.0008046232076658697
0.0008751908118148261
-0.000222518104689763
0.0005355108472966657
0.00299556658846846
0.001409766718754324
-0.002013922550306065
0.0001919539211149711
1.292351796037172e-05
-0.00107576211382187
-0.0003703742921918646
-0.001065425838930501
-0.0004490263049974628
0.003133531180670696
0.000565773593264147
-0.001783764491607686
0.00476449690052548
0.003886051263615602
0.0008250398043011177
-0.0004665406239595277
0.008142306106022646
0.00811920817416841
0.001593824891319921
-5.62845725651971e-05
0.001103173737024062
-0.00181139515876901
-0.009322048423672617
-0.001611510707699407
0.007129779427441679
-0.002038684239781697
0.01672931713992672
-0.0007583611604143634
-0.01210607340319532
0.01617560724348844
0.01310265726956135
-0.0001633513813675697
0.005024617313527654
0.006509120721771055
-0.01363996764591735
0.0009082082906359768
0.007315777874138365
-0.02792573822582011
-0.008792043000430657
0.01080836802741474
0.04006095241554053
0.03390741430480328

-0.0002088799657035888
0.002236509111161037
0.002880597119497253
-0.003637750024800751
0.000815768386100232
0.002422535809666443
-0.001334064116158689
-0.004012570371557699
0.006102791508183093
0.009367811682534451
0.1081598736247138
0.004753269422822712
-0.009514786942056683
0.005358470595442794
0.004431789003436772
-0.000639495576293423
0.0004637455065989709
-0.0004733653431679365
-0.001429908463683905
0.0009355795573123727
6.200244084762405e-05
0.001991870168032846
-0.0004196546739902269
-0.002270019093449197
-0.0004726364886451881
0.004281974433031175
-0.000218423362098309
-0.002118245656397509
2.567778357404321e-05
-0.003216492318304209
-0.002104871877269412
0.0004101421770781553
0.0006879451223889329
0.00175132868557119
-0.0001402668665084387
-0.00931819141972553
-0.002734518694232647
-0.006208039235142523
-0.01004809394242542
-0.003813065459845948
0.007149111012605893
0.002713320720658414
0.005981355182787108
-0.002429595245168457
0.002522287618527257
0.007454141587968091
-0.02443940963929988
-0.004624650296516443
-0.008562704271808974
-0.0002890025013526012
0.0002113796906969846
-0.001039199947630609
-0.0300887380480531
0.01063157354833212
0.007578160547656981
-0.02577813842464202
-0.007706535858609476
0.01284088014321271
-0.03120865124371666
0.01998384120673604
0.006070286839901531
-0.01096053594716855
-0.009560761551317703
-0.07801206040475021

4.14586834985183e-06
-0.0006079247861977486
0.000336636132968686
-0.0001226472960680518
0.0003240310157618258
0.0007464486972935666
0.0007376070512431888
-0.001335926855336591
0.001068286479328424
0.001757939965202952
0.005005757695814237
0.04536596206420765
-0.009049343462499427
-0.00341703243075749
-0.00108999330049485
-0.00159972372951318
-0.0006824294026434577
0.0004301366180647925
-0.0002909633573234331
-0.0004336749015425745
-0.0005819396946437784
0.0003300811221166176
0.0001870799424564751
0.000102071147126063
-0.0001568206125533556
0.0004061878903953354
0.0004005666789983174
-0.0005786371498354211
0.0001147751412855335
-0.0003117573785814175
-0.0006995380066200468
0.0001138154669533917
0.001422406305628905
2.884534967156461e-05
0.0005583170756476236
-0.001422994808392033
0.0023190635040389
-0.00121123938054804
9.605072918881942e-05
0.001323719114976972
0.001270982998131579
-0.003497650679464139
0.002087819958422177
-0.0004555615115517025
-0.001253876748129139
0.004022492454405256
-0.0006958600072959623
-0.002198218029490679
6.987672168262882e-05
-0.007468710376935551
0.001473234490354982
0.004008527304675472
-0.0007665533567137264
0.02145129107129057
-0.01545174069268661
0.001895418221749172
-0.009444927407538783
-0.01800199842037846
-0.007588539619180506
-0.003575581365751693
-0.007182384095351028
-0.02779264189697897
0.00946616028891932
-0.003149104204256657

-0.001564982354707523
0.002546908797545465
0.002677503232192026
-0.001182121386144643
-0.002830786833598505
6.917130744383381e-05
-0.001061413965740773
0.001311908298253965
-0.004001265291359415
0.005509673241649829
-0.009441934111207546
-0.00880097430928535
0.1217624945678528
0.009255747904847829
-0.005190896692444275
0.004650996198740604
0.0008477272431878357
0.0005313480714490906
0.001006513062556198
0.0001364082702086704
0.002959355093735239
0.0006815389550255814
-0.001344278124123283
0.0002479296166250943
-0.0006429399235853104
-0.00217671579892335
-9.433195619454538e-05
0.003670559833180811
-0.000942450572430989
0.0006990285374842366
0.00373136399526779
-0.0007143816950544142
2.013047600880007e-06
-0.002299950683633777
-0.001601668552242002
0.009245818350682498
0.0006319000855502374
0.001017345244761577
-0.00319659653734728
-0.009792189389305673
0.0001992519885569428
-0.001109527847142707
-0.008911863639719974
0.007086911826382562
0.01137165703220537
-0.001519435294361468
0.007509843665182421
0.01800317863096997
0.01043971737911629
0.0008023972938617516
-0.003147583061086299
-0.01189600067929924
0.02211300207383793
0.0005725931366789864
-0.006238020769182081
-7.045593304424518e-05
0.04362903406948038
-0.005307454540698347
-0.005691203084920621
0.01770918842018836
0.0005931918554414543
-0.0101214942983698
-0.0243161552524154
0.02314140271116313

-0.002480619991968974
-0.003331459072854368
-4.152746129785374e-05
0.001832141684413074
0.001873139311700496
-0.001691335729464741
-3.044993238015138e-05
-0.001309171115090751
-0.000408055357445195
0.003801070710881044
0.005292754611472269
-0.00334066290876197
0.00924072056688297
0.1418258299478612
0.009030617956512941
0.005632974164833267
0.004655219567897224
-0.0004332771565240864
0.001919325709065139
0.002077844867681035
0.0004260507165997278
-0.002506021585960828
-0.0001915621605429112
-8.758053871267156e-05
0.001373713697168804
0.00158547834460166
-0.0007054142127118785
-0.0001693133505598506
0.003513857999819718
0.001386402231929335
-0.0005192330707334003
-0.005725885574168417
-0.001511764146590811
0.002634689082716026
-0.006019720988578816
-0.006610900619068629
0.001254179194213709
0.006571150351232694
-0.002579531418229794
-0.0003367594405014234
-0.01196584970324912
-0.001847735436840025
0.0002523446590104441
-0.002826499012568662
0.001781002047687921
-0.001644973414463801
0.003089880390458036
-0.006075503619472527
-0.03174938804208242
0.000933920736122433
0.0240322308768474
-0.01830729207389587
-0.01361455597304073
-0.00707708351276402
-0.009463801121451336
0.01082979270174093
-0.01271474121635721
-0.009393713051129448
0.03039776192051189
0.01402647245994846
0.01236891707866025
-0.006596959478254963
-0.03677374538941066
-0.006469193854114689

-0.001905682387096923
0.002038939801472877
0.002514427259954914
-0.0004380473854343976
-0.0007114257001465392
0.001866694249609835
-0.00179872335662424
-0.0009540275492429073
0.001577810163765056
0.0007028713780774637
0.004432994734530454
-0.001320659597324381
-0.005200832814683718
0.009041303255740237
0.1662820527144851
-0.008886448772401532
0.005116815780324984
-0.003735915241362492
-0.0008527295680924741
0.001463772010016175
0.001195510675341066
-0.0008240489105745153
-0.001312256732021779
-0.0009606356071837053
-0.0008005639450463318
0.0006406187005350357
-0.0008396342890990319
-0.002164882448067488
-0.0003070054111029132
-0.005062535851550126
0.003077550557260338
0.00331296827805305
0.0009934876260907597
0.0008266032357868976
0.004431325262754944
0.003380970162791726
-0.001149232998155093
-0.005958245620664681
-0.003833380126929621
0.001926652892556815
-0.0004157302084966209
-0.0004346267210715348
-0.001646605903198385
-0.008530499606736526
-0.005036362672159459
0.00480696914502131
-0.009691238708253416
0.01447505668937549
0.01736657705652359
-0.0009658628289245382
-0.01500201359816066
-0.0007054642324167082
0.009826950790045075
0.01918667719190145
0.02077200743544747
-0.02309582984318039
-0.003823666304686682
-0.002236159661010998
0.002750561505575145
0.002898825082610293
0.01491310657261887
-0.004765745118162749
0.01941037077936636
-0.008589968603541977

0.0001631623499682206
0.001344208017186002
0.001762667434002163
-0.001442307722376093
-0.0003410876732335798
0.0009567910521531211
-0.0007459040716590757
0.00235414183907002
-0.000808066888841805
0.001059285240592857
-0.0005970766974018478
-0.001304410210639521
0.004562682942604915
0.005552432194297164
-0.00889960048243583
0.196172655740056
0.009880714113516218
0.005280219633373549
0.004215655912952715
-0.0006948897034624333
0.0006466453236223827
-4.48221949032007e-05
-0.0003871880228249411
-0.002092745882238926
0.00112558552897076
-0.001351985080991797
0.0001256879659118191
0.0005296870829270795
0.001455391584505511
-0.001655371961305843
0.00830801371018477
-0.003011606968083599
0.0001267149435517911
0.002632331474533707
-0.001938311925996028
0.00402908952150724
4.447876713365256e-06
-0.0006439578446587979
-0.007774665843137278
-0.004122803744135519
-0.01280664433894868
-0.002659091000518293
-0.007215283410233015
-0.009751009606187409
0.00195620461778732
0.002524695869127042
-0.00342958556555909
0.02260858172648153
-0.001839253437477234
0.001447472886406045
0.003089090013387457
-0.02646348148548867
0.01320575397942396
0.01392310748070081
0.01566249779336104
-0.01751229244146366
0.009192748079012606
-0.01259417171912083
0.03203992008365311
0.02535713272381518
0.03352723693551038
-0.01234418370090593
-0.02648383023069998
0.001390480360451446

-0.0006845619580409767
-0.00262220776033598
0.0003919383073375008
0.001426740041871735
0.001419198016434228
0.0006470739953719585
0.001268882670444854
-0.0009098294836454129
-0.001660817924681604
0.000884558607471832
0.0006518646807370514
-0.0005087875477661666
0.0006743064212551535
0.004547802316838944
0.005082112220098174
0.009781237771272848
0.2322033662299595
-0.009487038267801853
0.005281931210691645
0.002313889140953285
0.005409219895164515
-0.001699887927915164
0.0004479702446580584
-0.001182498706268838
0.002548382024797245
-0.00139719062507514
-0.0006423603532311425
0.0006862462838624316
0.001471675917244229
0.000875765764708156
0.003670525691842531
-0.003369471199305616
-0.0008550296699165541
-0.0006303523978806837
-0.002065042212488661
0.005060001430620509
0.002037031189431184
0.00490446899876839
0.000998038880030765
-0.001020180878791123
-0.01090856785061526
-0.002826097354931049
-0.006704281971621061
-0.001498494026532639
0.001974808499886719
-0.003139455406514449
0.01200258055214196
0.01073168207415295
-0.003585503194546869
0.001522004710355735
0.006985497082627159
-0.01454245155702137
0.01880067834352105
-0.003545775903782184
-0.001117607229008476
0.009431019905268461
0.009406876814984136
-0.01281732236557694
0.03241031314079199
0.005404213420588683
0.01085352647072006
-0.004604096938428563
-0.01839782647837105
0.03862281068698909

0.0007593599823422246
-0.001288583699962544
-0.002316002295539945
-0.0004442051460967625
0.0006085846179466329
-0.001819186169886927
-0.0006230472492193734
-0.0007094241280228952
-0.0008538238735462312
-0.001362448779635342
-0.0007833782779915371
0.0003767114075269935
0.0007247771408976787
-0.0003367874097572679
-0.004003721071837103
0.005087616829642079
-0.00943083969755202
0.2774939570613394
0.008186679171409538
-0.0028015632035654
-0.006101974108502928
0.00476526916601353
0.0003110676662410449
0.0008025915805371701
-0.001069368961685108
0.002039580777004267
0.001083953158731906
-0.002701300764745639
0.001377751422213168
-0.003392069068615753
0.004036286293297027
0.001897397342644248
0.001029552426875951
0.004626220908477843
0.002091800603256289
-0.003072008915331267
-0.001516605616300927
-0.005416398363172903
-0.00290967163309493
0.007165213423824856
-0.005518512532416668
1.522140976905988e-05
0.003460589981824402
-0.01590914520914542
-0.01116466759109039
0.00605179050926607
-0.01525870663400089
0.006071532500068805
0.003844230196570353
-0.001042628331865075
-0.006511762377398789
-0.00136179702651802
-0.005315163877623074
0.02036922330628533
0.0265280548398221
-0.02402675717146625
-0.0332798551290102
-0.004452432082660552
0.01830895622387723
-0.001280187905232993
0.02415534346565845
-0.002254335613242893
0.02207759304752114
-0.02749603455653827

0.0001392251633880083
0.001437937162134575
0.0007358012639702754
-0.00139811386925336
0.0002209370696359319
0.0007819151345826236
-0.001253838811243878
-0.0005493477771760204
0.0003105947688579703
0.0009660082340508444
-0.001346757817509755
-0.0001595121826005533
0.001154966348220892
0.001511599722228911
-0.0004523727023560435
0.004337629686495236
0.005223425900462516
0.008244089101070367
0.3287057783966335
-0.009128847669407905
0.008265584712401691
0.00476045662456263
0.004527637149149466
-0.0002563621718672231
-0.0001763422637014681
0.001901702121758183
0.0001394488521555429
-0.0003826262291951744
0.001147506200376396
0.00289531759046518
-0.002163889847918473
-0.003713472818698454
-0.0004868105273288945
-6.928848001766757e-05
-0.00447509379244016
-0.002357945788401324
0.001046773567537613
0.004197890743209587
0.0009177454803035968
-0.002682813414952976
0.0001825724528399245
-0.0002261612796518696
0.001235265810111744
0.005079339494788255
0.004685883501831672
-0.00363002399511153
0.004768058605931527
-0.01059416655362816
-0.01570471991768838
-0.0001775613656151043
0.0127558962143765
-0.001899985241093234
-0.01033858042522416
-0.01244700198487499
-0.01489857941212865
0.01519861985636235
0.002987477558676382
0.003721013592674956
-0.002538813741304375
0.003638531426620459
-0.006882951644572647
0.007699503784420555
-0.01997287284176581
-0.001776833296426637

-0.0006301066660820422
-0.000545553576124642
0.0004283399374690625
0.0002457537326782039
4.80808120183601e-05
0.0004120425670053572
0.0002042621970115872
-0.0002347161403802254
-0.000103825839562654
0.0009916642651881485
0.0009728911589136892
-0.000104509754247543
0.0001073001057876705
0.002153681490090939
0.001453382901442074
-0.0008048051630222146
0.002191410496500526
-0.002821468774944706
-0.00909987946503998
0.2790267912783913
-0.005452007740561106
0.001055863475607534
2.702898812447013e-05
0.0008898484202208815
-0.0001625577083569238
0.0003568637681096659
0.001250504767505665
-7.372200617004979e-05
0.0001484093938198441
-0.0006505197285182182
-0.0001064953493997078
0.0002189601729242126
0.001120833830162123
-7.14374433104671e-05
0.0003676674529588934
-0.0007739322856549199
0.001966868363354711
-0.0008393566279993739
-0.0001898506756452898
0.0006634066219421277
0.0001466681882069911
-0.00291314692340571
0.0007013295006931238
-0.0008704390041596633
-0.001161777532338126
-0.0034237481805347
-0.002118562319071715
0.0004170672135422205
0.0007038807517460057
-0.006840879627706064
0.001315835645321923
0.0007769699871871356
-0.000327428479956167
-0.003185689208912914
0.005251509754590966
-0.003048288524401414
-0.0001492331203296286
0.009595544198969911
0.002881929551992263
0.002773555233563758
0.01351602831895694
0.05609038640850883
-0.005132638579011355
-0.002012208591236003

-0.0003736169121123219
-0.001606608045078676
-0.0003369775780377587
0.0009700448419661706
0.001497057216107508
0.0007310574620499041
0.0007085409288292232
-0.001022215757997994
0.0005020482308610444
-0.000286594198685839
0.0005500007689293769
-0.0003574715155497086
0.001937499690501374
0.001068224679896075
0.001021150487429855
0.0004983406255420937
0.005196713027692933
-0.005835108228564527
0.008283730006633887
-0.005450231879281116
0.3927755558196434
-0.009077825400937012
0.004547730475637802
-0.004892684395541253
-0.0003123956607424521
-0.001493696387432889
0.0002608280685434051
0.001721800719961729
-0.004167243469656719
0.0003154918192443452
0.00278037698241329
0.0005937306411236223
0.0001307901933128781
-0.004774381616687943
2.036475026167476e-05
0.01186830131888252
0.001736605174213501
0.001606147486506389
0.0005160844868572041
-0.007899976034537704
0.003481000963250342
-0.0004679586565335048
-0.0079383755762923
0.009873149556501057
0.01036387315013421
-0.003415706439763156
0.0113936893002354
0.01521865451951276
0.01959440299239912
5.248647495808992e-05
-0.009572207830269581
-0.00288137144852001
0.02644009551720639
-0.005102935324487811
-0.005277224883495636
0.004264463980177116
0.04605200040187413
-0.0001781491693985301
-0.01271411386194612
0.005344098014035013
-0.008927948141449841
0.002511693020097627
-0.01008328095093148
0.03701411077166654

0.0006436132702682323
-0.0009569502398917078
-0.001655042521508154
0.0003860175982709957
0.0005300018266076445
-0.001499330863084986
-0.001067650539097651
-0.000734039227303084
-0.001009978111940771
0.0008208116547027371
0.0007688542785088648
0.0002861623593441529
0.0006426722860242514
-0.001718009681031448
-0.001048329607808364
0.0003502473105749739
-0.001082225204111473
0.004715777210230788
0.004777861476034951
0.001081566919942652
-0.009057311208755112
0.4668214516572291
0.008633499359774765
0.004047445732262965
-0.006294685678662071
0.002768197426564225
0.001201507119737703
0.001474342948839078
-0.0008427133207467026
-0.004061889607719285
-0.002320770842031907
0.003593498334952074
0.0006701375669106465
-0.000979436597279516
0.0009577442614145603
-0.004071928417468367
-0.002770194607955336
-0.008023583882383153
-0.004060482630089991
-0.005225271587095557
0.0160494163868468
0.004455446795697514
0.005644069350346294
0.006226554162046185
0.005180441923420787
0.005590587414511673
-0.01839071618365954
-0.005673591781679929
0.009613620616714353
-0.001725584805446719
-0.01191737283988298
0.01240667501593281
-0.01930612854521977
0.005702820252705324
0.0009640842928336358
-0.01880274562573965
0.01045512437923904
0.01822300875403039
-0.05626454066735388
0.007076762087105044
-0.01465358928719769
-0.004181329091632573
0.007236877905043021
-0.05685789956092253

0.0003535767752395466
0.001435854712475014
0.0005109214788899777
-0.001116780839102872
-0.0002885214537508079
0.0002496113172603807
-0.001595625635910269
-0.0009589111475906831
0.000352091764526227
0.001398935850030207
0.0007158252653878947
0.0001521074108701883
-0.0004893685503394108
0.000487755656394051
-0.001232613738799522
0.0005958073466875039
0.0005984590130891526
0.0002511726163771924
0.004592515423044753
5.156821055960157e-05
0.004579685977241277
0.00867801709503592
0.5527585498097929
-0.007330270276878353
-0.006606953578696744
0.003668481248118314
0.0003716125179153233
-0.002033567809443461
0.001258593432765622
-0.0004171452961792173
-0.004955311501367177
0.00251329349592185
0.0007392693056332183
-0.001385290132680424
0.004933124423425668
0.003082909826848992
0.0008205396869304215
0.0005639452944086896
0.01454630564572474
0.01149336665743988
0.00323953096590772
0.0001766579528578938
0.004611786602330264
-0.001685766893047735
-0.01414912575111218
-0.004273827279125821
0.01133787329171571
-0.01445093804928545
0.01506373965165865
-0.001090360658592452
-0.01049962063954682
0.02788696795140064
0.008905967007714162
-0.005256298618999245
8.500164808501959e-05
0.01794764497847689
-0.02936547058532571
0.0001274749044406059
0.006456683627564501
-0.04612680952196085
-0.01978186130767431
0.01750305076897679
0.05670854413911015
0.04335982163291541

0.0002611106963627399
0.001361880498751799
0.0007475710682541726
-0.0004683033803590604
-0.0008569897975179998
0.0003651642362234045
-0.0001998063734965382
0.001302273212330361
-0.0006226942054769532
0.0004087054345921865
-0.001174098720420808
-6.150325093588769e-05
0.0007082206547661229
5.386249282285805e-05
-0.000814720860967538
-0.001582232623330736
-0.001298846497284737
0.0007952799737788994
-0.0002220963755491887
0.0008308866993963021
-0.004783586324227553
0.004256455453275106
-0.007557909035876737
0.6478379425024715
-0.009564148880311681
-0.005820408699645767
-0.0001452774939625462
0.003861603382637516
0.0008924093022153815
0.00174618765546027
0.0001122472954646955
-0.0005435485594971557
-5.295232058916122e-05
0.0001892719455228137
0.002389559056710276
0.0009901016709652744
0.0005643657890958627
0.001100165161096268
0.007320597892036908
0.008224810683884583
-0.0004573588778040958
-0.0009491278077263213
0.001385899963300444
-0.001407937383860577
-0.008032999189317129
-0.002972183019951291
0.009502998430177927
-0.005760953614717019
0.004007104328332983
-0.0002223930693120297
-0.003244605073100971
0.01065641115980032
0.008542359900031113
-0.00380836140409304
-0.0005412099160400213
0.01239847500797002
-0.0157190431000556
-0.003874645811646217
0.01474886979508245
-0.02277993065674454
-0.008727077868771239
0.009498295174547942
0.02456689892696725
0.03291208308463955

-0.0005988374171821772
0.0009883563574366694
0.001106136914367828
-0.0004222530589458306
-0.0005549277850469086
0.0008736368920191636
-2.30825677788318e-05
0.0006051510689745738
0.001311368612947617
-0.0009382187253043637
-0.0004159226074328007
-8.852708924032238e-06
-0.000786678542740143
-0.0004059955808229164
-0.0004135559898423499
-0.000110135194077288
0.001705301526165082
-0.001164874462713163
-0.0004906323251412229
-0.0001110339921570365
-3.083809780165137e-05
-0.005663757060134346
-0.006094648147911687
-0.009459947523640861
0.7601467324818491
-0.009307326492611331
-0.003560826764871373
-0.004511231663565309
-0.003350525393856212
0.001178142773420868
0.002466061535683099
-0.002837633127615588
-0.000535561215048063
0.003930341150652444
-0.004021758148128298
-0.001375082691563672
0.0005749607901244983
0.004461566023190671
-0.005549578380780805
-0.002938666344818585
-0.01310363348741444
-0.002893015263595296
-0.004736490134479379
-0.004230915948002611
0.003443889600432343
-0.0004702789938138346
0.001887129135666281
0.007064218194782379
-0.01809545593328634
0.001384823473115514
0.01575108560957649
-0.02292885312509189
0.0003790827209837072
0.001724747246006464
4.821869511588645e-05
-0.0004039900634508722
0.001681003596007152
-0.009500882380706675
0.03027067597008402
0.01932743903754075
0.02022144922756363
-0.007855874021144488
-0.03721359364490621
-5.817293177190291e-05

0.0005054428037705833
0.001035138710487238
0.0002699244639944279
-0.001132239647192936
-0.000374061532140642
0.0002550110149338696
-0.001223619068155431
0.0001300703662326005
0.0003121356042958813
0.001271556434098011
0.001328563076987876
0.0001164981177145699
-0.0006468232174689447
0.001011564844457231
0.0009436093556300976
-0.0004936462096227442
7.536062572067168e-05
0.001522131596453848
0.001527239032102379
0.0003979070736228393
-0.0002799051334337094
0.001557854234375537
0.004058835636611143
-0.005491885122299939
-0.009233879648887569
0.8888340583689285
0.0007787228697177322
-0.009743354480656254
0.004969661918787981
-0.00683517988378106
-0.003878519408457844
-0.0004248954380924692
0.0008248513440044469
-0.0002053013079451494
0.0006019853015874384
-0.009702081353503022
-0.002269989825149882
-0.004265901607964064
-0.005185335595130135
-0.00228100156245885
0.008115286337462155
0.0030255295979107
0.009200278838588295
-0.001135259946594628
0.001496920550364776
0.005292278623341633
-0.01979458963913082
-0.01269002708142017
-0.01088924910750071
-0.000733764341250192
0.002223423765521806
0.005840182867190029
-0.03298800860592553
0.005272598071582932
0.0008853960691664043
-0.01559172258285683
-0.0132280813251658
0.01298943223879803
-0.03185135732163395
0.009198539694377969
-0.003889727464506075
-0.005169399152988878
-0.003193041616814551
-0.0699833133032325

0.0003931582244967708
1.546145037803034e-05
-0.0005643164977556142
-0.0002611362542632143
-0.0004182096322985783
2.736286970282922e-05
-1.129849888971319e-05
-4.899417763429632e-05
0.0004101783827486981
-0.0001849337183424368
-0.0002196592377559807
0.0001009576975014376
-0.0005329380753335987
-0.0004931042055342314
-0.0007863185314449643
5.133694420513923e-05
-0.0005499263350542771
0.001035899994595404
-5.897205565281435e-05
0.0003890053452418353
-5.144240555922473e-05
0.001071502078886265
0.0003585543581076289
-0.000125462501846868
-0.003558925553399649
0.0007587898762657255
0.8815136415064527
0.00526147908106587
-0.0003794029626258782
-0.0001694003955599806
0.001337510622209199
0.0008780916858784925
-0.002779260505247528
-0.0004376285642273906
-0.0004185858569893714
0.0005422580900179355
-0.001403677408785462
0.0001274718984304248
-0.0001024250801920282
-0.0008697780752740806
0.001549251464162793
-0.003607536395026143
0.0005271612909329673
0.001398958664816967
0.001367729994267223
0.006622182095813952
0.00205527435344059
0.0001624734353275774
0.001231315000801293
-0.007061752061055306
0.001703208086699103
0.002144329831818278
0.003167926514662194
0.02235958280737415
-0.01713646920523381
0.0004249440493838805
0.004637892519177424
0.02290845106797941
0.004141034877973702
0.0001545462954197568
0.0003121881456802587
0.01388245646224139
-0.003139614799202235
-0.001468990010433356

-0.0004367890443742373
0.001038755415093492
0.0007871620985251374
-0.0001136546640817218
-0.0007378658416059844
0.0006656624437989583
-0.0001737383699759179
0.0009540822388076503
-5.589285391408683e-06
-9.444937877639266e-05
-0.001483600474393029
-0.0002902360166021665
0.001178006330263541
0.0001774789763375766
-0.001052599470747002
0.0008628520672860356
0.0002964142809876334
-0.0003191421391825111
-0.0009386757049058996
0.0001380072446580363
-0.0001374768201188033
0.0009725429318458464
-0.001167842843896214
0.004181993891754607
-0.004445633903379766
-0.009616947098481363
0.005268031273496084
1.032934998693124
0.006492961417323067
0.007072023831959674
0.00439057820490933
-0.00115764328199188
-0.0001736291642799963
-0.002968772148129505
-0.004567181965971827
0.006020875744200372
0.0001967291455598724
0.002088879853221291
-0.001861403443507805
-0.0104955709184764
0.006956573002690931
0.0009239013563063284
-0.005350359349880467
0.0159508717109485
0.01404532236306731
-0.003632577606870134
0.007046481533141293
0.005066964788751011
0.001746736968395108
0.001936410931355789
0.001758092693797287
-0.005510631316743799
0.008401175309675532
-0.01434131747821365
-0.01755846874297332
0.008783510546491197
0.04650817166220738
0.003170386793969817
-0.02624451694873854
0.01579774271630642
-0.01538773504137935
-0.004521549418961135
-0.03184884812683773
0.009915846729138398

-0.0001233679286485696
-0.000875252008003387
-0.0007082547538506358
0.0003290248523749066
0.0003977503984103385
-0.0007745463354376315
0.0003434441557180503
-0.0002161755322297524
-0.0005180353845452419
-0.0002028979935745951
8.6856018531455e-05
-0.0001075923784647938
0.0009609816981132503
0.001133632093541905
0.0001672750078593227
0.0009340259304450059
0.001021543101221373
0.000252614933575092
0.0006916501956654141
-2.756679571782927e-05
-0.002182671398794478
0.0005219067402297902
0.0009260327800846967
0.0005340262993402262
-0.003851063922782336
0.004871063458358463
-0.0003670273508504892
0.006795987342934642
1.192624468366749
-0.008472511794980713
0.004574077262602523
-0.006978487511350147
-0.001904394717196416
0.002919052572029306
-0.001347571244731981
-0.003059496385176854
0.001053269173279582
0.003397509038459546
0.001783827956782712
0.006388351924041535
-0.00836449123713992
-0.001194543738551162
0.002988279156625303
-0.008487479483927503
-0.009298581720092165
0.0002816391951176375
-0.0002276950314361579
-0.00586280931292597
-0.01458207281523895
-0.000662495201944812
0.009563134365282918
-0.004624393726580456
-0.006729257772719217
0.0008574825750590534
0.003447984219241728
0.002637095711598653
-0.02976544311162041
-0.007858957934815097
0.03108187076551845
-0.005594789535928928
0.0121374490093565
0.002260068057169422
0.002326333533926506
0.003022030831493638

-0.0001709126873139986
-0.0008704580175870817
-0.000274284793183218
0.0009004472179590187
0.0002865444848209142
-8.857069952532756e-05
0.0007422483631271064
-2.318173241084754e-05
-0.0003432718315287808
-0.0006976746229962747
-0.0002778225210538178
3.073494929977776e-05
0.0001362055152779275
-0.0009554721834345548
-0.001402960933409857
-1.980154377416617e-05
-0.0004772424267839922
0.0001015266261256721
0.0007077760636054302
-0.0004837518605506878
-0.0002508236102483711
-0.002166003832121783
-0.001009633893950784
0.00115940837586447
0.0007256776763587608
-0.006103644629698502
-0.0001565638997911364
0.006440950952831114
-0.008504432640732716
1.375593524163815
0.00592091143516168
0.001187612366748913
-0.001009821125127547
0.00333699957699251
-0.003882792061896925
0.001161585285300431
0.002316961511031607
0.006870327212342885
0.007648624981194001
-0.001125588402182238
-0.002573534661923295
-0.001441699841673644
-0.003096667951763805
0.01037534164712805
0.004977076434391025
-0.007958989644117906
0.02165506530502566
-0.008313078783316157
-0.01296546490429664
0.00073910873563865
0.01427593519630879
-0.001557873122575396
0.005609034243918083
-0.02239561451339767
-0.02303053123029155
0.032315663605338
0.0134199010755839
-0.00438430386990347
0.01080929505220625
-0.007888670803300957
-0.01613614405797607
0.007119426203984117
-0.01854005421537174
0.04321067734509941

-0.0003601494262755551
0.0005133099652030356
0.0009781019567010102
-0.0002085564487805376
-0.00060318850785368
0.0002630162088664757
0.0003091293474148108
0.0009337138993723341
0.0001557672779986492
-0.000103838220121945
-0.0007776115254404705
-0.000119366928284861
0.0002969644498975385
-4.47501937538594e-06
-0.0008040509721037449
0.001853594557263317
0.0007059454141530438
0.001299668385579348
0.0003808591376543659
-0.0001194791852052421
0.0007348194154109054
-0.0003974972295184565
-0.002545160047866974
0.0008419999180389556
0.0009507931736592061
-0.002296559865410706
0.001370469840864111
0.004490167755445131
0.004544438099842841
0.006285450849290383
1.579606003693232
-0.00938377776205491
0.0003479429298854154
0.006700704782722759
-0.005380042979649236
0.007629849294414215
-0.0003061410325778292
-0.00190521713648789
-0.005559233855304199
-0.004418483980955601
-0.01271185564071794
-0.002955032293180418
-0.009341796991484909
-0.009659430181461199
0.0004075233937930433
0.002526339644093167
-0.001355432191819798
0.03126436983179341
0.006932343949767505
0.002325110068357772
-0.004132131689962413
-0.02594687336254013
0.02475263933283574
0.01692038550510697
0.02061407441820597
-0.01974140498370811
0.01521628997142843
-0.0151340801318457
0.03695125187379245
0.02322508345970888
0.0354729252707993
-0.01239523058809038
-0.01812199038761079
0.01555868519590834

0.0001944347930522533
0.0008034492789836856
0.0001827041819264204
-0.0004857217675579269
-0.0001805736135267987
0.0002681411345443072
-0.0004520908334226599
-3.603141957918354e-05
0.0004038504509025642
0.0002280837207200801
-3.831469644147276e-05
5.901503119218859e-05
-0.0005520595828688595
-0.0003819612944252363
0.0003457561323014321
-0.001417312886473315
-0.001222905542433699
0.0003968350599657239
-0.001286936805143925
0.0003226190379812472
-0.0006561977915841165
0.001002570710181956
0.0004068176150504221
-0.0009558721425979124
-0.0004450342811444755
-0.0005682589162874577
0.000540605153908261
-0.0007653637707988161
-0.006165806993501548
0.001977529042255956
-0.009323969817232415
1.791238283307604
0.01439300423606508
0.006010089105853364
0.009554532517177
-0.002524331666595325
-0.001790514369707012
-0.005547903996264886
0.001553827220356642
0.004077426433404452
0.01020954960904493
0.003165192709537682
0.00186472882159376
-0.0002206917169911592
-0.003900685714123661
0.002359913971679592
-0.005199289666451199
0.0004911300313337237
0.02328257656832914
0.002855705481317464
-0.01849824370202356
0.01605889682634975
0.003257102500645235
0.01170646347184063
0.007129202907648069
-0.01101263489562783
-0.001843540047435269
0.01432476182605951
-0.0211560573410103
-0.01628408913246951
-0.009022025143767223
0.003666211950521448
0.03594924686450995
-0.005876199041411748

0.0002588447006840985
-7.342334543470409e-05
0.0002461472720806568
-0.0007005570742543118
9.45726144481932e-05
6.038546697870027e-05
1.794334947107999e-05
-0.0004765598428017269
0.0003448160041765465
-5.904383405366103e-05
0.0005992318050257014
0.000121144658967675
-0.0003375628592586069
-0.0003524925297327706
0.0001445749817951839
-0.00015634683812008
-0.0004723141481969149
0.0001473120993002609
-7.406885540458357e-05
0.0002136981316580057
-0.0002820423637152341
9.440863845974028e-05
0.0003890994989671857
6.78576256031975e-05
-2.614321620515042e-05
0.0007446448912897124
-0.001333341863327129
-1.679280345477717e-05
-0.001706430269929486
-0.0007796225985342846
0.0003225001003358346
0.01432819811522156
1.793310660855182
0.005420725867567845
0.002554560585466504
0.0002328396655055426
-0.001101542986152715
-0.002086249194586744
-0.0007478673285212793
0.0005069156292532176
0.002401435755589125
-0.006112584035114864
0.001419494381610658
-0.00038450484282967
-0.0005723445505430863
-0.001312348360947741
-0.003533730182908576
0.002764987204560507
0.007162604577486956
-0.01721092961565596
7.010313216560676e-05
0.003072824909499648
-3.491003459550612e-05
-0.01129616108246756
0.0147734916238919
-0.005506477552623542
-0.002786406369313151
-0.03224105384361341
-0.0177978673940343
0.001727244793907309
0.003496577497345535
0.004380187175612751
0.008910751257604967
-0.0009748135336247379

-0.0001414727831982341
-0.0006388176816401639
-0.0004321898308735279
0.0002285377078241605
0.0002963533811431471
-0.0003639121766152468
0.0004409189532796842
-2.20905029628449e-05
8.085859612725656e-05
-0.000519325218945955
4.065392976891581e-05
5.61295593051005e-05
-0.0001197503590935776
-0.0003102654481403754
5.493495835006855e-05
0.0001885054382817342
-0.001077282816826206
0.001436521312825539
3.784028778295819e-05
-0.0001607197042632074
-0.001543914929722331
0.000570016232191372
-0.0003893406562630534
0.000376939801061751
0.002184096630705189
-0.0008878090198881491
-0.0003544314080317324
-0.001196917117392336
0.001660182003063683
0.003797697091428118
0.006174430300948224
0.006181582037455113
0.005554190212299014
2.040496270515896
-0.009624516980205805
-0.008443951141999096
-0.001178994267009862
-0.005029898389904625
-0.002505147194086456
0.003643922775736856
-0.006638727620105812
-2.381281011353562e-05
0.002209157077220473
-0.008894694640770542
-0.004803024444136755
0.002711106843355366
-0.005107529223073935
0.002033777603606616
-0.01060763134846598
0.001349309547404076
0.008199249937023869
-0.0095311826290897
-0.006201647338659573
0.00816484813528778
0.009509971983304123
-0.007272588029598095
-0.02086466562202672
-0.003535127371329634
0.0232983680691678
0.004466715012397563
0.01923228527811124
-0.004773837455231421
-0.00528691288762787
-0.01573864945907297

0.0003884457504561704
-0.0004740079589950024
-0.0005506989086302361
0.0001084338455271786
0.0003296287387462088
-0.0004974679939004839
-7.430014120992659e-05
-0.0005303430234917707
-9.01389327398808e-05
0.000257268602324668
0.0004609923121765585
8.25128173200381e-05
-0.0001313415340477301
-0.0003443731865369027
0.0008084394888376487
-0.0002190315646716041
-0.0001868625211735329
-0.0007287252974691841
-0.001409140488909841
0.000136022728207543
-0.0001230126535460186
-0.0003542980681899336
0.0004318096042608504
0.000669995473782345
-0.001037418916770345
0.0009784813599992886
-0.0005767907432317507
-0.002774925820108444
-0.0009958421403134243
-0.002381835386465143
-0.005176885442028291
0.008376620793662973
0.002283317615244974
-0.009513023293179757
2.311465358404526
-0.00689696413167862
0.001116760386483251
0.0002022958842453427
-0.0005920676742633768
0.006992102781809912
0.00426832383711334
0.001372013489078765
0.001573315872032234
-0.002524683411630113
-0.0086507894373883
0.00199953877955045
-0.002520154275184785
-0.001807888404309748
0.01898365244528867
-0.001710158333759437
-0.01512852276148329
0.01906027676103986
0.004389285440928987
0.007689063544687211
0.01172090930874125
-0.006703903444176313
-0.01599825065221819
0.003149910692367715
-0.005636818029784395
-0.02144105303038792
-0.006530431539601201
0.006756624013116677
0.04283050835032769
0.005071409554360503

-0.0003440630588903967
-0.0005245460945077611
-1.043768564648925e-05
0.0006547728505650157
0.0001687132878711969
2.764681043341494e-05
0.0005831740127828336
5.313496008298231e-06
-0.0004016037946654978
-5.528649997497223e-05
-0.0005381826675663992
-0.0001204455646869419
0.0009079163997945642
-0.0002877246137756415
0.0001121805065048202
0.0008491458279190182
0.0005277273267990859
-0.0003257059344894316
0.0007319999925715899
-0.0004659729032482761
0.002576673784702834
-0.0008675047139471107
0.001238534563074086
-0.0005048124176948192
-0.0003647731752341446
-0.003036314960366211
0.0002287044751860875
0.003143095119382107
-0.0006847494264049406
0.0003683067126091571
0.00468891538991057
-0.003215638451562242
0.0001436546588528687
-0.00757867265454978
-0.00711500457981307
2.613595686156386
0.007501795979321606
0.009049028006009104
0.008671708057797651
-0.007682459400804147
-0.002491556955106268
-0.001595657010269867
-0.009075534651039576
0.003171043538246312
0.004759192754908407
-0.003096906102432413
0.01711612776123626
0.01850583850162039
0.02234541407276684
-0.0002528166293186093
-0.01144143741556793
-0.002987515316469582
0.03983121227704711
-0.004444033840797772
0.001194368042882721
0.006893338627426183
0.03368091261325604
-0.00762087096628853
0.01241011656690894
-0.00550213531153844
-0.002712929225545261
0.001020194501296656
0.002686025761505855
0.0653006402753579

8.42603892119031e-05
-0.0001655965330264083
0.0006182206683206609
0.0002977891273499066
0.0009722094542318981
0.0002412236431471254
-0.000300732762122582
6.080284979958382e-05
0.0002275176151381351
0.0005182160837083319
9.741294600493149e-05
6.043399540726771e-05
-0.0002137451596311673
0.0002946633407185634
4.952823702732381e-05
-7.787768538531896e-05
0.0005934593406519622
-0.0002941007900908963
8.132223753414854e-05
0.0001879884684019524
0.0008233172905593574
-0.0005720583049611077
-0.000130199380988562
-0.000135670800088205
0.0001699649244143926
-0.0008000013858304836
-0.0004283178108710951
-0.0002035845531477282
0.0008708639273574903
0.001152201560706397
-0.0003860443297644638
-0.001544419803581202
-0.0008591681620165271
-0.001081407297406341
0.001336281140852711
0.007488894525173793
2.807693227581473
0.01525333664248652
0.001698166765825865
-1.516214414431323e-06
-0.003826262996441464
0.004096615717466972
-0.002423242749392851
0.0004229818512156668
-0.0009572726961586236
-0.01235419332558988
0.003008034020900991
-0.0003860438016045865
-0.002536386731931402
0.01585915810872575
-0.002336408754061037
-0.001348898357114185
0.00683598082024933
0.01572950359095515
-0.02063515863545128
0.009973545279874995
-0.001097723794476297
-0.01056699606671213
0.006868811107662774
-0.002608301543924387
0.002132109585867174
0.02132596230496417
-0.004629811714319676
0.01529549978682101

-0.0003252353690184998
0.0005917279453391932
0.0003750582726574795
-0.0001302979082273862
-0.0004851556872699948
0.0002009865803773196
0.0001331845337314701
0.0003872884957537286
-0.0001333801064507645
3.939707903678982e-05
-0.0003964237933826239
-0.0001204378079689637
0.0002583697918686199
0.0006333017898764148
-0.0003122131755947499
0.0001224297281056025
0.0008376916305118525
-0.0005103759394101799
0.0006032616581114723
-0.0001095251339245069
0.001158849971827672
-0.002078795068795289
8.132601012654419e-05
-0.0002923440708738425
0.001960307535521223
-0.001282591020637902
0.0001943442869620365
0.0005134608817058174
0.001958222420160807
0.002455821445322907
-0.001217160298953661
-0.003291472362654925
-0.001661129415881534
-0.004886998874179178
0.0009931760763655763
0.008820143285339425
0.01526908703586996
2.93097147967962
-0.004623382636655226
-0.004863666933547364
-0.01100911160143631
-0.0042537686651625
-0.002969137559569858
0.003412494269929857
0.003723555890503767
-0.003989692270439523
0.01714175712483391
-0.003382943924924788
-0.01172073565413181
-0.0024919150442958
0.0134718362323447
-0.005673449952243939
0.006641913199456041
-0.02076417442839657
-0.01141077823478234
0.02091882810213911
0.005076847172970042
-0.005940655441072793
0.02249000620374476
-0.001968397552843756
-0.003458222826266932
-0.002076719397269647
-0.01652214750590691
0.03740203650986022

7.245169821520271e-05
0.0006089128321868087
0.0004443792140573606
-9.276063849632966e-05
-7.980808513130666e-05
0.0002447988252926537
-5.626754218778372e-05
-8.522971769787682e-05
0.0001687045697463268
0.0001933000086570662
-0.0004903925158759738
-6.573583091682117e-06
-0.0001430452285412803
-0.0002439586216836691
-0.0005315829704806053
-0.0004316230817299819
-2.470047542624113e-05
0.0002019059449758717
0.0001250094388892969
5.863854240416495e-05
-2.96641411672957e-05
0.000417932460859298
0.003225346464308514
0.001391412287066056
-0.001837673119326899
-0.0006526150858212317
0.0002624990538781461
-0.0005383868244335343
0.0009055422322457354
0.003844353699778374
-0.001956406523461413
0.0006483520536948758
-0.0006799151906129904
-0.001493703096737928
-0.001798725762177405
0.00775676217126447
0.001561366820543574
-0.005077270438113176
3.286200801267678
-2.783215858870834e-05
0.005581887554932705
-0.0006694011461710915
0.006536009497831904
0.002227178481905871
-0.008585868307148142
-0.005728010792305387
0.01589965847794021
-0.01282874341036483
0.007466982540668972
-0.0006201933202402952
-0.003306518704695031
0.01855749754266291
0.0123398134651853
-0.01324993793334113
-0.007144976999102917
0.02751633232833607
-0.01380214664094559
-0.00260797364804136
0.01138569759195744
-0.03582211459849892
-0.01908617089001823
0.01444421734571431
0.03513589092901967
0.05225231092264417

0.0002434852868623469
0.0006276456492515911
6.058647238599881e-05
-0.0004701200948157202
-0.0001283863395570129
-0.0001632168397390236
-0.0001892289425303882
-9.418773174747742e-05
0.0001645965358126498
0.0004173567316700756
-1.413476765420828e-05
6.066186341130054e-05
-0.0005014474473154942
-2.190846833687141e-05
0.000189028010152104
-0.0006161713517192757
-0.0002118422354345093
0.0004974419980236862
-0.0006771633578190842
0.0002752618725960843
-0.000908376932581105
-0.0007178148952981892
0.0007753586323595896
0.002212215128282795
-0.0006720817636646206
-0.001029575386966889
-0.0001227347364887456
-0.002227306066675715
0.002020598241727321
-0.0001854153182052854
-0.002571093022598456
0.002757182441103841
0.0001500099227296706
0.002298296929272416
0.00448472400914119
-0.006851219639519368
1.840020520348443e-05
-0.004797308068766969
-0.000918441829793273
3.667579233382907
0.004795932076757149
-0.002197237298382004
0.0007155675823502508
-0.004754266690303603
-0.01622235709644633
-0.001000589101411891
0.002424797969035732
-0.008590492923079084
0.001554089688402628
-0.001266844783268482
-0.003687349415119781
0.0143658380293584
-0.0004831656642175525
0.003277320598282158
0.01103963377906891
0.005002239709476099
-0.04526611316584372
-0.004361497790308847
0.02288310409540298
-0.03081416471627018
-0.0001204388134626666
0.009676074764220584
0.04254546289447787
0.01835176055148991

0.0003750290126777657
-0.0002681462781640211
-0.0005251023769916339
0.0001531222705841118
0.0002974936464660956
6.282880397154138e-05
-0.0003407194329781972
-0.0004689734886488816
-0.0001925910900841218
7.098466427900223e-05
0.0004720769973615325
0.0001032474369803843
-0.0001084079013394067
-0.0006107198005921782
7.894524678514622e-05
-0.0008111859528077314
-0.001012910551717196
-0.0003075028374927493
-9.599774396037769e-05
-1.396164312884437e-06
-0.0001505405918880312
0.001895149523910722
0.0003594353254441546
0.0009155216162216127
-0.003254321134048935
0.001830957739572463
0.0002208614684588388
0.002285183310639788
-0.001758308214049966
-0.0008493851519000264
-0.004664620329874338
0.005103008707326108
0.001446242042045641
-0.002710246931090031
0.00216804717673544
-0.001665338363486364
-0.003201301432267199
-0.009134478835748411
0.005356572973947408
0.005186606646313097
4.081377929477648
0.01186619544159709
0.01232605141162118
0.01594892353632417
-0.0003700424795000838
0.002709639609265209
-0.007948536937140493
-0.01090163622484252
0.01342917357115714
-0.003566539986173248
-0.01414637600610163
0.0229613928048367
-0.01235344435615483
-0.002642948517130609
-0.009106064888820844
-0.002444907855117041
0.01392082855759638
0.01991370545033444
-0.06220180991559545
-0.008217100078403435
-0.02812631750158297
0.005176650187814516
0.02062797608252889
-0.02996446030258986

-0.0001211639192752041
0.0002473433017669874
-0.0005331941733650889
-0.000406697204931804
0.0002788711083227098
-0.0009713851479268098
2.565403551023314e-05
8.380031413390609e-05
0.0006597841218894738
-6.725302548906779e-05
-0.0002052412652791458
-1.946483342640795e-05
-0.0001988387505827568
-0.0001205142419864182
-0.0002417700187908692
-0.0002944812004774213
-0.0003564857298809134
0.0003753430483500412
-9.350718820614763e-05
-0.0001895021737841967
-8.382310823425774e-05
0.0009180252523181563
8.764646672351249e-05
-0.000267185735033708
-0.0009400228554565412
0.000670907159122288
-0.0007350434048900737
-3.917122161105216e-06
5.837036676491496e-05
-0.0005025261634739338
-0.001398401442343573
0.001302835594842922
-0.002530480383028648
0.0004200381586602515
0.001045898186003793
-0.0007856715891240806
0.002594870485806021
-0.003248181390245854
-0.000532208597206071
-0.00205109085513324
0.01165995395296091
4.286139112083812
0.01177447071527156
0.001651192476740426
0.0005177988082131099
-0.003065832500795542
-0.00522183626046077
-0.002819972438382436
0.0008541902366362639
0.01704975526930944
-0.007667060167360634
0.002458139133637869
-0.005784472748446142
-0.001279165796297095
-0.0003633319832839483
-0.0017334360142114
0.001673579412901724
0.01555640935690631
-0.007216641282690708
-0.002718193122604067
-0.005749311969663862
-0.0005623141783718192
0.001813290964787546
-0.01300346983742302

0.0001491938964856442
0.0003224197567197151
0.0001497000859069058
-0.0003248787567855986
-8.95831010062444e-05
0.0003197661624236643
-0.0002725514712581038
-0.0001275491134198281
0.0001122124297893767
0.0001257125160641446
0.00023943408146106
6.007331603920938e-05
-0.0004743033345355363
-4.914866663656187e-05
-0.000124273181140276
-0.0003759239886494486
-0.0005066699930128759
0.0005153293276211057
0.0001840297677130055
0.0001184168097916171
-0.0008319602273199628
0.0009810764492104141
0.0006297558344856436
0.000399654811540064
-0.001691632859081478
0.002608101548601046
0.0002740653131078664
-0.001231068137699033
0.001257992602944434
-0.001675110556497461
-0.003164237223338347
0.0005462787390546498
0.0003400771696276333
0.001568250330715517
8.658438888406884e-05
-0.005043023288270377
-0.001274375294075893
-0.002016524477644023
0.006033697893113229
-0.0001904635249170457
0.01179932986611148
0.0117853642977576
4.520007433617261
-0.009508801111057476
-0.009186023481785427
0.003723544363296632
-0.01161983733139778
-0.01263602811610655
-0.002944428496231178
-0.004657048073109682
-0.0009941184988561283
0.01304195003024121
-0.01607413830316995
0.0007569333047250529
0.001223254540904701
-0.002482482935768956
-0.01957530382131774
0.003816795058143356
-0.01380778673492961
-0.01293072220598596
-0.006661850812951995
0.002944495903394028
0.01623171285476179
-0.02476632886149983

0.0001182527015085665
0.0004114871863736864
0.0001159308413886349
6.016244724163146e-05
-0.0002780751137221101
0.0002720818386134761
-0.0002883154668594709
7.769324491010694e-05
-0.0001888925091469079
0.0001185364745685655
-0.000151691182658684
-4.143372788498453e-05
0.0001637319256095098
7.618623253901496e-05
-0.0002329067361755452
-0.0004921692161139495
-3.102130100579657e-05
-0.001042570288128969
2.605526619180989e-05
8.633749798378967e-05
0.0007014942911257464
0.0004297109364320736
-0.0005616322773601423
-9.581469727034362e-05
-0.0004746438437350543
-0.001140244523593531
0.0003824846137845743
0.004034803431551741
-0.002022576423367725
0.003363869888096536
-0.002338735580208371
1.929537600153883e-05
-0.0003026146257208412
-0.003395023150737382
-0.0005700218739086457
0.001001525829832093
0.0004905927010361993
0.001699573295951971
0.001404459028540348
-0.002244237947748838
0.01374567258685199
0.001542861630425934
-0.009423213252729254
5.003514580945776
0.002332553475262403
-0.006025192510930025
0.01119078305244329
-0.0005624637984230066
0.001683763792025912
-0.0006437084867209008
0.0008667453752078864
0.005264833408911178
0.002065547384056519
-0.01526510813682884
-0.01945305746045347
0.01384724949352201
0.03107967174765089
0.007596154341235546
-0.0321033596518439
0.001296668815884391
-0.02777775811788172
0.002107646839358733
-0.01280335339295604
0.007211210320412328

-0.0001898390806142607
0.0002146391721164346
0.0003456248095784288
7.375139690509426e-05
-0.000229701268731344
0.0004444018475906213
4.930695446858961e-05
0.0003322572631889721
-7.895070821887209e-05
-0.0001152670216780644
-0.0001550415340599485
-6.157826580000447e-05
0.0002461920631454202
9.241048395639256e-05
-0.0003307126759103721
0.0001734920388872768
0.0002472351508078526
-0.0005647118238959909
0.0004524199563444844
-6.309533661942098e-05
0.0010832971120695
0.0002391134623795301
-0.001290484887673897
-0.001317463345512266
0.000570274010803117
0.000341607290640852
0.0003487623297419457
0.001723369218364222
-0.002734482537909962
0.001294172227031697
-0.0003281982900685872
-0.0006026835609143223
-0.000235185207404355
-0.001829087550617507
-0.003412309725434157
0.002870310756329102
-0.0001463325102447715
0.002567145203778945
-0.005318683489747267
-0.0108501944852163
-0.001525633564592308
0.0005148541023665082
-0.008329755402187607
0.001319413468358104
5.516203788042734
-0.005686284694008754
0.007458204332169037
0.001202839814636926
0.001242695467228582
0.0005606194163135254
0.005355609118522638
-0.01008183471818102
-0.0002680199172257897
-0.005838107896367229
-0.01039789626596614
0.001082986590964325
0.03524867565568755
0.003113374630991189
-0.01982165018034479
0.02259100493861026
-0.005048627254255008
-0.008884949304890925
-0.03846416093951904
-0.008450298782316028

0.0003512914632619359
-0.0001868377565007238
0.0002433705846285878
0.0002874797716467013
-0.0007576370183385178
-0.0004574097886829909
0.001090997595157326
0.0004009612358771015
-0.0001117145080501388
0.0005344908020223972
-4.426049835450237e-05
5.045376203372427e-05
-0.00013811770835412
0.0001733562097803457
-3.342409981994696e-05
7.204624649392543e-05
5.192875684025416e-05
0.000397434825433145
-0.000386355852451929
-0.0001219668791269577
-0.0001028927185374863
0.0004747323259256265
-0.0006538746070934723
-0.0003279034081668273
-0.0003102902142523459
0.0005543064674253024
0.001018226283410943
-0.0006449793872174647
0.0004747951619576522
-0.001701121252195946
0.0007142459301352755
0.0002641301705544997
-0.0005319274961413259
0.0009731831652834094
0.0008140790412094821
-0.001041972885751909
-0.005930768029919258
-0.00241592295679924
-0.003152815873834298
-0.00101014408157248
0.002105979626347599
-0.00213435029853061
0.003034778607657656
-0.005564151755390804
-0.005734942022166742
5.875968205586223
-0.02742615020116747
0.001416508596273872
0.001055198384416209
-0.008729841166720785
-0.002796974471778905
-0.0003663223428321848
-0.005820156311230116
0.01208254903133215
0.002670133480373083
-0.01142063746046339
-0.005089932245114686
0.005684195209279779
-0.004286245767865425
0.004339183744139143
0.002184926071338425
-0.02003046558346003
0.003959865356986492
-0.02338884599323772

-5.589429319006146e-05
-0.0002617483042431592
7.068226747448914e-05
0.0006802953009142601
-0.0001305930828680049
-0.0001620722017601114
0.0008299144851593022
0.0002322193875553189
-0.0004096462235545706
0.0001945916779785416
-0.0005759446071868777
-4.1302466902511e-05
0.0003544555138844234
0.0001124025764108009
-0.0003399235413663183
0.0001177042793212499
0.0006553980082031696
-0.0008027228957564873
0.0002093232771720922
-0.000195526166743277
0.00106477198999886
-0.001743468471354556
0.0007656356750225234
0.0008475633917088078
0.0005947561881196482
-0.003095771461937956
0.0001581615564655545
0.001069277666901797
-0.0008836819032205705
0.005748189010778515
-0.0002852812333886015
-0.001240675740324074
-0.0007976875870218549
-0.001027982093368586
-0.0008965471787217307
0.007275608625074528
0.001353273053214371
0.008782016765716423
0.007925226680094908
0.001526402862328355
-0.005289462284255435
-0.004092873548360772
-0.009795296231232299
0.009803770381616313
0.007391861740058058
-0.02725407088203734
6.088231025304476
0.007598822589655529
0.00545725677479105
0.0003856788487416078
0.009899971843874457
-0.0003448975296034009
0.02319823328898692
-0.01472138294631857
-0.01600442022261311
0.03136797636201194
0.01275807193911437
-0.007385601568571285
0.0249259246004893
-0.01677386991245401
-0.01338630510464832
0.003951908340137476
-0.001090363422027063
0.07409415416130501

-0.00019035782128274
0.0002438809271788338
0.000314103889784459
-0.0001898841240795216
-0.000288926362904906
0.0001554084433623839
9.180606390184116e-05
0.0003451999714267394
-3.278439753159044e-05
1.58453569512358e-05
-0.0002061236362385642
-7.903808109336153e-05
0.0003677755750098234
4.654079317835169e-05
0.0003046621151110123
0.000701951587967313
0.0005667753163651583
0.0001437241363974122
-0.0005480798735656692
0.0001010193418482449
0.0009136941714445395
-0.0006483218489973507
-0.001504612349318881
-0.0004561641287167564
0.0009954313831574372
-0.002102868623331793
9.919727887389073e-05
0.0008557717340153796
-0.0012193784587578
-0.0008108458959228499
0.008109654601423492
0.0001262514245612832
0.0006173760009268042
0.001113534464322448
-0.001313150899782615
0.007159168492000622
5.025035546470417e-06
-0.001718556684598383
-0.006887106388354564
-0.00413428065742934
-0.006500934493290182
-0.001602797735614699
-0.008708495802966494
0.000713794213990415
0.0002919201067276824
0.001212961628078448
0.007696273654492634
6.667178964110468
0.002235576166712355
0.002815065699887279
-0.0008751066062256526
-0.02339861424100684
0.02184716930486993
0.01025568249951786
0.01302973207209473
-0.01430201089450574
0.02451634833147737
-0.0106438903053379
0.01613779072564132
0.02067378230316509
0.02237074306995713
-0.009651225652413784
-0.01696876863994236
0.01228905574775982

7.774902500121813e-05
0.0003613937292466505
0.0002983558641858401
-0.0001467669884695996
-7.519184921101247e-05
0.0003286081322002121
-0.0001758622172841971
-0.0002569563376019324
0.0001099701039260944
0.0001488481056640852
-0.0002303156234859121
-1.101842489594993e-05
5.718274228883172e-05
-0.000613942485094697
0.000255114935193655
-0.0001299253935463999
-0.0001382238959858324
0.0002490219600704587
-0.0006046705278432485
5.418887049071833e-05
0.001112096485115572
0.0006405856228235374
0.001346553398473097
6.259677715025896e-05
-0.001791227765239719
-0.001182417251223647
0.0002419001974840104
-0.0001275393818740057
-0.002433477413289875
-0.002608562772832038
0.0005620387387035763
0.006417731769214949
0.001798747989242629
-0.002989473001806302
0.006486001115061005
0.007344557838529461
-0.0008250475880085993
-0.004672490717009346
0.003155745241620687
0.0002102169108392324
0.006924581355769188
0.0006883201051746734
-0.002088148234355363
0.001068493620634659
0.002036182845477058
0.0008045044917742044
0.00526822141271792
0.001302780278262874
7.301559340173782
0.003819030931550389
-0.01631755401768867
0.01887465290711076
0.01463159741338047
0.007202753939956807
0.01084596781759946
-0.008033682115544982
0.01138322363621702
0.002261478898075882
-0.01959121593463034
-0.01531632025625663
-0.008575175547481821
0.005253711177272858
0.0364608270724611
0.02093937234914437

0.0003320421835181221
-0.0001608449157725823
0.0001864110866918699
0.0003653683613584061
-0.0006164254833483869
-0.0006472686757916122
2.078522396281904e-05
0.001785697853117059
-6.339291100128753e-05
-0.0001202866796524406
0.000276021121836759
-9.514674940869507e-05
0.0003655450353125282
-0.0002669968494156191
-4.246342652771009e-05
0.0003122207978290934
-9.111377971325816e-05
-0.0001701006901357791
0.0002490722705079186
-0.0002941135048923256
-8.887350871195261e-05
-0.0003420592992575479
2.475259787474094e-05
0.0001163661269435137
0.0004196412638763564
3.197764882050907e-05
-0.0008087274540918208
0.0003528348122662844
-0.0004370722321872608
0.0001022508897570034
0.0007007377301513381
0.001114013793488806
-0.003856692703466414
0.0003293875976513916
-0.000678343994556189
-0.0004652271045789708
0.005717470690766159
-0.0008055899650487037
-7.489026811432565e-05
-0.0003052686606094871
-0.002281926277147913
0.009394787639639648
-0.002568090567673363
-4.375403179511668e-05
0.0008055382725977631
-0.006758121225637395
0.0004247917234952639
0.002871637439067695
0.004101618493994957
7.738123694004489
0.01095857159867805
-0.001211717691613951
0.0006741110223410971
0.004260860416940264
-0.001987445381428158
0.0005642812471394628
0.003236376075690582
0.01565615550061402
0.008534256460334649
-0.0005224056511333439
0.0002150745958246663
-0.0009626216120474378
-0.00411559239057635
-0.0001771051291133911

-0.000241410319833901
-0.0003535392555229774
-0.0001871306941705407
0.0002215719614502252
0.0002131802236598583
-1.96324615765445e-05
0.0003383272886758017
-0.0003679831689424619
-2.804279465898007e-05
-0.0002321585393782284
-0.0001872571924762558
9.328491708620167e-06
-5.223996967657248e-06
0.000440826911240346
-0.0003207498549405931
0.0001781758528736518
0.0002864865877464557
-0.0001642516241454462
0.0005671751213861501
-3.644381289907701e-05
-0.0003241279646172559
-0.0007428654400454525
-0.0007749821162298101
-0.0005166840092319424
0.001756295840166222
4.723668077285289e-05
8.058133855592713e-05
6.618782339702157e-05
0.001130899823926929
0.002538295474517906
-0.001012933723273679
-0.003472308548519121
0.0003440977312405159
0.002820227656732346
-0.004333438647123507
-0.004053432178246772
-0.001122014099835894
0.004340504812805341
-0.001505504009739601
-0.00158522178119649
-0.007675669723352649
-0.00453415704339724
-0.001166310311950048
0.0006490215742103547
0.003663003375427576
-0.002699250483269127
0.00850122525830254
-0.0001532798158329317
-0.01436557049557845
0.01114046462731267
7.971223112589547
-0.01982142929579052
-0.01147412328771269
-0.005543811680872941
-0.005224463229628084
0.01108300135200642
-0.002409157251335878
-0.008905345310133487
0.01511916505018827
0.009552893930567793
0.006588656005162662
-0.003276148068646725
-0.02843444963205648
-0.001079717036146428

0.0001870846792986999
-0.0001728732385943017
-0.0003829478073266511
5.540217205718517e-05
0.0004117127183071337
-4.341775980030429e-05
-6.107959003589773e-05
-0.0006390175866090885
4.552658050737998e-05
0.0002290559694679197
0.0001409369850345163
8.752742122444663e-05
-0.0002895000941054336
-0.0004202619963745524
9.33783584305182e-05
-0.000711414510014086
-0.0005555592209642167
-3.081597890728705e-05
-0.000122702604977193
-1.118344554040125e-05
-0.0003034763502497847
0.0008161715734872337
0.001878371886024631
0.0008176138623690797
-0.002278178930360531
0.0009275986515599631
0.0001250252272610651
-0.000779636412192926
-0.0004927186426780098
-0.0006541337330291542
-0.004843119682965881
0.003141350958824919
0.0006821946236788576
-0.003092011857975876
0.005797977821421824
-0.0008935012491464139
-0.0005489209511963687
-0.001468404213611226
0.006422168827286835
0.005991864197721846
0.01064098013326849
0.001108201674743087
0.007372983380592051
0.002470016610661745
-0.006234142825777876
-0.0004575059077432211
-0.0004028341091059529
-0.01902741203422847
0.01647427240612208
-0.0008658070970812073
-0.01895854046517321
8.68632676402135
-0.01209184971639619
-0.005189404530091123
-0.006445289244985366
0.001837275844913692
-0.01585502412532348
0.008645863377233927
-0.02416811184480933
-0.02761199133714648
-0.02414824625018016
0.01134210864942053
0.04144146800044034
0.001689991161603078

-0.0001008581042542799
-0.0002597558768972073
2.391601522771159e-05
0.0003259651498778586
0.0001155580108534148
-5.156920903809872e-05
0.0003141515088410715
-0.0001033119311261082
-8.231710119399618e-05
0.0001754178390709015
-0.0004127087402237522
-4.861701778806274e-05
0.0004870789550932957
-0.0001180075887716117
0.0002436934093287571
0.0003895058389132744
0.0005359419416272086
-0.0003368937223769184
-0.0003241852290610073
-6.30683307961897e-05
0.001142004157890933
-0.00113993101817795
0.0004343209587408191
0.000648248254830115
8.578825904208059e-05
-0.003330951597452154
0.0002356592778033811
0.00127604855349157
-0.0007626905183805134
0.001000437845256315
0.004508532427565295
0.0005051971882054207
0.0001300962533314336
-0.001165223598738586
0.0001904506094277351
0.01168384211735961
0.001963585009295414
0.002127118228550075
0.004766975591378814
-0.0007895338113121219
-0.005260478927196199
-0.002850046514091573
-0.007488603881822804
0.001650173980228602
-0.000657490696366722
-0.003805344223899655
0.01469729374580507
0.01551393458357949
0.01028681173535108
0.0005904051524264512
-0.010369743237052
-0.01181360671755138
9.443446864550074
-0.005715087374671799
-0.003014881210698819
0.0121370553804002
0.02263183611044341
-0.01110499608984399
0.02300144435032028
-0.005589612790176508
0.002768895321059071
0.0009790268704917434
0.002529229788383171
0.05730614149165603

-0.0003190366056293002
-4.227029613688353e-05
-0.0002650724982772507
-0.0003358579205595894
0.0002697285122891809
0.0002259395228080995
0.0004129423172093365
-0.0001276191724558908
0.00155162497686684
0.0002999208967690638
0.0001019679902959693
8.093024158912245e-05
0.0003526670574698614
-0.0002600588143436648
0.0005825209934635321
0.0004400105712479499
-0.0002801634372997388
0.0004014050267571073
-0.0002768580457217595
-9.042331428257568e-05
-0.0003976163243086597
0.000100020102043613
-8.404350939260211e-05
-0.0001377725898969341
0.0003236286401116127
0.0005957564642376528
0.001916095835221875
-0.001386912143516378
-0.000128284663044709
-0.003153962665932039
0.002671706627374133
0.002358863569502595
-0.001852248481833203
0.001503666281805781
0.001700308890738863
-0.001818660017902582
0.004173615509428174
-0.006079140589235657
-0.004100897736601315
0.0016224433276584
-0.0009682025142798919
-0.0005976291092609436
0.0004768294136946554
-0.0072575817287342
-0.002607722460270034
0.006883697666016712
-0.008841744784579608
0.00705102778929198
0.005553110810410469
0.003525587564887162
-0.004000488154263316
-0.004972985898848252
-0.00601254175262933
10.13956896997648
0.01612381033070824
-0.01378243148110506
-0.01214751619189856
0.005288935086767264
0.003320294954072715
0.003599551246213309
0.01075308238666299
-0.01522954492367227
0.008706061270186969
-0.01992977898434723

0.0002138412603480193
-0.000285074621757749
-4.774374938877506e-06
0.0001323344596335134
-9.812584305389856e-05
-0.0004481915351748088
-9.772093547299087e-05
1.956967872736164e-05
-0.001039063176161446
-0.0002784251733904103
5.616362048590921e-05
-1.551597469237765e-05
-0.0004174112517673282
-9.105468459533856e-05
1.60719276278299e-05
0.0002304690052818598
1.981493169648363e-05
0.000882920734945916
-0.0004286865177628994
8.830777770896356e-05
-9.901068488185947e-05
0.0002001663014529478
-8.603888658682488e-06
-0.0002284042244512216
-6.680235490445281e-05
3.311052938791766e-05
-0.001565438937864831
-0.002077025590464281
0.0002493995322728932
-0.002821558095821146
0.002878811662210302
0.001381434637090576
0.00275636127493261
0.002062188912430191
0.002918630134882155
-0.0002562668455827901
-0.005993915083863217
-0.003906269099177946
-0.002457310406912603
0.004149389350060076
-0.002936561410292849
-0.0002574220874603493
0.0003545768125800319
-0.009420927911265415
-0.005362152461231006
0.001132945151150378
-0.008928895290812972
0.008409792569470245
0.007442731532338299
-0.001054675378839195
-0.003171658389264186
-0.005797326947815172
-0.00299101993025941
0.01636232670761281
10.28879293083147
-0.01208130341748963
-0.01698907265996872
-0.005987106327933739
0.005263002707029115
0.0005175513643879224
0.01849549113042603
0.005465105839603479
0.01261012697472291
-0.01306851408222392

-0.000159989250772434
0.000264834930683772
0.0001185540830674445
0.0001063068466556705
-6.748718363745549e-06
0.0001739900582184517
0.0001173347748827562
0.0001052415890298666
-2.708540297899521e-06
3.705090333901742e-05
-0.000319103795455666
-3.684805615500468e-05
0.0001855908911326499
9.108463708998657e-05
-0.000404030374960368
-0.0001926222587880413
0.000278944028558802
-0.0005745877976856096
0.0005074617886529877
-5.626917789176584e-05
0.0002966155575416342
-0.0008351654246643046
0.0009090959133449834
0.0006146558491064878
8.362521966173697e-05
-0.001336995920731857
0.0001132637186229727
0.0008669329441845289
3.792528254097544e-05
0.00426087207503443
-0.002608714828254658
-0.001601912077665962
-0.0009731063252920284
-0.0010175399581978
-0.001481488761477166
0.00145773945381648
0.002550826919375128
0.004732351264198019
0.008777847498872912
0.001659836461707003
-0.0005277861723485821
-0.000360309398678737
-0.0005088122846562361
0.006350463395255712
0.0004010466045857265
-0.00608501769924316
0.01773420219271894
-0.008024339207306696
-0.005408804257991463
7.89565784172603e-05
0.00811743638561902
0.0004552294301698092
0.01088111927251327
-0.0125443738145312
-0.01051696054518693
11.09709135277578
0.008909430026958369
-0.000702487907762226
0.005847443225781444
-0.01866248008728519
-0.01384149950795573
0.005850523463202949
-0.0007334925709648198
0.0397675487941704

-0.000183214724802854
-9.991521937322299e-05
7.981372253808084e-05
0.0003092190458010713
-8.021530329461549e-05
0.0002201410787605203
-2.322711150143994e-05
0.0001476581760369124
-0.000369467153869091
7.000774342348438e-05
-0.0002472405073979891
-6.877772235800101e-05
0.0004753360635014306
-8.871862669886832e-05
-0.0001036577399585932
0.0003056779231036755
0.0003119744601464157
-0.0008524351369731341
0.0001705581397230491
-8.57182375026966e-05
0.001609909506657872
0.0002377607298442952
-0.001337186601529933
-0.0008630363226311904
0.0002513131330917315
-0.001127723113608051
0.0002859885392972979
0.004056823253043164
-0.002972127942383994
0.001815951953705909
0.002290835793425185
-0.0004422309980768752
-0.0003365041718213774
-0.003419686313157161
-0.003445771228837595
0.007427291045700227
-0.0004081608383673989
0.001111679828197442
-0.002952978742693087
-0.01443030853699284
0.004727759478524034
0.0004530250343223119
-0.006956943917394994
0.01243341903952337
0.01613055626424014
-0.002650329225131527
0.006295852861256498
0.01413033349149537
0.006409388369323178
0.002268106128572418
-0.001846867326718269
-0.0115945687693307
0.01877764262605074
-0.01046263489396904
-0.01519261048275716
0.008882319834693578
12.01457626619738
-0.000840107050792788
-0.01725382999187788
0.01783081919781484
-0.003055456208573669
-0.004475653068335351
-0.03600697867710839
0.0124203373751465

0.0004983110289330054
-0.0002339761316161453
0.0002068740764557109
0.0001817963977560707
-0.0001041043885505105
-3.392048051565594e-05
-0.0007514215797364108
-0.000604072262827282
-0.0001226199617183272
0.001796527558711783
-0.0002882371693804262
4.563649012308054e-05
-0.0005051338258412895
-0.0007572738211674139
0.0001926619308565159
7.781491161436098e-05
-0.0005445098884553418
-0.0001292480891921651
0.0002841090129154091
0.000182606199801937
-0.0001929331574367618
0.000588304762862233
0.0003273121679588451
-4.545433139853942e-05
-0.0005292597700552079
0.001235851671677177
0.001598403952830654
0.0002394764498309708
-0.0009752421646029318
-0.0007334927672083444
-0.001919468199345335
0.002260345324340622
-0.004483177378891487
-0.00079530431475242
0.0005728835638668052
-0.001935725112209659
-0.002345965389637516
-0.001222860598434401
-0.0006543766929350245
-0.0006389870347317671
0.006406374663900968
0.005282576760357848
0.001572656838384405
0.003377326272724923
0.001374237465573693
0.002656292241782762
-0.003747214387283289
-0.005298169024060695
0.001742645220040876
0.009594994085013225
-0.005767910234607272
0.005582937711243308
-0.008572983632622875
0.004326913256006884
-0.004803488434650216
-0.0002057547159908879
-0.001303220810092012
12.67796465968588
-0.02656377327108679
-0.0008402378327069214
-0.006428481801246513
0.01631729086650018
0.003168879246408933
-0.01822212365712359

-0.0001284615290990355
-0.0001125488206256553
0.000292424766191232
6.327020134749187e-05
-6.121060701472812e-05
-0.0001939008559084016
0.000112665158605181
-8.172768969314808e-06
2.479141879436678e-05
0.0007499389612923132
-0.0003097536400367084
-3.4160835921884e-05
-8.42872262455066e-05
0.0001505859171704277
0.0001783558365493629
0.0006959450957320563
0.0005941408505879095
0.0002599940704170894
3.70872871124743e-08
0.0001027089267633118
-0.000356055021065988
-0.002156224377544452
0.0002262758645532753
0.0007786926866942054
0.001901230788574724
-0.002171081737322817
0.0003510760659218673
-0.001942328883627175
0.002774950433477213
0.001064518121140949
0.0047705820886992
-0.003123615474537642
-0.002629627550754647
0.003469649125370922
-0.001237044975117292
0.002711364605187481
0.001699991205535214
0.00518945919547617
0.003088455816950915
0.005790391606171961
-0.02020861225650965
-0.002323849448450829
-0.004733881516957058
-0.01265146813470676
-0.007789278503392603
-0.001744512774866282
0.0115643948135182
0.008246092509516641
-0.01133676217254375
0.004682746249158608
0.008808321291057929
-0.01610894907950625
0.01665972309143442
0.001839285016482909
0.003529325141442678
0.004557628241780405
-0.01553512019118217
-0.02647469562873395
13.00508826113125
0.002464002897583929
0.02888868005602157
0.003054793371321081
-0.009625704325759803
0.04341777088621585

-0.0002376369691620054
-3.398624651533857e-05
-4.737879916807967e-05
-5.060353522435526e-05
-7.849201734273086e-05
5.906277612711999e-05
0.0001027400854137862
0.0002617358630486937
-6.221678084850305e-05
-0.0003176341029348759
4.88979112800273e-05
-1.639244451554707e-05
7.466378284897248e-05
0.0002826173950854654
9.060099934426308e-05
0.0003027254100245146
0.0001555158065653116
-9.673409471818307e-05
-1.743229802763502e-05
2.501906815551784e-05
0.0001189391503266043
0.0001472805863060346
-0.00190473260009876
-0.0009833289281531376
0.001044202884902492
0.0004931650674387719
-5.1173480897265e-05
0.001249284220975501
-0.0003612674345779747
-0.0007791427797141868
0.002650477638926152
-0.0023433477672273
0.0002619753681687207
0.0004290593029510272
-0.003443236149094843
-0.0008385436984351454
-0.0005738452607527132
-7.513704489194831e-05
-0.008468008082582386
-0.008316173753090763
-0.003171124596765481
-0.001175157484042718
-0.004763488775756154
0.0003945137677416734
0.009309757250089845
0.00151015390425062
-0.006861091334794921
0.009761203639384011
-0.007870854858739484
-0.0001257327108961189
0.004944236155510982
-0.01672263904054281
-0.003924067369498941
0.002855869546335837
0.0001197372905796406
-0.01573876678137902
0.01480454498612058
-0.0006652322564017097
0.002930205397466256
13.93992730132415
0.007922935007240704
-0.009875882294482266
-0.03792905564115887
-0.02029713629324991

-0.0001438066993464711
-8.279820880562309e-05
1.865405456276612e-05
-5.561403162629886e-05
-7.497661664242696e-05
-0.0001235570398808615
0.0002379067241614403
0.0003363669935500178
-0.0001046965730836869
-0.000264657105760677
-0.0004654874104183979
-4.939964387064955e-05
-5.532496053647668e-05
0.0003424724238689762
0.0002122669002709624
0.0006039916322989824
0.000213368670040604
0.0004127590646447258
-3.870548594651132e-05
0.0001974273582717038
-0.0001786073130107572
-0.000553179216354919
-0.0006938952487970625
-0.0004350766259526985
0.001181844223017334
-0.0002789820803973523
-5.546208320996131e-05
-0.001027398532229972
0.0008525574926427238
-0.001393406423585044
0.003836595289380328
-0.001088377844763005
0.0005174881986865151
0.002837735213623513
-0.001328929277833296
-0.0003677416064049665
0.0002552505064964323
-0.0007542920203577931
-0.003849451039621969
-6.658982420972362e-05
-0.007491611920749822
-0.001681722396753097
-0.001243259154685922
-0.009784022316115446
-0.001850421974073677
0.0008622973457832742
-0.005877873893687132
0.009524233387128595
-0.004250836508755072
0.0002378065457214115
0.003308373688747633
-0.01453784885485276
0.002172737035380322
0.007377490910453146
0.01236739633244317
-0.01008648912012369
-0.001621806352232565
-0.005477177092472673
0.02561175646344946
0.006762402467389902
14.96842183909669
-0.004341115377201773
-0.01520550818027829
-0.01060300948899997

-0.0003909519078273639
0.0003253984276328233
-0.0004069224715771057
1.939816944715531e-05
9.043429240091366e-05
8.596546875025001e-05
0.0003250791448879007
0.0007787405203065449
-0.0007068161377455851
-0.0002802919915746984
-0.002308279987755509
-0.0002020919769314314
-0.0004354109201298379
0.0002771992403645983
0.0005442892055210285
0.0001831358830328851
-0.0003936991501472897
-0.0003575281814578319
0.0003090312650306069
0.001007412099421768
-0.0001236705497774809
-0.0003316485060157545
0.0007776171484288454
0.0006197230148852352
-0.0001467018809770019
-0.0002229685703869
0.000829343301355045
1.491881712335362e-06
-1.777962086122462e-05
0.0004930403308481988
-0.001061641819680672
0.0006437439868498654
0.0004989926937390951
-0.0008017790531282174
0.0008201222858496873
-3.29330573999269e-05
0.003957203267397197
-0.0002117958812001329
0.003227339837621514
0.002524108219467395
0.001097502230947964
-0.0001386046906904741
0.0008837131219867875
0.001163328639043715
-0.002955726054785099
-0.007619995255350562
0.001453140046366942
-0.003748964028472261
0.00274034266363453
-0.0005442755376203171
-0.001846166619705223
0.006163250821736519
0.0001898377250224041
-0.01019440431722028
0.003520628653532564
0.004555222470012749
-0.003964208450597752
0.01346583399991132
0.00261545230852641
-0.009221076168276974
-0.004632125044786869
15.34285926010132
0.01054813661089763
0.01147306072344811

0.0002248977161528075
1.556816749359413e-05
-0.0001281188159845604
-0.0001151082620128257
0.0001976241150150858
-0.0001381897745506599
-8.774611472226509e-05
-0.0004438287044702814
0.0001408705974477877
0.0001768850008601511
0.0003782001267120076
0.0001023677286181723
-0.0002667199840142588
-0.0003672326730629216
4.506305680230746e-05
-0.0004760787641516659
-0.000365408137499837
0.0004742667069487114
-0.0004574116334427007
-0.0001058317923216571
-0.0003528204743481271
0.0004044149082351874
0.00195331043370871
0.001012057248694848
-0.001925937440738672
-3.011317805602339e-05
-0.0002394082954940937
-0.002104394245248608
0.0002239279293313067
-0.00169478404500628
-0.001955795511314845
0.004018074146477428
0.001125629607704945
-0.0006802390110696582
0.006427577199533542
0.0001520145077113102
-0.0009740554036597037
-0.003144713303844513
0.006963516220387262
0.009962586221417881
0.005382832750200879
0.0003325397308861298
0.004375615232284684
-0.003248044168113458
-0.01377583786106686
0.001303626652327011
-0.0004436660883301983
-0.006698070170682009
0.01595115252980976
-0.001791067226685371
-0.01401425070175389
0.02223487909371848
0.001055252786762631
0.006003253209013561
0.008274220824399055
-0.0003716653321809028
-0.02681414528334227
0.003063303046662308
-0.008500234464740996
-0.03330356334476383
-0.01455492317094835
0.01051893211131801
16.12649166018806
0.005406870235684815

1.15508679245323e-05
-0.0001516774284796695
0.000180829882538434
0.000410201992951102
6.725024758115239e-05
-4.733803790470612e-05
0.0002526581849629034
-0.0001403939839528843
-0.0001096567691222631
5.759023837436378e-05
-0.0002732087269457671
-7.340615453242719e-06
0.0001138437720408373
6.01886329677421e-05
-0.0001842755790481674
8.905676393894369e-06
0.0005756858351866908
-0.0006029984426439256
-5.63115418533861e-05
-7.400014411950918e-05
0.0009276238231044968
-0.001628235083997617
0.001256763043342893
0.001235363358305157
8.23217438574921e-05
-0.003692656193372146
-0.0001355090370682476
0.0007554324597516937
0.000188287838202823
0.003512306928397682
0.00154594166912704
-0.0007278528042401491
-4.286201694139789e-05
-0.001921381659952112
0.0006214972896930096
0.01013548930600285
0.002523400042454989
0.006652227104075981
0.00982501757648499
0.003673839564358484
-0.007362204343733937
-0.003433627702351296
-0.006533396612817087
0.001903535944986291
-0.001908553375918546
-0.00841271967284378
0.02658371921668356
0.004720560331422553
0.009214467380929549
0.0002785455482209717
-0.0001010011680112888
0.0009245615510895878
0.03119518391585465
-0.01178407102115846
-0.008337968648878662
0.02515939598629295
0.008491596308042276
-0.01318079523161177
0.03283260162424828
-0.01557297730543442
-0.009659529199568322
0.01052369164206285
0.004477342170045022
17.2987727914198

