-0.01483592795123733
-0.1080049816601098
-0.03379030205070133
0.03114845704371426
0.02540277039106308
-0.02265924905502317
0.01746569814880409
-0.01963383363734052
-0.01245478749825059
-0.01057144420589603
0.01125252688385984
-0.001692268379556964
0.01009741809945099
-0.009216495099696352
0.009607892378759567
0.008964822348868006
-0.007877922056018605
-0.007649528021250146
0.006525708194601886
0.0003917823300077311
-0.006114889738318902
-0.005529076951925704
0.00658601938177756
0.005655328363469275
0.003631223614989684
0.005857064178195861
0.0004240429268675545
0.003994391616670078
-0.005329380645475507
-0.005620980764409882
0.001695049734641161
0.007069302607529901
0.001680406046690237
-0.005254922130770107
-9.736463483176654e-05
-0.004977282681345955
0.0003526653871111343
-8.474967164013008e-06
0.006838698519389585
0.007468032632754791
0.005055343499336744
0.001516423784777126
0.008140145540183481
0.003828770798140503
-0.002114995838144599
0.002853277131263365
-0.007205023571539104
-0.005322230751066836
0.01400770443542484
-0.00200756433348433
-0.01340240783063164
0.01555349268356458
-0.008150625019262114
0.0008536973406249951
0.0007528587322489034
-0.0003867780286144905
-0.01442935364620642
0.007662087073012657
-0.01824738128365911
-0.01959576017281452
-0.01524737795014231
0.006559236004320936
0.02925572521469814
-0.01180108105011645

-0.1079481663475904
-0.07742388896533861
-0.0648902699116129
0.04702036600037222
0.0401078168086804
-0.02985719769062489
0.0303066244678948
-0.02537299554135794
-0.02126890484896096
-0.01581745065173779
0.01624292916692827
-0.002970431541004899
0.01615821909394348
-0.0130213719181402
0.01553499143573124
0.01263232877056399
-0.01186469902256461
-0.01185261437918973
0.009531585779702386
0.0004551215811663104
-0.008479220172524516
-0.009129718891915682
0.009840862255735144
0.008632637487634279
0.006271282265739538
0.005960944242921184
0.0002446274225866002
0.007693465697559325
-0.008460508189095963
-0.007179557917878078
0.00603463963637783
0.01011502694662499
0.001800201864332144
-0.008846711003603853
-0.001072805035436475
0.0008896922988322151
0.001249333914447889
0.003415418718538473
0.01205417519284486
0.008697132752543588
0.001795576721071184
0.001161929786029354
0.004600791236054028
0.007640400724709616
0.0003204838591181732
-0.0002915512366012097
0.002093522473598345
0.005214320400273333
0.02807316226227853
-0.002398335682216886
-0.02053087279414219
0.01405741275781481
0.01213862252589245
-0.001997505213715099
-0.0008512102504395196
0.007750323149983987
0.0001192911950747529
0.001779331502390686
-0.008437141205457119
-0.02654121654385019
-0.01874189289972098
0.009993601712681289
0.03315541315618077
0.02680915513340929

-0.03337806569386607
-0.06437820977208147
0.03445724684511253
0.03303787259346775
0.02556376116370334
-0.01141143688586655
0.014449535117317
-0.01443436776183938
-0.009858912008975523
-0.008589922040502733
0.009220744456710336
-0.001037926148946237
0.009051341117167827
-0.005496700603010819
0.008707001865053869
0.00754845559245948
-0.004197028813987756
-0.007037072026868906
0.004517119851211122
0.000521752850345045
-0.003322672590914451
-0.006322395491437213
0.004125613673700114
0.004333507278443862
0.004605460927377317
0.000749861267633808
-0.0002024825627784446
0.004243179714933171
-0.004526211259332859
-0.003932603668576492
0.009794534711560648
0.003979726431607504
0.001284847337068829
-0.003703005988155019
-0.001597896221604093
0.007744871214917229
0.00173969195770697
0.003025272312160938
0.003814297119902797
0.001932985709889371
-0.01003534646572842
-0.002327828625260939
-0.005931238695111085
-0.001311618501491513
0.002088223628392227
-0.0005066479804392932
0.007378232425280694
0.02350337861823848
0.01944813313741707
0.0005635030582794247
-0.0107111955666418
-0.01171949869855838
0.02985329100815098
0.00476136480999524
0.009555957401550836
-0.001013950426725031
0.0153076383162601
-0.01194716615365109
0.02762845581629202
-0.0006805396886796458
0.01174973532053264
-0.001365117286242937
0.0005800411080296747
0.04449382635024385

0.03051084836502972
0.04607802036669838
0.0327636800867691
0.04785830674353084
-0.027055449027899
0.01748905936300952
-0.008764148292477221
0.01254573687582118
0.008485021734901843
0.00637089372741826
-0.009485195139587687
0.0005178750137450278
-0.006704603885743347
0.006361549947619091
-0.00611889559474913
-0.006429543410599427
0.005732238329184078
0.003105571033796002
-0.004454436826515345
5.412524513694053e-05
0.004791053964092688
0.003147503392652033
-0.00382357212047644
-0.002880652440473789
-0.003094736965782786
-0.005249373308241826
-0.0004996037741095469
-0.0003764856115122477
0.002687873736038711
0.009119860545402024
-0.006049750623574254
-0.005976795825039481
-0.002381563168128876
-0.0001348757219585151
-0.001282810800682441
0.006153285065709059
0.002431551981681827
0.006378097169091754
0.004939070359818555
-0.005853305647583331
0.001952602778554149
-0.001377259890050601
-0.005814806678074822
0.01154981849114224
0.005825347199956414
-0.009466113309791181
0.02534317291249432
-0.01067261988545713
-0.01135745370275161
0.00207310610187625
0.01433640100092078
0.002069733116970983
0.01167396495667502
-0.02468494513016789
-0.02683509976135919
0.03417063715656873
0.02482986877884465
-0.001759460803836639
0.002105950977173237
-0.00568666654364971
-0.02090651742484498
0.00618633550168715
-0.01924463533828752
0.0522749481323801

0.02440944032203666
0.03872589287857568
0.02511386303520521
-0.02685980858429248
0.05612461685631089
0.02242046152306958
-0.0172198244148868
0.005393699616476145
0.00896891231168292
0.008162815897104428
-0.004693548302619714
0.001325605178402219
-0.008215770578295581
0.006003501170198751
-0.005938821428951448
-0.005062818290891343
0.005210843222347282
0.004610167161282785
-0.002973419596149229
0.0001745015266186905
0.004137011308355541
0.003465246050535498
-0.001867604304900198
-0.002726068357941076
-0.003739325118723638
-0.002932896821006775
-0.0005042696724830323
-0.004482672125849424
0.004159899073443057
0.004496121708623168
-0.006885751636934652
-0.002673524740068056
-0.0004160517291267183
0.00257373270369985
0.003772612288230531
-0.0004648784412592359
0.001363262497190417
0.000215281991861477
0.005707622658692969
0.005612901400067379
0.002506046969339868
0.000181939351705115
0.0024879652237388
-0.00218162398288644
-0.009680484642774833
-0.004109251313072538
0.008863172599244866
-0.01778402171629879
-0.006432842666495383
-0.0004692783173965477
0.004847439809703447
0.01590818816381162
-0.003399991910388234
-0.007470066820031415
-0.005560210687660475
0.01575873402429783
-0.02320906474673252
0.000244687377327498
0.005840550815285354
-0.02309009091375885
-0.01128431733910024
0.01048405720995137
0.02410712346415022
0.01901361940685371

-0.02189230993753803
-0.02876269413693959
-0.01099632523626323
0.01725597367341712
0.02234989927231241
0.06411745762980416
0.01712595475218096
-0.01458930165549853
-0.00296253379548454
-0.004453595425988572
0.006604784276622896
0.000146257061516798
0.004150757681835865
-0.005106841733283732
0.005580071191086727
0.00428526298610548
-0.002382547840213337
-0.005495867163047376
0.0034579713318436
0.0002825488875670039
-0.0006149209027753967
-0.003047552793113613
0.001664092686778218
0.001712959899452564
0.002235911734520824
0.002201708553774771
0.0002668239474525423
0.006380191838060129
-0.006032013795812048
-0.001102655899870556
0.001414688604290839
0.003235152372091417
0.0003588823184409357
-0.006462171192553416
-0.003722964201739255
0.003368631363048785
0.0003065521843952095
0.0008925884880089374
-0.001283165631122249
-0.01105906060707012
0.01064051024641037
0.001087626838617796
-0.002161544911599492
0.01749294029740708
0.01756187862061122
-0.001076346877199564
0.0003542194287642604
0.00695039082785108
0.01278203382648301
-0.0002969862889583707
-0.007420066873760565
-0.0007116990866492838
0.004427335307903348
-0.008609227298019221
-0.0160684703574477
0.002230645149257706
0.04984626804795478
0.01066149678016121
-0.04364542144401851
0.0141713263225187
-0.02051426718518733
-0.003400297367659575
-0.02311869004624511
-0.005075878798986123

0.01703724785127738
0.02957311273339422
0.01411006100621057
-0.00868207659063195
-0.0172413549754215
0.01718155386665809
0.06920231203713893
0.01782039177977753
0.01061788888496056
0.0009437893532626153
-0.005524139039525621
0.001221081408906171
-0.005096157590238383
0.003196658830340729
-0.005627613403147491
-0.003824499415857968
0.004572486644816385
0.002594194620622302
-0.003871424647334891
0.000210610191964053
0.002889316635254604
-0.0002774686115956443
-0.003402365157009981
-0.001537660148916069
-0.0006595238751113145
-0.005411259293641968
-0.000475822163114478
-0.003629551688164664
0.004594356399362913
0.004103570780269874
0.002366665390647161
-0.005032990655092374
-0.001005403979505057
0.004880064623548771
0.0005447580237389134
0.005576060804375092
0.001521507483605634
0.00402249421434113
0.002351850794475313
0.004613967950791751
-0.01653899845749187
-0.00431270308189109
-0.006584453121698808
-0.01165806890241258
-0.008769052006110637
-0.003178936187974101
0.01617412980719512
0.006943711480914388
-0.009500352683178429
0.001432924719973347
0.01152789979061457
-0.01341916064884389
0.02057661775563857
0.0005183429638890914
0.0071825594791376
0.01049243987086671
-0.01552890416162414
-0.02042043095570997
0.05972246617284055
-0.004846889717740706
0.0226234031134894
0.001749487467842275
-0.003489105098964521
0.05249926853767415

-0.01872019715343842
-0.02418430267857691
-0.01410261539693242
0.01235660844007583
0.0053566189719824
-0.0145689669689609
0.01773081288965422
0.07504934080508618
-0.0156024981749189
-0.009577672170441101
-0.0001536912254463614
-0.002032481912193203
0.004987498476330409
-0.004150775073568295
0.002490627274222963
0.005781032488099866
-0.003353779061337648
-0.00353173858496731
0.001813263136264224
-0.000178084004658877
-0.002922905805570068
-0.003221675664736852
-0.0008135344372529585
0.002226132090772426
0.00410152029795921
0.001638960410252748
5.711699835098856e-05
0.004065103769830442
-0.002146069121678789
-0.001930478247818006
0.007237226575795867
-0.001443982848523878
-0.0004658893179326177
-0.0002577674889229968
-0.006669110791748516
4.109185348697298e-06
0.0002074058294020838
0.002857323950020753
-0.007804607094089073
-0.007941947134045739
-0.009447175745333474
-0.001245718694940568
-0.005597718601703649
0.0003638784212333364
0.01173876255983355
0.002142444494122797
-0.003981492431746703
0.01840042875643984
-0.008865225759064763
0.002942229007617121
0.007848125611989956
-0.02869855580458966
0.003406338086176092
0.003955982427625639
0.0004702093940267852
-0.00918738024241688
0.02429548128503398
-0.007499174847272335
0.01316976367460713
0.03422731076563928
0.02123291167954611
-0.01369144015067186
-0.04826274907911126
-0.01209417350281033

-0.01229146800777716
-0.02100022795319466
-0.009822796947567396
0.008600634298148432
0.009101190437779533
-0.003076044544902983
0.01067477947627769
-0.01569838965004687
0.08286944253156822
-0.0125846526616249
0.009238230676060104
0.0005553729456708272
-0.00106438488200007
-0.002822312873926973
0.004483309392395352
0.001769663668293931
-0.003950119423393569
-0.002631468114028577
0.002029687230871072
0.0001344881331766121
-0.001682480747282172
-0.002714789296901923
0.00186639539555245
0.0007514161731315017
0.002976320702298341
0.002500061842394176
0.0002024135731730798
-0.0003833348132477358
-0.001112889052196017
-0.00447229412092363
0.00321769699418849
0.00269385868010081
0.0009896977658575396
0.001141437027591159
0.0003820249709394368
-0.004463788995397301
-0.000765980264481962
-0.002753948440019892
-0.001952922448151821
0.004765260693580829
-0.003667581329245095
0.0003966503566602722
0.003587295754548013
-0.008759158015769933
-0.005262197951216276
0.004982033573125533
-0.01292219870302346
0.004097678854852478
0.001983005369947856
-0.0008198468725591548
-0.00454047989815943
-0.002245098851606789
-0.007952320389553789
0.01468325489654161
0.01402308541568512
-0.01622885115118607
-0.02153956803739311
-0.001167511374294081
0.008107963824248967
0.001537345939007995
0.01483722395311196
-0.003739066265969896
0.01119564818973518
-0.0264440584045829

-0.01099376228798175
-0.01642634912992175
-0.008881863994378099
0.006652479556325417
0.008453390497319288
-0.004686639209393617
0.001157377151769912
-0.009754825264287377
-0.01266438942636011
0.09294990566400389
0.01196662460642065
0.001291668970971299
0.007975374954533331
0.001662093547474308
0.003050370199885489
0.003044633202702978
-0.0009154658855578402
-0.003168489969234427
0.002311643102893421
0.0008755019527445819
-0.001638163278614629
-0.0008967407736420701
0.004267790892611103
0.002606132618870149
-0.0007891469151265315
0.001299086468209405
6.928878567341153e-05
5.272941957159888e-05
-0.001426668239636386
-0.002071977463995922
0.0005463119498046133
0.004052061492705273
0.0007312153799500644
-0.002694100920971628
0.003850721894296378
0.003050616604186992
0.0009800831876521185
0.0003583016791201727
0.008949201017939569
0.008881843008066635
0.0008212282773914432
-1.285088586732276e-05
0.001848432480378362
-0.001101736880987786
-0.0086102353649099
-0.001412068957065494
0.006488153612803981
-0.001372433247138568
0.01738310576432741
-0.0009218907440722487
-0.01270590177212903
0.01556569613042462
0.01250095069745136
-0.0004806812268059022
0.004546137763703715
0.007087764450271068
-0.01419585430969917
0.0007331567699526008
0.007831272261587419
-0.02846385343934884
-0.009311602111534043
0.01088598047759853
0.0395409832520761
0.03339111487940582

0.01139392561224369
0.01660125041159334
0.009523651977728404
-0.009593719059665277
-0.004933797205755492
0.00681089997198348
-0.005608252541400648
3.409517399744324e-05
0.009256345355432698
0.0119376926526882
0.1045816205408161
0.00510503518122676
-0.01206152669322032
0.007375028956594429
0.00203689494789538
-0.002713846779820057
0.002263215838015933
0.001375440449025874
-0.002999451193096991
0.0009032724215600678
0.001485701589724563
0.003484754693603253
-0.001720703072262268
-0.00350650086549838
-0.001714261359709763
0.003117114124552108
-0.0002702803349534076
-0.003260841833765897
0.001124947952219465
-0.002190069984508093
-0.003135752502205104
-0.0005229320470853905
0.0005139041306471509
0.002699545634103677
0.0007901736410637033
-0.008451714875144508
-0.002903922376332716
-0.00704858702429376
-0.0108830991416862
-0.004589764984620173
0.007948724686887086
0.002676077343182517
0.00521722081784529
-0.00316286183076865
0.00179526268380944
0.007239643804471167
-0.02377654419848967
-0.005303575926681954
-0.009238825185576199
-0.000125232303241316
0.0008266148636526547
-0.0004103855214264223
-0.0294741259743458
0.01095252174224978
0.008079515556447123
-0.02636926402421383
-0.007133008571193484
0.01299835836551846
-0.03174566394721244
0.02054357918421521
0.00660982750436125
-0.01101056153906906
-0.009026750230843587
-0.07748432800057592

-0.001680609158268151
-0.002673417098190778
-0.0007827851768572533
0.0007918759038427134
0.00117754061009391
9.829450719046236e-05
0.001348590901413725
-0.001881811518971015
0.0006094113171287487
0.001378241640569215
0.005336594769622063
0.04519623623646617
-0.008612251180297806
-0.003684572762714919
-0.000745022917346759
-0.001291368473056216
-0.0009348116333524333
0.0001623081649250532
-6.967207068955933e-05
-0.0004291677333674026
-0.0007864206490632274
0.0001202297986811143
0.0003737350724442885
0.0002761131160552649
2.222251079360641e-05
0.0005680736577348678
0.0004083367513486521
-0.0004116018699257579
-3.917899336911758e-05
-0.0004594002516786445
-0.0005539938225917311
0.0002480302556737307
0.001444876052808644
-0.0001041976411346233
0.0004241824205188661
-0.001544186293711567
0.002342787083950189
-0.001090268757836983
0.0002139011982461504
0.001434855665746845
0.001157743462741393
-0.003490518678281414
0.002196637135254881
-0.000352132203390255
-0.001149775795090039
0.004052621019916006
-0.0007887002049084273
-0.002100777461040731
0.0001652224268710414
-0.007492533636111573
0.001385468942254823
0.00391963134549279
-0.0008540140006943192
0.02140678679016103
-0.01552289415829503
0.001980246308625156
-0.009525387528221499
-0.01802460960624393
-0.007511828768400593
-0.003654236588002552
-0.007258218504669616
-0.02777963069691703
0.009389794872253698
-0.003224977162630566

0.01013051047845712
0.01604974167150917
0.008900776645216518
-0.006792934063105261
-0.008225504092269098
0.004102115107745089
-0.005131124766548247
0.005009037078635161
-0.001008156869745866
0.007872129882878203
-0.01194491187262057
-0.008351334815023273
0.1185571328080499
0.01115259438653123
-0.007423879480476159
0.002655768702636737
0.002524911069619503
0.002295617501842521
-0.0004624446470887406
0.0001021249029265621
0.004310344473907748
0.002077243824610729
-0.002576177214241181
-0.0009117070320408868
-0.001826009723627425
-0.003249562042513475
-0.0001372706659723997
0.00256773626432758
7.676343792664513e-05
0.001672516202873896
0.002764056135253488
-0.001598227746438678
-0.0001536525609850092
-0.001415782583992691
-0.0007144550710010712
0.01004736058742949
0.0004749875956896846
0.0002157590316860726
-0.003978475881066891
-0.01052617360386699
0.0009508215130897011
-0.001147791827576478
-0.009632795056305037
0.006401293367002529
0.01068119943920188
-0.001718401870385074
0.008126720941190284
0.01735847989544102
0.009806097647500641
0.0009590247127039587
-0.002566732606084045
-0.01130635230560073
0.02269173829019602
0.0008639859816387849
-0.005761857500597974
-0.00063292922632285
0.04416420033211086
-0.005157078466314861
-0.006200116216886359
0.0182328400648502
0.001099693285868671
-0.01019107626711203
-0.02381150176016544
0.02364355215384946

-0.00815591114624023
-0.01152467787829022
-0.00492555267023331
0.005909477769255746
0.005662053004246636
-0.004771247680773533
0.002859193046470844
-0.004052344148232379
-0.002621912427211966
0.00192819953156148
0.007143567661862821
-0.003599184242644815
0.0110137614452935
0.1395525919604787
0.01067147197267674
0.007114718934477162
0.003306549896235973
-0.001736049618719801
0.003053479144771683
0.002046387448691487
-0.0006216017144341608
-0.003556558041495186
0.0007435908332367503
0.0008135707008489969
0.002257857662201433
0.002419268315378041
-0.0006565768937579022
0.0006449941249726532
0.002722239963749002
0.0006536438094135824
0.0002159854555533999
-0.005055244492287798
-0.001389865593282867
0.001958099039988598
-0.006679974377332132
-0.007235064636885492
0.00136782435054284
0.007168283602680468
-0.001980201160747882
0.0002247774790624889
-0.0125341954975963
-0.001817407747928994
0.0007961429322953149
-0.002299429365380861
0.002297879070332649
-0.001494601736943071
0.002615305631560481
-0.005589593008612307
-0.03126607974596746
0.0008250392402871223
0.0235899113653289
-0.01875837354873829
-0.01405329062127613
-0.007306656830341962
-0.009822410550114083
0.0112525282250153
-0.01312587209757986
-0.009492982422129056
0.03078509937824122
0.01362404187367209
0.01198554193647413
-0.006546230066039777
-0.03715855519430652
-0.006847625548049061

0.008690183749078645
0.01413847857036154
0.007927116674418214
-0.005389894953263458
-0.005483122973755978
0.005361362156992444
-0.005339906341905394
0.002278344916173094
0.004141342938701362
0.002735909099394614
0.002229338383261051
-0.0009874408948444512
-0.007287230629632111
0.01069293565412387
0.1636155073403148
-0.01062497636166133
0.006599350250833216
-0.00215051507643639
-0.002153588444189628
0.001424072230540074
0.002394745536846462
0.0004193090100134862
-0.002399905722877847
-0.001978954587075954
-0.001849864217534179
-0.0003127804479341975
-0.0008761600789968294
-0.003131735323751165
0.0005964460726278443
-0.004198577515415548
0.002229000508127912
0.002530387784620416
0.0008543842110998944
0.001605363299522755
0.005211986093940439
0.004090493930394403
-0.001291729196402583
-0.006664357406808905
-0.004522135922899509
0.001276883298501466
0.0002467939515070803
-0.0004676084201925127
-0.002284373698687954
-0.009133781450877527
-0.005644006485600926
0.004631867156639724
-0.009145778528584149
0.01390674917464028
0.01680729112481905
-0.000824651915357931
-0.01448879324761589
-0.0001866515898637228
0.01033860378406835
0.01944225749544347
0.02119239197384196
-0.02359085619525178
-0.003351164445293237
-0.002112623332512211
0.002297797985002979
0.003359932177266691
0.01535779736502852
-0.004839506098122331
0.01985634709886572
-0.008146251674930155

0.008465879651626656
0.01163178988444671
0.006565402070321723
-0.005712266748673839
-0.004427700621990284
0.004069191401268924
-0.003781637166342777
0.005174932574848046
0.001414229650596276
0.002868793006407589
-0.002479440310963974
-0.001009866915567191
0.002714320862350302
0.007014042261740227
-0.01061948435083421
0.1940075651225159
0.01119751254542359
0.006640297658907312
0.003036484021356737
-0.0007057535592815877
0.001703182530435896
0.001056226856570093
-0.001343871248097912
-0.003003149951578404
0.0002134982209596196
-0.002201070152089042
8.520277886199881e-05
-0.0003163401027526536
0.002257855148532889
-0.0009060313060413687
0.007546167563139927
-0.003688483695853672
5.207316796774922e-06
0.003325222873045338
-0.001256925656549831
0.0046596234651324
-0.000117679709690718
-0.001260210214402765
-0.008387309759921639
-0.004689266710789832
-0.01221793751845601
-0.002686825330285163
-0.007771735067086822
-0.01028667113219047
0.001424880272571077
0.002367530168303613
-0.002947303790773514
0.02211136808751374
-0.002334154415399637
0.001565808328196926
0.003537841692489798
-0.02600102768879054
0.01365334843746857
0.01415302644650247
0.01603273527207117
-0.01794553853949165
0.009610855047606483
-0.01248965222771609
0.0316426373585378
0.02576640066298039
0.0339153536240453
-0.01240564119338337
-0.02608850390133251
0.00177759317797645

-0.006130076664179806
-0.00964043571204197
-0.003569873056481821
0.004697195972489382
0.004550758436921594
-0.001819110472019036
0.003646208172729201
-0.003097456550796115
-0.003448796753233657
-0.0005676784377863612
0.002157787318747845
-0.0007300159754782048
0.002098422533157904
0.003306764152190437
0.006423431601972931
0.01099669259146509
0.2305292456979189
-0.01056982443456814
0.006209564639394692
0.002294955265648669
0.00451506883339236
-0.002570215228947363
0.001234027918198358
-0.0004440847887014533
0.003285763388742364
-0.0007168594457611639
-0.0006036580196119945
0.001369394926521495
0.0008277780089716111
0.0002632866066298528
0.004268270199069903
-0.00280832451086494
-0.0007540160166356553
-0.001177973752624609
-0.00261611640734713
0.004552366759901703
0.002131015728612837
0.005402331701342362
0.001486308518691779
-0.0005538369657730552
-0.01137216780688827
-0.002798783120415093
-0.00625172491324677
-0.001069263546793838
0.002403835905990021
-0.003017965684805668
0.01161473752112651
0.01113412322585948
-0.003191339556685987
0.001428536758323914
0.006618866336002248
-0.01491054482148137
0.01843550409692205
-0.003730552799618413
-0.001412999657876327
0.00978196656557242
0.009071000955487176
-0.01290221054981326
0.03273020972922216
0.005077020785534638
0.0105381836752002
-0.004551643149343048
-0.01871273164367989
0.03830864041421942

-0.006357632014652211
-0.009692978185917788
-0.006071905212952699
0.003121517602606401
0.003947185182728435
-0.004329255399703858
0.001883700252333148
-0.003034150626800165
-0.002674906338138345
-0.002845444324592663
0.0007640289905653061
0.0001410963439293345
0.00223096213937926
-0.001530625525503004
-0.002555818036877823
0.006341720583768296
-0.01051903019999165
0.2757939605564101
0.009147968091691645
-0.002773415534959204
-0.006979425231572941
0.003824055147073849
0.001112489868593899
0.001567949483240759
-0.0003012824516783422
0.00274529895597511
0.001109837628375514
-0.00199709701879556
0.0007050660767004692
-0.004018813961637325
0.004665566743760363
0.002464388437143479
0.001130172751145467
0.004045154838107471
0.001527199397604397
-0.003598434429405858
-0.001413525924432958
-0.004903479826138623
-0.002399882351372383
0.007637117200997699
-0.006007522463486529
3.608298234977737e-05
0.003923055755717041
-0.01546068310308648
-0.01072183517534354
0.006180935620444947
-0.01566067964570481
0.00648474534542108
0.004256541091849165
-0.001141578636459562
-0.006885832207272287
-0.00174650319265407
-0.005687985975948615
0.02017723554046079
0.02621755516087334
-0.02366546387183828
-0.03362790239630008
-0.004540869661430999
0.01863828300353831
-0.001620533012438312
0.02383128308811593
-0.002201676202670509
0.02174810374680429
-0.02781751284168653

0.005355066484296725
0.007875035318840642
0.003968977776969513
-0.004178482022019782
-0.002514532667903606
0.002839677708133228
-0.003293789516473939
0.001336609324680865
0.001835407975129236
0.00217984908778213
-0.002628220889006108
2.980684678062883e-05
-6.469429336822567e-05
0.002522103615487796
-0.001605291732655972
0.003273874926914579
0.006127281664301793
0.009179533373261902
0.3273813703118593
-0.009084303200149118
0.009006088661955344
0.005512929740103979
0.003833222130866331
-0.0008916771068822934
-0.0008191565990073161
0.001311723956024257
0.0001111213724191542
-0.0009718970928136803
0.001698506069823229
0.003423455389165634
-0.002683722106599798
-0.004190477230898174
-0.0005733168467565359
0.0004050662000660819
-0.003996144922888663
-0.001927038473039106
0.0009624719221676481
0.003766859813118264
0.0004986583078378143
-0.003080042970779597
0.0005836373113109196
-0.0002468565258633471
0.0008459120899694404
0.004711811975370227
0.00431439747684615
-0.003734101269094799
0.005100479162258345
-0.01094097891547444
-0.0160437666594304
-9.650168963023815e-05
0.01307005044158702
-0.001582825881764172
-0.01002490827957299
-0.01228851460111225
-0.01464424256370174
0.01489564040029717
0.003274825163902829
0.003794563440314708
-0.002814786796420093
0.00391972047033862
-0.006611942476678782
0.007655238017369888
-0.0197011974481141
-0.001506554027178319

0.0001944238641234652
0.0001810267411347823
0.0004590424518688184
0.0001421652009988541
-5.334712297813075e-05
0.0004334232233596611
0.0001420127605862705
-0.0001830912306421661
-9.024627647677035e-05
0.0009822173480646356
0.0009482673717971159
-0.0001009672914769271
8.057035825062651e-05
0.002121526931614918
0.001416196061734044
-0.0008108105716339644
0.002173860838592107
-0.002793778605971261
-0.009054330489917273
0.2789091970597162
-0.005426300694554827
0.001063131316931187
2.246212043832549e-05
0.0008819872360715161
-0.0001700782740641469
0.0003501134528543894
0.001251792149115831
-8.222209256065495e-05
0.0001559128454549308
-0.0006453279812992582
-0.000114364602767569
0.0002144351046926301
0.001120125956703545
-6.481621842443775e-05
0.0003736071093757752
-0.0007689230812418815
0.00196448310775591
-0.0008441911645235685
-0.0001954971230185268
0.0006608385579915882
0.0001528615254800006
-0.002912513475258192
0.0006969088141458576
-0.0008745693139666155
-0.001166075086887862
-0.003426150429059815
-0.002114779844143767
0.0004138043738076873
0.0006989985741875859
-0.006837600489187189
0.001318236124089814
0.0007804057875904906
-0.0003245839309086755
-0.003184958957911144
0.005255430239970125
-0.003051319826696671
-0.00014604948430324
0.009596432160596481
0.002878995875055869
0.002776766040187123
0.01351888563704735
0.05608981424419803
-0.005129415482083611
-0.002009302596563701

-0.004712289963820766
-0.007165268313452045
-0.003244285529709892
0.003483359372166082
0.003856618586011583
-0.001174560917782154
0.002509215153985555
-0.002718573268640191
-0.0008555002367534388
-0.001408486606083582
0.001684549656675257
-0.0005288940514959316
0.003033286373030496
0.0001541304158116571
0.002060036525810032
0.001429107488667317
0.004342777361068659
-0.006668657028067755
0.009008454058291034
-0.005424011020003786
0.3915986296326813
-0.009757438259314598
0.005152678872073429
-0.004292626000040368
0.000264783244783651
-0.000951800072877174
0.0002886249315550012
0.002253023700424691
-0.004672291298393361
-0.0001574978655569691
0.003255296503519465
0.001025721020622176
0.0002085886622826741
-0.005207999174801476
-0.0004037397531425552
0.0114651475616214
0.00180756438066051
0.001987205363689285
0.0009004178990682669
-0.007542218167132058
0.003115388223811939
-0.0004495656208497809
-0.007589623217035869
0.01021111965168755
0.01069401323447814
-0.00331941626176925
0.01108717411749059
0.01552949580397193
0.01990410946369546
-1.888148146402804e-05
-0.009854818476097512
-0.003171183779686521
0.02615847273511757
-0.005248218342785385
-0.005509542675686547
0.004534840383466946
0.04578727688232501
-0.0002434958370034369
-0.01246630584571494
0.005086910363854272
-0.009171606811682385
0.002550915072787673
-0.01033108019907551
0.03677099248819375

-0.005037646541291557
-0.007581013761958607
-0.004622316460788855
0.003108728391030089
0.003163516669779087
-0.003436478554566949
0.0009271631588868719
-0.0025251389229247
-0.002442158406459698
-0.0003230644921146485
0.001982986056194849
0.0001070723720838324
0.001798917454643738
-0.002645951516875823
5.638252102336713e-05
0.001338649883947988
-0.001928127137239916
0.003799320641911227
0.005527507985011956
0.001091553582172895
-0.009749108592559029
0.4656167466973128
0.009262995212994573
0.004644595125219806
-0.005663683158421494
0.003325938171237375
0.001223036248417303
0.002041190350100594
-0.001373401761723307
-0.004561483347022624
-0.001825106632151403
0.004048737191825069
0.0007524114969426624
-0.001433707345802197
0.0005048030670136382
-0.00448165506439516
-0.002688265266035894
-0.007611170926716143
-0.003664866088638523
-0.004847925075436871
0.01566635301506429
0.004472459031700052
0.006012915407349543
0.006576204013716537
0.005534460648175294
0.005691855192236118
-0.01870473561628348
-0.005342198267637121
0.009936719917746183
-0.001804122391667343
-0.01221555392211412
0.0121052283295021
-0.0196024657940114
0.00555416773047466
0.0007213801701278634
-0.01851469692198304
0.01018217436136775
0.01815167714562986
-0.05600052337325336
0.006809598437275488
-0.01491158296705409
-0.004138692188001089
0.006978013645362285
-0.05711426961976564

0.004008070023595655
0.006132564519193364
0.002982819455999374
-0.003264599362760884
-0.002335491733655098
0.001862609939506019
-0.003115644097333937
0.000503573592579551
0.001498669680859037
0.002341080620989944
-0.0002505506288575772
0.0002989157184062485
-0.001422413277826153
0.001257667018816032
-0.00211182163006264
-0.0001924315875080258
0.001305649218749732
0.0009645599300645881
0.003951985625807982
4.96307585378377e-05
0.005148978370140697
0.009256528070591279
0.551777298325711
-0.007820402714865128
-0.007095134714742896
0.003188653404719597
0.0003466240001301802
-0.002489981008383875
0.001696964243525202
-5.487979897702243e-06
-0.005361433711382023
0.002144605176273121
0.0006719670107387713
-0.001009821669130218
0.005298518576955462
0.003423468363580591
0.0007585208991453072
0.0002355233872364543
0.01421376244688607
0.01118971256177023
0.003553716543651907
0.0001605389976427246
0.004313762453813833
-0.001975077951832611
-0.0144330562188631
-0.004355193687729081
0.01160037833446486
-0.01471663560727151
0.01479601878309554
-0.001029009159543998
-0.01025739159573535
0.02813467477295233
0.009145917721090809
-0.005131847927273076
0.000283736952854916
0.01771545767162963
-0.02913889754859193
0.0001825353265576852
0.006244178059449862
-0.04590464778216176
-0.01957265047950536
0.01746904157756957
0.05692104368467145
0.04356746968778361

0.004078779887613336
0.006119546278967124
0.003209189003746275
-0.002621375872906469
-0.002907098227712803
0.001935671777131552
-0.001748416128730252
0.002703386453262947
0.0005291746337577435
0.001320634536131448
-0.002128089376243267
8.047991003519084e-05
-0.0002024236137933674
0.0008174273167011639
-0.001669659787198104
-0.002360805990852618
-0.0006145292955112066
0.001502558317909286
-0.0008254283109386225
0.000822622164376502
-0.00420069495910631
0.004824975677207868
-0.008063454323280091
0.6469134259333535
-0.01004376549456026
-0.006266228913719034
-0.0001667415060287306
0.003392848949570197
0.001319973468216249
0.002153917023670785
-0.0002886429009720166
-0.0009104471422072724
-0.0001194890092469079
0.0005519116099707207
0.002753271093193368
0.001323496446233026
0.0005009872985018037
0.000773344549126035
0.00700132458178856
0.007917568544902668
-0.0001551464967832782
-0.0009648717124388178
0.001088188520169815
-0.001689240984773641
-0.008315484867859267
-0.003052851425327277
0.009756858666756862
-0.00602707896140053
0.003749012005600356
-0.0001612503011891567
-0.003003049107968017
0.01089733365935407
0.008780894738179876
-0.003687827977519013
-0.0003474854570977392
0.01216779064150507
-0.01549916837932773
-0.00381827764039576
0.01453711978810055
-0.02256488040906415
-0.008518756758920701
0.009463509454274302
0.02477405943122878
0.03311846642708818

0.004427895722921335
0.006932243776422773
0.003795602002245547
-0.00287569047639179
-0.00287365245148911
0.002614317763007697
-0.001744765247782117
0.002192212036451607
0.002537600294812643
6.966302545054095e-05
-0.001456149909682266
0.0001507043104372657
-0.001800361143792651
0.0003907002386961192
-0.001379303987029472
-0.0009551145274739479
0.002440949154105724
-0.0003934452323408752
-0.001148750949769868
-0.0001244471622378548
0.000571024114111085
-0.005014079900355697
-0.006638824335337771
-0.009976349843493474
0.7591927956147803
-0.009788241471411722
-0.003570238489499559
-0.004998739762448076
-0.002868396561147252
0.001615716766725025
0.002023828572570552
-0.003234851135565243
-0.0006060835280572821
0.004329177903378456
-0.003628892077102082
-0.001010561858530695
0.0005047574497563555
0.004105309382695219
-0.005900425991335467
-0.00326319213261842
-0.01276236333036113
-0.002907924898471377
-0.005053540513420986
-0.004540519512771431
0.003138016220478199
-0.0005597389549550666
0.002165520738890507
0.006778111361967585
-0.01838092778529774
0.001452944310951382
0.01600758159778107
-0.02266204359839886
0.0006358394793384377
0.001856163282426288
0.0002621583838214866
-0.0006529007823534238
0.001922024600493739
-0.009439423298044834
0.03004231277614081
0.0195635551277337
0.02044481928342889
-0.007892521553053993
-0.03698435791279387
0.000164602288414361

0.004202717887858034
0.005769828961602616
0.002723405111258584
-0.003166803496236248
-0.002352504898975407
0.001759860933589297
-0.002682985469868766
0.001476591454193235
0.00139122680048881
0.002122998635503374
0.0004132464418996818
0.0002509250471865812
-0.001497471549899604
0.001721959293450309
0.0001319276356140649
-0.001228829823300743
0.0007116735627976959
0.002181259153323148
0.000961395470152363
0.0003892421772851104
0.0002502243953782287
0.002094429386066244
0.003560548653844338
-0.005941026215610953
-0.009684367000196842
0.8880002989472513
0.0007512340931417787
-0.01015900486317485
0.005366286173442559
-0.006437145206849577
-0.004254953632761838
-0.0007731659795951027
0.000759313910597643
0.0001414544025841254
0.0009440032618312816
-0.009388033679631452
-0.002330404608278562
-0.004575747408368868
-0.005488460998116838
-0.002567376115714042
0.008402702050489227
0.00300921316634547
0.00891714841357949
-0.001397901342446429
0.001229281817822768
0.005216646868588444
-0.01955425060724253
-0.01293911391906808
-0.01113296238329807
-0.0006749641473766842
0.002450527026529351
0.006066743663757836
-0.03276097949779572
0.005386230915739563
0.001067964765198722
-0.01580914312419997
-0.01302034197505369
0.01304149381104519
-0.03205039727912234
0.009401407457786228
-0.003693116642579982
-0.005200706802142358
-0.002997705844947915
-0.0697871615754148

0.0001924769483019858
-4.417280737238894e-05
-0.0004714191720547778
-0.000233253352268946
-0.0003839786466662727
2.253507494624183e-05
1.751715554605964e-06
-5.708235452005279e-05
0.0003983140140957046
-0.0001869221323102304
-0.000210478073727122
0.000100211466883728
-0.0005191767206061981
-0.000487892814798994
-0.0007719671615176351
5.48810883497526e-05
-0.0005477360506156341
0.001024613515394885
-5.641765143801081e-05
0.0003907293267184033
-5.199964345453136e-05
0.001064199181371618
0.0003580438396244698
-0.0001232619718107139
-0.003543290040909886
0.000754014785735029
0.8814108183662932
0.00524071737325915
-0.0003761493830153106
-0.0001670544498054826
0.001332706935361596
0.0008764391919296893
-0.002779499229737611
-0.0004358081545310851
-0.0004168650579357747
0.0005433214497955864
-0.001403072387192344
0.0001265086345843476
-0.0001036078702025796
-0.0008708068106351852
0.001549675607911745
-0.003607674997222046
0.000526703073275115
0.001398158660877482
0.001367531210962465
0.00662199326498468
0.002055664653067362
0.0001621975923405034
0.001231180239121679
-0.007062090072989013
0.001703611680478714
0.002144671622843652
0.003168167293232191
0.02235963638553837
-0.01713607607005271
0.0004247874047811067
0.004638140157839588
0.02290787243511189
0.004140785548132491
0.0001547748729403705
0.0003122854312890043
0.01388229624656975
-0.003139406233953658
-0.001468938606124397

0.003573668179928173
0.005811602892078358
0.003022691217983123
-0.002156640168770557
-0.002640313386798579
0.002108926248505629
-0.001594575251746724
0.002264840211849442
0.001025522018021532
0.0007433253476370551
-0.002338658931133158
-0.0001565548175451192
0.0003290429422593861
0.0008405316212378347
-0.001847185548663584
0.0001610902422415034
0.0009108323558545549
0.0003151883857166434
-0.001482236625897938
0.0001275923293797639
0.0003622120016172386
0.001497838991002983
-0.001626170875782768
0.003726531893158541
-0.004883698262407642
-0.0100161251695441
0.005226078889106199
1.03213288701413
0.006872874941159905
0.00743040801834067
0.004010575836450514
-0.001489357872296474
-0.0002323155776174592
-0.002631919824028568
-0.004235357089480255
0.006323993743178635
0.0001398289462586543
0.0017931561588233
-0.002157209609618241
-0.01076921550732388
0.007237670956056509
0.0009111228208193997
-0.005616803523414728
0.01568946431384516
0.01379254542273107
-0.003707358187338531
0.007279397939502754
0.004829138965438915
0.001509089535631184
0.001993092387917564
0.001973445326086145
-0.005288002656727548
0.008614927659880794
-0.01423006647385446
-0.01737850165415265
0.008575323518346022
0.0467093593471283
0.003221610603480861
-0.02643425849026025
0.0159948137739815
-0.01520079039807064
-0.004552668482754367
-0.03165753816520474
0.01010123463755981

-0.003146373958255152
-0.00459769866398877
-0.002568942420681137
0.001974946565049043
0.001972412454326519
-0.001961541943320093
0.001525748612645265
-0.001298446532078608
-0.001390151358556707
-0.0008977121053809201
0.000819590373207167
-0.0002151009002799191
0.001647632869479723
0.000553521304272606
0.0008183826417328913
0.00152321650195262
0.0005076052591403706
-0.0002835262838892356
0.001142139395572235
-2.12138863983813e-05
-0.002606112432510292
8.576972212469118e-05
0.00131827892223166
0.0009040486083324393
-0.00346136739803005
0.005210122602126346
-0.0003455721706632532
0.007132997834391306
1.191917534560119
-0.008772735958321063
0.004874687328986016
-0.006683069435290951
-0.00184961296105658
0.002636701068040558
-0.001629142288237347
-0.003317603322731805
0.001101593304194185
0.003649924790129561
0.002029603783334479
0.006623368527624585
-0.008600701249405525
-0.001183657476167303
0.003215835479580141
-0.008271810519053992
-0.009078944413024988
0.0003421378897629126
-0.0004193122753960378
-0.005658681326811822
-0.01438368346110647
-0.0007096303303603693
0.00937871830604917
-0.004809835247101734
-0.006913659147910935
0.0007649269679346129
0.003299442139686492
0.002815818676095954
-0.02993361265220736
-0.007901787129915263
0.03124425738625666
-0.005759694231638279
0.01197783285069412
0.002286433376877918
0.002167353731509342
0.002863250434126604

-0.002530367181137989
-0.00388838753979988
-0.001843395116496198
0.002250285889277919
0.001589961841511791
-0.0011201981518052
0.001720139854733168
-0.0009535427423700043
-0.00107715150763584
-0.001302640522408741
0.0003401244697025943
-6.270044632493047e-05
0.0007323408499381275
-0.00143926534497924
-0.0008372708624597373
0.0004761116867088785
-0.0009213851877765615
-0.0003471041998146416
0.001100991915841183
-0.0004808189079773233
-0.0006107499613209391
-0.002538375537052585
-0.0006750483267518557
0.001481292620828806
0.001044642404458961
-0.005788980777866484
-0.0001382885432730343
0.006729071061732229
-0.008776310806342265
1.374958977247117
0.006175262685808602
0.001422982918828058
-0.0009642361737240348
0.003080668750111296
-0.004121772757620316
0.0009356687279246504
0.002357371609939657
0.007087928295086509
0.007862703530500337
-0.000926108273724469
-0.002778976217455915
-0.001431660527395842
-0.002901162521836828
0.01056217510279342
0.005159846122752798
-0.007906109979912394
0.02148232393124636
-0.008142918244379814
-0.01279187833482404
0.0006991298674470085
0.0141190311805941
-0.001719294619168976
0.00545226203872637
-0.02247673138139666
-0.02316065645645741
0.03246543327387075
0.01327118465474603
-0.004420041703722374
0.01094723831807516
-0.008032435270628198
-0.01627122533208006
0.007141213666758988
-0.01867802671283361
0.04307555277759775

0.002534252253794241
0.003859330373472358
0.002463201222289791
-0.001598915723478642
-0.001943562365559467
0.001272910354501016
-0.0007192946241026734
0.00185378771114342
0.0009029528157365037
0.0004905573487286861
-0.001405038251595651
-2.749591815596264e-05
-0.0003029982082114332
0.0004782154959806208
-0.001364413016430138
0.00134105396657575
0.001135052329851318
0.001756996875035492
-5.450430707921094e-06
-0.0001279188525009706
0.001096927442431256
-2.523154126803529e-05
-0.002875849681377233
0.0005258544024457036
0.0006257535123278058
-0.002589822663865281
0.001350786727386703
0.004178674973091115
0.004818052176986017
0.006540733179002656
1.578983617514901
-0.00961377417962472
0.0003012620087772845
0.006936037492758481
-0.005125704703825304
0.007850321121186384
-0.0003484533888584182
-0.002125908995603088
-0.005774382886046699
-0.004618971376511097
-0.01250860069814567
-0.002963317145399371
-0.009538767478422602
-0.009845241329070598
0.0002211871531993279
0.002472996545896095
-0.00118958516963342
0.03108659245340605
0.006764090164994084
0.00236585796559322
-0.003972601578544292
-0.02578661023977904
0.02491022390916646
0.01699934197655425
0.02074264074433907
-0.01989519597778115
0.01536048955113937
-0.01509562052427365
0.03680991383073872
0.02336594378974658
0.03560942712698955
-0.01241809352749253
-0.01798510561862835
0.01569488037974864

0.001748863875491843
0.002839674752807449
0.001315375735566985
-0.001473204251062063
-0.00111872405559022
0.001020284459758862
-0.001163166324186854
0.0006464012149259488
0.0009474347436633136
0.0006839585414719203
-0.0004933010161166615
0.0001277889489007113
-0.000991034471414182
-1.289268840080817e-05
-6.767850522852834e-05
-0.001778076666102125
-0.0008858703387370179
0.0007252474302506468
-0.001577628386092838
0.0003232149654598209
-0.0003850169771853445
0.001280040996827264
0.0001610259439764005
-0.001194517041208672
-0.0006821025592093552
-0.0007934419958308234
0.0005267158957780622
-0.0009848832889709992
-0.005941371422665515
0.00217066239053209
-0.00951023946503333
1.790719088156451
0.01431221823163895
0.006186300657961295
0.009727809026864416
-0.002343231870286866
-0.001818568531392546
-0.005711951666562159
0.001389243867790073
0.003923123343545245
0.01036218661561348
0.0031579365555182
0.001719662673254124
-0.0003635016471393768
-0.004039676054066676
0.002321472274691861
-0.005071356602281462
0.000361942687533031
0.0231500351607075
0.00288365306422329
-0.0183814205465847
0.01618140392064716
0.003374574149977206
0.01176773825114486
0.007226801674616114
-0.01112613477539266
-0.001731580110189325
0.01435126069037069
-0.02125872846523822
-0.01617484716196406
-0.008920555060563662
0.003649317391256279
0.03605315712514203
-0.005774996980112426

0.0006994171304104524
0.0005587528365300436
0.0005371348713706901
-0.0009243394796261073
-0.0001713037013720261
0.0002690280383005407
-0.0001870737112260428
-0.00027605031427363
0.0004955935171893179
6.972553764373303e-05
0.0004629491894317212
0.0001389864267090593
-0.0004595042675915103
-0.0002472840526963793
2.882383915296012e-05
-0.0002593531862816054
-0.0003783367987852787
0.0002395644274091259
-0.0001564926444037655
0.0002136026701466312
-0.0002060779260830389
0.0001729240352757576
0.0003188691735572689
4.720238389232991e-07
-9.202511776792305e-05
0.000679051645006042
-0.001336851250740186
-7.766747517253415e-05
-0.001643506887498154
-0.0007223418091210946
0.0002644350940815509
0.01422990740653484
1.793190949173185
0.005453534307108526
0.002598396271612367
0.0002770667578042874
-0.001108766426396171
-0.002127522385482704
-0.0007896927250960758
0.0004676181840500165
0.002441424749385546
-0.006114194076692863
0.001381707445704615
-0.000421982682904892
-0.0006089618274933479
-0.001322652440196119
-0.003500260194034591
0.002730740037190271
0.007127606659811101
-0.01720285106599498
0.0001008029410788913
0.003105424324067485
-3.748071601213489e-06
-0.01127968374321868
0.01479922131541508
-0.005536714669390406
-0.002756590989379675
-0.03223356833640405
-0.01782523964682634
0.00175632367335534
0.00352375563695763
0.004376432563503422
0.008938382616826867
-0.0009478541807319929

-0.002097255886465144
-0.00307321350423637
-0.001682552425888019
0.001331142560226621
0.001353077638827296
-0.001171677059760016
0.001239636381714248
-0.0007615925616554313
-0.0005235939083216033
-0.0009984818818317496
0.0005462224944680314
-1.746391272755949e-05
0.0003562058201950641
-0.0007090337812604428
0.0004999019455323816
0.0005946370871676744
-0.00142457297940914
0.001065936510761235
0.0003473813132455713
-0.0001571992838525942
-0.001835309587778364
0.0002723126156918033
-0.0001191131066592993
0.0006278831296383123
0.002439982643974518
-0.0006488170041484818
-0.000339808857495601
-0.0009557093801140564
0.001433333234021416
0.003569340496002182
0.006380559874423645
0.006371270598391193
0.005571607848503217
2.039963625472264
-0.009808407558455455
-0.008616874472551262
-0.001144196419709373
-0.004841747457561865
-0.002331362019872043
0.003809216461523241
-0.006804075384352834
-1.723156584431534e-05
0.00236767312964117
-0.008744600028321788
-0.004650690329182203
0.002752959306989549
-0.005244219952038763
0.002175124703448763
-0.0104696452828867
0.001316453667380276
0.008067929344153889
-0.009658022631439384
-0.006330762743715201
0.008100158179973636
0.009406100330841913
-0.007148549865606948
-0.02098183978858339
-0.003564883766040885
0.02341197898255176
0.004352591475375866
0.01911996979923503
-0.004755363217459467
-0.005397272348850112
-0.01584934279036085

-0.002429531649406487
-0.003785881303427625
-0.002028195899782453
0.001460579806222163
0.001604091638072789
-0.001450751199010246
0.0008785272873493605
-0.001406036748584488
-0.0007757044400268962
-0.0003004761381298438
0.001037030484282347
-5.954368897696709e-06
0.0004338230798578399
-0.000780952864655576
0.001339895813512918
0.0002461411016062527
-0.0005923774541014288
-0.001146596583710937
-0.001045460575238715
0.0001441523699190279
-0.0004484983016758125
-0.0007002323243341414
0.0007320193585552872
0.0009596637217695453
-0.0007470498670473912
0.001248299299385214
-0.0005611223132819838
-0.002501162968315546
-0.001256539451127132
-0.002624689569200591
-0.004919073891279767
0.008592505153895386
0.002317058485579454
-0.009726415719427929
2.310914062438597
-0.00709067193613459
0.00115107927271599
0.0003980907024532078
-0.0003830964645941759
0.007175974661115064
0.004076635532910718
0.001378359291846922
0.001755719116509125
-0.002351509885388147
-0.008479487854227044
0.002049893822202703
-0.002677554419664717
-0.001646271645461181
0.0191430195280934
-0.001748046938263955
-0.01527251148128866
0.0189083899165164
0.004247063874866976
0.007614531558275182
0.01159949446841183
-0.006564379319099213
-0.01613325698310715
0.003115487440443379
-0.00550901303131398
-0.02157389136672302
-0.006655040828422222
0.006777165084950786
0.04270078039862861
0.004946511125375351

-0.00240337185290461
-0.003192289367264358
-0.001401943077182136
0.001786365386636442
0.001273956007482713
-0.0008167243589707226
0.001398157775862125
-0.0007482118279462733
-0.001001969196799394
-0.0005359302223071091
-2.667869055730763e-05
-0.0001955036124142285
0.001380211808182394
-0.0006864673596494249
0.0005623854227207218
0.00125742270824112
0.0001728133131976578
-0.0006928646813336753
0.001038776767030408
-0.0004605843069876209
0.002280344823882548
-0.001159731809851704
0.00150274490581067
-0.0002547194847564191
-0.0001092087680842804
-0.002801599786857383
0.000242785250684187
0.003378610535935495
-0.0009102216816873725
0.0001512855878616514
0.004900361293629207
-0.00300746098835072
0.0001765307628184096
-0.007766948578840464
-0.007298129456300765
2.613095876098613
0.007518415123794108
0.00921744837696711
0.00883739750380937
-0.007508584118180496
-0.002656136719724874
-0.001587334282880954
-0.008914305838376532
0.003323914460220008
0.004910013176223631
-0.003054999555489652
0.01697934998265546
0.0186484286768609
0.02248443082716154
-0.0002852454401424779
-0.01156979402101275
-0.003116048605794058
0.03970045274796761
-0.004506662375548663
0.001092528778668465
0.007017176965855825
0.03356328444531151
-0.007650240523332697
0.01252291645388384
-0.005616977204427437
-0.002824939620973762
0.001038294234044939
0.0025757434347395
0.06518803337402153

0.000449065543433932
0.0002684985190864265
0.0007476352242344581
0.0001139915102621498
0.0007735695228036607
0.0003436953707453888
-0.0004009263091669333
0.0001518708118011534
0.0002922637137154876
0.0005647797247055198
3.834611037174666e-05
6.919929834346775e-05
-0.0002687958991761458
0.0003333941788959687
-7.551615381501503e-06
-0.000124895735634912
0.0006303794166358477
-0.000249616205986507
4.541839748473318e-05
0.0001857590170369193
0.0008508154614776869
-0.0005363706681976791
-0.0001568301331923988
-0.0001628575246468997
0.0001418419209184731
-0.0008258649686932623
-0.0004290880922341644
-0.0002285468825895056
0.0008954424195848251
0.001174682779613324
-0.000410213195759067
-0.001563400499923759
-0.0008616118364675763
-0.001058403656612741
0.001353100576388823
0.007491334124083283
2.80757386267033
0.01518211411850119
0.001672920612891805
-2.284946886230675e-05
-0.003801160942446477
0.004096080219445108
-0.002443904175082827
0.0004020599618601473
-0.0009770114413873863
-0.01235955439082547
0.003025426395312516
-0.0004037944978851923
-0.002554450607660578
0.01586312318401843
-0.002320430852049117
-0.001332454398633296
0.006850953315310862
0.01573750721370092
-0.020621196319039
0.009958951262509333
-0.001083044777308106
-0.01056373480127645
0.006854952010318044
-0.002593921946418013
0.00214553942302892
0.02132378416087538
-0.004615699000068815
0.01530835935597213

0.002067250069317049
0.003418959638647437
0.001685762642884589
-0.001318235424383379
-0.001593045179635155
0.001046117131889006
-0.0007009359257321706
0.001153127781638145
0.0004679960633492814
0.0005253276547387148
-0.0008977491483723175
-4.282177065832263e-05
-0.000235751802663104
0.001016745407001433
-0.0007784295272034627
-0.0002859717264596747
0.001193291283049786
-0.0001416577216154902
0.0002865764726339143
-0.0001157961205002345
0.001440912899612356
-0.001773415772641484
-0.0001788401962117836
-0.0005435306134618373
0.001705298674586194
-0.001519133292898854
0.0001811887966825438
0.0002780152232511195
0.002184281074103889
0.002669698354215578
-0.001433948000232896
-0.00348723364024434
-0.001691901373401905
-0.004678915157759648
0.001182637262604032
0.008992223734430347
0.01518297821505708
2.930496296503144
-0.004784574249865444
-0.005017458202665788
-0.01083370088894502
-0.004258883779693969
-0.003127370978149084
0.003259021154713251
0.003570687245728075
-0.004032515032434271
0.01727832108315597
-0.003522820794454644
-0.01186181162776298
-0.002459139273404484
0.01359962943936227
-0.005543120324936267
0.006767256730095803
-0.02069845880189433
-0.0113039077730304
0.02079854162936739
0.005195952317089239
-0.005910862102469683
0.02237810349741417
-0.001852209850104168
-0.003348054561989594
-0.002094803424404823
-0.0164086518050222
0.03751063579598701

0.001744631838706952
0.002670048463883811
0.001501261311781658
-0.001041129073844502
-0.0009820384321034532
0.0009267729383478644
-0.0007288512412092126
0.0005293557998850009
0.000661889274002187
0.0005855703308214675
-0.0009008129050518202
5.492481549041888e-05
-0.0005336838082636932
8.603613663827264e-05
-0.0008998651169649077
-0.0007679547694387902
0.0002663419740380983
0.0005043853010431495
-0.0001291192847329155
5.567234300517887e-05
0.0002102463602329745
0.0006557234844860085
0.003003321080124707
0.001187866765123276
-0.002045039209957678
-0.0008448945154830845
0.0002507647906571663
-0.0007344608656552035
0.001088039083495389
0.004020217832771325
-0.002132179528527467
0.0004841196154257042
-0.0007058012390046374
-0.001332387938243806
-0.001628383866039452
0.007897277185776465
0.001527526738575929
-0.005209424666500652
3.285752893600145
-0.0001517134447169728
0.005710927894719306
-0.0006753074245079285
0.00639457681934868
0.002101234907213812
-0.008712694805037814
-0.005762963716721043
0.01601408267029226
-0.01294570095687333
0.007352804166391677
-0.0005935869755085835
-0.003198783674126843
0.01866452048851112
0.01244436374341906
-0.01319755381759939
-0.007059484931737231
0.02741218215136793
-0.01370730132333923
-0.002582743722911549
0.01129131354911483
-0.0357269324939704
-0.01899379637000439
0.01442845981560116
0.03522734969648519
0.05234402792093511

0.001483085562098166
0.002285347810194832
0.0009931772436076391
-0.00125639758751927
-0.0008789503168696367
0.000439867752890331
-0.0007502793806392457
0.0004361906560517726
0.0005819459813907345
0.000760928093450731
-0.0003625405869473204
0.0001140229015703476
-0.00083704238498284
0.0002611783415102913
-0.0001309937493491509
-0.000898378026740992
4.629876789155196e-05
0.000750082709988218
-0.0008994666983440158
0.0002753582431684897
-0.0007042549062803289
-0.0005073031989405502
0.0005928722807332909
0.002029759382970365
-0.0008467880897119154
-0.001197406139391375
-0.0001330502778553205
-0.002392366142296111
0.002181675580206044
-3.546275204527436e-05
-0.002721556934010999
0.002616284837062233
0.0001277394781121919
0.002439138551435348
0.00462072187268864
-0.0067119893723485
-8.813880671823537e-06
-0.004913311621735582
-0.001031148433488227
3.667163597844081
0.004902860173206885
-0.002199898693908309
0.000607867478154168
-0.004872788120367254
-0.01632963092672148
-0.001030103707109598
0.002525788014642925
-0.008692926286601548
0.001454298317520969
-0.001245483713951683
-0.00359651505887999
0.01445983408149728
-0.0003921328724439672
0.003323525589497667
0.01111397417441656
0.004915864739935671
-0.04517847906177758
-0.00434213625071652
0.02280463261219406
-0.03072937187417324
-4.216670336335774e-05
0.009663019699844478
0.04262543564674609
0.01842985712221979

-0.001783062348470315
-0.002734797572031428
-0.001582170393682045
0.001124902446224939
0.001235026039432503
-0.0006335132072756585
0.0003656485483488911
-0.001096009009211862
-0.0006888323582473879
-0.0003203516387161971
0.0008908292051271847
4.062449871699551e-05
0.0002949735183190314
-0.0009246397498346352
0.0004614185411680762
-0.0004680267193562113
-0.001296286347716167
-0.0006153478775208497
0.0001578496161266488
7.030674595702005e-06
-0.0003864536697398244
0.001648795581450498
0.0005761756953783483
0.001114804466858479
-0.003039760844301831
0.002019369095544923
0.0002308775612037537
0.002480098135785045
-0.001941716269630658
-0.001024979799017441
-0.004490729092587807
0.00526164806152232
0.001472394781256311
-0.002870439654485404
0.002006077578377723
-0.001810910159709527
-0.003166427958849471
-0.008980665346864595
0.005491753229729414
0.005308903133507566
4.080949105921865
0.01185177593709321
0.01245027376781822
0.01606775221632444
-0.0002346481163804127
0.00274456267994712
-0.008061960060757063
-0.01078217752804727
0.013545715361385
-0.003593431557361883
-0.01425176832756689
0.02285451888623921
-0.0124595634698289
-0.002695227426377411
-0.009193402086754912
-0.002342788748799655
0.01382412904306149
0.01988774155660152
-0.06210528900399676
-0.008309902909423305
-0.02821862494869326
0.005192472126551741
0.0205359495158831
-0.03005579854072904

-0.0003323022955592818
1.024768768893224e-05
-0.0005613950010822481
-0.000332708822355977
0.0003314859835150397
-0.0009793303824594871
7.441688818433771e-05
3.864541389519606e-05
0.0006116707234299221
-9.51823420647286e-05
-0.0001672729300505104
-2.334050105492614e-05
-0.000165020912444317
-0.000144395213487923
-0.0002086701074932228
-0.000264688308578607
-0.000376152405076969
0.0003466637713883734
-7.32534551738305e-05
-0.0001876921174557106
-0.0001028314926048571
0.0008953512001015732
0.0001049394831444473
-0.0002505151819196077
-0.0009205484305153228
0.000685188834672846
-0.0007345736373209112
1.340691308209847e-05
4.24449115588257e-05
-0.0005166882974961787
-0.001382626459639747
0.001315787512447232
-0.002527802865590854
0.0004057568224072996
0.001030091022531313
-0.0007974864719513678
0.002597698814399788
-0.003233413913590162
-0.0005197580662490376
-0.002037096117262532
0.01162784868445818
4.286031577129076
0.01175276543821695
0.001656496647744554
0.0005240837468693804
-0.003063970936621846
-0.005226888848982356
-0.00281296278007989
0.000860621105961373
0.01704778655404749
-0.007673005077262402
0.002451489090234515
-0.0057911634766957
-0.001282699572344026
-0.0003686753303227945
-0.001726891355711274
0.001667481226600264
0.01555445713530894
-0.00720983067301065
-0.002724037604460214
-0.00575607794630432
-0.0005614529319128959
0.001807192612875583
-0.01300985797768526

0.001449991533780046
0.001995426626162869
0.0009937756622029103
-0.001045812071757556
-0.0007816759892053507
0.0008514720391841139
-0.0007890557291340178
0.0003633584709570663
0.0004975716870386522
0.0004422010832275586
-8.636977231486499e-05
0.000108933125492297
-0.0007850437747717094
0.0002054892084481074
-0.0004188137788322238
-0.0006349246667911018
-0.0002732380614051277
0.0007472036207769628
-2.064877073210391e-05
0.000116663689321495
-0.0006457323367615522
0.001173614032572143
0.000460527738256077
0.0002343193686021507
-0.001850562278496426
0.00245084705839744
0.0002649551432537466
-0.001380868355568795
0.001403614815258083
-0.001537131333523964
-0.003302407642165169
0.000422070849353256
0.0003201793017953977
0.00169477164369751
0.0002131128090993972
-0.004923587786270063
-0.001298983847973901
-0.002129765557752452
0.005910373597881729
-0.0002914034665248066
0.01190044924690951
0.01174783579722876
4.519622029599308
-0.009597561243147004
-0.009277720072376098
0.003694440514735145
-0.01152053737571563
-0.01272775475948398
-0.003036828445866966
-0.004636667518785107
-0.0009088352211056425
0.01312663812221482
-0.01599172531725124
0.000799800870881328
0.001293138735458253
-0.002563225497233476
-0.01949723570128973
0.003835140595590278
-0.01388049016768425
-0.01285270611144395
-0.006591839399147885
0.0029331026037345
0.016305734610812
-0.02469489236338579

0.001076955924924367
0.001627833357213887
0.0007835716872376015
-0.0005241325820169626
-0.0008203806808144645
0.0006916098546881747
-0.000703267891635042
0.0004634116700731871
0.0001326755022915368
0.00037393361289228
-0.0004168390581844557
-2.588987297327887e-06
-8.601319104478591e-05
0.0002882813191542868
-0.000463541573370528
-0.0007034965893904595
0.0001531547792898672
-0.0008486119499940398
-0.0001351430980651185
8.51245348822936e-05
0.0008559293877983376
0.0005833037395839297
-0.0007025567396812147
-0.0002271895700038778
-0.0006100769180921986
-0.001260159118268129
0.0003748755021176196
0.003906444594798329
-0.001906325868575399
0.003475219800341878
-0.002448709117219446
-8.49150479611887e-05
-0.000319478925383863
-0.003293805671465809
-0.0004677082158136897
0.001097857454676731
0.0004690565858688869
0.001604918338559853
0.001311914274500602
-0.002341088358654333
0.01382756779706854
0.001534218638994087
-0.009497228924621409
5.003151518839889
0.002261685256569036
-0.0060410796040325
0.01125964366272383
-0.0006468796193134074
0.001609293568800085
-0.0006282621829538542
0.0009378153346582276
0.005336135919245942
0.002134122690681469
-0.01523064492305081
-0.01939692144545679
0.01377912057432789
0.03114320193829193
0.007611355108703508
-0.03216371730626877
0.001357827868571898
-0.0277162364683651
0.002096480471592412
-0.01274577310713485
0.007271229908388046

0.001093085666780688
0.001713460526967987
0.001007442111254205
-0.0005534445789364633
-0.0008140901752012651
0.0008832745913062174
-0.0003968809898268466
0.0007451111741965267
0.0002502216583181038
0.0001539255834414131
-0.000429822075071173
-2.000679598210278e-05
-2.410908747261218e-05
0.0003001652760142686
-0.0005812546358928886
-4.502105817662532e-05
0.0004385249866668251
-0.0003656491712934112
0.000279739702843044
-6.640080708260752e-05
0.00123648125937782
0.0004058216190247906
-0.001432497135292538
-0.001455926884444594
0.000431989194836797
0.0002113961625024825
0.0003419070257851939
0.001597710156880786
-0.002608963174549322
0.001406234184878308
-0.00044369493064543
-0.0007075933822616152
-0.0002521775356605535
-0.001721063277974486
-0.003307481515265122
0.002968258534476631
-0.0001675038741537031
0.002469222613065939
-0.005416203143047334
-0.01093918641073116
-0.001423803839845568
0.0005070980383121116
-0.008410427774018032
0.001245352476222809
5.515844452526452
-0.005699060736319814
0.007526963868441277
0.001130334809853429
0.00115688906616171
0.0005761749269613326
0.005427315197219763
-0.01000714276816766
-0.0001956534657085018
-0.005802713954202851
-0.01033817792630641
0.001015021496605114
0.03531532820168458
0.003129570398724365
-0.01988473296297099
0.02265500729965042
-0.004988326805945463
-0.008895347509850465
-0.03839972140619242
-0.008391694062433617

0.0005851721556897127
0.0001739401084155079
0.0004054716765291606
0.0001449254385419228
-0.0008729792144236161
-0.0003436449900331071
0.0009634320021780121
0.000484350893706297
-3.952197747277881e-05
0.0005781878723186541
-9.932878804177274e-05
5.802286106370906e-05
-0.0001863007334214128
0.0002135820608306511
-7.893385694487742e-05
2.825350913997099e-05
8.614900887074017e-05
0.0004351076847644384
-0.0004159272062983707
-0.0001233441063910294
-7.299337930693166e-05
0.0005047881834913385
-0.0006800576831635893
-0.0003529098442466477
-0.0003361824121145053
0.0005316038548610334
0.001016587652044065
-0.0006692720169071157
0.0004956930808580152
-0.001679925782752268
0.0006930960844859667
0.0002455264190855531
-0.0005349499278746024
0.0009918373042199381
0.0008341348736923829
-0.001025312692781483
-0.005934437525737861
-0.002432759400907948
-0.003169703037827702
-0.001025499694092555
0.002121557738504959
-0.002136271690268964
0.003017529327903459
-0.005572869274651924
-0.005739426606159406
5.875844070506565
-0.02735865532919359
0.001399469558032299
0.001039257477692214
-0.008725068725961269
-0.002777818074584862
-0.0003503639112150429
-0.005804236662659038
0.01209032804358959
0.002683063569953289
-0.01143466830768089
-0.005076460888835878
0.005687150350784067
-0.004299700755322321
0.004352357219393305
0.002197338154265489
-0.02003236605507001
0.003971936077892132
-0.02337560688392617

-0.0008583809512914624
-0.001291648695442587
-0.0004753803901354811
0.001107979149647281
0.0003176009257390898
-0.0005045174369469202
0.001155167663559114
-8.786915575273639e-05
-0.0006653763197843026
-1.860917763771144e-05
-0.0003514925267219066
-7.251070335062477e-05
0.000557030559035708
-6.205865594391944e-05
-0.0001487321762130178
0.000291542144154569
0.0005027075343045607
-0.000958059326861671
0.0003427208330082805
-0.0001943458516378004
0.0009343086936224896
-0.001868559460029017
0.0008841262988283261
0.0009562753612944549
0.0007061325870944806
-0.002992691378102573
0.0001645043594393508
0.001172102380872589
-0.0009762724288604472
0.005651820683361774
-0.0001966718138146997
-0.001155500939759262
-0.0007837438280975039
-0.001112526177460605
-0.0009821299562781604
0.007196576683476405
0.001369623191202148
0.00885855183903074
0.008002648694184027
0.001601520405826625
-0.005362913599741105
-0.004085540843068983
-0.009715620150417516
0.009866424926920282
0.007451482568313825
-0.02718188376863235
6.087916985861799
0.007650026114016353
0.00551211863603249
0.0003709255637891293
0.009835525818038702
-0.0004023574110937089
0.02313966712320387
-0.01474918899500915
-0.01605241878849052
0.03142204810145467
0.01270605758390475
-0.007398166816604085
0.02497682140680037
-0.01682511480458306
-0.01343483028680897
0.003960335111431872
-0.001138583065114454
0.07404297512647957

0.0007868015242693639
0.001374213410308874
0.0008152198725341364
-0.0006671942892078312
-0.000743260533529669
0.0005099317988548338
-0.0002616040729210228
0.0006708421336052442
0.0002269270462695684
0.0002291143623826079
-0.0004218706995025926
-4.624789042951867e-05
0.0001532229899746593
0.0002114205982130271
0.0001045085563670492
0.0005277833198593495
0.0007182673785617593
0.0003002871275870906
-0.0006844334563088784
9.875478830207548e-05
0.001036634061784302
-0.0005141513036144105
-0.001616934574185712
-0.0005682358115826872
0.0008849340822690983
-0.002204935199377653
9.395290416525705e-05
0.000754977683123581
-0.001120686828471437
-0.0007231758547061125
0.008013727847282517
4.416832544562523e-05
0.0006040434409420965
0.001198313557083767
-0.001228127661497423
0.007238588601311657
-1.153873911785086e-05
-0.001794021334805092
-0.006963441536145793
-0.004207119278821315
-0.006424952546426194
-0.001608235816281512
-0.008777651815762174
0.0006381258689101658
0.0002308103538271617
0.001191462693260988
0.007745404649194154
6.666850007589331
0.002183647538469936
0.00282212555414874
-0.0008219180292737393
-0.02333115728877267
0.02190379177643436
0.01028426594340229
0.01307858267685479
-0.01435848759428682
0.02456875845044067
-0.01063172826716187
0.01608759122790124
0.02072624475989341
0.02241964327317806
-0.009660424174819923
-0.01691865255104865
0.01233689615370291

0.0006205792641601944
0.001046490794662499
0.0006885461401893761
-0.0005082481707245207
-0.0004241213779876833
0.0005981759351267376
-0.000442316631576769
-5.946215688998644e-06
0.0003146479578464588
0.0003123603924053541
-0.0003977266439423725
1.311175429592918e-05
-0.0001001442527937786
-0.0004733546315533878
0.0001080673575716736
-0.0002658428347076086
-1.915497436811783e-05
0.0003719269275784176
-0.0007085793519936888
5.44835069333123e-05
0.001212346066411051
0.0007390097321740225
0.001252132579318279
-2.191790705295281e-05
-0.001878193987987854
-0.00126077453050415
0.0002371357516288111
-0.0002076588483747604
-0.002358786545121248
-0.002534158863498196
0.0004943274461232645
0.006347547265159298
0.001787306807203144
-0.002924075173558032
0.006551508498586647
0.007406008821316718
-0.0008384607554464906
-0.004733801899101224
0.00309684300132896
0.0001530191588176722
0.00698256292884682
0.0006828387086953723
-0.002144244408080937
0.001015557764118856
0.001975358282094353
0.0007883674498120143
0.005309289620680209
0.001263319639334529
7.301249128432185
0.003815262943305869
-0.01627731197169151
0.01891529994272436
0.01468420344760299
0.00722331012632775
0.01088479181043566
-0.008078868644223105
0.0114262906413228
0.002270607476185911
-0.01963109156129704
-0.01527613446176468
-0.008535100289818838
0.005245770113403166
0.03650013751730015
0.02097779177594698

-0.000106750138343823
-0.0006269269170534659
-1.379460182041947e-05
0.0005252047482845058
-0.0004372031666239041
-0.0007536779261135675
0.0001400865744958702
0.00164605848113111
-0.0001410212837334651
-0.0001784001809143769
0.0003325321055800153
-0.0001044608712199688
0.0004220189501361522
-0.000304500317183543
1.522138029590343e-05
0.0003574308234973909
-0.0001301853698234451
-0.0002119366191146287
0.0002834275584112747
-0.000291367415574515
-0.000118497199645245
-0.0003754056984566408
5.238123708813894e-05
0.0001425686857110465
0.0004462735053505535
5.716201135907691e-05
-0.0008075729021487268
0.0003781681160392843
-0.0004611579387773325
7.961207130968486e-05
0.0007235448388943428
0.001133397590078141
-0.003853116271060443
0.0003079539972947774
-0.0006986356102812952
-0.0004834442470118522
0.005721284779398809
-0.0007877211826222263
-5.67324137230236e-05
-0.000289752351966094
-0.002298661108974643
0.009396136262916811
-0.002551916651056503
-2.91475102229162e-05
0.0008191894856726541
-0.006751892713408418
0.0004095023840263791
0.002879458074177889
0.004102293255704645
7.738005379935038
0.01090443010771808
-0.001233506801129235
0.0006577531688003219
0.004251399375643502
-0.002002948121958224
0.0005805828966696466
0.003221341215375815
0.01565229678017461
0.008548762926181362
-0.0005368265326201036
0.0002019014649574578
-0.0009603327582167626
-0.004129267620424863
-0.0001905623845913008

-0.0007578114467906137
-0.0010888430590984
-0.0006297327754406532
0.000604679253755313
0.00057178719609496
-0.0003125100779411008
0.0006042697790250088
-0.0006179668422047336
-0.0002329481812814814
-0.0004021371926504815
-1.563874253534056e-05
-1.697572488371597e-05
0.0001597253586214506
0.0002981188937450792
-0.0001647424044130401
0.0003163100055465469
0.0001574733003980702
-0.0002885674274151512
0.000678515286161189
-3.777671727197294e-05
-0.0004259947679396629
-0.0008471907629385257
-0.0006821232730757134
-0.0004249537788962209
0.001841573759407043
0.0001323330325405903
8.583188989630173e-05
0.0001468258731569651
0.00105111902060321
0.002464205452473682
-0.0009370504052300541
-0.003405706273233169
0.0003544077145411479
0.002748190105517564
-0.004399428010632536
-0.004117759002105861
-0.001108728349827909
0.00440224091817646
-0.001442025783222984
-0.001527523294029858
-0.007734368321523648
-0.004528755150721119
-0.001108312197279092
0.000705963817556957
0.003717759107689033
-0.002678034830461509
0.008444409289712336
-0.0001060006094763073
-0.0143203199696062
0.01108875160865849
7.970929863291236
-0.01985633491217568
-0.01151367770043655
-0.005569771901681607
-0.005268789870174991
0.01112664772882833
-0.002452867276628416
-0.00891392108484455
0.01516104596309238
0.00951122787182321
0.006549779049523087
-0.003269010996577393
-0.02847541733026913
-0.001119544898838656

-0.001347145034499895
-0.001946906356832108
-0.001147388186316071
0.0007479406186504874
0.001065411815418615
-0.000523862477796691
0.0004240607399861805
-0.001064332305389013
-0.000293234016774218
-3.508350204525461e-05
0.0004254567606788393
4.423018088586086e-05
-1.566536280307609e-05
-0.0006302344514173246
0.000353312858996802
-0.0004774180506884881
-0.0007478380320490686
-0.0002411799906023282
4.959060650270783e-05
-4.482149507728248e-06
-0.0004629763983070411
0.0006491977048782494
0.002022953328440557
0.0009527505000846829
-0.002133930317199783
0.001053687780375745
0.0001316183313020217
-0.0006463432722703118
-0.0006153113476024881
-0.0007713735674529378
-0.004725389839481034
0.003249316495203767
0.0007004215967685325
-0.003195952870415941
0.005686977978075353
-0.000989858606580702
-0.0005276847709429751
-0.001371341555402276
0.006517165833991311
0.006081711359742678
0.01054905093830403
0.001114645269403005
0.007460489470616819
0.00255542754950725
-0.006147264360995089
-0.0004301421365543266
-0.0004782763100173656
-0.01893913986273383
0.01654728234849733
-0.0008930221564197116
-0.01901739494182392
8.686001010317087
-0.01215265251160134
-0.005218828466974265
-0.006501716153700944
0.001913596794066713
-0.01592045832006175
0.008629926716206033
-0.02410283583893659
-0.0276773937350982
-0.02420935862138415
0.01135375278707339
0.04137888346431522
0.001627079135918912

-0.001236204611072519
-0.001714364203668008
-0.0007048629879819426
0.0009210361894920613
0.0006823256711424113
-0.0004800679439683209
0.0007207710641167542
-0.0004820706524372146
-0.0003740171007913652
-6.157464215042323e-05
-0.0001653217665859007
-8.686184827834348e-05
0.0007211651963624111
-0.0003059160789531556
0.0004690673184143307
0.0005874724771495301
0.0003588878096789857
-0.0005142983406304501
-0.0001697868471554235
-6.015647098364304e-05
0.001002611507985518
-0.001283922719656712
0.0005590677498888862
0.0007690714814177859
0.0002059726745236216
-0.003214334341876699
0.0002424545870156981
0.001387545268339099
-0.0008727425828868093
0.0008981939122008433
0.004611120026577422
0.000598076895566812
0.0001454569438170053
-0.001260892484522602
0.0001002603412764539
0.01159399921506676
0.00198076061242644
0.002209192803426271
0.004849589923784454
-0.0007112628448173292
-0.005341631870543053
-0.002844030791012547
-0.007412588249162226
0.001724112796881046
-0.0005822825157361206
-0.003781071646387862
0.01462876524966346
0.0155827535964993
0.01036283230956241
0.0005711772402499779
-0.01042556580137308
-0.01186679626344784
9.443136154604646
-0.005730297030530535
-0.003066542885101259
0.01219217342843159
0.02256613849148112
-0.01111719748864138
0.02305706395528687
-0.005647666885854959
0.002713382995206815
0.0009893241197068546
0.002474291975507278
0.05725204762272228

-0.0005614135356988763
-0.0004108768217933025
-0.0004821783404278017
-0.0001314350683323551
0.0004414168359208184
8.659587146423679e-05
0.0005396910653670395
-0.0002473606277998434
0.001427758655352632
0.0002165040500038671
0.0001833010797056938
6.916600619489172e-05
0.0004215482645402022
-0.0003228548827078867
0.0006462380488079999
0.0005019232179197465
-0.0003330213676238772
0.0003447401133034374
-0.0002305064242745191
-9.038721924868072e-05
-0.0004412886206193171
5.799563565571473e-05
-4.460206187775957e-05
-0.0001017414344491292
0.0003610088286607324
0.0006296306552298579
0.001918038198700854
-0.001350463023301181
-0.0001610671778063261
-0.003186246277151808
0.002702348816325338
0.002388367102655116
-0.001847363951214811
0.001475076013149991
0.001670755507692502
-0.001842921415068898
0.00417941833206735
-0.00605216345065717
-0.004076534887239433
0.001646253687817709
-0.0009920749871487604
-0.0005958168860824279
0.000500830269068825
-0.00723522771829599
-0.002585459624392256
0.006891301334308808
-0.008861214913279455
0.007072248225140828
0.005571721510899253
0.003518099813051409
-0.004022146674181482
-0.00498641610743574
-0.006015523264172831
10.13940324996395
0.01603898485008842
-0.01376040971625481
-0.01216570540083435
0.005283715057427486
0.00334387740333048
0.003579406043558098
0.0107335349616989
-0.01522558137194669
0.008686400130163276
-0.01994762874035097

-0.0007909886829797382
-0.001457248195089825
-0.0005581061980853297
0.0006110898074970952
0.0003588098830090755
-0.0007707110047526234
0.0002314998780123263
-0.0002756296306920551
-0.001254222380758473
-0.0004557340156955318
0.0002517222992773033
-4.587123951513278e-05
-0.0002240308084017039
-0.0002429432152986339
0.0001998371195892854
0.0003936895900811683
-0.0001194700011034213
0.0007326246958027287
-0.0003060084177765085
9.20423471843831e-05
-0.0002129790427797972
8.304459002017324e-05
9.513825839540407e-05
-0.0001316178991302754
3.418013903059363e-05
0.0001238034411984277
-0.00156004724934475
-0.001981077343281981
0.0001620611893066873
-0.002906247305154853
0.002961794255866752
0.001458681507247629
0.002768882579934281
0.001985893137729461
0.002840485779467359
-0.0003236559652431404
-0.005978189405495495
-0.003835354189565144
-0.002389994669641791
0.004212848133397151
-0.003002681657177061
-0.0002525432359973248
0.000418849689288297
-0.009360510578234194
-0.005300381614793176
0.00115248772416499
-0.008984755449854
0.008468239604831999
0.007500683227128857
-0.001072281707271501
-0.003229194625763727
-0.005846809354958155
-0.003042219149075782
0.01626766676688063
10.28855770495757
-0.01204591410341634
-0.01702849422444385
-0.005998183434668642
0.005312523494919881
0.0004730797638346409
0.01845165091607049
0.005473647489079999
0.01256528632777885
-0.01311121047462581

0.0005632725859651748
0.001106632774798533
0.0005201872241166527
-0.0002742296312334008
-0.0003530737505616874
0.0004337442167965494
-0.0001399406951997157
0.0003422144042416423
0.0001826868128423616
0.000189752760531637
-0.0004738114978681915
-1.210800363984092e-05
2.840104915800614e-05
0.0002135493464680278
-0.0005510093755819808
-0.0003208627488245768
0.0003929459138335907
-0.0004575655952750791
0.0004059944825958901
-5.75579885874295e-05
0.0003854271914467691
-0.0007387516674806393
0.0008271642340675813
0.0005342800399004552
4.488253052882226e-06
-0.001411986489791725
0.0001091412220562085
0.0007922788446453399
0.0001118005169603347
0.004326370161317362
-0.002678244032863469
-0.001663153799101947
-0.0009829462700351997
-0.0009543758792398934
-0.001420897182104127
0.001515328974389858
0.002539413692662666
0.004679524991956516
0.008720089647090583
0.001609528433644643
-0.0004743949495724583
-0.0003642684628496047
-0.0005598904007267902
0.006299369463283503
0.0003526273737411771
-0.006100180376416655
0.01777778267505587
-0.008071725907603912
-0.005455997772364575
9.245297328889851e-05
0.008158109895039114
0.000504889487048089
0.01091739358530778
-0.01252012174348215
-0.01049664948049156
11.09681024837482
0.008937500596414395
-0.0006989433059135294
0.005814062306047586
-0.01861774379458151
-0.01380589810888538
0.005842010537340217
-0.0006956757811220557
0.03980400804079928

-0.0003921100267339817
-0.0004344881745191668
-0.0001395051852611431
0.0004641432682926831
9.203562970570724e-05
7.585655006846934e-05
0.0001115196667724765
2.096412001011906e-05
-0.0004724929848948702
-1.961516072169428e-05
-0.0001526691159816531
-8.120156062003554e-05
0.0005575280901082185
-0.0001674770086987342
-2.487128054352598e-05
0.0003799697234824736
0.0002455835096987612
-0.0009167744915640512
0.0002261050280413294
-8.642415367561931e-05
0.001552441602526648
0.0001861515029330506
-0.001285792549423224
-0.0008169582365479563
0.0002986455460323683
-0.001083563519901411
0.0002891397155177181
0.00410031439605644
-0.003012381252220031
0.00177277435026814
0.002328439156543078
-0.0004034838500368092
-0.000329832147287803
-0.003454927095340681
-0.003481617718760843
0.007393589854660317
-0.0004011947459929134
0.001145185562787962
-0.002923272450822103
-0.01439591579133855
0.004697486446348433
0.0004560350510604729
-0.006926162103768361
0.01246253405892898
0.01616023520601239
-0.002641286400511176
0.00626989031487935
0.01415734563274543
0.006437488046867406
0.002260266334965356
-0.001872666732958237
-0.01161930098735399
0.01874502736507312
-0.01047541793522461
-0.01520517708764845
0.008895800378988268
12.01431523202108
-0.0008306230051951819
-0.01723576034661044
0.0178126604731193
-0.003083129780240889
-0.004468218339414517
-0.03602861178207471
0.01239753713284389

0.0003407751871963238
-0.0002994753982698415
0.0002008186059003895
0.0002044679471057162
-7.622319541177966e-05
-5.780326670341315e-05
-0.0007140464562321223
-0.0006246603086232637
-0.0001445557971102253
0.001751941517059565
-0.0002641596725565631
4.226622442196753e-05
-0.0004790861082594909
-0.0007604565509322387
0.0002068874431872755
8.535206094959167e-05
-0.0005509260646480721
-0.0001377628314740212
0.0002910374625744258
0.0001832259502876644
-0.000198226918772895
0.0005791954164752729
0.0003318222577391663
-3.894912565508818e-05
-0.0005225581156588423
0.001240387829503064
0.001597881417295956
0.0002453355851340596
-0.000980256212475093
-0.0007371256180439792
-0.001913001167471757
0.00226359478984927
-0.004482360249612355
-0.0007996637064048562
0.0005682194861105082
-0.00193924651952376
-0.0023454418981774
-0.001218846509155607
-0.0006495124533681506
-0.0006370100611269671
0.006401282688611358
0.005282527555301521
0.001575271223812263
0.003380015644346613
0.001377287060268436
0.002657051857994083
-0.003749774832715307
-0.005296067696927398
0.001744847931837417
0.009593671775199597
-0.005768958669133956
0.005580811031551476
-0.008573692905284763
0.004324747265943786
-0.004805274786464994
-0.0002088111625248097
-0.001291071414595236
12.67784426423995
-0.02651641400885266
-0.0008473069052197147
-0.006432429584477385
0.01631823140110276
0.003161167933372371
-0.01822674382629656

0.0003599949283842272
0.0004104921122118966
0.0004538293300959224
-0.000121501224268833
-0.0002436882626881999
-5.11256062161567e-05
-3.36958545315822e-05
0.0001277912943203826
0.0001307110259434576
0.0008300558113990925
-0.000401793834276362
-2.070943596581448e-05
-0.0001786356494597287
0.0002226234997515093
8.602791375493426e-05
0.000616214412651923
0.0006604132122158563
0.0003297022947046705
-6.092615163753602e-05
0.0001009635164493732
-0.0003016866446664117
-0.002093939983585002
0.0001759634519500613
0.0007275200325795085
0.001850531786621898
-0.002217742737034099
0.0003488538040583019
-0.001987825403967755
0.002820080892327096
0.001105408054750597
0.004725496087944072
-0.003159883610138749
-0.002635511391851436
0.003509107850725138
-0.001199113377282469
0.002746913853251015
0.001692487512260828
0.005155072477354254
0.003052433260213198
0.005759984454907538
-0.02017155116872541
-0.002325386806459649
-0.004764704456264356
-0.01268183384960653
-0.007820427295104761
-0.00175470835677801
0.01159295908249974
0.008217331527085319
-0.01136537098125689
0.004691346326116194
0.008835490968121513
-0.01608007638383012
0.01668617395142085
0.001858599790340827
0.003555446605149242
0.004535709508779575
-0.01551484512645911
-0.02642396667333786
13.00484584771471
0.002475988248655553
0.02890411333051073
0.00304950989432126
-0.009597310084560159
0.04343872299963341

-1.286048971220218e-05
0.0001636745430039562
-2.030863240310207e-05
-7.355809653608397e-05
-9.129002562418649e-05
5.243491458973376e-05
0.0001066781986928303
0.0002479800238873503
-8.509604526073625e-05
-0.0003388352736352455
7.056346056489936e-05
-1.752119895265684e-05
9.068116949340191e-05
0.0002535550761324784
0.0001012719327783866
0.0003182602586654445
0.0001393184382778989
-0.0001099053591701548
-4.160320615418614e-06
2.197226690891129e-05
0.0001020108410076794
0.0001358962057352308
-0.00188692569515174
-0.0009694028199495117
0.00105784096710972
0.0005056305960314441
-4.982716193952975e-05
0.001261541943252976
-0.000372068196603531
-0.0007919391085239313
0.002659122974975753
-0.002330667552343123
0.0002639652273254353
0.0004200372180169447
-0.003453900641135577
-0.0008483848026757179
-0.0005718239678210656
-6.498771411068613e-05
-0.008458399225195352
-0.008303878901976203
-0.003177297568298405
-0.001173666762222026
-0.004752270257539837
0.0004026385434169064
0.009317908841401471
0.001512727545728232
-0.006869193537602995
0.009770507073442318
-0.007863464171864832
-0.0001281013392104371
0.00493642072885574
-0.01673136068878251
-0.003933206842765177
0.002849211405172506
0.0001152662681405759
-0.01572427835684152
0.01480163267622921
-0.000670977215531414
0.002925399778546235
13.93968922144556
0.00792718506808501
-0.009867983869663864
-0.03793083836316465
-0.02030968581346857

-9.924998469126299e-05
-9.370072163045968e-05
-4.367458102867717e-05
6.591353294802697e-07
-2.394736789891636e-05
-0.0001755601071961668
0.000282834008649177
0.0002762464108832838
-0.0001554595554458842
-0.0003129228083161045
-0.0004160980926607218
-5.50240072225548e-05
-1.116026715377715e-05
0.0002990882989256966
0.0002475080913621925
0.000634079924280727
0.0001792732010785981
0.0003838814535955602
-9.392355241151051e-06
0.0001949881450645657
-0.0002054002415180257
-0.0005802374845687516
-0.0006681662433275404
-0.0004078565504697444
0.001203894344417211
-0.0002538994230416387
-5.372038043497068e-05
-0.001006400044344203
0.0008303065218271024
-0.001412349244299256
0.003855736507360448
-0.001070751714594731
0.0005201692548888404
0.002817263980100869
-0.001345262803368829
-0.0003871126468976867
0.0002584636802553099
-0.0007378437851227635
-0.003831283016303354
-5.068307081007226e-05
-0.007508168739936628
-0.001681094740089341
-0.001230182467133707
-0.009766605137498201
-0.001836988646649672
0.000866535701335871
-0.005890967381218602
0.009537856434117409
-0.004235985594253716
0.0002345000386126623
0.003296375962494015
-0.01455017295066217
0.002158580504979582
0.007368042656921365
0.0123573454608863
-0.01007451791138351
-0.001639999880197984
-0.005481200935421515
0.02561591893578373
0.006761569337440234
14.96818797227749
-0.00431182128139803
-0.0152109905281512
-0.01060976454445262

-0.0005545997527737548
5.345586821974539e-05
-0.000492371026651134
9.005534995272686e-05
0.0001717022675611408
3.032278173428751e-05
0.0003770841515431269
0.0007209852253686668
-0.000735791088419408
-0.0003040299151622275
-0.002251553203652154
-0.0002048348009694136
-0.0004034460652262421
0.0002538493376955892
0.0005624940140165821
0.0002019894194732732
-0.0004050806422987717
-0.0003730416105923026
0.0003204580552393345
0.001008675572744167
-0.0001343037174602193
-0.0003426636589512417
0.0007869125689028283
0.0006270744375238981
-0.0001374315498772323
-0.000214783971668247
0.0008294500594458187
9.622409700722821e-06
-2.516687125716843e-05
0.0004854529358238029
-0.001054507741556008
0.0006501702210955109
0.0005009134930862918
-0.0008080949039727099
0.00081324157573665
-3.842619975464711e-05
0.003958588297080816
-0.0002058091788845915
0.003232356624739765
0.002529050735398559
0.001092658479491017
-0.0001385007090243236
0.0008893476882104683
0.001166818004113834
-0.002950960563020802
-0.007618301290155055
0.001449336920024921
-0.003745388754427583
0.002743587799379467
-0.0005454873208688548
-0.001849640856100889
0.006160635461785802
0.0001873903104210137
-0.01019526633803777
0.003518467398735083
0.004556764207105751
-0.003964056607282242
0.01346518920280671
0.002617690911264109
-0.00921818990324553
-0.004608383774061817
15.34274960194384
0.01052742196447505
0.01146352875948668

-0.0005542336245959606
-0.0008367315664581375
-0.0004568613477875918
0.0001958034401614523
0.0004904287551088411
-0.0003488890681811782
0.000139316204870506
-0.0006429001310662482
-2.412574476746129e-05
4.78564454856848e-05
0.0005149510022228853
8.173224576628397e-05
-0.0001318305606477412
-0.0004672443734803733
0.0001712277180484164
-0.0003633377715246923
-0.0004558581265110998
0.0003713752699493279
-0.0003739617679579927
-0.0001019976102587992
-0.000430827437630888
0.0003214973241246485
0.002025194105604645
0.001079212689694225
-0.001852528328257779
3.235633877917159e-05
-0.0002363528060808556
-0.002037386846178466
0.0001642858076323282
-0.001751717909188372
-0.001898844715736528
0.004070135205007414
0.001134300498835301
-0.0007316110409021024
0.006372030926447163
0.0001049958052640854
-0.0009634668823371142
-0.003094742721292721
0.007009992083388691
0.01000653693923395
0.005337400740987799
0.0003352427902547222
0.004419838990696172
-0.003209206118903002
-0.01373196860837616
0.001315812793462834
-0.0004794699078950642
-0.006659120902585859
0.01598941593440653
-0.001801839557216895
-0.01404967523212048
0.02219898530133592
0.001019975768869282
0.005983156374919812
0.008244978316999951
-0.0003363105349915062
-0.0268464207755217
0.003049904136506033
-0.008463759895201657
-0.03333026478886613
-0.01457955424092544
0.01050680592807887
16.12623672351386
0.005386599844048389

-0.0006528576055015499
-0.001000382293969098
-0.0002445872214303598
0.0007378303909956601
0.0003914346252634717
-0.0002974862538290199
0.0004900749135196954
-0.0003653290648910842
-0.0002834944971031973
-8.580201335037831e-05
-0.0001248092007092455
-3.014310646157651e-05
0.0002561953770581231
-5.282620416387164e-05
-4.880476696832918e-05
0.0001262761498659298
0.0004699950631916104
-0.0007068809873602806
3.654603312172605e-05
-7.239532315548344e-05
0.000842706265475685
-0.001715620436852526
0.001332997130096032
0.001309738705307298
0.0001556466468025611
-0.003620710280665042
-0.0001314257025270022
0.0008222961885414931
0.0001224186731449414
0.003451210077097149
0.001607185832931062
-0.0006725997815167405
-3.351738784360291e-05
-0.001978377805673519
0.000566235695880135
0.01008037500530715
0.002533246039920774
0.006701409125645843
0.009876025065634873
0.003720643667402173
-0.007410582020549579
-0.003430535181830854
-0.006487737920654544
0.001948558326036912
-0.001867308961092965
-0.008398346475202385
0.02654148122479238
0.004760372774781751
0.009254814660979018
0.0002673822297992198
-0.0001383309656280884
0.0008853911062026865
0.03115770288670751
-0.01180396040892787
-0.008367290589253194
0.02519590869771285
0.008455590316949301
-0.01319139206814365
0.03286387352411838
-0.01561274831278316
-0.009687630682390872
0.01052279914944216
0.004454795142888183
17.29851791882812

