0.04297274012515247
-0.06326088426992812
-0.02148732204576543
0.01782479137198529
0.01210677572943262
-0.01464679828465544
0.008023215364869996
-0.01153376257440249
-0.006627187989813838
-0.006409411114619596
0.006163247764356696
-0.0009244340230231565
0.004862969353141284
-0.006414341443727293
0.004426566714225309
0.005029338415825318
-0.004812466569433734
-0.003851086704944396
0.003667937622813328
-9.429284096478026e-06
-0.003620313687945919
-0.002528208785344719
0.004228116057218094
0.003433753635613558
0.001160588850474922
0.003802253593528724
0.0004174440057899014
0.001704951925402505
-0.003274998259808059
-0.003734347403691042
-0.0003083521605591003
0.005335641524356751
0.001404856772905488
-0.003491405485841496
0.001738833072245458
-0.003435581406111728
1.296278847540133e-05
-0.001644453403255817
0.005256893906354605
0.006067814149482147
0.006614333158968161
0.001422990604898813
0.006690891088541227
0.002488299176523915
-0.00351750482153748
0.002466894493549999
-0.005969918203714969
-0.006599225101190671
0.01270815639955944
-0.001582446994590178
-0.01227886119140211
0.01671462548770132
-0.006998447537531561
0.001365741454553958
0.001748763670091543
-0.001524178506987682
-0.01337315890386041
0.008004988115828933
-0.01926104704168363
-0.01856578202961412
-0.01424183731765523
0.006346014089643838
0.0302669209965006
-0.01078029959970533

-0.06319223904205004
-0.03291614573058837
-0.04996533649560484
0.03429454983670711
0.02684737380347589
-0.02154985309906927
0.02097405474223449
-0.01731102451189441
-0.01535307629456283
-0.01156107669709805
0.01111363008786947
-0.002194060776812884
0.01114593841319359
-0.00982725890475346
0.01063259255109697
0.008605122807971819
-0.008706626215006329
-0.008135873001832203
0.006638533703894829
0.000145891887867518
-0.005914495984565317
-0.006192044375096741
0.007435046375456526
0.006379909589135592
0.003832919782539058
0.003847899774780573
0.0001760233805884763
0.00543203910961752
-0.006391990383129015
-0.005265084213077914
0.004049892020133096
0.008362192074381521
0.001494229811453256
-0.007068834285100498
0.0007485261922022179
0.002469502723720889
0.0009010383251747708
0.001790324052790785
0.01047176156095995
0.007267829371934688
0.003342039528401072
0.001077357759826533
0.003140801767215599
0.006282713374793305
-0.001080074425048449
-0.0007087987540931714
0.003327555233263913
0.003929395479346356
0.02677760731084023
-0.00200757199866086
-0.0193886694558798
0.01522898518738417
0.01329798897742498
-0.001448582198599804
0.0001283909708798842
0.006618014069653353
0.001184671404025704
0.002083575307046372
-0.009462265348184902
-0.02549568580762753
-0.01772761934905997
0.009821968831027848
0.03417034075201046
0.02782470284009671

-0.02127579385966736
-0.04963031968404254
0.04406677959504524
0.02705010356442469
0.02015635728803199
-0.00728247568128849
0.01053448587445635
-0.01087461863481367
-0.007183792643848037
-0.006492932212111563
0.007042364637064226
-0.0006562649538694872
0.006922941085847547
-0.003822324355417999
0.00668651532846302
0.005782343691961464
-0.002652868896891644
-0.005487282689916976
0.003195076906902636
0.0004825857953164144
-0.002123210965360574
-0.005071595530151535
0.003028616918333166
0.003296159247972769
0.003551016442105216
-0.0002295981533295549
-0.0002712305626781585
0.003258509891332344
-0.003598288772585571
-0.003059358841107699
0.008925544106655624
0.003182391325738059
0.00115550694219294
-0.002903761601981758
-0.0008037795697340075
0.008475222646536808
0.00160385367620597
0.002307742310407995
0.003109696753094017
0.001272988634448724
-0.009355391546305571
-0.002383046493142247
-0.006577859264163431
-0.001931506920559588
0.001472241158170552
-0.0006909477890342077
0.007934516759899177
0.02292542844312164
0.01887477197815352
0.0007238256999586738
-0.01019466945003783
-0.01119086814657446
0.03037234699743133
0.005020198496852466
0.009986378547289747
-0.001516941320427685
0.01578877574349382
-0.01181297746133532
0.02717348986894703
-0.0002109369246107138
0.01220158740985349
-0.001443542281948231
0.001035589736345064
0.04494618436284778

0.01745229460262128
0.03362574129129423
0.02683342757217816
0.05443326127346215
-0.02200642536757019
0.01403804682751778
-0.005142967534015303
0.009441831249666157
0.006033620093496067
0.004536672984769484
-0.007498194925690677
0.0002009752426147842
-0.00477605080443598
0.004943367752411493
-0.004259960640962754
-0.004854685653613688
0.004414910265832733
0.001656650796333116
-0.003298751499901114
0.0001145180941670453
0.003727449924780058
0.002011670803034
-0.00285449256064589
-0.001962069970868553
-0.002132494176876835
-0.004398391286747813
-0.0004711808836591099
0.0005171613023101087
0.00186212876000805
0.008345068387657086
-0.005263728333119788
-0.00526750452515456
-0.002275685035204234
-0.0008440559036173418
-0.002002372590870433
0.005513633747329267
0.002569989164488412
0.007021806276414512
0.005569302487967232
-0.005270514691820758
0.001342520980679001
-0.001339686049472381
-0.00523627818152695
0.01209820663489028
0.006382084732314735
-0.00929908376592355
0.02485060794533929
-0.01015721313981617
-0.01084470957317672
0.001932331175701501
0.01387553988682609
0.001597882243424119
0.01120932010912664
-0.0249167945077313
-0.02721667237328302
0.03462170261468668
0.02440259246249089
-0.001880473002178179
0.002513951083947056
-0.006104186787907971
-0.02131035899988012
0.006257925794373628
-0.01965086136490879
0.0518706064904858

0.01156776084729735
0.0258990014543758
0.01981750277673037
-0.02186711939971509
0.06185343631293805
0.01904147671864554
-0.01378910461823791
0.002298449769922993
0.006653438466240265
0.00637711008778226
-0.002753754992344622
0.001024443315860732
-0.00633124246515338
0.004667092597410852
-0.004125993424862365
-0.0035407591126213
0.003939037217740799
0.003222775373223203
-0.001833049946242765
0.0002355774713415019
0.003126649656695916
0.00235563476272076
-0.0009309432628572499
-0.001838531897668893
-0.002813921641396129
-0.002101859951986845
-0.0004795863313440383
-0.003626044308145514
0.003358460734633053
0.003748498039217688
-0.006124943217203886
-0.001991157145297707
-0.0002997109475859096
0.001884907879283105
0.00307966519302874
-0.00108670473039814
0.001504625814814038
0.0008341136263852018
0.006319419088708592
0.006174016666841005
0.001914383187826959
0.0002235269519709769
0.003046732882673147
-0.00165237532413969
-0.009144206337568241
-0.003956600869024374
0.008380906774738475
-0.01728715725789089
-0.005935056485552275
-0.0006142592052437164
0.004404074473617218
0.01545318521841941
-0.003848082869541233
-0.007690006780030166
-0.005933925039951825
0.01619413238703029
-0.02362373368985265
0.0001257353375404211
0.006233857160771199
-0.02349479329793694
-0.01167468699577302
0.01055015142965401
0.02371486284124368
0.01862297542702929

-0.01421857916730225
-0.02078815095780639
-0.006974824250055336
0.01386901511271698
0.01899440283771533
0.06720291902198096
0.01466072672687221
-0.01242681327981198
-0.001242602344975377
-0.003142906295372056
0.005210520839990724
0.0003622986735731396
0.002824790763878874
-0.004082877180063396
0.004333922424260866
0.003192422939407227
-0.001448893561533679
-0.004515839571863325
0.002646563619560763
0.0002592379728892736
0.0001399281808602457
-0.002272667910506346
0.0009797304180422875
0.001072338644222651
0.001575472991772674
0.001602609072231103
0.0002414856322390851
0.005765728836629776
-0.005460875941672237
-0.0005591376358348109
0.0008734449399576967
0.002740482458785498
0.0002740317416360686
-0.005968647177284036
-0.003228025517057392
0.003817804788520978
0.0002173957709147365
0.0004453158064409038
-0.001720163037461026
-0.01146926718104408
0.01106265220403447
0.001049804440260641
-0.002561887687469713
0.01711066833707435
0.01717781411427316
-0.001193268917322618
0.0006974385844167319
0.006591367400082561
0.01242768737595812
-0.0002030829369859023
-0.007097949251562534
-0.0003836111378990832
0.004750553964724766
-0.008445041399510422
-0.01580515112445739
0.001917817110543246
0.05014424408970622
0.01074596054209199
-0.04392867902152753
0.01446201692890077
-0.02023342479951249
-0.003445985446526835
-0.02283748539476339
-0.00479561319538294

0.007768688052195158
0.02044141006763017
0.01026008487916933
-0.005077328405402625
-0.01378532484990703
0.01468735182665958
0.0722569635281213
0.01553034675661556
0.008863783851557804
-0.000422806287265366
-0.00407895306085264
0.001004167118974143
-0.003676959034360761
0.002182990110128082
-0.004283853871349374
-0.002697096988266141
0.003616415714183006
0.001559212451012986
-0.003024618991415357
0.0002528066928945246
0.002126493414336663
-0.001111404995577637
-0.002706186854932689
-0.000868852757652337
3.082396500577464e-05
-0.004792403787139564
-0.0004537724460090862
-0.002988935567966423
0.003995183254644083
0.003547000805800986
0.002937525206998414
-0.0045241063558553
-0.0009174663065788522
0.004365105997961046
2.70961713634125e-05
0.00511206199641458
0.001613700611101851
0.004488049981212748
0.002809725895388881
0.005034089343617034
-0.01698208041266026
-0.004284630472736341
-0.006167016421977624
-0.01126087667782399
-0.008367645686589169
-0.003053393590654599
0.01581820479377415
0.007315706315598441
-0.009128440114289876
0.001328125800424124
0.01119669188631988
-0.01376043758996122
0.02024189295976602
0.0003527572501267134
0.006904037949501868
0.01081820200965009
-0.01583956069222532
-0.02051223375192696
0.06001543826467574
-0.005149357433823904
0.02233234225361106
0.001800047208221122
-0.003782724967273319
0.05220775514131489

-0.01104140573245549
-0.01650548213666303
-0.01064137405733144
0.009320230327367439
0.002295867289772844
-0.01241354736721557
0.01548123677682756
0.07746418182931236
-0.01402765787138777
-0.008371931655346311
-0.001462407234052461
-0.001845160353873772
0.00374968087664264
-0.003222222458458571
0.001318396975262751
0.004775378781790194
-0.002508821420935172
-0.002616710912533905
0.001062414398405399
-0.0002104671072494268
-0.002236929480670641
-0.002497034243890887
-0.001446219427488948
0.00164010911397419
0.003487850843079417
0.001089633146005954
3.539989016704623e-05
0.0034979356802775
-0.001618377194492114
-0.001430576792372849
0.006738457213251899
-0.001899315658729849
-0.0005469049571507508
0.0001974710201150625
-0.006210516648611129
0.0004161041204355546
0.0001256077601675358
0.002444339478627999
-0.008208258548781164
-0.00831805379451786
-0.009058344069897053
-0.001269592656638185
-0.0059699269391732
1.234510872024155e-05
0.01138309628389736
0.00204069944384954
-0.003662412716144934
0.01806936473126073
-0.009194376123885904
0.003042578947503087
0.008142061321946156
-0.02839793243933557
0.003704237077345537
0.004104908808866757
0.0007146987468510359
-0.009476265234211795
0.02457017452628634
-0.007421925700537937
0.01290805579557734
0.03449544876142687
0.02149300075941233
-0.01373141718735377
-0.04800401121442363
-0.01183554595795843

-0.006531870522115327
-0.0151573981892637
-0.007151999896374053
0.006129140376585304
0.006745587265843267
-0.001320865502311875
0.008904052644866161
-0.01408477403304965
0.08448413177507588
-0.01158045148726367
0.00819357580755202
0.0007146978968553859
-0.002085106175716625
-0.002063495415175786
0.003534365395061819
0.0009602959044097072
-0.003254448861570976
-0.001900049778924774
0.001415848335054744
0.0001151289859992241
-0.001125000840748981
-0.00212496900177649
0.001359988880511544
0.00026530660962246
0.002486070740913227
0.002050358826438594
0.0001865672833997336
-0.0008402757365053662
-0.0006828999865611837
-0.004069826487032175
0.002809702899378972
0.002327292458768685
0.0009271424430908905
0.001513017203143453
0.0007514597637443107
-0.004127727388815046
-0.0008304043255365058
-0.003087569050632036
-0.002281199845790415
0.004461265346240919
-0.003351393395681917
0.0003811970644944398
0.003287138187567417
-0.009046614353429901
-0.005549693817013957
0.004897717748301763
-0.01266348997920676
0.003829764058518583
0.001716338600615805
-0.0007477615638135087
-0.004300715454885242
-0.001998519304306545
-0.00771086288687646
0.01481234192018831
0.01421661232696035
-0.01646202287116237
-0.02131634011734572
-0.001103712284787012
0.00789713912421963
0.00175522264066792
0.01504626769996562
-0.003775374577426571
0.01140707987004367
-0.02623475299385782

-0.00663938910282966
-0.01199291536720666
-0.006705210791274493
0.004734237492574898
0.00656844146507028
-0.003304919233479202
-0.0002708803936026911
-0.0084794225869699
-0.01162978182772855
0.09406069223877191
0.01111012661262726
0.001424089046672818
0.007161519047149871
0.002303823510888958
0.002292059020705469
0.002382163879084045
-0.0003496499626197997
-0.002572350459752561
0.001818918777256449
0.0008658198127598647
-0.001179160033770552
-0.000421369331609878
0.003852634428868394
0.002216147885477229
-0.001194096752942225
0.0009386815186077906
5.386014917144706e-05
-0.0003206966911904491
-0.001080267351605069
-0.001742888588251199
0.0002180035233170818
0.003751390578509934
0.0006785838746736425
-0.002395704637644647
0.004152499381997713
0.00332252289415172
0.0009289390096743018
8.62461769726092e-05
0.008684075427617307
0.008633275538993599
0.001076264474133202
-2.8119187525861e-05
0.001603799310364694
-0.001333624348413347
-0.00884449917842898
-0.001476309572992118
0.006698803424724857
-0.001590948209121368
0.01716779256439577
-0.0008647751663351736
-0.01251008765678818
0.01576516522553089
0.01269818368137507
-0.0003798157839568245
0.004705193213240751
0.006897141581268287
-0.01401398927186133
0.0007921356490377274
0.007662041897090416
-0.02828794369279372
-0.009141210088720588
0.01085762795719743
0.0397116698986456
0.03356139943337887

0.006252409654975167
0.01140058421952741
0.007285634764328836
-0.007552511547989397
-0.002919164130347575
0.005359131403669897
-0.004123151325660867
-0.001331467241247271
0.008195404309225347
0.01109555179719506
0.1057421864631249
0.004984145282145786
-0.01119119673085919
0.006728854685899966
0.002863860344623978
-0.002017636012248976
0.00166784467543299
0.0007444321057646225
-0.002475250475017104
0.0009243027240951905
0.001012547200705189
0.002977522388936525
-0.001286032996908222
-0.003094524945335431
-0.001292466280881873
0.003503674998715541
-0.0002563162277118879
-0.002872232427928076
0.0007564930509057719
-0.00253389647241698
-0.002787657566392836
-0.0002097616040011445
0.0005701604865121734
0.00238193216030127
0.0004747305330211648
-0.008739751842172221
-0.002847161644404014
-0.006764085090189945
-0.01060236607670101
-0.00433049003678044
0.00767844930886712
0.00269019864052465
0.005474180466524989
-0.002917858020878854
0.0020406283151673
0.007309779198446028
-0.02399924629833673
-0.00507528855792276
-0.009010882046757989
-0.0001847068338876705
0.0006210616653851171
-0.0006207686870075839
-0.0296805780700391
0.01084841989017328
0.007909008729257025
-0.02616954111401444
-0.007324953578331201
0.01294246082439806
-0.03156547370926646
0.02035663813276149
0.006428918060931575
-0.01098876249540638
-0.009206288661685293
-0.07766286213911267

-0.0009352252230634584
-0.001924796582239683
-0.0004135786548046191
0.0004814322759255903
0.0008798902024434857
0.0003121150913274361
0.001135885741718394
-0.001695634086479366
0.0007636403549740244
0.001502334129814572
0.005222353839774454
0.04524784330816714
-0.00875785792587149
-0.003598045606948634
-0.0008642132975547909
-0.001394448710042191
-0.0008509702852495781
0.0002536881886110552
-0.0001438416166560772
-0.0004321609334115586
-0.0007184035523410429
0.0001918434887650753
0.0003113086434898719
0.0002179088378085173
-3.862355856631332e-05
0.0005140609121485785
0.0004062395307146318
-0.0004683132594344127
1.266140364113134e-05
-0.0004099086238921483
-0.0006033149053872093
0.0002029511965646508
0.001437515932248856
-5.944120624893457e-05
0.0004696763026753057
-0.001503715479681951
0.002334801585425356
-0.001131241264137507
0.0001741392721475743
0.001397703386135876
0.001196138703258288
-0.00349306194217594
0.002159963978337101
-0.0003868113302194805
-0.001184959073887231
0.004042734741612499
-0.0007573632762338014
-0.002133576019071759
0.000132958673508965
-0.007483893417216114
0.001414846733513956
0.003949468317460979
-0.0008245679654554751
0.02142129244437617
-0.01549862556576324
0.001951554071279851
-0.00949834330023995
-0.01801657332236414
-0.007537612799303626
-0.003627861615511857
-0.007232687069350106
-0.02778444133232477
0.009415510093766673
-0.003199287939506646

0.004887264911682635
0.01105188379779677
0.006769565837772808
-0.004837086488655848
-0.006297657840612587
0.002744436259781351
-0.003694031413562047
0.003735381112290556
-0.0020294830617495
0.007085217311326704
-0.01108755357447845
-0.008501151802532504
0.1196223399640804
0.01053800430928077
-0.006637619409828705
0.003333436835291356
0.001961384483877416
0.001684724260012585
3.592857382144702e-05
0.0001242103664111559
0.003855395048649209
0.001594652057274463
-0.002158825465331683
-0.0005194311358528978
-0.00141831738515909
-0.002887257845207415
-0.0001259055803217081
0.002947438565367909
-0.0002708982848557548
0.001341850115783689
0.00309606056419193
-0.001297313426081632
-0.0001024113542906323
-0.001716888864785255
-0.001019490822737978
0.009776338501389275
0.0005284988450971839
0.0004908653945070471
-0.003711295374972123
-0.01027765812319271
0.0006926519301165631
-0.001133235262296357
-0.009386681279023501
0.006634046897947944
0.01091758547840358
-0.001652370978409285
0.007915879192387124
0.01757832405521855
0.01002324115903533
0.0009010842800658051
-0.002763612748109971
-0.01150672838694816
0.02249434269845387
0.0007678740683106446
-0.005926233449662418
-0.0004401881628023802
0.04398213765564091
-0.005211380099481795
-0.006026914946605084
0.01805517167297333
0.0009271913467806789
-0.01016335359016546
-0.02398369881211782
0.02347124256766464

-0.005771153904763871
-0.008723171887116066
-0.003385281176961404
0.004600628842575049
0.004422376912106305
-0.003806922126586966
0.001921911270082709
-0.003179737008334859
-0.001921390088334336
0.002509448034138755
0.006556593752814371
-0.003516658090401604
0.0104466421392132
0.1402333159872016
0.01014220884188544
0.006647295121135902
0.003726620752685455
-0.001320197593065097
0.002697150626733302
0.002050515088807487
-0.0002939361599702575
-0.003222134040462397
0.000449590080282665
0.0005310666128714417
0.001976755762039542
0.002158129130189011
-0.0006702131025030864
0.0003859266922862613
0.00297157376380673
0.0008845289278922412
-1.68528252680229e-05
-0.005266686410610668
-0.001427487847499621
0.002171288707894698
-0.006470251201607854
-0.007039475767396188
0.001331805816696211
0.00697882447803121
-0.002169382484119973
4.841563438287154e-05
-0.01235403396840119
-0.001827545774127847
0.0006243349723165502
-0.002465143581065156
0.002134192612191238
-0.001541343468039398
0.002765076209377959
-0.005743024812535364
-0.03141895669899015
0.0008614972452441311
0.02372897165062559
-0.01861640909116027
-0.01391480994614915
-0.007235755071000917
-0.009708365343073708
0.01111863528605115
-0.01299644813806653
-0.009460022963700675
0.03066303715722198
0.01375053187541874
0.01210646377205562
-0.006563898072381476
-0.03703713112836214
-0.006727699580179777

0.003910583307023211
0.009631485291581717
0.006055662282599334
-0.003650309028845238
-0.003763888968765515
0.00417390534866528
-0.004075638924321631
0.001154774651908141
0.003256063260047281
0.002052100734175145
0.002989872428416427
-0.001102205611832854
-0.006554669046535262
0.01015424135195674
0.1645148654794628
-0.01002923473451215
0.006098143278836376
-0.002701864862267701
-0.001709490496723884
0.001446752319161091
0.001988629080068484
-1.311817253602166e-05
-0.002028965149573639
-0.001631908327433926
-0.001485915999631851
1.097003191787059e-05
-0.0008665606732153686
-0.002796020785277415
0.0002863395048532727
-0.004493781504753906
0.002522648927718133
0.00279852764236628
0.0009003564237997819
0.001338228676250657
0.00494149035421899
0.003849100010449145
-0.001243020834302407
-0.006420190972046727
-0.004285042421417309
0.001498255219342587
1.751624592967048e-05
-0.0004548486340336641
-0.002065207322475631
-0.00892748513628702
-0.005434390663141248
0.00469034743010651
-0.009333468926421232
0.01410193420647594
0.0170003285662606
-0.0008771483387583774
-0.01466389319251221
-0.000364250983653871
0.01016291943645121
0.01935740473468994
0.02104620151022307
-0.02341993197795543
-0.003513006118813441
-0.002158345775527841
0.002452752631479679
0.003202364971981615
0.01520516689894445
-0.004811191186331347
0.01970313953729034
-0.008299576764495853

0.00481873849020693
0.007926906107815651
0.004955673848200024
-0.004255183728451118
-0.003000447159774406
0.003041716516679867
-0.002730034018787322
0.004222878134849719
0.0006676469384752466
0.002276473460808379
-0.001846032946684315
-0.001108317907218253
0.00334210622963
0.006547500392035874
-0.01002842480109934
0.1946994304505971
0.01076450429647037
0.006179877829019821
0.003426380288419534
-0.0006944311329936194
0.001354897974348566
0.0006852426917811946
-0.001026538068644675
-0.002702004757662788
0.0005209488658255402
-0.001920916413579506
9.618129053998663e-05
-3.11733992135522e-05
0.001990580518269061
-0.00115546250467434
0.007801274880969029
-0.00346254798157212
4.448132412503095e-05
0.003094622560832229
-0.00148626997292338
0.004451189392980757
-7.694647740583408e-05
-0.001053148145455221
-0.008182803417244297
-0.00450131204059368
-0.012415364417478
-0.002676469887628333
-0.007585752905300696
-0.01010881686639975
0.001602992464193151
0.002418621723805603
-0.003108374362983039
0.02227740570807125
-0.002168459062407988
0.001523141134294872
0.003388822236328318
-0.02615463107261266
0.0135039090806357
0.01407867147367948
0.01590789824166555
-0.01780020892036745
0.009471773985952418
-0.012527117002541
0.03177485255447234
0.02563058663229313
0.0337857747952876
-0.01238280617320696
-0.0262203038936967
0.001647594181622065

-0.003752574760167837
-0.007141381003397313
-0.002283662299127588
0.003609277419840256
0.003488020589400994
-0.001024777447058603
0.002847657847732061
-0.002377750689124649
-0.002865509193591638
-0.0001038199077890148
0.001665518772504626
-0.0006575521022854536
0.001626974002035078
0.003693301107085853
0.005975650741181283
0.0106024622928732
0.2310453136399373
-0.01021388555136823
0.00591014613734749
0.002295105877778418
0.004800749236912974
-0.002284983312992909
0.0009808532779189633
-0.0006817113844992724
0.003044682005177533
-0.0009356278229630873
-0.0006143542539427056
0.00114602199567595
0.001036412247331054
0.0004612303026059548
0.004073213101241662
-0.002989796558232955
-0.0007858456505487983
-0.001000342094380369
-0.002436174338411745
0.004715771105286197
0.00210037874313739
0.005239975134547327
0.001327685348151861
-0.0007040433270288761
-0.01122076095210335
-0.002808167089762187
-0.00639855395923072
-0.001208004293159046
0.00226418501363548
-0.003056692142844061
0.01174065607921428
0.01100357534780052
-0.003319718236424121
0.001460973145870815
0.00673713241000278
-0.01479144002843914
0.01855383664194344
-0.003672125286235354
-0.001316243799174267
0.009667712626150491
0.00917970244125724
-0.01287303373707984
0.03262666773705588
0.005182759294190948
0.01064041520572712
-0.004570047432808561
-0.01861052828772076
0.0384109917587556

-0.003176814513188681
-0.006603640639445233
-0.004785738610079999
0.001889662308259394
0.00276000167764808
-0.003488058798872885
0.00100191407981187
-0.002238690759979477
-0.002054333524099254
-0.002354124617544138
0.0002360557281532391
0.0002212445938985226
0.001711096681280548
-0.001145638231318601
-0.0030590962453698
0.005918415902210737
-0.01015713334659815
0.2763450115817568
0.008825745486769097
-0.002788883098809577
-0.006687037139868499
0.004143681814976613
0.0008439851683825364
0.001312410872916813
-0.0005628465106359165
0.002509932301336754
0.001102986953464885
-0.002237332794544961
0.0009314047046876954
-0.003807998377695916
0.004452145431374135
0.002273150991072979
0.00109733302925222
0.004240493332743249
0.001719653842412824
-0.003422621794488886
-0.001448225336601576
-0.005077870977544879
-0.002572006792174735
0.007478834590045013
-0.005841550227091571
2.793923331596078e-05
0.003766670920032611
-0.01561110367350372
-0.01087199277561652
0.006138483840588724
-0.0155249191141474
0.006345145561065363
0.004116910591954435
-0.001105343295852913
-0.006760265655113598
-0.001617297711514609
-0.005562100460264807
0.020239868591868
0.02632339339135827
-0.02378804821491819
-0.03351083355980153
-0.004508765197741864
0.01852738763469678
-0.001506332127399744
0.02394066221716945
-0.002221468026260495
0.02185917769622795
-0.02770823727688864

0.003061947969519346
0.005553798743962279
0.002895341706699556
-0.003234651023754865
-0.00156922684908979
0.002164564762404031
-0.002594733663324812
0.0007055940918787933
0.001329264715384192
0.001785501320030653
-0.002201756003626556
-3.329254648354221e-05
0.0003466337180086734
0.002202442192320036
-0.001213024010368552
0.003623523956941026
0.00583317456592778
0.00886691992146357
0.3277939618062132
-0.009091926887206713
0.008765179385950787
0.005262336856571427
0.004059461715198992
-0.0006842325895162725
-0.0006058925668466081
0.001504019301742138
0.0001188481929874503
-0.0007760952083719756
0.001517082993986946
0.003250228229290346
-0.002511566063688917
-0.004033625299812511
-0.0005457165975098856
0.0002489330219224229
-0.004154886341113525
-0.002068012916792756
0.000990246017255838
0.003909587884497701
0.0006370002289598491
-0.002950050239472945
0.0004506000864676686
-0.0002394079160174498
0.0009742115159044786
0.00483248539465167
0.004437153980524508
-0.003700461366967846
0.004990803410892363
-0.01082674299898537
-0.01593155766581287
-0.0001252485551050267
0.0129671459378616
-0.001687002534473805
-0.01012814804793533
-0.01233927209500051
-0.0147289399672181
0.01499581636361144
0.003180334987063818
0.003768750924609826
-0.002724121046129689
0.003827457734781907
-0.006701180090199045
0.007671215611219593
-0.01979072161707462
-0.001596028185467001

-0.0001972624341317972
-0.0001197171905083282
0.0004219226055021727
0.0002002520843538304
6.917575076878908e-06
0.0004108681127299852
0.0001819616520316142
-0.0002153489699108231
-0.000107455304444618
0.0009760038096843264
0.0009667372372708709
-0.0001036870529827911
0.0001001527355416206
0.002125008657832998
0.001438800875320585
-0.0008004730390609216
0.002172162463155106
-0.00281030430930193
-0.00906111243943644
0.2789439669830857
-0.005439192757616037
0.001054316879085047
2.900459292476305e-05
0.0008891198248472136
-0.0001623293483884368
0.0003565118363957383
0.0012513433254759
-7.459873996401708e-05
0.000149236043373612
-0.0006510232856376131
-0.0001076447376157769
0.0002196090955450928
0.001120867250883354
-7.060020202081821e-05
0.000367767687492813
-0.0007737214451308036
0.001965863162104862
-0.0008391082711312319
-0.000190367516514468
0.0006646804996466997
0.0001476002397593304
-0.002912401917450991
0.000701393309815514
-0.000870432967494117
-0.001161706331956353
-0.003424728928872752
-0.002118637588530556
0.0004175963034037915
0.0007032949086261909
-0.00683960795819934
0.001315072486875533
0.0007768651988891652
-0.0003279673241765773
-0.003186191634595219
0.005252031264127545
-0.00304788158601155
-0.0001492981883287376
0.009595262800817619
0.002882064040973115
0.002773598974777973
0.01351583996171044
0.05609061501900908
-0.005132584712744748
-0.002012449140739286

-0.002809511834580523
-0.00517859145247739
-0.002289510765814558
0.002641538906951289
0.003047078164818958
-0.0005578044803057823
0.001898591086179447
-0.002157579425209455
-0.000409278128836958
-0.00104851719503578
0.001310455585267068
-0.0004724549488828598
0.002668168202503044
0.0004409711594639577
0.001711170956803234
0.001125340173838378
0.00461652957607831
-0.006392964085154839
0.008773671843897889
-0.005435806280343068
0.3919599193673413
-0.009533778287830759
0.004956802403022576
-0.004485589881536924
7.536022865064097e-05
-0.001126303523968788
0.0002809796822997094
0.002078520696118582
-0.00450810416237137
-3.862756557902573e-06
0.003100022602821524
0.0008852565940568081
0.0001839694864199307
-0.00506703302813897
-0.0002644400718478158
0.01159515007777261
0.001784242501167547
0.00186212781339725
0.000775190328293494
-0.007658103038342448
0.003235133238172503
-0.0004560909754850422
-0.007703391542930986
0.01010156992307419
0.010585929768198
-0.003350166259990379
0.01118693452801175
0.01542813966590786
0.01980291183550502
6.129980841224005e-06
-0.009763182281737743
-0.003077141896916264
0.02625021651582626
-0.005202166479827305
-0.005433199299854038
0.004446320480185065
0.04587318452360953
-0.0002208558750624839
-0.01254689547386021
0.005170275042393016
-0.009092210950407185
0.002536954506346216
-0.01025041690561697
0.03685060165559675

-0.002502742107556052
-0.005141789322110135
-0.003605269634263964
0.002161667214599553
0.002225746276409723
-0.00278453786364423
0.0002256579035610717
-0.001909189250727381
-0.001953321401660812
5.742538691683451e-05
0.00156789614079074
0.0001684232662716368
0.001397485600255634
-0.002345981450838222
-0.000330369693010831
0.00100462387847451
-0.001645957096072183
0.00411246798093532
0.005275547741613007
0.001082817923352685
-0.009518337214758379
0.4660018807879979
0.009051743811372409
0.004444705577329445
-0.005877457393457889
0.00313978555543467
0.001217316652948828
0.001848209051420789
-0.001194653816817439
-0.004393516890171292
-0.001993436974607517
0.003895429979368445
0.0007256508932336925
-0.001280630368803839
0.0006589627401768722
-0.004344416620249471
-0.002715843478166781
-0.007751132403626534
-0.003798918010825345
-0.004974376013434249
0.01579665285584162
0.004465863076455425
0.005888259889951101
0.006458604191066356
0.005414531217181285
0.005658511177056477
-0.01859840851623341
-0.005454000006186466
0.009827069320656348
-0.001775355622670569
-0.01211550847325846
0.01220667634816761
-0.01950241166578265
0.005602815507393728
0.0008043243869346487
-0.01861237837332326
0.01027416028441137
0.01817749103323864
-0.05608931004167778
0.006899401357673999
-0.01482452910241719
-0.004154646381481336
0.00706542568091246
-0.05702717515930839

0.002404115427861564
0.004454245047477338
0.002171762168540846
-0.002546449117314605
-0.001636280279829181
0.001340717835831559
-0.002600188755200559
2.124982233149686e-05
0.001121816250623598
0.00203861835274484
6.772499710672793e-05
0.000250668903717106
-0.001111889771449813
0.001016023848259579
-0.001816684248748498
6.472176975969214e-05
0.001078482345342555
0.0007290339795471288
0.004158433736828438
5.378891797864374e-05
0.004965794380268156
0.009066341902536676
0.5520777627160984
-0.007662222360264169
-0.006934958155884977
0.003342388592551345
0.0003535152404211647
-0.002340381991365413
0.001554909660343728
-0.0001387350633140067
-0.005228860202388091
0.002264334017692887
0.0006932169974817599
-0.001131526363242896
0.005178807419328449
0.003313658450924633
0.0007788164429391269
0.0003430467116202485
0.01432180178406925
0.01128801174604092
0.003451038777845671
0.0001662175224254932
0.004410841192891988
-0.001881448765802516
-0.01434031184017758
-0.004329212139965096
0.01151508556754563
-0.01463012768493504
0.01488324888201562
-0.001050440348501021
-0.0103357984248894
0.02805440988802498
0.009067834785627952
-0.005171242442836963
0.0002185379193244017
0.0177913159546805
-0.02921230878360186
0.0001634529502236376
0.006313160881604728
-0.04597647228543999
-0.01964068529285057
0.01748108485149855
0.05685199827592972
0.04349957253238698

0.002409077360377024
0.004412489214500259
0.002397631626438774
-0.001898260029648103
-0.00220318786274159
0.00142397742843204
-0.00122205954782914
0.002236557131556794
0.0001491790048141321
0.001025759018502388
-0.0018119797017596
3.341080148829544e-05
0.0001031206804805271
0.0005769052211270801
-0.001380035672303257
-0.002105377532585431
-0.0008359506762740847
0.00126774070840796
-0.0006288924647703141
0.0008287196377576862
-0.004388455468706208
0.00463683742483619
-0.007898937245151984
0.6471969217641601
-0.00988536641448627
-0.006121713940930927
-0.0001608718837357255
0.003546623358765906
0.001180470041234017
0.002021285055396968
-0.0001570275160118033
-0.0007907597127357314
-9.839324760191884e-05
0.000433416678495236
0.002633538824707904
0.001215333512416114
0.0005217580017204105
0.0008808586297504717
0.007105981819822767
0.008017276479292358
-0.0002548113773244132
-0.0009592651081303003
0.00118556952259995
-0.001597550997809485
-0.00822277307625084
-0.003026981019176693
0.009673709903564733
-0.005940100078828121
0.003833830631723668
-0.0001827515435965133
-0.003081564397686717
0.01081870513426738
0.008702905363877588
-0.00372622256620139
-0.0004115230694526849
0.01224353051028566
-0.01557094116908505
-0.0038378469975223
0.01460615708304305
-0.0226349369273712
-0.008586807459501911
0.009475853296554223
0.02470627327186527
0.03305065046051017

0.002172826541012772
0.004742958267341916
0.002875108580829818
-0.002022756210451001
-0.002044737048991365
0.002028524418703859
-0.001134775707306072
0.001645188122602814
0.002115790135628951
-0.0002664853422554329
-0.001097753272857039
9.597171590494408e-05
-0.001446925284693417
0.0001318244028024745
-0.001039526433243671
-0.0006673771408477651
0.002194431824380385
-0.0006598658915683433
-0.0009268049994420259
-0.0001153244636363337
0.000369343747996036
-0.005235863234969614
-0.006455172774314059
-0.009802536516200673
0.7594959756518914
-0.009626792870083849
-0.003567951078562496
-0.004831612509815582
-0.003030519424343254
0.00146805136205098
0.002174171846910626
-0.003100501140570591
-0.0005830161800925613
0.004194320442211693
-0.003763350912713851
-0.001132827601673423
0.0005285565458590517
0.004226955712737904
-0.005781309275962234
-0.00315374854262304
-0.01287859739321166
-0.002902106676124204
-0.004945663661185816
-0.004436167967191716
0.00324226275334381
-0.0005302192892011001
0.002071067254085092
0.006875216904865713
-0.01828379780637457
0.001427800668201887
0.01592097244521685
-0.02275203152228275
0.0005486721027428555
0.001813071301391799
0.0001888215211033354
-0.0005679797592461963
0.00184059101116529
-0.009461860215972973
0.03011954218627918
0.01948399840564112
0.02036902646145214
-0.007878664560371937
-0.03706193199974957
8.852503094142807e-05

0.002603479345625873
0.004090711727198757
0.001920741361473028
-0.002484280516854267
-0.0016763858494867
0.001270821416017695
-0.002187366780456695
0.001029475881513705
0.001035210667448445
0.001847558047962208
0.0007156110145422371
0.000206419944081083
-0.001211912001759921
0.001498035727894775
0.0004063684124265853
-0.0009878548833337332
0.0005055960303145706
0.001962253258170225
0.001145708996269276
0.0003952215054899869
7.888963711624513e-05
0.001917021837234712
0.003721769817049708
-0.005795150098530791
-0.009535626473775283
0.8882551660459865
0.0007588518964134687
-0.01002167842204508
0.005236713950094754
-0.006566019546566737
-0.00413139342286616
-0.0006597247029958659
0.0007799981178467464
2.84196380290556e-05
0.0008314575343013053
-0.009489863216559648
-0.002310645901561514
-0.004473963113883264
-0.005389252951328081
-0.002474378935872917
0.008308092523795538
0.003014916178611025
0.00900959803628509
-0.001312253198720324
0.00131700450138253
0.005240901621736762
-0.01963287502309341
-0.01285768858390414
-0.01105294286607044
-0.0006955458409415012
0.002376734651512937
0.005992830392996404
-0.03283507072560956
0.005350054629339992
0.001007656865914317
-0.01573780647037925
-0.01308808958306157
0.01302337281076239
-0.03198552496173283
0.009335368927682695
-0.003757289545730351
-0.005189509040260719
-0.003061577051133399
-0.06985150417487473

0.000304170520472447
5.100495612569949e-06
-0.0004882141203002543
-0.0002511508863903044
-0.0004046753413613319
2.96502636554729e-05
-9.699354486235672e-06
-4.867547142165008e-05
0.0004063655061085962
-0.0001832361957825987
-0.0002170925367097189
0.0001010199236457065
-0.0005272835007784608
-0.0004873822837579464
-0.0007802503223788687
5.085761130699511e-05
-0.0005460137280214643
0.001030846725941723
-5.934832325278178e-05
0.0003898831993270582
-4.991639284069888e-05
0.001068643858150081
0.0003563648114786327
-0.0001255952605324008
-0.003549730002497345
0.000753829259039802
0.8814403686685124
0.005244869783000003
-0.0003755053015611019
-0.0001662606716110301
0.001332529547441062
0.0008755614362832172
-0.002779618456090785
-0.0004349757592277994
-0.0004159164313445958
0.0005441887680339696
-0.001403488713479459
0.0001254957882368263
-0.0001044926426640639
-0.0008715948887561724
0.001550769360000917
-0.003607737605591092
0.000525712578808451
0.001397358694604904
0.001366494281428468
0.006621792108912086
0.002056519871282723
0.0001612804126818883
0.001230208775115596
-0.007061621021470354
0.001704359323808662
0.002145464831912398
0.003168993883322314
0.02235997801621223
-0.0171353955917585
0.0004239362324354576
0.004638883800845123
0.02290835768655044
0.004140080351575826
0.0001554927779560567
0.0003130340859610472
0.01388212012191689
-0.003138683059125822
-0.001468146456989535

0.001773280672177526
0.004055396792338576
0.002262287471912609
-0.001451352382732095
-0.001963658549738153
0.001625785211349452
-0.001094171999950656
0.00181547740903051
0.0006737271864951526
0.0004654016897935227
-0.002045412239977553
-0.0002020680102024145
0.0006226664603303532
0.0006260727519757569
-0.001569091183396808
0.0003986522121061415
0.0007062051178418419
9.714638656462644e-05
-0.001299801395464431
0.000134796428635539
0.0001956612177625449
0.001318840575236057
-0.001472667436450074
0.003877722611199025
-0.004734512054723915
-0.009882833775448734
0.005237792650293301
1.032384895089221
0.006744854421784983
0.007309899789935164
0.004138362353209955
-0.001377888602612525
-0.0002132121860196272
-0.002744898354831559
-0.004347943833589257
0.006222890370944534
0.0001590776075956191
0.001893538067168059
-0.002057584650098426
-0.01067764467636238
0.007142375160230595
0.0009160206886161919
-0.005526836775105924
0.01577687605760213
0.01387825136404426
-0.003682822548160758
0.00720091510630921
0.004909380605196627
0.00158944521168629
0.001972353818702644
0.001901250512395493
-0.005362620322652491
0.008542805950821877
-0.01426629321462213
-0.01743969443514819
0.008645852433699201
0.04664181700683695
0.003203073720348624
-0.02637045808262933
0.01592882794987217
-0.01526378538960778
-0.00454106794751935
-0.03172186414954407
0.0100383227293308

-0.001821915830094183
-0.003257487689233614
-0.001951311984138135
0.001418861863476336
0.001428544518253228
-0.001572366318121269
0.001121246716101406
-0.0009363377977831413
-0.001100535877954738
-0.0006719194550328205
0.0005756218923723019
-0.0001792167349815776
0.001415399359207193
0.0007370247616705961
0.0005962955387114315
0.001328672085820074
0.0006750163703668683
-0.000104325312739549
0.0009942453591712062
-2.600221702326314e-05
-0.002468297645108347
0.0002308144179835698
0.001190245171152465
0.0007834436521259721
-0.003589724955622793
0.005099631202552623
-0.0003514990946829031
0.00702096605261739
1.192133833608699
-0.008674148055227229
0.004775234859432605
-0.006779305510544477
-0.001866927081803408
0.002729209599593555
-0.001536118131506766
-0.003233596069146763
0.001085670320717917
0.003566565728760004
0.001948700217580837
0.00654674392585491
-0.008522618892448397
-0.001187647629612231
0.00314102694561714
-0.008342426007651917
-0.009151242403576445
0.0003226115644763361
-0.0003561291355800575
-0.005725702125392124
-0.01444917293188197
-0.0006929564260307088
0.009438957841714396
-0.004749066398449795
-0.006853152022800679
0.00079451553652314
0.003348789182447997
0.002756938334318243
-0.02987844958044203
-0.007886796037368153
0.03119107523086426
-0.005705732055636131
0.01203021788353985
0.002276988154181904
0.002219610731704764
0.002915651492806239

-0.001491579352097694
-0.002807033090891167
-0.001326863949072502
0.00179661905290029
0.001143098089344658
-0.0007857132338578644
0.001387885485838518
-0.0006457574904332455
-0.0008353999350562155
-0.001108126684495441
0.0001361142004762108
-3.190258434992219e-05
0.0005334088926492698
-0.001286947864761631
-0.001027507962628154
0.0003136383016261555
-0.0007781511196576952
-0.0001982951417506954
0.0009734087666167601
-0.0004840074469680961
-0.0004945557057341643
-0.002415770724784863
-0.000783314199410953
0.001377503210292092
0.0009400258347130735
-0.005889728686399044
-0.0001433511050070498
0.006634259330666067
-0.008687702563896928
1.375150974239773
0.006091831291663484
0.001346367096092098
-0.0009785793093808144
0.003163321669988852
-0.004043515759456749
0.001008369948363242
0.002344147802635295
0.007016834114430087
0.00779305546292397
-0.0009906231906642979
-0.002711867100911048
-0.001435227327516699
-0.002964794209812423
0.01050165079792325
0.005100058601533613
-0.007922999328508071
0.02153838527498063
-0.008198433056077887
-0.01284846883047449
0.0007130944812257249
0.01416985198470598
-0.001666990925876089
0.005503260139515846
-0.0224510553687881
-0.0231179933470554
0.03241644289432355
0.01331932861696228
-0.004407648196487941
0.01090244118212754
-0.007985921680437129
-0.01622725124748847
0.007133473695973776
-0.01863317929561214
0.04311974191532515

0.001241954386739652
0.002624366257471038
0.001952539632067708
-0.001115336712223809
-0.001466005779064178
0.0009340794373125149
-0.0003582961606087571
0.001537713024605165
0.0006487981624827731
0.0002933224770892345
-0.001190955222175538
-5.894258554092642e-05
-9.528860522481342e-05
0.0003225065904269379
-0.001168014077401175
0.001513855447143317
0.0009917907710029917
0.001600160977537833
0.000124209905283683
-0.0001225004285191772
0.0009765531656315588
-0.0001521443283539095
-0.002765329219095363
0.0006311401320840092
0.0007357186270829314
-0.002492343195811667
0.001356202418891312
0.004283539467946714
0.004726029186540456
0.006454919712387727
1.579175595777126
-0.009536202875085855
0.0003162667578007795
0.006856909636426684
-0.005211036891277606
0.007777016367413214
-0.0003342351316650045
-0.002051544902248903
-0.00570216502802978
-0.004552165355869809
-0.01257732807560065
-0.002960064887636117
-0.009472641900572948
-0.009783107912994759
0.0002840201130897782
0.002490490852711595
-0.001245454375150596
0.0311461352440035
0.006821016094886416
0.002350985189153863
-0.004025771931443298
-0.02584022838393968
0.02485733751750705
0.01697362654555225
0.02069895924968219
-0.01984339516036255
0.01531213696235059
-0.01510938513794277
0.03685712095189313
0.02331881621058881
0.03556361025960893
-0.01240963433818292
-0.01803108767144619
0.01564889290154919

0.001065199651969388
0.002113906000255859
0.0009468036873694415
-0.001146257938531051
-0.0008016555320491222
0.0007791811420085665
-0.0009251848227494366
0.0004237525241999337
0.000770971276064394
0.0005393941764282999
-0.0003452020042469494
0.000105434326383266
-0.0008467547975289109
-0.0001276689588580903
6.929864956103872e-05
-0.001661299590464527
-0.0009929606179709402
0.000617817295151292
-0.001484520082425463
0.0003245851783620455
-0.0004713207652963936
0.001190067685394291
0.0002396113571326234
-0.001118528619105764
-0.0006054728196021231
-0.0007219548445465559
0.0005305824831849134
-0.0009139153458657861
-0.006012739192356484
0.002108768862874987
-0.009449924853305043
1.790874095473396
0.01433623779251196
0.00612975864666556
0.00967172499504176
-0.002400376587059796
-0.001809448647201895
-0.005659190258317592
0.001441873505064378
0.003972182782064702
0.0103130258384001
0.003160469451751094
0.001766239458888844
-0.0003179782951707188
-0.003994966905320061
0.002333630644676146
-0.005112334692744812
0.0004034086699274491
0.02319252458539327
0.002873995830547229
-0.01841875334879137
0.01614231708764802
0.003336913825714191
0.01174857789456507
0.007195296648117612
-0.01108961295776132
-0.001767302420359859
0.01434225156602783
-0.02122583976172263
-0.01620965208620014
-0.008953098054360708
0.003655143203879188
0.03601988513426364
-0.005807596122008441

0.0005244087275637383
0.0003483984208094215
0.0004447246251917537
-0.0008512127721162828
-8.521487770336943e-05
0.0002039827835750792
-0.0001212975079292731
-0.000339079393054269
0.0004481350086986164
2.995862816983453e-05
0.0005056478654418979
0.0001333306180645828
-0.0004207642718769048
-0.0002792919884752033
6.579273865173304e-05
-0.0002270812572725851
-0.0004074289550066022
0.0002103920920170655
-0.0001308558670740562
0.0002139450949625471
-0.0002296143101984015
0.0001482743194860319
0.0003406715716012382
2.134625119427637e-05
-7.13590385762751e-05
0.0006992812429456126
-0.001335868425329549
-5.856644257333141e-05
-0.001662989377926307
-0.000740104718521356
0.0002825032438616008
0.01425934183405982
1.793225489344734
0.005442898661528423
0.002584515843852468
0.0002633162496878406
-0.00110647477008907
-0.00211451521369117
-0.0007765853722089275
0.0004798732975236228
0.002428852600824895
-0.006113639930215181
0.001393563494179939
-0.0004102982866029183
-0.0005974667818483527
-0.001319464824065447
-0.003510737890101312
0.002741466994841338
0.007138561519830624
-0.01720550431985754
9.121369372333662e-05
0.003095264715441035
-1.349889836269229e-05
-0.01128473501379526
0.01479112205216089
-0.005527229001782906
-0.002765882530898488
-0.03223600386739239
-0.01781668362860159
0.001747271599431929
0.003515255528155019
0.004377709869300118
0.008929746584699201
-0.0009563186736458892

-0.00124386611711316
-0.002200723923684232
-0.001270235439696571
0.0009611743862753267
0.0009910126179962107
-0.000908830496788964
0.0009687280456828685
-0.0005164266080793668
-0.0003249734403541001
-0.0008440937473314354
0.0003795915307201813
6.873291533930135e-06
0.000197120426078546
-0.0005837080021858895
0.0003496765498602356
0.0004618051355415361
-0.001312168934586705
0.001188490702820603
0.0002466467249097389
-0.0001601051919507339
-0.001741264078686628
0.000370461313489394
-0.0002065540838096097
0.0005466489518012852
0.0023559843875552
-0.0007258375740380506
-0.0003438581388093186
-0.001034726960755316
0.001506984325609748
0.003642825878564427
0.006312974415192484
0.006309508970825398
0.005565593471431532
2.04012387250715
-0.009747822303901924
-0.008560895693961006
-0.001155497008315969
-0.004902728662442713
-0.002387867526547282
0.003755909693796651
-0.006750040168383936
-1.967385693741296e-05
0.00231610398663901
-0.008793252582910017
-0.004700333098383257
0.002739564284171126
-0.005199752598255758
0.002129163427782041
-0.01051471593744302
0.001327895012348281
0.008110294765750306
-0.009616793502868995
-0.00628885670586302
0.008120658881330895
0.009440205913254333
-0.007189000428487119
-0.02094379932800427
-0.003554617796733774
0.02337516653132
0.004389587583943128
0.01915640923978891
-0.004761866401751507
-0.005361359554757496
-0.01581320544247975

-0.001163353942344464
-0.002563205460430994
-0.001520480004060023
0.0009887369721227272
0.001146298903641006
-0.001128617212347888
0.0005398291545416636
-0.001103174733257966
-0.00053960086887598
-0.0001140052804621736
0.0008380093752202611
2.446905486680819e-05
0.000236425889942968
-0.0006386382460865018
0.001152118013864635
8.717202756253846e-05
-0.0004560714022150844
-0.001001320747596689
-0.001168453608648091
0.0001388500624532306
-0.0003387875438831077
-0.000581061323769912
0.0006303912373062115
0.000862111710629995
-0.0008469097244358199
0.001157671678059078
-0.0005653874413618896
-0.00259505477380632
-0.001168347142711198
-0.002542557762288837
-0.005006254841292836
0.008519090100192578
0.002305783585725721
-0.009653692132016738
2.311084545982731
-0.007025142348784142
0.001139174833801662
0.0003309746218810132
-0.0004534458878960338
0.007114022939139193
0.004141947921120295
0.001375671670790376
0.001693862721661878
-0.002409935177326606
-0.008537919592442593
0.002033277195051871
-0.002624185265336471
-0.001701097461094739
0.01908872324487243
-0.001734023848629015
-0.01522387004875186
0.01895953414973712
0.00429547007318146
0.007638949017625844
0.01164106129489527
-0.006612014633083124
-0.0160876069538893
0.003128068496835888
-0.005552274560047908
-0.02152912763789506
-0.006612698517817849
0.00676938969958792
0.04274464705283476
0.004989192771458241

-0.001517383999357257
-0.002251092203943484
-0.0009485761037054845
0.001407548563657997
0.0008973827457267914
-0.0005430629116864444
0.001122169609210523
-0.0004986961515347357
-0.000804275366294132
-0.0003809495831940418
-0.0001952252638338457
-0.0001707143213245253
0.001221956658517792
-0.0005610422736844416
0.0004104348982831744
0.001123815068977524
0.0002875312717384043
-0.0005711351389606473
0.0009387190868471536
-0.0004640452686392167
0.002375909286242709
-0.00106303076463033
0.00141693457139889
-0.0003357999145396225
-0.0001932183532422839
-0.002877475103106648
0.0002388929921848379
0.003301131214517847
-0.0008368819440006336
0.0002215942999237116
0.004831166681849931
-0.003074603030051139
0.0001660679585196547
-0.007705505082860878
-0.007237687377144492
2.613245773179039
0.00751232112438312
0.009162063701911071
0.008783151386222193
-0.007564412420866868
-0.002602257417307205
-0.001590282031738308
-0.008966713504091948
0.003274410049999905
0.004860746880353976
-0.003068423678766064
0.0170238937327984
0.01860205753471721
0.02243901056000623
-0.0002739069444701919
-0.01152823372921328
-0.003074285932474199
0.03974287845093725
-0.004486734578682997
0.00112609298072247
0.006976736153367558
0.03360149855627827
-0.0076400686624681
0.01248629558113038
-0.005579733202888361
-0.002788546502948045
0.001031886770410039
0.002611675695709191
0.06522476303144678

0.0003002661779552653
0.0001176659993753358
0.000702429730346648
0.0001748228550973316
0.000839458033742036
0.000309605945403674
-0.0003658817968933322
0.0001207659477030528
0.0002698892787683849
0.0005488724145363162
5.854678279387291e-05
6.619848298792466e-05
-0.0002496039546840412
0.0003206386844640716
1.222861299406125e-05
-0.0001089468430808563
0.0006178632885965335
-0.000264826888982727
5.751731446120671e-05
0.0001866852275746454
0.0008413531935441127
-0.0005485302204074905
-0.000147696477535614
-0.0001536654029254296
0.0001515059328901698
-0.0008171708170419717
-0.0004288894446263049
-0.0002199060364790995
0.0008870995654624855
0.001167032433339823
-0.00040200557198444
-0.001556849025030155
-0.0008607572204784093
-0.001066112504170655
0.001347095927737092
0.007489678281465312
2.807608332492771
0.01520361414282732
0.001681166852526299
-1.584150673737466e-05
-0.003809358604238581
0.004096317406632789
-0.002437057652704266
0.0004089059762592965
-0.000970452698273923
-0.01235780705534572
0.003019644606047379
-0.0003978861047308114
-0.002548441082405952
0.01586168163970839
-0.002325721997455583
-0.001337902009608887
0.00684592461214841
0.01573491833443052
-0.02062585156746281
0.009963871644369357
-0.001087923230225382
-0.01056493117539031
0.006859564130934384
-0.002598689002356926
0.002141050713912283
0.02132459053039308
-0.004620389040610688
0.01530400967905678

0.0009889007811101794
0.00237447499757756
0.00123793084951889
-0.0009055516388792733
-0.001196276284057485
0.0007619926686387093
-0.0004056759699581312
0.0008891956717907994
0.0002617053315302336
0.0003632586445345752
-0.0007250105013245084
-6.940808130676146e-05
-6.379861457459418e-05
0.0008921241213995826
-0.0006144380242378102
-0.0001469528399002534
0.001074171959057382
-0.0002691867906235874
0.000393408267484948
-0.0001114538515729081
0.001346005088495425
-0.001878091638828053
-9.092621961954181e-05
-0.0004590935615329762
0.001792637205153442
-0.001439949899750784
0.0001847659662830443
0.0003587090794756697
0.002107950683527433
0.002597668302412974
-0.001360436028209793
-0.003421238323037919
-0.001681706913216983
-0.004748469067399885
0.001117795875023774
0.00893432771715294
0.0152094580248033
2.930642065084969
-0.004729430075984817
-0.004965458863575979
-0.01089286364787242
-0.004256673863338738
-0.003073816741766933
0.00331053974997396
0.00362249806916953
-0.004018371177229346
0.01723210898876299
-0.003475446842130266
-0.01181399371607855
-0.002471242646343286
0.0135566866402705
-0.005586992694962927
0.006724784229196212
-0.02071991138464054
-0.01134033525132981
0.02083956523511998
0.005155857175681234
-0.005921726320038452
0.02241585591388628
-0.001891241407031158
-0.003385307558887714
-0.002088003232160423
-0.01644690698972551
0.03747361379351485

0.001010301315030495
0.001927104111469091
0.001151370742972353
-0.0007223292661047916
-0.0006718952565554349
0.0007040304721823919
-0.0004995199325306924
0.0003242903843258657
0.0004984486344519157
0.0004582968851060653
-0.000764269571786349
3.447387456164812e-05
-0.0004019868485945715
-1.814673205465695e-05
-0.0007745543644341604
-0.0006572556820152775
0.0001717240701053764
0.0004034682206745606
-4.582383608285189e-05
5.817476154970533e-05
0.0001323214490421936
0.0005764108676349719
0.00307565174203402
0.00125430795329657
-0.001976329544592504
-0.0007823693438702489
0.0002540040179664909
-0.0006696608179924473
0.001028220691861668
0.003962825282417416
-0.002074393362883379
0.0005376312277545897
-0.0006974860766755069
-0.001385075400642876
-0.00168407500799701
0.007851419573318814
0.001538383497102194
-0.00516541860895994
3.285887253313858
-0.0001110510331105395
0.005668163216158986
-0.0006731301933376112
0.006440460112133801
0.002142236630093423
-0.008671137142211703
-0.005751727421746368
0.01597668165794072
-0.01290743582620319
0.007390336148661406
-0.0006029750699767722
-0.003233776251845658
0.01862960155471535
0.01241013421241735
-0.01321427280426235
-0.007087761239090849
0.02744629881299453
-0.01373836370853049
-0.002591487975080708
0.0113220649883857
-0.03575794484363608
-0.01902396990771672
0.01443402839637268
0.03519740863628118
0.0523139006176673

0.0009438940336953743
0.001700415077412491
0.0006919313343851201
-0.0009971140839461047
-0.0006266110602207312
0.0002472918470878503
-0.0005630780105409587
0.0002632850560678521
0.0004463725975773944
0.0006517236877232122
-0.0002490217999204083
9.668788835427947e-05
-0.0007266012304683434
0.0001730962637706634
-2.500033576872967e-05
-0.0008071625020568839
-3.578793604235254e-05
0.0006674011114105269
-0.0008281915255970032
0.0002765207178767494
-0.0007693812756870465
-0.0005757032328835869
0.0006514556310517907
0.002087913108447912
-0.0007900146352693858
-0.001143942727484314
-0.0001301821397922455
-0.002338843524483535
0.002130077671289219
-8.34906871681649e-05
-0.002673079655553154
0.00266132269221685
0.0001347702159919111
0.002394107173129366
0.004576784160586082
-0.006755939740844539
-1.778381956913169e-07
-0.004875634223787694
-0.0009946381764603107
3.6672866077217
0.004868039019922905
-0.002198787460068218
0.0006425935278544358
-0.004835268253864418
-0.01629512235439742
-0.001020763894935087
0.002493513191582405
-0.008660138401447139
0.001486374280631257
-0.001252877780532879
-0.003625522322839417
0.0144298247864955
-0.000421306238098643
0.003309049130490978
0.01108994053530719
0.004943702199316858
-0.04520640210213982
-0.004348776953465658
0.02282979623645623
-0.03075637333986467
-6.727241458452811e-05
0.009667520957376299
0.04259981973986718
0.01840469903196158

-0.0008132384162142989
-0.001818354780620695
-0.001214693816210836
0.0007818232694110149
0.0008954562912964939
-0.00039647669358112
0.0001129427100637593
-0.0008765690945338884
-0.0005162694991444299
-0.0001878173734491779
0.0007448322425290814
6.245298870631425e-05
0.0001522418383949821
-0.0008215102678715562
0.0003246448482680973
-0.0005860214245722739
-0.001199696447424735
-0.0005075784330729335
7.07349532863544e-05
2.337142343710835e-06
-0.000306262817244821
0.001734734121063466
0.000502122105550778
0.001046567161016373
-0.003113998475524043
0.00195519172853879
0.0002281807094136093
0.002412420555069835
-0.001878834940632845
-0.0009650601510031752
-0.004550737892184703
0.005207342213682081
0.001463669765487801
-0.002815669287756408
0.002061925586742906
-0.001761519281364545
-0.003178012050894181
-0.009033178887762509
0.005445010870223347
0.005266772679324704
4.081080102117392
0.01185525290102261
0.01240734031479549
0.01602696572770453
-0.0002806075972087508
0.002732881676986896
-0.008023129593573371
-0.01082292931188407
0.01350571181964411
-0.003583301285337296
-0.01421591567847045
0.02289097711636119
-0.01242329363077844
-0.002677904965017454
-0.009163187838216161
-0.002377912869389565
0.0138571699357702
0.01989726295568124
-0.06213803273526821
-0.008278182968053067
-0.02818709226604356
0.005186490787699159
0.02056744349246836
-0.0300243477604575

-0.0002570885144675629
8.699861644381458e-05
-0.0005506324951089432
-0.0003566216974811706
0.0003134464209084591
-0.0009755031710119352
5.833716423818793e-05
5.325224562959483e-05
0.0006267384948420636
-8.632266305000572e-05
-0.0001792479573412206
-2.206737123889001e-05
-0.0001758521046258415
-0.0001369969686115988
-0.0002192970497786059
-0.0002740535784947922
-0.0003698712199848761
0.0003557057242707101
-7.966165285441459e-05
-0.0001883065726199396
-9.685481912013314e-05
0.0009024949636034423
9.9481676197265e-05
-0.0002557607896194674
-0.0009266663160904647
0.0006806682297061247
-0.0007347010599093332
7.944759241990313e-06
4.744333437344949e-05
-0.0005122261051485826
-0.001387575842690423
0.00131170386340639
-0.002528622303683169
0.0004102229590456869
0.001035018888108301
-0.0007937777361514466
0.002596821276467091
-0.003238001902304446
-0.0005236632717886927
-0.002041406654921697
0.01163739478835638
4.286062425024557
0.01175869469875298
0.001654695853275265
0.0005219840035806855
-0.003064574342724754
-0.005225177125513687
-0.002815244263167058
0.0008585020777547987
0.01704845219549591
-0.007671065154288976
0.002453638984575101
-0.005789000729285601
-0.001281588610727611
-0.0003669270579323014
-0.001729012280499331
0.001669452003477114
0.01555510376745114
-0.007211995745711955
-0.002722148094606652
-0.005753925739053702
-0.0005617601527956726
0.001809154885423289
-0.01300780607242467

0.0008841145826085813
0.001400680289796082
0.0007162793152690265
-0.000803622936980108
-0.0005442931034192127
0.000678424782625897
-0.0006133459341614297
0.0002007601612184557
0.0003704004201081294
0.0003402476526752822
2.13300898325488e-05
9.279035238011936e-05
-0.0006810384087428788
0.0001252371548323425
-0.0003194349064600157
-0.0005498654141068194
-0.0003486265879000313
0.0006699800739193483
4.593631655962557e-05
0.000118416376497808
-0.0007060450984451825
0.001109978991698843
0.0005156120803557801
0.0002878442946247985
-0.0017979899078501
0.002501536174639116
0.0002674725356151031
-0.001331422296019963
0.001356188368419832
-0.001581968798988102
-0.003257197700647765
0.0004625446605089286
0.0003265604714117798
0.001653623517830939
0.0001716507974213603
-0.004962052320918473
-0.001291055014352995
-0.002092663988692861
0.005950138795375631
-0.0002585666369123493
0.01186709100411966
0.01175897536223287
4.519736679354389
-0.009568412907440559
-0.009247499657669663
0.003703705435918819
-0.01155248997618205
-0.01269787305920779
-0.003006704444308802
-0.004643842759295165
-0.0009363942099580714
0.0130991510899971
-0.01601857473710013
0.0007862224775908014
0.001270250836736562
-0.002536854173490065
-0.01952254947546625
0.003828737819690264
-0.01385685174226992
-0.01287789390208597
-0.006614704190209266
0.002937164175202008
0.01628169536993692
-0.02471827421323461

0.0006607481513758748
0.001194792737528143
0.0005661314849567257
-0.0003305861875873515
-0.0006363452086076769
0.0005562217585292056
-0.0005640456590062119
0.0003368042095783949
2.82394559056369e-05
0.0002924843660472789
-0.0003303399743743243
-1.529092015415126e-05
-3.474457401986134e-06
0.0002221536134351433
-0.0003864716195630346
-0.0006349852707693488
9.41455087908556e-05
-0.0009121017187580694
-8.313248388989395e-05
8.63880357743056e-05
0.0008065748956989703
0.000533084268319619
-0.0006573359493400867
-0.0001850341608202466
-0.0005661068158063432
-0.001221671923495148
0.0003769882019751357
0.003948013487489425
-0.00194381759323874
0.003439424283488603
-0.002413076024443697
-5.146950680595523e-05
-0.0003141474165898196
-0.003326399359951507
-0.0005008450018726572
0.001067142131179201
0.0004758724195916069
0.001635456622333116
0.00134167718188363
-0.00231045657779983
0.01380088564783115
0.001536967132033569
-0.009473052837186078
5.003258445388951
0.002284884518113844
-0.006035852436660574
0.01123735108461347
-0.0006200450170056231
0.00163330853005461
-0.0006336667596899244
0.000915158893600249
0.005313340166903054
0.002112098593938509
-0.01524147060272691
-0.01941510717132857
0.01380101761702628
0.0311228374364124
0.007606158884266264
-0.03214436268239805
0.001338225521255426
-0.02773592478654869
0.00210026554265536
-0.01276434667524426
0.007251893824566214

0.0005162410910152722
0.001159154222002267
0.0007793350496037639
-0.0003352243218642805
-0.0006043955673086436
0.0007351759723609766
-0.0002390667616877243
0.0006031121474121298
0.0001377998821275377
6.462437999070246e-05
-0.0003355876051278318
-3.423384434534877e-05
6.952255601104561e-05
0.0002327768463163699
-0.0004932693724942909
2.930829715607581e-05
0.0003745363161807323
-0.0004343427978308085
0.0003377915983409181
-6.409786510517422e-05
0.001185083440332288
0.0003489037208440224
-0.001384683497946847
-0.001409610866601135
0.0004792148389956621
0.0002547839958228724
0.000343768771014314
0.001640763288439157
-0.002651087565103326
0.001368401238122119
-0.0004045316521610399
-0.0006722578571922864
-0.0002465747035261524
-0.001757303961097478
-0.003343142475708012
0.002935614448534463
-0.0001604896982543918
0.002502309818954395
-0.00538348246641609
-0.01090945753249791
-0.001457727931082734
0.0005097198047459852
-0.008382938759673074
0.001270586939023778
5.515951843372513
-0.005694407839160875
0.007503492070280115
0.001154994225982918
0.001185420665362772
0.0005702743008925231
0.005403397410831188
-0.01003202507421511
-0.0002198849953828513
-0.005814252806120817
-0.01035838320040597
0.001037990950603344
0.03529304950376917
0.003123689856974146
-0.01986362555632204
0.02263360986401559
-0.005008634588530085
-0.008891505516826423
-0.03842124253077376
-0.0084116318803276

0.0005147464322725528
6.840676256722355e-05
0.0003583310809716383
0.000186454646174599
-0.0008392041033898846
-0.0003766561003902099
0.001000525138109288
0.0004600395917248523
-6.053115352044707e-05
0.0005654529246959044
-8.327669620061804e-05
5.581363722074785e-05
-0.000172214777882902
0.0002019109000203171
-6.561503051856843e-05
4.100928199902249e-05
7.618130065454641e-05
0.0004241098571865889
-0.000407303614548688
-0.0001229274206063384
-8.16945267809678e-05
0.000496016363563901
-0.0006724294637712202
-0.0003456269531524978
-0.0003286301368247694
0.0005382164962177706
0.00101705646433217
-0.0006621876049211254
0.0004895972920093301
-0.001686100269154141
0.0006992628969403712
0.0002509498013080873
-0.0005340707594435367
0.0009863992643041422
0.00082828909082974
-0.001030167183891306
-0.005933369251549206
-0.002427847250502932
-0.003164780249170276
-0.001021025193071081
0.002117011341505028
-0.002135713819642815
0.003022549878127204
-0.005570303945194001
-0.005738072767645414
5.875879727737734
-0.02737809308019964
0.001404422132753774
0.001043895612365499
-0.008726461515187613
-0.002783370547422402
-0.0003549998737448689
-0.005808861743154934
0.01208807291353487
0.002679303040802188
-0.01143058550745189
-0.005080378131407648
0.005686282547387691
-0.004295790521751951
0.004348527394585371
0.002193727374338727
-0.02003180694594302
0.003968422909353788
-0.02337945695560839

-0.000505127255102304
-0.0009229030171930507
-0.0002961543957232761
0.0009627103395041228
0.0001642249653483157
-0.0003931792006968788
0.001044278871977641
1.785778372846145e-05
-0.0005813986034783543
4.968188409954984e-05
-0.0004249752586445385
-6.220027803870361e-05
0.000489426422740282
-7.408190888715947e-06
-0.0002130836658287017
0.0002348010509615482
0.0005518895671844809
-0.000906660483373863
0.000299427939872773
-0.0001954824379587355
0.0009761365809877337
-0.001827309400022675
0.0008459578453666704
0.0009211965119295593
0.000669722639793606
-0.003025823976389415
0.0001627459912991603
0.001138470324765328
-0.0009461023113983699
0.005682823486105942
-0.0002256497430375467
-0.001183028307148529
-0.0007881739334868155
-0.001085173378371159
-0.0009542798939073097
0.007221932367943971
0.001364377575928871
0.008833647781805155
0.007977637700493529
0.001577491262961563
-0.005339062767752136
-0.004087878849379736
-0.009741045851529101
0.009846096327013821
0.007431878880093688
-0.02720319035318349
6.088009350594044
0.007633060981871224
0.005494071797549582
0.0003760066407357098
0.009855991324974816
-0.0003838345472055114
0.02315851755054166
-0.0147403942403885
-0.01603683506160351
0.03140448714972796
0.01272284291568808
-0.007393834121822364
0.0249604432168497
-0.01680862130808114
-0.0134191334828892
0.003957410997364073
-0.001122959262918578
0.0740595027945446

0.000342246753356649
0.0009521655905208401
0.000641382122370925
-0.0005001494597599495
-0.0005798510204950801
0.0003907661494907048
-0.000136768100337069
0.0005588905240454606
0.000138271382513725
0.00015843338511618
-0.0003478598290542654
-5.746467653017159e-05
0.000227428347879921
0.0001579939257191324
0.0001746008087418026
0.000586906762508882
0.0006676403129486851
0.0002462587219572378
-0.0006386198523674043
0.0001004699049711648
0.0009955026790123788
-0.0005597948862193812
-0.00157914788573102
-0.0005308976095025707
0.0009225761040314146
-0.002170909163906295
9.537486029212854e-05
0.0007894031349724366
-0.001153809652097905
-0.00075279786843323
0.008045991234714485
7.183705732628277e-05
0.0006084409590554695
0.001169862157361068
-0.001256914976599162
0.007212229169471776
-6.047148099366177e-06
-0.001768443357322085
-0.006937810928483097
-0.004182919941959122
-0.006450454920259059
-0.001606363861536916
-0.008754392749192885
0.0006629745115916755
0.0002516740890631921
0.001198409963882621
0.007728364601715297
6.666947479634209
0.002201620855932897
0.002818970330370663
-0.0008398084413461671
-0.02335322878418006
0.0218848177739176
0.01027497632356551
0.01306215062126859
-0.01433955415557363
0.02455123951727118
-0.01063618803724519
0.0161043603467688
0.02070880544927699
0.02240324780483906
-0.009657109428306354
-0.01693541672829093
0.01232071301359857

0.0003836455778176491
0.0008015791546949684
0.0005617040695277086
-0.0003896280481075301
-0.0003076410917858715
0.0005121874951221214
-0.0003542609112371955
-8.713948832357547e-05
0.0002489162439609701
0.000260742031781422
-0.0003436945200127183
5.292552189527602e-06
-4.874161326579588e-05
-0.0005167292446928923
0.0001565290195072417
-0.0002223112616668489
-5.686746648903669e-05
0.0003321513730794193
-0.0006754504679063689
5.492538165658709e-05
0.001180678711579149
0.0007072298037607934
0.001281979968798692
4.899162606277017e-06
-0.001850299439184673
-0.001235942663888755
0.0002384622864059739
-0.0001819430096552673
-0.002382598238642992
-0.002557721827230516
0.0005161027317020332
0.006369726135327176
0.001790873336294361
-0.002944884011689927
0.006530536861754401
0.007386606749587287
-0.0008342457995874507
-0.004714264902434113
0.003115590860931257
0.0001710662848230171
0.006964092673740738
0.0006845660658365636
-0.00212645567815074
0.00103230060356584
0.001994462561996888
0.0007933836406519017
0.005296047762627697
0.001276143522499312
7.301339711297523
0.00381578705633167
-0.01629016101432949
0.01890229287303194
0.01466775616422703
0.007216872714306415
0.01087245509260348
-0.008064551017630768
0.01141270360006923
0.002267508015119439
-0.01961847777958604
-0.0152888474485344
-0.008547771096359215
0.005248383200935792
0.03648767657395574
0.02096555092481724

0.0001150300614216791
-0.000436148261756768
6.118755832274226e-05
0.0004617887632426191
-0.0005079151881965996
-0.0007129764408028319
9.218458075060135e-05
0.001696930933872782
-0.0001105037787919368
-0.0001561962218026968
0.000309258795042315
-0.000100733951266923
0.0003984423095436896
-0.0002901771017518456
-8.715289780656909e-06
0.0003391250409520338
-0.0001148018766192358
-0.000194623088202161
0.0002696709412636626
-0.000292777929478003
-0.000106584488978713
-0.0003616719365853618
4.121433411559465e-05
0.0001320311757273232
0.0004351711204296853
4.717357073853512e-05
-0.0008078554395897544
0.0003676901913185545
-0.0004514465066742542
8.871161865977239e-05
0.0007142388290377547
0.001125436579540667
-0.003854475781699595
0.0003165085828062846
-0.000690253654377061
-0.0004761363724561728
0.00571975987626167
-0.0007951359465337832
-6.411493604657824e-05
-0.0002961267869414004
-0.002291702833476138
0.009395567632334923
-0.002558548293125468
-3.516542807103454e-05
0.0008133318632665627
-0.006754133456784481
0.0004156058532150085
0.002875447474735188
0.004100309995335527
7.738040009387021
0.0109215050323798
-0.001225671653461431
0.0006640366635253577
0.004254748297888449
-0.001997091508245557
0.0005743147918507974
0.003227101382553586
0.01565397001809326
0.008543221716557903
-0.0005312979371111462
0.0002070595051751586
-0.000961383444540932
-0.004123953961643769
-0.0001852690489545475

-0.0005414403917863091
-0.0008372305020270288
-0.0004902121642085019
0.0004822233528052544
0.0004551359270935617
-0.0002212036286865059
0.0005182094387104063
-0.0005385283265354666
-0.000168265552013354
-0.0003494097171060587
-6.992443706735243e-05
-8.674902594933383e-06
0.0001071313605767072
0.0003416208172658225
-0.0002147777808464164
0.0002728631150736068
0.0001974768056216386
-0.0002491047669786967
0.0006437799881075392
-3.783624836805997e-05
-0.0003943244702074607
-0.000814279884542196
-0.0007110842172059237
-0.0004534342693932071
0.001814631941195668
0.0001059397748652374
8.435915219826782e-05
0.0001213950619214615
0.001076013401719558
0.00248732627134346
-0.0009607985029513603
-0.003426532208283575
0.0003512110183631612
0.002770580163827779
-0.004378664101858823
-0.004097812620946195
-0.001112848521458961
0.004382891256647472
-0.001461793686181771
-0.001545454266586292
-0.007715983887304028
-0.004530435119305112
-0.001126377823771
0.000688317755045229
0.003700659769614371
-0.002684447904109412
0.008461940535520306
-0.0001208303272185653
-0.0143345845273844
0.01110406800582846
7.971015148831842
-0.01984519021830539
-0.01150119270024981
-0.005561868559146525
-0.005255063613775933
0.01111298730731836
-0.002439291122486347
-0.008911056906763234
0.01514804277138235
0.009524177848342986
0.00656191949096949
-0.003271339949278118
-0.02846266846688266
-0.001107093241902278

-0.0006641036525547653
-0.001293340258660764
-0.0008835974506529378
0.0005047317159274094
0.0008289748173547475
-0.0003602208701247052
0.0002502124967376896
-0.0009149248578404
-0.0001751351195801133
5.47280004590881e-05
0.0003259214816767535
5.932683143026565e-05
-0.0001129278188845317
-0.0005609459751664003
0.0002600101645611794
-0.0005580852639836219
-0.0006820851322242764
-0.000167357581552666
-9.733511819102342e-06
-7.981144486301291e-06
-0.0004085544420153423
0.0007076700578831841
0.001973252781557351
0.000906318480245245
-0.002184096276311331
0.001010503470998299
0.0001298492684359097
-0.000692726917423422
-0.0005730336186261147
-0.0007311302327287614
-0.004766174342352954
0.003212252372362708
0.0006943460740043654
-0.003160031443517871
0.005725319145935348
-0.0009569328884100588
-0.0005348702808886974
-0.001404993566324566
0.006484398612385709
0.006051054887394599
0.01058089765942175
0.001112335882445042
0.007430331999330891
0.00252628601729666
-0.006177115797937923
-0.0004391442609301965
-0.0004522767940388093
-0.01896895360177671
0.01652178889364091
-0.0008835396465028873
-0.0189966235130835
8.686098538855923
-0.01213117727594411
-0.005208778952280999
-0.006481956440589425
0.001887664058712766
-0.01589801648395033
0.008635933744021064
-0.02412506196088198
-0.02765510102175466
-0.02418832884906834
0.01134941322868992
0.04140036497955091
0.001648761636384708

-0.0007401979020620872
-0.00119562282889918
-0.0004645563433552103
0.0007190761103156356
0.0004854215705362767
-0.0003390232157808305
0.0005797980041006081
-0.0003541892933706125
-0.0002756586110463465
1.626539492884356e-05
-0.0002488609831319479
-7.40126243479413e-05
0.0006408876634033422
-0.0002456534898974502
0.0003912693443045519
0.0005211806591145262
0.0004171166110287293
-0.0004539519802986435
-0.0002210266451359329
-6.209661875505896e-05
0.001048681398217566
-0.001235197318227441
0.000517510026647412
0.0007290306882683042
0.000165331642109068
-0.003252711852813925
0.0002405904088752226
0.001349845060483473
-0.0008361818493072247
0.0009321641052438558
0.004576770492749209
0.0005671573647630129
0.0001404561581652642
-0.001229163206721073
0.0001306921813144055
0.01162348208381695
0.001975066284360734
0.002181573118263606
0.004822019822142362
-0.000737142798539912
-0.005314509170207352
-0.002846080025039929
-0.007437942045413441
0.001699645852616415
-0.0006073162633403815
-0.003788843781878625
0.01465148264558153
0.01555986127346335
0.0103378289813914
0.0005778676732273789
-0.01040682276858355
-0.01184872178855705
9.443228182352618
-0.005724807469132991
-0.003049215195182892
0.01217353010031626
0.02258756344937355
-0.01111269081502294
0.02303865194153919
-0.005628534679333171
0.002731763582752873
0.0009856691199481864
0.00249252793769433
0.05727011628889531

-0.0004807229996318752
-0.0002984429137334655
-0.0004178152679164962
-0.0001921595326159844
0.0003898907689502223
0.0001277802989116206
0.000501717565358466
-0.0002117314143796808
0.001464276650326046
0.0002410941779368548
0.0001591320910638267
7.266573334174604e-05
0.0004009180356704414
-0.0003044129289242481
0.0006270891245019015
0.0004835298488189363
-0.0003173621285220308
0.000361624030893539
-0.0002442659656198558
-9.046965193885885e-05
-0.0004283546502410612
7.054367368873593e-05
-5.630122560211471e-05
-0.0001124359896390794
0.0003498758219787802
0.0006195851561528497
0.001917486178417503
-0.001361299561353498
-0.0001513306691984051
-0.00317667580986862
0.002693231279658575
0.002379618482431173
-0.001848804939747775
0.00148356302841563
0.001679537013316829
-0.001835714757299768
0.004177702425562066
-0.006060173801123113
-0.00408378129514804
0.001639194861629071
-0.0009849711923287628
-0.0005963582296801453
0.00049370882174354
-0.007241857377972208
-0.002592076291597044
0.006889065743632826
-0.008855426082926733
0.007065950893061135
0.005566170637061901
0.003520326055584683
-0.00401575082363622
-0.004982377051804351
-0.006014483367732491
10.13945090491834
0.01606350286295383
-0.01376691655855613
-0.01216031565672637
0.005285279334336872
0.003336946955998097
0.003585350979984482
0.01073930682676451
-0.01522676498154033
0.008692205989643077
-0.01994233808418878

-0.0003313290121029722
-0.00101892951657575
-0.0003679683161580722
0.0004423201137606627
0.0001932143749516318
-0.0006599756329668175
0.0001125891262670208
-0.0001716130063030056
-0.001177743613103772
-0.0003949653859629524
0.0001829812222550366
-3.527487248484449e-05
-0.000292707548112418
-0.0001929809474418462
0.0001338990422356115
0.0003373115027370167
-7.203645305970622e-05
0.0007852499336125936
-0.0003481865205677355
8.985867688921184e-05
-0.000174168966548761
0.0001241040505139015
5.957340857608572e-05
-0.0001647927140841664
-9.882299240746776e-07
9.28368570971812e-05
-0.001561507842239427
-0.002014350914723366
0.0001921332815187299
-0.002877286897789976
0.002933041239543574
0.001432222345693728
0.002764693136650736
0.002012088275212271
0.002867489019537495
-0.000300595566961517
-0.005983472477392508
-0.003859796544139605
-0.002413197780248974
0.004191198516513095
-0.002979849789503481
-0.0002542681759427014
0.0003968441261027073
-0.009381116714221682
-0.005321579997498231
0.001146068337777573
-0.008965655207104651
0.008448304554487071
0.00748084676702997
-0.001066049123776072
-0.003209941589944624
-0.005829780677345175
-0.003024683697251619
0.01629597562134626
10.28862775431361
-0.01205891155809544
-0.01701459666242097
-0.005993992926732272
0.005295846410878441
0.0004883285038763175
0.01846669636761575
0.005470491934360646
0.0125806395245764
-0.01309639746379065

0.0002308487957050758
0.0007907555135959466
0.0003820796498787327
-0.0001421472287450473
-0.0002285610851048313
0.0003459453055051132
-4.829647972864892e-05
0.0002601361122222152
0.0001187388948920969
0.0001387218809758597
-0.0004202126960198079
-2.058232508664619e-05
8.312139091497516e-05
0.0001737569387781899
-0.0004992046848426245
-0.0002771069674065001
0.000354788899023655
-0.0004980697930114332
0.0004401973637498486
-5.637778686377756e-05
0.0003554901130759505
-0.0007718510699373019
0.000854900638572064
0.0005612832473046375
3.171080259852855e-05
-0.001386863848886446
0.0001102611142308474
0.0008178867088476959
8.694804885732888e-05
0.004304178776495218
-0.002654689294288119
-0.001642450131174098
-0.0009796877863480142
-0.0009756380287817571
-0.001441622941795554
0.001496088325411228
0.002543250432840032
0.00469766751254413
0.008739498017480252
0.001626472695611916
-0.0004925291670528575
-0.0003628954608247599
-0.0005426359555538412
0.006316415240095197
0.0003690536696836383
-0.006095237651779793
0.01776303808431222
-0.008055821315921488
-0.005440116891738622
8.771958598775506e-05
0.008144439327057522
0.0004885745406139359
0.01090491183266553
-0.01252790872103011
-0.01050431164782597
11.0968930269277
0.008927561166923469
-0.0007006973054442247
0.005825438880261264
-0.01863239629228725
-0.01381791177862502
0.005844967276802631
-0.0007083404451502769
0.03979167810294694

-0.0003110677153985391
-0.0003259009852819952
-7.268636688408014e-05
0.0004158079585889257
3.834516788880172e-05
0.0001195154016240054
6.983002493461306e-05
5.971089253697139e-05
-0.0004411027356038879
7.330924495920789e-06
-0.0001813722412561256
-7.740294249378095e-05
0.0005323102144546442
-0.0001440821221408609
-4.911406319842121e-05
0.0003574681100624925
0.0002655616648092392
-0.0008971355918523657
0.0002093004012757275
-8.635824693945088e-05
0.001569690999803132
0.000201884213163774
-0.001301259980687394
-0.0008308510410231337
0.0002842955730372521
-0.00109684903162554
0.0002882457129406542
0.004087122634048107
-0.003000208865478292
0.001785743115024351
0.002317036050171942
-0.0004151356935184048
-0.0003318209646238715
-0.00344428085126518
-0.003470763467341106
0.007403722980143333
-0.0004032893593707123
0.001135063099004342
-0.002932278714001333
-0.01440621270105783
0.004706651985725349
0.0004551309264563073
-0.006935437279330426
0.0124537734154833
0.01615128761570137
-0.002643982271447555
0.006277721517602867
0.01414920176553153
0.006429026529549613
0.002262662208456868
-0.001864922814594246
-0.01161185262139828
0.01875474079624245
-0.01047160857515448
-0.01520125989522462
0.008891580756974524
12.01439049777082
-0.0008332217746064782
-0.01724125109623446
0.01781817945530231
-0.003074881613874533
-0.004470439530363691
-0.03602209541414401
0.01240439787740208

0.0004514662821405614
-0.0002417486124301079
0.0002145149080533592
0.0001859839696269901
-9.738510939108815e-05
-4.401074126405457e-05
-0.0007341038626333925
-0.0006113833349452152
-0.0001326345379439797
0.001768513982598114
-0.0002758888611378998
4.395320349274984e-05
-0.0004915955235722363
-0.0007571133311651849
0.0001977639851502207
7.954919334813307e-05
-0.0005462376071167817
-0.0001316953205944034
0.0002863882848884004
0.0001826229340891798
-0.000194378751530963
0.0005846531016018928
0.0003283173068250523
-4.287661662874491e-05
-0.0005268437155152496
0.001237201121768526
0.001598064903196047
0.0002414637550095886
-0.0009769060258364446
-0.0007343062368576525
-0.001916742357826425
0.002261024854852526
-0.004482822171443447
-0.0007967716558576006
0.0005713051185661989
-0.001936815924689443
-0.002345885900637212
-0.001221559959009391
-0.0006523912449128328
-0.0006388892744064636
0.006404216162163928
0.005282417715938529
0.001573162259322135
0.003377997012521756
0.001375087098963404
0.002656524610784188
-0.003747868727580051
-0.005297877210801014
0.001742992645472253
0.009594501765480443
-0.005767612296709976
0.00558250065609012
-0.008572404933050629
0.00432580134869641
-0.004803801491849172
-0.0002090184357767572
-0.001293573476302204
12.67787921858672
-0.02653095218426148
-0.0008443287219390663
-0.006430355983794694
0.01631769245584949
0.003164329938400837
-0.01822444047283041

0.000141379101834047
0.0002137193251846927
0.0003931706493191374
-5.411328813894037e-05
-0.0001755435849059172
-0.0001004224574415425
1.949310029671853e-05
7.993474543134002e-05
9.356723148183416e-05
0.0008025379988671969
-0.0003696012571020461
-2.543278334432219e-05
-0.0001455235170907682
0.0001990314538304771
0.0001185700283613206
0.0006434632409100243
0.0006379774483262228
0.0003053503329690151
-4.023786724813375e-05
0.0001019735728549993
-0.0003200843628495723
-0.002115225886661494
0.0001930550954295096
0.0007446787026589905
0.001867915693703394
-0.002202089484097338
0.0003494518084671899
-0.001972140999920729
0.00280483564165324
0.001091541037355744
0.004740697233174654
-0.003147510464634249
-0.002633549877851958
0.003495814527557294
-0.001212095273291528
0.002735007433439741
0.001694993604566786
0.005166814409649598
0.00306455057281146
0.005770285254812403
-0.02018395384893506
-0.002324796979412844
-0.004754228321448841
-0.01267162293193353
-0.007809898260733342
-0.001751410877142813
0.01158335580233231
0.008227033482502732
-0.01135569278026198
0.004688337917412961
0.008826438457109977
-0.01608965815471465
0.01667728116519339
0.001852536698506864
0.003546796778719899
0.00454330163894645
-0.01552184732608252
-0.02643899451351872
13.0049165754682
0.0024714114227733
0.02889855658830803
0.003051348820925804
-0.009606597549159464
0.04343153774031074

-0.0001280949053353857
7.677918983912561e-05
-3.734190754990879e-05
-5.76934748034613e-05
-7.742597579930166e-05
4.896676614483315e-05
0.0001127704134121533
0.0002462251054603268
-8.288183018549466e-05
-0.0003356683905234628
6.807273918322989e-05
-1.775418611102363e-05
8.997825499051042e-05
0.0002600179559015321
0.0001021106366551024
0.000316618045239497
0.0001417647301512672
-0.0001089293522033766
-5.911004528298409e-06
2.317627844868486e-05
0.0001050681536579372
0.0001369637130834541
-0.001890326820755385
-0.000971806126313347
0.001055754054972252
0.0005035107895602777
-5.023962793061388e-05
0.001259718255726337
-0.0003704467236269112
-0.0007896407346541306
0.002658100096231986
-0.002333040525575139
0.0002635699432451815
0.0004213572336229557
-0.003452191253654406
-0.0008466585859679346
-0.0005721768600735721
-6.669289810916411e-05
-0.008460010244270823
-0.008306393215167428
-0.003176664773569552
-0.001173998767926267
-0.004754439337824948
0.000401271086230828
0.009316594037314848
0.001512228017790939
-0.006867774081669588
0.009768770022094362
-0.007864639142502555
-0.0001277700248182576
0.004937855098273781
-0.01672969217908565
-0.003931422495973969
0.00285078838490631
0.0001158061980021954
-0.01572759810021958
0.0148017050170416
-0.0006696269044057634
0.00292750784040581
13.93975684455368
0.007925236697218289
-0.009870043418268273
-0.03793106064602618
-0.02030683910636964

-0.0001264139269604373
-9.911502403259795e-05
-2.840384601357893e-05
-1.286915103240337e-05
-3.571058661963499e-05
-0.0001621515472398616
0.000271981865002653
0.0002918911792581008
-0.000142118872303133
-0.0002998926151642374
-0.0004292215301143082
-5.356705894589216e-05
-2.273642974170314e-05
0.0003110114766160204
0.0002384959051992108
0.0006262397690728231
0.0001884378289102352
0.0003913775162465735
-1.722479007785441e-05
0.0001957818070249676
-0.0001982185371698547
-0.0005730924932249982
-0.0006750684229691513
-0.0004152197887428621
0.001198081690217554
-0.0002606874791884015
-5.422780449124728e-05
-0.001011948481538852
0.0008362757766992807
-0.001407300311874659
0.003850654378662447
-0.001075453191953822
0.0005194493655207879
0.002822781551199259
-0.001340956507085451
-0.0003818624768380124
0.0002576055837666542
-0.0007422237524974248
-0.003836174023962808
-5.496230531106103e-05
-0.007503737990959345
-0.001681247742334378
-0.001233638869052824
-0.009771332311408655
-0.001840554903041945
0.0008653866549494517
-0.005887465049061523
0.009534209761221123
-0.004239981125088625
0.0002353505468394631
0.003299591277748181
-0.01454687134493916
0.002162407100218497
0.007370660557808096
0.01236002042348543
-0.01007771694172174
-0.001634992676954548
-0.005480130405911404
0.02561493023216239
0.006761600302609352
14.96825491393912
-0.004320173197036413
-0.01520962455304878
-0.01060803946710038

-0.0005197378157737045
0.0001243271568994327
-0.0004700518446896479
7.198618137567216e-05
0.0001508055013925929
4.501437141495512e-05
0.0003638799013307778
0.0007362036605440532
-0.0007285133155019044
-0.0002979127202856663
-0.00226694858174075
-0.0002041805115236023
-0.0004116920552927954
0.0002601035873877574
0.000558200384275759
0.0001972501829362944
-0.0004023399699540128
-0.0003692584160965035
0.0003176698578703067
0.001008391539080537
-0.0001316819661222738
-0.0003400274232346244
0.0007846530170729529
0.0006253451976047635
-0.0001396558542183498
-0.0002167849271660762
0.0008294132103670897
7.693532456093941e-06
-2.339971656955522e-05
0.0004873024108801401
-0.001056207053882986
0.0006486283250855347
0.0005004040958245227
-0.0008065853282201585
0.0008148936736390863
-3.711193361846817e-05
0.00395824502776937
-0.0002072389586329912
0.003231190733063488
0.002527874578521933
0.001093776671750593
-0.0001385076016626024
0.0008879814860391177
0.001166047007847028
-0.002952083526287799
-0.007618730403333687
0.001450211992167358
-0.003746191871720241
0.002742882552165479
-0.0005452228064542808
-0.001848836956984152
0.006161186527526067
0.0001878921646220665
-0.01019509888359238
0.003518910049400991
0.004556522486191471
-0.003964282888732652
0.01346530278310809
0.002617222336185391
-0.009219194298260226
-0.004615374522231968
15.34278113689411
0.01053319399086378
0.01146608465368419

-0.0002007650923716941
-0.0005148638903319197
-0.0003387682504978344
8.279636723671837e-05
0.0003802773306683765
-0.0002746446211349501
5.563403173960899e-05
-0.0005711410038493185
3.439492188000497e-05
9.237854878605095e-05
0.0004661399308194804
8.908305906319364e-05
-0.0001805325885981753
-0.0004337130650996847
0.0001250140130715471
-0.0004029213978092409
-0.0004242457258292903
0.000408099084108103
-0.0004031948440477404
-0.0001039411190307603
-0.0004038146994804332
0.0003509390033507437
0.002000173820023154
0.001055847831196257
-0.001878286742314779
1.068467208776991e-05
-0.0002371637804167454
-0.002060966500172521
0.0001851977371940377
-0.001731849756842721
-0.001918932011867203
0.004051942412480921
0.001131360309736705
-0.000713609206827963
0.006391441532836918
0.0001213098960102628
-0.0009670892723346282
-0.003112184592567106
0.00699370967834482
0.009991317773419082
0.005353362210013294
0.0003342209463745871
0.00440444877799164
-0.003222828284411785
-0.01374718971287068
0.0013117010547553
-0.0004668686274079375
-0.006672695104149684
0.01597600557551505
-0.001797853886983412
-0.01403743187637252
0.02221143016993005
0.001032254036447216
0.005989783347505268
0.008255278316453969
-0.0003486121584454602
-0.02683519860618273
0.003054517028415342
-0.008476096584026094
-0.03332071795103966
-0.01457061854448741
0.01050975455893789
16.1263118003005
0.005394356269775948

-0.0003559888295345484
-0.0006936148944258686
-0.0001030588915612224
0.0006243519326216429
0.0002770288636862706
-0.0002144220725000789
0.0004067906851580617
-0.000288806403692683
-0.0002244676689827214
-3.851887679260681e-05
-0.0001752241431693831
-2.243011258835188e-05
0.0002071691956296671
-1.643946919852729e-05
-9.586901690915675e-05
8.667849398666036e-05
0.0005049545612218478
-0.0006711820034984676
5.573291447841422e-06
-7.354510488222086e-05
0.0008708616920234313
-0.001685923349869219
0.001307526513228152
0.001285045405262592
0.0001307659045895763
-0.003644421687297558
-0.0001325438856946167
0.0007995491608472976
0.0001444278951869852
0.003471631496673584
0.001586546977273891
-0.0006911174124373106
-3.656886957661656e-05
-0.001959354132172263
0.0005849333307172947
0.01009850038039923
0.002529942992776048
0.006684757834136937
0.009858977306292493
0.00370507927877954
-0.007394306686876421
-0.003431624048271845
-0.006503049192825894
0.001933611077762515
-0.001881297754062396
-0.008402974411702877
0.02655550662093488
0.004746986689238699
0.009241248006687753
0.0002713173950340764
-0.000125918387994044
0.0008983867313881232
0.03117022206159104
-0.01179754922703068
-0.008357314942148831
0.02518366671001803
0.008467527066745107
-0.01318772333379927
0.03285337050267003
-0.01559979179460452
-0.009678038341247731
0.0105226195445255
0.004462805365480682
17.29859268137852

