-0.1419922055158551
-0.270037383925617
-0.07154199539588277
0.07731213984254162
0.0649347877647134
-0.05186017698307272
0.04563431037058244
-0.04723347895010177
-0.03055921273641342
-0.02482738576176185
0.0275755937930681
-0.004194266457791965
0.02646671268829922
-0.01940833779037057
0.02548880827375496
0.02204985901379301
-0.01800473758860991
-0.01967947073997981
0.01593137725885485
0.00143276447882963
-0.01429165504846606
-0.01513964889347265
0.01426416022591242
0.01301052182212693
0.01142863122989428
0.01277287586870775
0.0006602370071151758
0.01121279093585034
-0.01209937366008132
-0.01172108716072368
0.008182065992887972
0.01264958455412725
0.002745403036419901
-0.01106461058878951
-0.005938755143081892
-0.0101348727441791
0.001592642919942521
0.005169549919666193
0.01199118930889401
0.01203201980409338
3.492530815921852e-05
0.001623619693452615
0.01285960646498277
0.008247047292687222
0.002398832968193081
0.004398361136350223
-0.0111543074827322
-0.00121418314902472
0.018212897425261
-0.003110889858470039
-0.01710289967040031
0.01172261802534833
-0.01187859724477787
-0.001072024107511275
-0.002343735105556786
0.003215181139604555
-0.01788800820631582
0.006897035727308461
-0.01489377332079599
-0.02304071617951561
-0.01853458977924644
0.006879586098466357
0.02596420477383023
-0.01501642891677497

-0.2698623277920443
-0.3228224768886249
-0.1507071998583081
0.1144574021560382
0.1081898153117487
-0.07672166235427737
0.07800718927437628
-0.06880520883010682
-0.05243693666839568
-0.03912767228525105
0.04345854997051186
-0.00712073897000231
0.04170632013774786
-0.03180556623775514
0.04014027116474486
0.03445961606966381
-0.02900403407090516
-0.03114458933765244
0.02506339264164022
0.001661587151742536
-0.02234501135053129
-0.02444560612932329
0.02276357399601717
0.02076364758840719
0.01897708318664191
0.01749356879367429
0.0009241362201661931
0.01947894802262973
-0.01953744410393585
-0.01740613834689973
0.01649795799711475
0.01944398475703569
0.003617043153706833
-0.01837282980086397
-0.01061940332121385
-0.007697980312704682
0.003204822683484608
0.01192501662772593
0.02046160526662053
0.01637906268735542
-0.006346822400971404
0.0014670527582007
0.01238772239381065
0.01493516918022979
0.007721664826505747
0.002188582487778325
-0.004414306842413158
0.01203295203626506
0.03492631734434402
-0.00420274821479665
-0.02667871863678572
0.007773668332282799
0.005973439357981952
-0.005178188351292262
-0.005917759460365008
0.01368836199560656
-0.005578524111032788
0.0004894580832694681
-0.002926400513446009
-0.03219541824245558
-0.02416300919947275
0.01055694766838211
0.02775434312381524
0.02149580514086271

-0.07056306176474028
-0.1494169547820373
-0.03398717968226737
0.07128659349439936
0.05782716256690715
-0.03907199046106477
0.03800273614712311
-0.0369332499596938
-0.02668154340616258
-0.02239611352849112
0.02268899731186094
-0.003518628141536214
0.0218942250449392
-0.01708626560169459
0.02064246877625004
0.01872626777454322
-0.01429591795190784
-0.01642793095442363
0.01294642825274121
0.0004347572266128016
-0.01105329876536916
-0.0139807523505521
0.01111738248837727
0.01097422031371609
0.01109540467782342
0.007078815877502207
0.0004029086514415314
0.01031885027726128
-0.01040019319419641
-0.009481679491500427
0.01520291576979621
0.009031790613150053
0.002141557563972535
-0.008767504325173392
-0.006516623726196701
0.00303964812538736
0.002585984477995394
0.00748628043230162
0.008244031102956354
0.006157072650909621
-0.01427012114766163
-0.001988261047416198
-0.00186409483873101
0.002641466439560898
0.005933119440304391
0.0007284045412298745
0.00388168400199
0.02714628997281989
0.02303649120586957
-0.0003344801122287765
-0.01399868335721561
-0.01507501035392853
0.02658264451629873
0.003024905788818881
0.006903414285288529
0.002122358887743695
0.01225766611835006
-0.01268963971873522
0.0305050814856166
-0.003671085311916833
0.00889882776771684
-0.0009731254162245187
-0.002293990027038413
0.0416743955174833

0.07573771895508356
0.1120318966207952
0.07056326558395441
0.00470330252133202
-0.05634734303739935
0.03950828297218588
-0.02987909852596999
0.03125450656140787
0.02344978804497376
0.01799176028748018
-0.02136414022838682
0.002459750705228904
-0.0178878856004611
0.01581904996263053
-0.01671387175051979
-0.01601777399330249
0.01394421702093698
0.0116599790574189
-0.01150053355333393
-3.62223298156387e-05
0.01139222628507289
0.009851072999385669
-0.009751924235489418
-0.00853405091472785
-0.008819042288635644
-0.01050989444639722
-0.000768941179401524
-0.005696143480554087
0.007712590059903005
0.01385054321147643
-0.0107689061933296
-0.01029705940371305
-0.00304302524017379
0.004180993779795783
0.003016628490123104
0.01010432830350022
0.001563276426642506
0.002530473057695406
0.001127359898688913
-0.009435520022954821
0.005606816645755776
-0.001569946362988478
-0.009316108657587224
0.008191110986788111
0.002472645105660345
-0.01055760077443313
0.02831007292136723
-0.01379572174470207
-0.01444209218702342
0.002808707500107996
0.0171612146827921
0.004953339630285559
0.01449245007696709
-0.02317286168280639
-0.02458852428874761
0.03146582266588884
0.02743211449686645
-0.001126336468231947
-0.0003803874364455267
-0.003128987551140579
-0.0184545945418897
0.005850987583982669
-0.01678051816646208
0.05469537268030544

0.06251617693604544
0.1046422624664041
0.05666090662696367
-0.0558583657188139
0.02223604017595577
0.04327657394721236
-0.03599078477846464
0.02343247813227337
0.02234466407168522
0.01907333616385328
-0.01578826015642532
0.00307795482546075
-0.01862387916195884
0.0145824449075137
-0.01574059089701144
-0.01391576985302583
0.01281246758972182
0.01235785371963029
-0.009675990253936919
0.0001129594194280809
0.01010557801215243
0.009719619049328396
-0.007346461801489407
-0.007953578235644606
-0.008965008038165769
-0.007874268735169145
-0.0007451622168203366
-0.00931615953803986
0.008826994860852925
0.008856256804654765
-0.01124185112956732
-0.006636587946844257
-0.001146248649199082
0.006586833764699386
0.007708537054050883
0.003222409807696423
0.0004944392190902732
-0.003298365810219261
0.002169838599936009
0.002317748885758602
0.005887345316240871
-3.413247116588444e-05
-0.0007384297830621469
-0.005279667924338797
-0.01275522467540428
-0.005055829643376669
0.01164920995975287
-0.02065472799200011
-0.009293581212689308
0.0002648201546615841
0.007441625939688142
0.01856381737646311
-0.0008074502661741378
-0.006092299692909131
-0.003457068435355768
0.01327250411665235
-0.02079192367381402
0.0008292897001861898
0.003552970167704482
-0.02071622296642485
-0.009020959557582399
0.01021633254078018
0.02637792253602587
0.02124063029556003

-0.05000297888512419
-0.07390692929596987
-0.03796071349113423
0.03892353230325878
0.04310835523317456
0.04220372233233758
0.03256285049514399
-0.02857657700383397
-0.01421622157045947
-0.01331090669240344
0.01558652297474779
-0.001260188390713843
0.01244583300757952
-0.01230943186018675
0.01320542672132477
0.01139974606667187
-0.008604311252809815
-0.01167909722622083
0.00876311135090076
0.0002441199681668695
-0.005630429616968847
-0.007948559001304123
0.006156961342222186
0.005923525801092901
0.006446551049188875
0.006162318805066368
0.0004962736461447324
0.01030180517625599
-0.00974525381392595
-0.004659310906946857
0.004893162632670186
0.006461056632851672
0.0009414964121227918
-0.009676576081634979
-0.006891148547287231
0.0004028895440755433
0.0008887038689693361
0.003765157381606008
0.001546829627025282
-0.008358866147327726
0.007928439007134167
0.001334937394302174
0.0004308704078354476
0.01999595525373229
0.02003724218276826
-0.0002713066365246479
-0.00186471924610434
0.009281785307934862
0.01506528491516807
-0.0008329511531742877
-0.009531973447763603
-0.002854881468040768
0.002327590413488882
-0.009740747513859872
-0.01773689170806772
0.004243524749831321
0.04790324052411809
0.01016914219592976
-0.04179984927583501
0.01226832501185328
-0.02233984411922477
-0.003166781941502022
-0.0249429644809313
-0.006876554714639767

0.04454160435860704
0.0760975472292881
0.03710688680929945
-0.02962243661124516
-0.03604470405838959
0.03269626351865218
0.0508336453723686
0.03130693029744298
0.02096273123565048
0.009466434643863009
-0.01390789972263758
0.00248209746071547
-0.01310018555060855
0.009797785773017565
-0.0129966196360243
-0.0104545775204058
0.01037681423989664
0.008466343985065497
-0.008906860498995858
0.0001818984046852563
0.007477070846833653
0.004512229483384152
-0.007524584062228166
-0.005545833991358913
-0.004618135146392701
-0.009136473871396673
-0.0006849710960304571
-0.007304321293711403
0.008135615091135476
0.007391931430462666
-0.0009585582355572568
-0.008029871246451086
-0.001565494288422375
0.007924840041920653
0.00353156691674607
0.008363984672805753
0.0009763923385514618
0.001328909772789703
-0.0003374625830044435
0.002109559493640901
-0.01396481615604214
-0.00445246076703017
-0.009030981197692975
-0.01402079914973277
-0.01110780294115473
-0.003990179327968091
0.01825036355921573
0.004760260841418349
-0.01167037946945863
0.001964086842070077
0.01349365953778887
-0.01139514427039584
0.02254207246169419
0.001569776713632238
0.008773775473273836
0.008602060830709597
-0.01368959262794065
-0.01994892178374206
0.05799554923769731
-0.003047110964920859
0.0243345748240896
0.001532456259069598
-0.001762612592300686
0.05418632566951222

-0.04505533640492908
-0.06578360387683846
-0.03606649664763811
0.03077037526361257
0.02329372543232595
-0.02854037653434168
0.03111177948558031
0.05916383096512748
-0.02549104898532591
-0.01745576488383346
0.007981477882335851
-0.003179637575338836
0.01240835905531245
-0.01049087082654115
0.009360114681990247
0.01206797899881863
-0.008757423048772401
-0.009072749583341391
0.006539921030067818
-0.0001527202962340834
-0.007299871515793545
-0.007625092988797607
0.003187357959032813
0.005924550569383212
0.007856875726852645
0.005132509133206807
0.0002573213796340605
0.007531825700633612
-0.005444233088910411
-0.005074364897718023
0.01030944765741616
0.001408684058163394
7.845791457539739e-05
-0.003107598257223347
-0.009485951927144166
-0.002612416248495692
0.0007200877520057249
0.005400837318667974
-0.005293632201787911
-0.005562315407396478
-0.01184082174531549
-0.00111807785728191
-0.003277454725605804
0.002576145055946299
0.01394071927256921
0.002812434880759208
-0.005966768949193574
0.02046535442298748
-0.006825883821932204
0.002365051947120563
0.006000077754155344
-0.03058291949371601
0.001547683448215206
0.002963616966546332
-0.001014638242146122
-0.007404134450515364
0.02257385069932491
-0.007920686231225219
0.01480965889887039
0.03253857137758893
0.01960636878673183
-0.01351297963532667
-0.04987349277378406
-0.01368742506471475

-0.03014370927549443
-0.05176557790976305
-0.02657187156125797
0.02368105984401287
0.0226717739258391
-0.01450796263088551
0.02113549699430401
-0.02575250783873106
0.07200380627268921
-0.01921596436456424
0.01572552735082753
-0.0004410120918156248
0.005124567681046993
-0.008026741772129819
0.01007027801399898
0.00683844049455001
-0.008436312233369679
-0.007058099494149483
0.005919817303953261
0.0001000884961650267
-0.005255803485387726
-0.006320831876106301
0.005068566329324903
0.003853571218226884
0.005974146269581183
0.005379632215890247
0.0003498604859458512
0.002416069564143183
-0.003816097931917455
-0.007008061895060705
0.005749685030213955
0.004994640644238327
0.001406295841306422
-0.00119947405784075
-0.001892223575554271
-0.006610429487953569
-0.0003643797222870669
-0.0006926907735698598
0.0001000136678225086
0.006694467173825614
-0.005624711067939761
0.0004683446490086806
0.005463000712280361
-0.006937834833551392
-0.00347636216956298
0.005542255962596053
-0.01453874988471932
0.005774766461129974
0.003641971815068825
-0.001213162538535382
-0.006057050593093053
-0.003802912912661397
-0.009465052071465377
0.01380662572461694
0.01285271866993899
-0.01478540069052244
-0.02294549810127255
-0.001521262095169867
0.009431735426052041
0.0001586080391316894
0.01352818313636557
-0.003560329888066353
0.009870348372289638
-0.02773837790924364

-0.02582286075238756
-0.04061229186397983
-0.02310009485707048
0.01871183471507143
0.01984796616931524
-0.01392695674740056
0.01000192705193874
-0.01796815588531676
-0.01944251506184869
0.08493004239483856
0.0175251113016917
0.0004240188820530809
0.01310814664507281
-0.002889028661879864
0.007717538720940159
0.007372181971137925
-0.004697328616930733
-0.006948588968801023
0.005545540272261435
0.0008168676149700227
-0.004699836303257616
-0.003926286059412685
0.007002844491304555
0.005180644218715851
0.001811232511518952
0.003684618580538802
0.0002088159888425407
0.002446759377375533
-0.003686901672504772
-0.004231997699990411
0.002664368319161762
0.006020960928343695
0.001095280858831983
-0.004642879945100401
0.001908502760063868
0.001250183502942676
0.001309995681074569
0.00211367237231964
0.0106726029135374
0.0105232165645958
-0.0008216122072512836
7.374874867498502e-05
0.003441703298457603
0.0004219595164955655
-0.007092238871949702
-0.0009781012513841027
0.005116672916160246
5.306624381535728e-05
0.01877643540625844
-0.00125022297300805
-0.01399495363861188
0.01425724810781548
0.01121285072025122
-0.001179503060599294
0.003535563487041752
0.008320614116359381
-0.01538800482754351
0.0003683132298015735
0.00893322397173415
-0.02961876506778976
-0.01042331195444314
0.0110341034858796
0.0384294048272324
0.03229233232596752

0.02794953218017675
0.04430696049993042
0.02337045981623676
-0.02179366646338868
-0.01643772180162353
0.0161228918866926
-0.01423797778969889
0.008454902164055986
0.01583880007067083
0.0174406119843027
0.0968449577570579
0.005823501248473178
-0.01729347898955299
0.01178385165504253
-0.002830324583551335
-0.007053934980450873
0.00608121365184789
0.005178656044224818
-0.006299251006381165
0.0008987238057278571
0.004493425250021567
0.006569947162166844
-0.004455216951496254
-0.006112186960435405
-0.004280687883815974
0.0006527522282413394
-0.0004000739958183377
-0.005619757553418133
0.00342789307401757
-3.8371347289963e-05
-0.005279559334457727
-0.002475148434416148
0.0001364125450424942
0.0046873446574628
0.002717339763395699
-0.00662167553185983
-0.003258956040313314
-0.008792443610428309
-0.01262712378410052
-0.006223541502185458
0.009609909764345325
0.00260818495008475
0.003621507947874026
-0.004703825309571492
0.0002825215224397234
0.006779381608988354
-0.02239108724775307
-0.006721466515879335
-0.01064711278940605
0.0001895125217147908
0.002119652789318347
0.0009093413473383249
-0.0281892505735632
0.01164640199567348
0.009114604755766621
-0.02759785924910855
-0.005929682755675578
0.01330900923113817
-0.032869524989916
0.0217203819297453
0.007739777562134505
-0.01108422680507144
-0.00791139854813357
-0.07638891243382122

-0.004091568777428205
-0.006651973026086103
-0.003165097831247069
0.002683541256408366
0.002893993631821622
-0.001280783543466825
0.002579589388649813
-0.003005559708669681
-0.0003493047453850829
0.0005631364487442276
0.0060089502648234
0.04480797027072794
-0.007691002277164303
-0.004264548977304342
-4.438316437389698e-05
-0.0006436701802869996
-0.001468196750052525
-0.0003888268514366174
0.0003939402766213822
-0.0004289018337715731
-0.001218030819769329
-0.0003115012639944611
0.0007656220586086888
0.0006415339361287918
0.0003921510206137947
0.0009087522450202917
0.0004277544333934761
-6.614939433929857e-05
-0.0003602315572121474
-0.0007686820162925308
-0.000252413931798634
0.0005286339406679022
0.001493010598437074
-0.0003819064654981565
0.0001464810303654721
-0.00179900580662791
0.002392278593793538
-0.0008394707448829519
0.0004591774869205462
0.001668295633941178
0.0009232336575599452
-0.003476522370642401
0.002423371279652247
-0.0001355253285606685
-0.0009334848574514122
0.004117052527260809
-0.0009818416164401908
-0.001897497145106027
0.000363073990815759
-0.007538387559210909
0.001201356418306669
0.003733651443214848
-0.001036432507947784
0.02131100658559851
-0.01566936111612514
0.00215635358305744
-0.009693479498633041
-0.0180691480664832
-0.007351566443600243
-0.00381894536984974
-0.007416389866503354
-0.02775515503180386
0.009230550053978369
-0.003382332353795816

0.02644162024242617
0.04141614594983417
0.02165808396805952
-0.01808182097363735
-0.01878674021648589
0.01251438181584664
-0.01320520285505165
0.01254112980163511
0.005150374872375007
0.01285194032705903
-0.01707468244789043
-0.007403828657851214
0.1117852591196752
0.01525769678063508
-0.01186784590156322
-0.001469092018315289
0.006030074861680777
0.005870770902900942
-0.003502657919021808
9.58772984141176e-05
0.007127521715706707
0.004909697903573136
-0.00512950530427343
-0.003318877785818543
-0.004235519083546271
-0.005480366195410469
-0.0002459657162817984
0.0003195764140048614
0.002174572418300698
0.003684912597775627
0.0007857629836859762
-0.003421002711122304
-0.0004855612171014965
0.0004071012301771005
0.001096847312083734
0.0117119390354925
0.0001519318660233522
-0.001423760932093383
-0.005584844706619463
-0.01204840875389009
0.002486584687538278
-0.00121724202714779
-0.011115467407322
0.004983201857952922
0.009265381292420575
-0.0021393051295328
0.009393814745632762
0.01603107076000767
0.008508200281673879
0.001253472205627622
-0.001363408035494514
-0.01008801218758015
0.02388305537123666
0.00148407901499591
-0.004793877505841248
-0.001785244653327569
0.04526872551589815
-0.004866171837736181
-0.007250049599839603
0.01931655342141394
0.002143899237620067
-0.01030961402307173
-0.02277313779031456
0.02467080130841375

-0.01705946321181992
-0.02834742904275039
-0.01575663205031591
0.01480929972334842
0.01378747045823321
-0.01164460574480247
0.009106655803695447
-0.0100893200391867
-0.00751701366830118
-0.002283306504746757
0.01122771803821835
-0.004166320640877411
0.01489647181393896
0.1342873652417986
0.0142373247156368
0.01039994360561112
0.0002831524487951753
-0.004594229216941061
0.00557695918341866
0.001940775524195909
-0.002961853380631088
-0.005866967026650599
0.00282312960417632
0.002822457504779877
0.004204544662204287
0.004279523138083098
-0.0005373450444876688
0.002436870284912411
0.0009647554924560649
-0.000972636063487093
0.001840405305499113
-0.003567628162342876
-0.001114454168581447
0.0004565222122183245
-0.008134915698243464
-0.008626985246269916
0.001618748705179317
0.008485460681150006
-0.0006521674955750466
0.001474596034379588
-0.01378886461808617
-0.001753698926315795
0.002000183492470576
-0.001127444455202285
0.00343993573668604
-0.001156919541162486
0.001563520371791986
-0.0045131841965541
-0.03019710575468591
0.000596697955242925
0.02260630944969011
-0.01976051705526294
-0.01502553223471074
-0.007825039756093072
-0.01061178883175828
0.01218645485658518
-0.01403905687663621
-0.009702899420426771
0.03164465453691134
0.01272897396016346
0.01113544957451643
-0.006444060997996154
-0.03801150717159416
-0.007683269282497948

0.0232860893659339
0.03669194739705164
0.01891237211589314
-0.01526972096596048
-0.01473782294178505
0.01258282654993466
-0.01227993934993255
0.008801550955804691
0.009350771563698724
0.006980340749238576
-0.002251672564718195
-0.0003084073269275969
-0.0114523703533906
0.01424534553437749
0.1580637592834067
-0.01418658209674838
0.00967863469965553
0.001047367940529094
-0.00482883708650462
0.001398920724733982
0.00488141633582977
0.002927034759593186
-0.004639028251649148
-0.004076838770762618
-0.003972360682589469
-0.002284168986425556
-0.0009690443190584165
-0.005085212160961756
0.00244402195940637
-0.002423383724093711
0.0005084729609080569
0.00092699375593758
0.0005589212775822329
0.003199007547002524
0.006792790487365438
0.005554777748050521
-0.001584401881936824
-0.008097288484165103
-0.005926442345739181
-6.221419038135467e-05
0.001590101817107674
-0.0005261544589968344
-0.003587076817159261
-0.01037232080547638
-0.006880217391735586
0.004263734749665046
-0.008033168522588799
0.01274523440214242
0.01567012975115153
-0.0005607893858164626
-0.01343265176630165
0.0008773095867851098
0.01138459145783997
0.01998271569527154
0.02204035716241114
-0.02459697930694588
-0.002382765584270055
-0.001880527253292406
0.001369049337446851
0.004307277442102062
0.01626727129561552
-0.004971803077043706
0.02076758744504466
-0.007245138892021082

0.02051099643176429
0.0315955877416011
0.01662758971887927
-0.01449768835779076
-0.01263335606780703
0.01068710453048088
-0.009930622054003182
0.01104375684765983
0.006059418141668211
0.00674754235546341
-0.006407736256605831
-0.0003911055215127754
-0.001106922449338935
0.01022077022893464
-0.01413233757442838
0.1892622334919378
0.01400791914133015
0.00946156136066701
0.0005330841772410652
-0.0006809774649414802
0.003952858359767683
0.003350942533549389
-0.003368766218399601
-0.004935219940669568
-0.001686614333564295
-0.004007392134543011
-1.565393582829308e-05
-0.002078932153732425
0.003949500066723306
0.0006745987024163388
0.005948570770189763
-0.0051123904659232
-0.0002583511718866517
0.004786992637117073
0.0001646854024280444
0.005998585995693758
-0.000374791282176864
-0.002548152315966966
-0.009675989405552558
-0.005887871085178527
-0.01098524696625335
-0.002738376047244315
-0.00894080331749768
-0.01141932900397825
0.0003118727094300652
0.002028445938480298
-0.001933334536532177
0.02106585426424278
-0.003372115746086782
0.00179513645623544
0.004486620641869202
-0.02502351439526554
0.01459470269827272
0.01465147230436281
0.01680379446348893
-0.01885250223986849
0.01049334642475069
-0.01228573008861879
0.03080445673693189
0.0266322585199547
0.03473163312010268
-0.01252056080509836
-0.02525593172579441
0.002587085907075783

-0.01411929645231996
-0.02343527506081898
-0.01212795960866535
0.01159988437638614
0.01103018083476577
-0.007185516255696356
0.008616005169313011
-0.007764281534552374
-0.007293663746127011
-0.003751829212907459
0.005389960672648158
-0.001203925057682858
0.005118324339613085
0.0005245987434042854
0.009244593753766753
0.01362454866650173
0.2267430576997328
-0.01288150627704652
0.008224140159482606
0.002216936863683284
0.002555040218661941
-0.004433652057022433
0.002944543737175694
0.001163988848907793
0.00486816558321035
0.0007657576220429689
-0.0005084877006571327
0.002835275641791898
-0.0005656517371165507
-0.001065328959597081
0.005553294492606785
-0.001591793240586916
-0.0005298383828068744
-0.002361862565536928
-0.003800116943173473
0.003447143430398758
0.002333265573386337
0.006473308090975341
0.002540379639165463
0.0004609252316775101
-0.01236804178067695
-0.002742975246803464
-0.005273546119000664
-0.0001382966415667893
0.003328334456725486
-0.00275110394361235
0.01077697569314814
0.01200411174089597
-0.002342450937025296
0.001239581083364271
0.005822173478606437
-0.01570813310615412
0.0176452964897048
-0.004139355371994598
-0.002045785009196024
0.01053809483748107
0.008343353733902582
-0.01307556827307624
0.0334231741191986
0.004367239241858573
0.009856095791573946
-0.004446846828689813
-0.01939316023369688
0.03763218372963284

-0.01634504769900499
-0.02561453838238623
-0.0137718853066356
0.01036459629485343
0.01051982539647616
-0.009588652242774654
0.006878096133560891
-0.007803824077685738
-0.006427120263471463
-0.005987905337311765
0.003948265997963806
-0.0003452425540257543
0.005293432270615602
-0.004125625418132598
0.0003663059563232792
0.008950836781718201
-0.01281637651569728
0.2721163297480133
0.01116174857745591
-0.002751781571458453
-0.008828349054196336
0.00187791003977251
0.002792227109083465
0.003177517214566202
0.001282414623796142
0.004231048075747531
0.001175364102304436
-0.0005477566183549011
-0.0006988291475407897
-0.005327275855622931
0.005968433109730872
0.003644877219673772
0.001346463724026307
0.002831398759751112
0.0003642092756374303
-0.00470521699440149
-0.001198490904291462
-0.003844185230690147
-0.00133963752109437
0.008625099567219994
-0.007019205521109548
7.266580450016437e-05
0.004883430064431136
-0.01452181093722088
-0.009804781517471516
0.006456661139743781
-0.01649645004239419
0.007343643684269087
0.005111463249483097
-0.001329887812928713
-0.007668376953035246
-0.002550850776810405
-0.006463353450500687
0.01976439465283347
0.02557798561756545
-0.02291773500130012
-0.03435451752522738
-0.004710913625525681
0.01932507145882649
-0.002332784776217772
0.02315706879250053
-0.002104605607379893
0.02106176182729861
-0.02848160146483397

0.01290896383355741
0.02034741256355343
0.01080467135845141
-0.009929527578479974
-0.008069260143822464
0.007241036207845107
-0.007472687842122682
0.005294540225170738
0.005060461898299482
0.004800217530812559
-0.005331777399289835
0.0004286277624458392
-0.00260421347614204
0.004756955966683566
-0.003984497620640482
0.001002612836196481
0.008075586604660297
0.01114502011717368
0.3244128777391863
-0.008945753146292389
0.01060257923288847
0.00709935944818572
0.002338105735002587
-0.00225668046185897
-0.002179426929130577
4.198859455695279e-05
4.083109554486647e-05
-0.002216995229398617
0.002873010972637051
0.004553383397727115
-0.003785629181407958
-0.005208554192306812
-0.0007631823060305834
0.001416526695946618
-0.002981657278081625
-0.00100290828830268
0.0007828760497400713
0.002853055174023679
-0.0003924799517853975
-0.00393173747543644
0.001432463471241378
-0.0002870447318977249
1.657741877800233e-05
0.003926294442179901
0.003525256138020875
-0.003959843183791495
0.005807685882375281
-0.01167997997513891
-0.01676292178681495
6.355276359176954e-05
0.01374301708393487
-0.0009052142239845467
-0.009356027602309816
-0.01194185546358221
-0.0141080069804984
0.01425238097949186
0.003888089504538842
0.003941468083974163
-0.003404304758665097
0.004521093471507373
-0.006034282606207652
0.007569562462621051
-0.01912254211391489
-0.0009334023322395447

0.001208094440852837
0.001349144716776682
0.0003573179620931688
6.977037453801768e-05
-0.0001032659763663842
0.0003829645263816772
0.0001297097389043008
-0.0001674973309967824
-0.0001401321305231482
0.0009043646384160588
0.0009599075385365476
-0.0001030313561033727
9.032543076255306e-05
0.002009010453159349
0.001401056289226658
-0.0007718727149662791
0.002090170182729788
-0.002780601354637772
-0.008906382427898721
0.2786340811988299
-0.005398902682395642
0.001038875870374897
4.391007119487381e-05
0.0008933589845967026
-0.0001534785650576945
0.0003615725500153001
0.001254382015730238
-7.048355275146454e-05
0.0001458710242956853
-0.0006589277673381701
-0.0001055816800842739
0.0002275883223902513
0.001121761901012989
-7.30102155661239e-05
0.0003622334138387445
-0.0007777380195772521
0.001963078581758587
-0.0008328917711569196
-0.0001872892089478017
0.0006739075925861458
0.0001461190552888491
-0.002909182377095336
0.0007062303922424633
-0.0008661876186253538
-0.001156956385466209
-0.003427367932340533
-0.002122887208164163
0.0004236673318714408
0.0007052352414847179
-0.00683635226319972
0.001308666044905436
0.0007728160011258625
-0.0003336626438679886
-0.003189544616734831
0.00525073830728519
-0.003042680263462041
-0.0001528839293206887
0.009592897631543647
0.002885752212476459
0.002770550226798066
0.01351195010344707
0.05609238444158379
-0.005135593375018834
-0.002016659498047851

-0.01102581186096214
-0.0180462731170435
-0.009457124159206819
0.008752474197811128
0.008684491432924423
-0.00530283920444198
0.006237928900766208
-0.006319455709094719
-0.003754103478195449
-0.003858304572370033
0.004099763342577897
-0.0008943276262212669
0.005342389951011372
-0.001881918926260438
0.004232482002275196
0.003429909833848893
0.002476592533819954
-0.008437861484839243
0.01057708094976689
-0.005387682150715202
0.3889274766453183
-0.0112068113971641
0.006462726096176582
-0.002984971839000141
0.001498985008485824
0.0002276019258444376
0.0003572071238079622
0.003387952859116524
-0.005761902968256381
-0.001178776442186384
0.004274453810705235
0.001957566735729274
0.0003806014615752257
-0.006143501224205762
-0.001309913176423126
0.01058880826688734
0.001959089849825748
0.002801917299408229
0.001727838810755206
-0.006767761115466828
0.002332090431774194
-0.0004132596047173179
-0.006839616140259778
0.01094226187504391
0.01140160024795884
-0.003108252294735734
0.01042659504188173
0.01619825226030335
0.02056909943021421
-0.0001616532972702529
-0.01046602449804319
-0.003797513427517529
0.02555205181187865
-0.005568951623279705
-0.006005688544825399
0.005114322071009165
0.04521521050107852
-0.000375839824549032
-0.01193184242141892
0.004530525817390947
-0.009696157805378906
0.00262804947455888
-0.01086503926706014
0.03625001504152103

-0.01303561115404744
-0.02010266177891659
-0.01069955617722241
0.008599363736609481
0.008339770824520712
-0.007478337539866326
0.004902697642687712
-0.006180792546706016
-0.005388086930298835
-0.002737475421015201
0.004476203719725924
-0.0002599187276076662
0.004135265765153879
-0.004658433225507496
0.00226871754216939
0.003392422328273084
-0.003708667406396055
0.001916308511084861
0.007093686802710705
0.001079121894744448
-0.01120526147324917
0.46297742807362
0.01058019427887848
0.005897221235409128
-0.004355820156019458
0.00449927347619937
0.00127740373356844
0.003210250437160818
-0.002479770904930838
-0.005604955843417622
-0.0008002943862544533
0.004998001267669593
0.0009298267922965291
-0.002380339614782603
-0.000429602215984504
-0.005340591842051042
-0.002517348289595895
-0.006757871378108956
-0.002845040454735408
-0.004057212403651293
0.01487564504216995
0.004502568277239219
0.0067792957422536
0.007306200754527778
0.006268268958780097
0.00590771340882189
-0.01935594158527717
-0.004652420826699566
0.01060521393837922
-0.001953537631940842
-0.0128396154890418
0.01147624508015439
-0.02021878477287781
0.00523545892414349
0.0002227984227879468
-0.01791825262866591
0.009613443702378256
0.01801402991989911
-0.05544922529031559
0.00625148221131791
-0.01544849003210211
-0.004059663385877605
0.006439704022011646
-0.05764415484970453

0.009318418329082988
0.01532816546419366
0.008269706048768618
-0.007775200776195116
-0.00654286278986769
0.005357944569667474
-0.006263177764730728
0.003616230943476624
0.003946962954860258
0.004397364658092884
-0.002310034486050994
0.0006124244652794961
-0.003390863655299414
0.002972277356979254
-0.003951025708738242
-0.001887462921143525
0.002848305034993031
0.002481349689229013
0.002559039224300064
6.728493664246196e-05
0.006388913706588061
0.01049153440257314
0.5495455580724877
-0.008885003061783841
-0.00813926978195248
0.002139505363584803
0.0002850846401568478
-0.003467124307589412
0.002645550222950864
0.0008862487934769274
-0.006234239015336612
0.001348362836236185
0.0005228659381383412
-0.0001975581640131256
0.006081134715386721
0.004163793613777948
0.0006255423147863133
-0.0004683678580594526
0.01349589840581178
0.01053200173450809
0.00422822232299983
0.0001284738804467885
0.003671973036985161
-0.002601872488594657
-0.01504290750507156
-0.00453364604683174
0.01216700096490098
-0.01528906241809547
0.01421963914857949
-0.0009058421676954549
-0.009732678824298575
0.02867071469986839
0.009663135341628536
-0.004856771059620735
0.0007088357014324992
0.01721684128008304
-0.02864855632717156
0.0002940091417544724
0.005785072458423221
-0.04542287872892616
-0.01912141500681294
0.01740177586851889
0.05737972659103911
0.04401304098338563

0.009661642685286825
0.01539090935605044
0.00844994031514764
-0.007122993429329478
-0.007098278163238976
0.005316866944931398
-0.004947551654032429
0.005655958406230194
0.002979993478168781
0.003297845393143898
-0.004149262317276685
0.0003811508575096885
-0.002108229451838496
0.002512472652371293
-0.003441733583263665
-0.004026154029878905
0.0008682839160056733
0.002998203363345077
-0.002124595359498972
0.0008259055499841981
-0.002932421964717363
0.006030966539288544
-0.00915308972831023
0.6448132717650341
-0.01106315324012722
-0.007230625698875679
-0.0002199087262946172
0.002390126449992329
0.002239268603595032
0.003033053630038516
-0.001145541448165829
-0.001699456241425681
-0.0002663482062448181
0.001330532250815252
0.003528714424242399
0.002044129802081206
0.0003652853803518373
7.609830071678516e-05
0.006317874270899418
0.007253638206895199
0.0004880669044022437
-0.0009958155161899154
0.0004495959688499522
-0.002294636144491984
-0.008919492064257835
-0.003229078096091325
0.01030069270557155
-0.006598354761265563
0.003197867996903062
-3.939427874600934e-05
-0.002481831338395833
0.01141520156236348
0.00929277012291951
-0.003422899911239743
6.389728804741777e-05
0.01167472560592749
-0.01502662669733953
-0.003704371495223788
0.01408151699041351
-0.02210183148478148
-0.008071344614855711
0.009394870670850399
0.02521826369195885
0.03355925117367815

0.01142972260177316
0.01816536404114382
0.009312281421683033
-0.007826321183287138
-0.007411305481717248
0.006246496252114936
-0.005148025591904268
0.005423816099204163
0.005039751597562147
0.002191528255561947
-0.003575230705991257
0.0004772232929119895
-0.003839415260596868
0.002110329301432423
-0.003303027641082647
-0.002697427808542592
0.003982478972372069
0.001174129882246426
-0.002519099994853609
-0.0001239143364141934
0.001832278472092635
-0.003677920587139965
-0.007771138258559001
-0.01105371539098522
0.7570917581976024
-0.01079417110984944
-0.003595324081639607
-0.005997044050605307
-0.001861577849645826
0.002526272951574833
0.001110449762177524
-0.004059552817441782
-0.0007573624865780661
0.005157461508603311
-0.002823010705787035
-0.0002474252425447585
0.0003593376125997728
0.003372773472996742
-0.006626042118286398
-0.003938951024215019
-0.01205883852728392
-0.002934083346034065
-0.005707826118899223
-0.005185554099967151
0.002507864985580145
-0.0007500374785629719
0.002741678583061283
0.006186180497377691
-0.01897004137482124
0.001581358073923318
0.01654101320979544
-0.022106538454785
0.001166902960684442
0.002137395053079549
0.0007002803545042488
-0.001165152673546392
0.002422949415209143
-0.009322032708000786
0.02956812993957878
0.02005564556356623
0.02090707440747556
-0.00795956193312982
-0.03650868401893315
0.0006226164333896243

0.009719771020028169
0.0151183587069259
0.007985283000330136
-0.007425544781800663
-0.006416892817021056
0.005007517054204087
-0.005700268928224776
0.004323559692842682
0.00368701540657467
0.003968298247937373
-0.001531749025142417
0.0005359599940137445
-0.003276817289868767
0.003298042328683715
-0.001553761888644325
-0.002802721463089867
0.002089300752185686
0.003574002686272892
-0.0002571119483918819
0.0003901247192393655
0.001400169140247673
0.003233641830574327
0.002480776230139164
-0.006910844497088837
-0.01064207986216838
0.8861013656019506
0.0006837662935307903
-0.01104210969160142
0.006218044703560865
-0.00557517289075281
-0.005059739414567064
-0.001523164756565697
0.0006140738077848783
0.0008876423192815631
0.001673472707855652
-0.008708868387390337
-0.002460012899509694
-0.005237680611333
-0.006138309910921225
-0.003185833515760141
0.00901551051171225
0.002976478818421671
0.0083088295750512
-0.001962879420607049
0.0006562998505539367
0.005051420685951311
-0.01903879026946871
-0.01347372000747381
-0.01165385650628796
-0.0005571839212623073
0.002940715595275706
0.006553914858769957
-0.03227295039180669
0.005636116829134597
0.001455918199914555
-0.01627415742603202
-0.012573485354642
0.01314640789450553
-0.0324787837031076
0.009838530322913137
-0.003270529768481239
-0.005261937190047716
-0.002578573694935749
-0.06936753976251897

4.707250236757702e-05
1.21746412705276e-05
-0.0001880202286366144
-0.0002277770143667277
-0.0003693560601042948
4.644970542947703e-05
-1.471350580632316e-05
-3.876705102108672e-05
0.0003986803373033886
-0.0001723954997998692
-0.0002131374879534921
0.0001021045897823435
-0.0005119779823981583
-0.000463003316249054
-0.0007633999689024876
4.475478676386091e-05
-0.0005279404228977501
0.00101613446799677
-6.390864807977593e-05
0.0003926805819237707
-4.142862822779095e-05
0.001061261710492989
0.0003455226319099051
-0.0001285305319679332
-0.00351795638319891
0.0007329542751159535
0.8811649865534529
0.005179849962137502
-0.0003585948155157657
-0.0001523595001358258
0.001311577676107863
0.0008641159116519923
-0.002781232523256075
-0.0004230640435303186
-0.0004038182209153347
0.0005531249500125328
-0.001403126511884571
0.0001162229706114336
-0.0001140173759302782
-0.000879974151265146
0.001558215273657232
-0.003608640338762111
0.0005186616451931336
0.00138987033787879
0.001360284113447869
0.006619960491610241
0.00206258656318926
0.0001553704097486901
0.001224604316347876
-0.007060596156080229
0.001709922152704636
0.002151007355753895
0.003174287552422896
0.02236197482182618
-0.01713022416798948
0.0004188657703334966
0.004643776436468629
0.02290846326082801
0.004135381001437885
0.0001601723237895959
0.0003173249967091283
0.01388053804359428
-0.00313405962880748
-0.001463821101210657

0.009152318830621875
0.01484251899623889
0.007637510765683351
-0.006309717031516124
-0.006384673033610578
0.005136366757334051
-0.004421710441912734
0.004948851532703271
0.003147455809471679
0.002516299163288221
-0.004088901493155126
0.0001191369807959007
-0.001393412197447478
0.002277836407367008
-0.003439026106439039
-0.001294620617968744
0.002206166218334179
0.001610553490429283
-0.002619481290020144
0.0001287519618227267
0.001414875478842172
0.002580199635485468
-0.002587131251087611
0.002763236594892627
-0.005786887318411191
-0.01085552668905373
0.005123655568226816
1.030348175877508
0.007664575627978917
0.00817886119035138
0.00321705559028227
-0.002182554583066419
-0.0003587778932803684
-0.001926664175394686
-0.003548617629757406
0.006962091937571887
2.171352776746778e-05
0.001181404090048703
-0.0027739715606319
-0.01134344179774166
0.007819901269884872
0.0008881540994573802
-0.006170934502579432
0.01514053751584093
0.01326902968594511
-0.003867298827488554
0.007764794567993507
0.004334142954389486
0.001015558267814558
0.002101073465996049
0.002424541761233741
-0.004821578183403334
0.009059803802151311
-0.01399042147814151
-0.01700686467256006
0.008143794348141813
0.04713017655005865
0.003320463072160463
-0.02683052219387341
0.01640810053029381
-0.01481120360179595
-0.004610623482954716
-0.03125799906577786
0.01048484455590317

-0.007552805647396351
-0.01182326397977496
-0.006504373650837451
0.005395803117343619
0.005171766580194415
-0.00450198374650506
0.003951764559929528
-0.003569752525011279
-0.00323392307266653
-0.00239723417072025
0.002364733211666275
-0.0004412568109070421
0.003073241635860087
-0.0007295096616288942
0.002158589638100375
0.002775756790794019
-0.0005990948138422849
-0.001409838657238211
0.002105085813878273
-2.436469939681035e-05
-0.003518679760748185
-0.000834968272836107
0.002161315968306962
0.001700391053208766
-0.002630967391608658
0.005939960378510841
-0.0002927965287322846
0.007844766784915466
1.190308695512073
-0.009414334435624231
0.005512533181855828
-0.006046952914803016
-0.001728360767318487
0.002032004312462548
-0.002227400849061813
-0.003873830521078607
0.001204529476318399
0.004186440404788457
0.002553624848638547
0.007129021496580468
-0.00910229873909468
-0.001162963207785798
0.003701621699635938
-0.007809642874045177
-0.00861063825277312
0.0004735321560096087
-0.0008271970305514119
-0.005222379009921792
-0.01396183712231018
-0.0008029592461038478
0.008982633308811343
-0.005206913909850602
-0.007308026213234491
0.0005621495747285626
0.002985522995054211
0.00319657777787394
-0.03029337185775905
-0.007987578487976174
0.03159217012337228
-0.006113273693069516
0.01163653811016518
0.002337903609511641
0.001827924483480828
0.002525540098131685

-0.00593900498869528
-0.009779045405684467
-0.005188965432696352
0.005070644827561618
0.004258902512052903
-0.003351401261650933
0.003741127539936856
-0.002927761425907541
-0.0026408579831153
-0.002621170905821099
0.001654032789584276
-0.0002616662038038893
0.001986709933022248
-0.002513748079882242
0.0003439701589960695
0.001538273292324273
-0.001886740925649442
-0.001296690385973767
0.001950873230790832
-0.0004883216910958691
-0.001392337546820459
-0.003332159341524169
4.994973910418078e-05
0.002181019348071127
0.001727094569436682
-0.00510053476381457
-9.342196153120849e-05
0.007343598899957971
-0.009361495887883058
1.373501511023842
0.006719409713934615
0.001930186142649232
-0.0008629388992428284
0.002523449402341738
-0.004633870774211941
0.0004436694543351024
0.002444020015563215
0.007555214678265934
0.008324240860667981
-0.000493657860386589
-0.003220215835176726
-0.001411875319076244
-0.002479818732886096
0.01096658238812073
0.00555187987949287
-0.007790159464293917
0.02110905136831186
-0.007777014499021653
-0.01241835669182445
0.0006188647191585454
0.01377934935483647
-0.00206862560716167
0.005114227266332794
-0.02265603466440835
-0.02343916509688637
0.03278669672440559
0.01294908210483668
-0.004492347821471144
0.01124514340852015
-0.008343981337416087
-0.01656229128691329
0.007184154302242463
-0.01897573545890128
0.0427856374165432

0.006603529851871282
0.01016677814252879
0.005494659376420645
-0.004402951342423175
-0.004576462426583315
0.003386516696040602
-0.002772955328411712
0.003733722707078178
0.002445299043986125
0.001748131423871619
-0.002696066187912594
0.0001609235553879076
-0.001518940795751314
0.001527076408486402
-0.002485243541819572
0.0002735356007198824
0.002037513926989884
0.002693120180631005
-0.0008136502198815387
-0.0001295692639531045
0.001861708484569215
0.0007414153646044684
-0.003570618925366585
-0.0001406610409531988
-4.889295389752177e-05
-0.003209244796582732
0.001302235666420602
0.003528942335102708
0.005389319608597928
0.007074009431373537
1.57757677546629
-0.01009263351757942
0.0001994932481730401
0.007427503774213829
-0.004593386264988153
0.008315867604203525
-0.0004368742886686775
-0.002585823047478156
-0.006224462335640074
-0.005041423370289358
-0.01208651035912766
-0.002977731801932451
-0.009950766115910769
-0.01023541326965164
-0.0001668505712527344
0.002358861168263349
-0.0008438825952659117
0.03071387651035553
0.006414893412549369
0.002443702814990488
-0.003636526364456642
-0.0254502564287211
0.02523994409027606
0.01716938899087322
0.02100833571472412
-0.02021581739323094
0.01566245683436945
-0.01502045722730487
0.03651278278920499
0.02366157031386168
0.03589499808000926
-0.01246106333283277
-0.01769896527716366
0.01597811622019858

0.003998923258289394
0.006837926080209556
0.003756958377561995
-0.003567023519193254
-0.003068011879794821
0.002664138531516356
-0.002655135790217307
0.002113814094371622
0.002121782081926745
0.001690004050099706
-0.001473787252256916
0.0002761863395287071
-0.001928380873282732
0.0008155917945388575
-0.0009437309400372174
-0.002559552772337463
-0.0001433957845335441
0.001429682510272842
-0.002213408892506249
0.0003341776764335
0.0002115412152335298
0.001880098915621489
-0.000377441308399518
-0.001719245222359292
-0.001196301204054177
-0.00128990004859628
0.0004927352452813775
-0.001460952996557399
-0.005447290779546973
0.002592876159645181
-0.009913596473327901
1.789513649183905
0.01412403846508272
0.00657106934266579
0.01010318441425432
-0.001941811882574254
-0.001879098341805073
-0.006069410674608304
0.001028744610093564
0.003583383112145751
0.01069434494452719
0.003143357062041198
0.001403070821688338
-0.0006771981176859117
-0.004342493566436244
0.002236439510638461
-0.004791557903675004
7.992696337144351e-05
0.0228603756534997
0.00294041279013102
-0.01812537726328835
0.01645028423549615
0.003631294226613856
0.01190463721870309
0.007438751742514424
-0.01137334072003687
-0.001485852657517252
0.01440599128194705
-0.02148326894632562
-0.01593477442226531
-0.008698882699592096
0.003614930715998686
0.03628048689963563
-0.005554789647526223

0.001453277371853207
0.001892727076959566
0.001178481406676736
-0.001404816485068767
-0.0007470729947023995
0.0007363939142854088
-0.0006348051364559161
0.0001698832463470823
0.0008305407027840446
0.0003605084571097942
0.0001589799780558497
0.0001783733251972673
-0.0007281744991424726
-6.713996376766888e-06
-0.000224997587906282
-0.0004891081283190954
-0.0001665522815821093
0.0004436639463246826
-0.0003414902126220933
0.0002153233732779017
-3.501013509348374e-05
0.0003477347762879153
0.0001609781208236581
-0.0001512995424669225
-0.0002388181574546962
0.0005307636225413463
-0.001345400854185022
-0.0002132688984758662
-0.00150172684729284
-0.0005934436260534542
0.0001341585212374828
0.01400225450030692
1.792905582895099
0.00552450396282486
0.002695263920863229
0.0003763683153885107
-0.001124701716652497
-0.002219110205833012
-0.0008829610332745461
0.0003796138331696586
0.002530348656031899
-0.006117477775067379
0.001297531383106469
-0.0005059306339124707
-0.0006904952153538376
-0.001345886750784932
-0.003425554573397834
0.002654335156140385
0.007049483499255006
-0.01718558833437864
0.0001694583453766387
0.003178468773374939
6.583425716686774e-05
-0.01124224440365002
0.0148563742205114
-0.005604081910863289
-0.002689781985285398
-0.03221743078391041
-0.01788641535881136
0.001821543917842241
0.003584468031819388
0.00436868275533803
0.009000142363194689
-0.0008878335886877793

-0.004969584174919215
-0.00782314466370361
-0.00434396827216494
0.00363857233852973
0.003518120591906355
-0.002912803582846242
0.002893132507861006
-0.002327519751124836
-0.001814532094604742
-0.002040764628881787
0.001622857134877075
-0.0001736792230484259
0.001356061074242764
-0.0015960280025089
0.001425383025249035
0.001465864836374455
-0.002176891012819974
0.0002793116514640886
0.001014529476642322
-0.0001605090198944009
-0.002468205686751915
-0.0003614823022868243
0.0004664036662208376
0.001171403919177967
0.002987008011753462
-0.000129046976123618
-0.0003039011186485026
-0.0004390578509117587
0.0009433405534647809
0.003072028865846595
0.006821704976839912
0.006779916228609441
0.005607005627663197
2.038734561704861
-0.01020015804502078
-0.008991405521863862
-0.001069049269230267
-0.004434682466145197
-0.001956497927647016
0.0041684781849597
-0.007159048763854036
-4.907265838245039e-06
0.002709429195177917
-0.00841990873969832
-0.004322787111300483
0.002844556749387673
-0.005538927224466246
0.002480003628779813
-0.0101732714622828
0.001250276301083751
0.007782599528721403
-0.009931699909769141
-0.006609740790166166
0.007957318925737254
0.009184099888962455
-0.006881733386358059
-0.02123495131711367
-0.003625413015713271
0.02365783678694331
0.004105735536149475
0.01887720472479087
-0.004718585801431441
-0.005635138769299899
-0.01608721362859479

-0.006342509724036606
-0.01002740324928146
-0.00504632006866003
0.004178038323644117
0.00408464067819192
-0.003431721805075521
0.002755112087494774
-0.003182772425945133
-0.002172911155925678
-0.001471886359462565
0.00220707015282871
-0.0001865206309732816
0.001568545903007103
-0.00172048419479919
0.002393607427129593
0.001201812458593294
-0.001439544750402123
-0.001989792203394239
-0.0002903280382961046
0.0001452343516038915
-0.001126608860368194
-0.001405029784283575
0.001354765822988884
0.0015636638236798
-0.0001543913635819929
0.001812390247374593
-0.0005221898456119242
-0.001940807590694638
-0.001797674914687404
-0.003128954943103605
-0.004383710619028967
0.009038268128204335
0.00238796119327008
-0.0101660522883567
2.309670566178678
-0.007492758643526307
0.001220495669216178
0.0007990742614297427
5.280097025705394e-05
0.007559208414362264
0.003681624035559489
0.001388185677738574
0.002133418717400028
-0.001991070208446259
-0.008126881313224343
0.002157004899546541
-0.00300352068336798
-0.001311728763923551
0.01947144873950591
-0.00181923406925724
-0.01557182975119044
0.01859164065849919
0.003953658116135017
0.007454895981780495
0.01135052135918361
-0.006277449703832428
-0.0164136277395278
0.003049823806726612
-0.005243876912223791
-0.02185070834251297
-0.006912541563325908
0.006814689306369857
0.0424313798377242
0.00468990517758701

-0.005505616943593301
-0.008489936611080081
-0.00439779573843112
0.004159897291806161
0.003551507941675463
-0.002643548186700541
0.003088039817972961
-0.002345689928961401
-0.002281603093246392
-0.001580746946305987
0.001062849406245452
-0.0003550276046276339
0.002369943046540062
-0.001572741200322409
0.001499030213480889
0.00213279545829369
-0.000596971915205239
-0.001470309652182178
0.00169858933520808
-0.0004595397889377131
0.0016362752207965
-0.001779652593538735
0.002073265928401079
0.0002862075076238172
0.0004364063848429941
-0.002292573649079644
0.0002774058812755994
0.003881049126283639
-0.001396402345340195
-0.0003184241016914867
0.005353714018570969
-0.002555025092905768
0.0002488510460014018
-0.008171668767499859
-0.007687574095486319
2.611939658634172
0.007549990299440045
0.009576884729654934
0.009192490259576146
-0.007129146931359393
-0.003008873158463444
-0.001570877126542482
-0.008566428113254951
0.003654909612458411
0.005233935539632639
-0.002963356666751406
0.0166847523644699
0.01895595434949492
0.02278293855220283
-0.0003502788372281538
-0.01184774889624707
-0.00339348408685437
0.03941783539124347
-0.004644452356583812
0.0008756515330197625
0.00728322098856858
0.03330935450518389
-0.00770973944810194
0.01276657871659576
-0.005865294277119408
-0.003066719691706833
0.00107410268860363
0.002338318923836864
0.06494584941588699

0.001049229980371339
0.00114496298192178
0.001007457925926957
-0.0002758671710312553
0.0003531198517858696
0.000559970822118408
-0.0006017977654985454
0.0003390701265046897
0.0004237507019236551
0.000660475312523712
-8.291422276806754e-05
8.717393580162208e-05
-0.0003795505321276064
0.0004159407801792806
-0.0001231257442789231
-0.0002222323177860392
0.0007068543704735698
-0.0001582742388793868
-2.940149066907697e-05
0.0001821951265431188
0.0009069091438182835
-0.0004628272951775652
-0.0002113407769307524
-0.000219321637405196
8.439176904462915e-05
-0.0008798942158520334
-0.000431070329489982
-0.0002791508770620515
0.0009462877930439356
0.001221071745840012
-0.0004601876426245201
-0.001601994877735128
-0.0008665118216895424
-0.001010200723522446
0.001386067927870941
0.007491257765226902
2.807289506797017
0.01501821541487486
0.00161869345265151
-6.8427241224721e-05
-0.003747233882868812
0.004095315140763484
-0.002487679877740479
0.0003571967402975014
-0.001018721062233067
-0.01237109286109007
0.003062159884070372
-0.0004412399022205596
-0.002592574511361496
0.01587073419086609
-0.002286557053985636
-0.001297607044814017
0.006882259334018739
0.01575485539736595
-0.02059179207567745
0.009928552926098465
-0.001052033768706995
-0.01055754096027139
0.006825710218302541
-0.00256346990987906
0.002173755213789501
0.02131969275735657
-0.004585883046425219
0.01533505789377367

0.005368657981158547
0.008742631669048387
0.004379076543129115
-0.003717175971083063
-0.003756752840884388
0.002811395357185519
-0.002351417060900015
0.002712772114419379
0.001698690372262788
0.001548337929100132
-0.00191893862012636
0.0001162496594908075
-0.001231740404018421
0.001844230928996831
-0.001707343007991632
-0.001128409084096237
0.001938710105238453
0.0006064307528140954
-0.000372637806905963
-0.0001150700784117118
0.002029588844505272
-0.001147997634899088
-0.0007195028306311903
-0.001068253303437165
0.001182578995502532
-0.002015312916845556
0.0001484762290643213
-0.0002042597702839612
0.002654407272009417
0.003115663409738159
-0.001882862906956878
-0.003895014619775516
-0.001757112023021133
-0.004241793941797827
0.001571291272088512
0.009351381696208926
0.01498783192434095
2.9294171899629
-0.005115362925404078
-0.005336866818541596
-0.01046849658043334
-0.004266535202898623
-0.003455677165765618
0.002937974732634479
0.00325395952715826
-0.004123524896268231
0.01756170784356175
-0.003812839334659261
-0.01215407260932279
-0.00239738877199582
0.01386668972882607
-0.005271246461416802
0.007027013599507004
-0.02055723253659702
-0.01108376857108196
0.02055090302190277
0.005444403882095581
-0.005853877260303941
0.02214517564972872
-0.001609339716517944
-0.003119267519904768
-0.002128118541722683
-0.01617220071940625
0.03773431045827735

0.004171421361623989
0.006665484568474735
0.00374233590786659
-0.00302217008194984
-0.002824282358432951
0.002391631205454959
-0.002113766652019297
0.001822638325517295
0.001706633183104627
0.001433400560034122
-0.00176694710176211
0.0001847630886349479
-0.001347323054415078
0.0008171364593204041
-0.001659813981603421
-0.001485137448901953
0.0008942188803108982
0.001140962147199959
-0.0006731617070965724
5.879527595578318e-05
0.0007282532626983437
0.001156294662647474
0.002525262077364079
0.0007504132857718531
-0.002484385484950447
-0.001259612207330705
0.0002218863158672375
-0.001150923140439085
0.001478720750613603
0.004398263728265427
-0.002507404083499015
0.000130551652013697
-0.0007622685049513598
-0.0009858869224152124
-0.001262832811335299
0.008199324429905329
0.001453625813071922
-0.005488073551636642
3.284716919797221
-0.0004165643806083811
0.00598427370597506
-0.0006864580112619755
0.006088858323302825
0.001829888043046689
-0.008984284704056095
-0.005839154493756042
0.01625968538315321
-0.0131965209118662
0.007109037398268461
-0.0005407588218415747
-0.002966161678965763
0.01889462632382839
0.01266842910429037
-0.0130826177759155
-0.006878039028808521
0.02718908652593704
-0.01350410069989748
-0.002531669157940066
0.01108810914301096
-0.03552201760294604
-0.01879539398818387
0.0143972250955738
0.03542337047590566
0.05253997457822127

0.003314614982242644
0.005576992892761813
0.003017207199044309
-0.002930065296120296
-0.00244670847957823
0.001762563589692675
-0.001930999065436849
0.001577479497958881
0.001483026931673523
0.00151757198078658
-0.001112657116265582
0.0002292234678715535
-0.001552777151252058
0.0008963724135844009
-0.0008093237592297482
-0.001510510977321713
0.0006145746766188681
0.001291756901453065
-0.001385230943641718
0.0002829526990941223
-0.0002562310951421971
-5.290899722581728e-05
0.0001945636177358152
0.001628930188960898
-0.001223859381251217
-0.001566285254871349
-0.000158309791718475
-0.00274933647449106
0.002533942460756433
0.0002925228615235924
-0.003048885211978279
0.002307548608179041
7.839536666858892e-05
0.002747673547453785
0.004915837478014131
-0.006403482572909886
-6.883526624697905e-05
-0.005163805931960459
-0.001275112594814271
3.666191918151932
0.005133185072537469
-0.00220411892408158
0.0003737289931688183
-0.005134748682127345
-0.01656333788259933
-0.001095359468525452
0.002747113721195283
-0.008917100020523662
0.001236739646801478
-0.001202179757468609
-0.003397305344035582
0.0146660198451682
-0.0001931238080746613
0.003426580477579456
0.01127518995514407
0.004728008517690709
-0.04498590728875452
-0.004302506644934475
0.02263318193522968
-0.03054294300628156
0.0001288111040093922
0.009636444224376451
0.04280034261384101
0.01859977886724411

-0.004778301967536985
-0.00734718815144153
-0.003715168982822503
0.003053275210522597
0.003042326942903649
-0.002069800635205466
0.001746753712771931
-0.002352225525837528
-0.001689859141919784
-0.001131720766270206
0.001733191087475592
-8.537539528870533e-05
0.001093441111657338
-0.001595235437156888
0.001209584232116289
0.0002324686137455979
-0.001879986874119768
-0.00123188527498076
0.0006770763671832111
1.311490330553548e-05
-0.0008737686889548906
0.001153534827348829
0.0010215349874283
0.001523364259776211
-0.002604632198138204
0.002407729452012206
0.000255948987294978
0.002873917026888535
-0.00231723669195853
-0.001386261268538924
-0.004137110237116748
0.00558697970207637
0.001527437480439427
-0.003199366171385899
0.001676406243909683
-0.002112171083197361
-0.003092719808598738
-0.008664362161031225
0.005766078131073953
0.005558060165181223
4.079971888805591
0.01181317261361601
0.01270249024248575
0.01631076315651218
4.542189203555601e-05
0.002817875945902653
-0.008294539544652445
-0.01053631948840071
0.01378403736704897
-0.003642855325510377
-0.01446929909153095
0.02263456335774856
-0.0126775421438434
-0.002805988826531622
-0.00937054544540224
-0.002134397263666011
0.0136254444045731
0.01983841664163325
-0.06190550568698716
-0.00850051624166576
-0.0284083355123332
0.005221420728724528
0.02034717419356116
-0.03024197449543102

-0.0007470526187686856
-0.0005032537103650112
-0.000612352118290606
-0.000172228432028942
0.0004391976343954987
-0.0009887623122743685
0.0001782021591726787
-5.921571231456911e-05
0.0005043253449742808
-0.0001567957073284163
-8.308506574541493e-05
-3.16197111589368e-05
-9.105891437521021e-05
-0.0001981750851637086
-0.0001364374054668275
-0.0001984343522313246
-0.0004192743434903439
0.0002830519500069613
-2.846964116958321e-05
-0.0001839486168450389
-0.0001450935165285717
0.0008450286006906776
0.0001432607587162042
-0.0002134753088033402
-0.0008772172360777649
0.0007167555967707237
-0.0007334035275509776
5.183067384721235e-05
6.981712040672063e-06
-0.000548117916390998
-0.001347487120153649
0.001344514175036768
-0.002521710863780477
0.0003738540823963676
0.0009946844777540271
-0.0008237932329920092
0.002604059949612218
-0.003200238555179224
-0.0004920170337794358
-0.002005425202973043
0.01155306919740217
4.285774130072736
0.01169896004691386
0.001667465602781538
0.0005372914462018653
-0.003059944047443952
-0.005237360171292836
-0.002797857997122946
0.0008743182705849474
0.01704369832290153
-0.007685784570638165
0.002437068936485038
-0.005805673504937187
-0.001290557304301509
-0.0003801330140591363
-0.001712731506939778
0.001654253345297433
0.01555031995778982
-0.007194834984339844
-0.002736710673605805
-0.005770967178249066
-0.0005597637588973423
0.001793911371923957
-0.01302379255034632

0.003371491497272962
0.005290128029326791
0.002795723553816925
-0.002552819505074862
-0.002198198403777038
0.001997415189568391
-0.001855157644556264
0.001403862699928947
0.001317268054255386
0.00113079820994993
-0.0007782587431996442
0.0002127443218448803
-0.001436976763046213
0.0007705248593988347
-0.001031835445551604
-0.001188400018664115
0.0002334674846907132
0.001236070700446433
-0.0004619523660689089
0.0001201997835283119
-0.0002425275078694586
0.001582554649679041
9.584485382880788e-05
-0.0001237736904026295
-0.002187851400230614
0.002108896286285604
0.0002425506161257504
-0.001699441741201374
0.00171725809309086
-0.001239323407660819
-0.003598699049368994
0.0001546759846159092
0.0002767075394933026
0.001967631034879891
0.0004840669913020389
-0.004663663712233116
-0.001352518292954803
-0.002372304776022323
0.005642284803848522
-0.0005090475330193764
0.01211560807164217
0.01166030340698455
4.518724659689601
-0.009787243527897199
-0.00947301677633193
0.003630434067719884
-0.01130426485745927
-0.01292527279224806
-0.003235648805521163
-0.00459609772771126
-0.00072380773556538
0.01330962430218183
-0.01581427398717863
0.0008944983505690582
0.001442864984100751
-0.00273667085272906
-0.01932840086398352
0.003872006335221894
-0.0140373300500848
-0.01268330840029417
-0.006441435797202456
0.002910734736015591
0.01646558652334312
-0.02454174700750667

0.002497930997589502
0.004019027741733952
0.002221474072857387
-0.001762402500986575
-0.001942435004032117
0.001602860670587719
-0.001571699352788042
0.001288034813611493
0.0008270573918016915
0.0009346918853155562
-0.0009869953373709073
8.075625378916523e-05
-0.0006164549560161838
0.0007633284175320807
-0.000948149723053489
-0.001160582989505357
0.0005558455481941135
-0.0004328669574865429
-0.0004853447107376797
8.788935532872698e-05
0.001194374375924746
0.0009128784601086729
-0.001010253626976844
-0.0005140405467114325
-0.0009026170980715867
-0.001521930461953269
0.000356224771185455
0.003628538180324676
-0.001653670802342631
0.00371794185086303
-0.002686695585802153
-0.0003124139758219823
-0.0003567962548115295
-0.003073514950353453
-0.0002462076298181035
0.001309403340390307
0.0004214471223733664
0.001399267286296301
0.001110263518357104
-0.002555316180251003
0.01400388245190164
0.001515192944509195
-0.009656201793122706
5.002299516578997
0.002109789870432439
-0.006074967468760862
0.01140877986064424
-0.0008327629972350366
0.001447428357887076
-0.0005973107924991297
0.001093913068028319
0.005492340027875365
0.002283732355376462
-0.0151539544446886
-0.01927542139682057
0.01363058579224959
0.0312820471516535
0.007642572664085417
-0.03229558585262716
0.001491503916210837
-0.02758157990090691
0.002073349942113386
-0.01262065150021109
0.007401803408892602

0.002872160151006873
0.004532166505003266
0.002355134082019285
-0.001817954495158487
-0.001952901070671683
0.001796556068433192
-0.00128055290941071
0.00158765799576592
0.0009269307301969369
0.0007236260466048581
-0.0009923062013207516
6.527189406872971e-05
-0.0005716320037296714
0.0007493352712192187
-0.001081337691519697
-0.0004960905137509442
0.0008400723224230426
3.920098868070439e-05
-8.095836842484294e-05
-6.593155558228137e-05
0.001557084842180036
0.0007486380386544264
-0.001728701892278801
-0.001746593030922421
0.0001476871310866049
-6.298460300425989e-05
0.0003248462932725374
0.001340227624157552
-0.002346324802060393
0.001639331100816353
-0.0006828703960824072
-0.0009263257501209376
-0.0002883517926917878
-0.001494955542395845
-0.003091103696584723
0.003174612058452198
-0.0002123677694864297
0.002265709081850489
-0.005620297853260249
-0.01112624822275093
-0.001209186059108726
0.000490984480005437
-0.008576663611655244
0.001092735613871236
5.515010849775984
-0.005723532418303041
0.007668385904316824
0.0009806406182351502
0.0009757056455343832
0.0006045152540600188
0.005578267948619304
-0.009849715186883722
-4.388915076598224e-05
-0.005726555102108243
-0.01021423567666937
0.0008737976642427766
0.03545534965368284
0.003160704720160668
-0.02001712395739299
0.02278943310100582
-0.004862587808449604
-0.008914925244360208
-0.03826423820032655
-0.008270735705979252

0.001124376510161666
0.001024996609712826
0.0007895778722510716
-0.0001924117065407853
-0.00114484270938924
-7.361976101527841e-05
0.0006611334096573918
0.000681570238525349
0.0001314487714706502
0.0006815608116097022
-0.0002295809546219789
7.590833057903381e-05
-0.0003000145493195037
0.0003090659748549264
-0.0001862492777188799
-7.538814800703015e-05
0.0001671361171203187
0.000524112661106526
-0.0004858498034330085
-0.000126506839028133
-2.183943509910204e-06
0.0005758132264637454
-0.0007420127881416401
-0.0004120974660284598
-0.0003973945572109878
0.0004778735910764957
0.001012656853743846
-0.0007267106777504738
0.0005450974463505791
-0.001629768531816094
0.0006430808730078681
0.0002015264568385033
-0.0005421103064020604
0.001035957405039775
0.0008815748810750666
-0.0009858944392870579
-0.005943125354009406
-0.002472554786026869
-0.003209644825109474
-0.00106182974050433
0.002158370946213707
-0.002140829977862735
0.002976683223485742
-0.005593338556812165
-0.005749743939498236
5.875547175128952
-0.02719753862950714
0.001359079110732873
0.001001499035762034
-0.008713790807165649
-0.002732311884207463
-0.0003125188371578215
-0.005766486431491689
0.01210880498033313
0.002713700199562343
-0.01146789944454345
-0.005044537312775012
0.005694100317207375
-0.004331599106644479
0.004383579863101565
0.002226741435582894
-0.02003682925660968
0.00400052056207261
-0.02334423635028548

-0.002017686766865652
-0.003303413048244519
-0.001642881922519083
0.001992061645024597
0.001237020746073273
-0.001243223420275034
0.001824962698313252
-0.0007680853517097028
-0.001211869218736877
-0.0004848700798017684
0.0001295452437221513
-0.000138817339691355
0.0009832320013578467
-0.0004512265922476063
0.0002501358824614058
0.0006651654303463702
0.0001704721934495705
-0.00128760450831807
0.0006309637481654814
-0.0001964610308453553
0.0006492297872220524
-0.002134810494462228
0.001141934274067866
0.001192432400204662
0.0009451604834335127
-0.002767970000388494
0.0001800681816084578
0.001392667490192066
-0.001175592534895272
0.005441900660966011
-6.572200893534058e-06
-0.0009707418808597922
-0.0007530246958780876
-0.001295734767392561
-0.001166592284469376
0.007023989463825901
0.001405328103208404
0.009023523769031132
0.008170656346401734
0.001765998187658271
-0.005521545856725874
-0.004069437771928031
-0.009540779259694217
0.01000184063330974
0.007578736153766339
-0.02701276957718548
6.087179257863184
0.007758514635533086
0.005629164904748168
0.0003408612206339729
0.009693486009862598
-0.0005272907631117324
0.02301214772527147
-0.01481069231741483
-0.01615609452744361
0.03153880862458363
0.01259307507408023
-0.007423740332824388
0.02508766495222585
-0.01693669543136142
-0.01354000253665578
0.003977371585665647
-0.001242932547142799
0.07393188012750741

0.002109766545452232
0.003475082124022152
0.001828748472381759
-0.001623491051701055
-0.001626274736455364
0.001250591542380772
-0.0009625465145984982
0.001335730262339175
0.0007611102843782543
0.0006808865249324323
-0.0008633810269579028
2.104861557723064e-05
-0.0002820906010061538
0.0005682336703262175
-0.0002962247920144016
0.0001674985481854548
0.001036576305239627
0.0006186997433511214
-0.0009694134651572269
9.992608632270248e-05
0.001294674067810172
-0.0002372205875343826
-0.001851404422381472
-0.0008044273603607851
0.0006571780699011576
-0.002419909852376605
8.088707527954419e-05
0.0005477722447737186
-0.00091419363634588
-0.0005409628675172953
0.007813443470953854
-0.0001268384604941057
0.0005756688593462224
0.001375710426596033
-0.001051785015359713
0.00740658851280754
-4.661465582139551e-05
-0.001950371802434475
-0.0071230897238831
-0.004361052661816156
-0.006265983192221756
-0.001619325092585959
-0.008922049754512962
0.0004764181990258437
0.0001051365455204348
0.001144820649195707
0.007844793131936142
6.666081682070988
0.002078370386508085
0.002832034863165904
-0.0007108700892832472
-0.02318649874005887
0.02202245089389613
0.01034594953583512
0.01318056539508253
-0.01447678986622471
0.0246788554941628
-0.01060861930191531
0.01598206701952938
0.02083705289942424
0.02252206263592209
-0.009678263014725567
-0.01681344902460752
0.01243621079531652

0.001417200246657131
0.002387042310267256
0.001530352306401543
-0.001281238165704648
-0.001158015114161893
0.001189916919099774
-0.001008270334703588
0.0005380941795929515
0.0007612068117614484
0.0006746369910001124
-0.0007613149535217395
6.532549243271073e-05
-0.0004379604591502826
-0.0001556340844322233
-0.0002050907251119992
-0.000563112979418865
0.0002438838886125003
0.0006381879515988523
-0.0009367773822370939
5.844880209645889e-05
0.001434333857717532
0.0009526871784370214
0.001043183336916843
-0.0002083192163768273
-0.002068146873874356
-0.001433789942708184
0.0002254802698996159
-0.0003825492106449814
-0.002194744428470231
-0.002369773251552075
0.0003467830580093474
0.006192187533328044
0.001761677414117398
-0.002780194205481104
0.006694838124098567
0.00754214104132112
-0.0008682988639553042
-0.004868515440165371
0.00296728908181271
2.623444171886698e-05
0.007109996286007818
0.0006706753681771813
-0.002268035113287474
0.0008984703444796485
0.001839994478970065
0.0007521310852727954
0.005398563061011666
0.001178162250603961
7.300516331003384
0.003802793955089853
-0.0161890514919659
0.01900427090954181
0.01480174563779221
0.007269175454459115
0.01097031102126183
-0.008178655807690388
0.01152176257653891
0.002289484433377111
-0.01971928081885258
-0.01518726596750235
-0.008446431600054769
0.005228833739744259
0.03658691617606585
0.02106221735607471

-0.0005636533052100388
-0.001389489031050735
-0.0003844797674757737
0.0007991466800766655
-0.0001275806489650242
-0.0009454397581307543
0.0003410437997535891
0.001378692923739959
-0.0002758182157444658
-0.0002832772669205247
0.0004241152131062259
-0.0001202288859726119
0.0005115639309327415
-0.0003722251950087558
0.0001075869869371435
0.0004326391280129908
-0.0001978807634044035
-0.0002792175075563862
0.0003415274186864562
-0.0002886470288111805
-0.0001682857191934808
-0.000429440553617042
9.846718678024327e-05
0.0001865996451189881
0.0004886040511377413
0.0001003460751847188
-0.000804507606377426
0.0004189475187246903
-0.0005014757114673075
4.153638433280582e-05
0.0007610408171291619
0.00116494788486677
-0.00384661817694168
0.0002715340083096968
-0.0007313656567549626
-0.0005141694144266937
0.005727750133734897
-0.0007591071619922757
-2.671637574011576e-05
-0.0002645082263493174
-0.002325369656091757
0.009398240337188781
-0.002525522652561995
-5.492841455609354e-06
0.0008398555117325676
-0.006739791636945078
0.0003835299953267467
0.00288724489125942
0.004092830419188736
7.737726393819877
0.01078436468532114
-0.001275862579893716
0.0006284376200199776
0.004232679168211562
-0.002031338497469268
0.0006097592584970452
0.003194304907197775
0.01564656348276746
0.008574953025214745
-0.0005627361614587156
0.0001788991944288151
-0.0009572920379584824
-0.004153398558355764
-0.0002139119133547051

-0.001571962525729224
-0.002597524886263162
-0.001611689526036027
0.001444178311192449
0.001345069174328828
-0.0009685716577584409
0.001180508579406283
-0.001168634570506611
-0.0006869920763481617
-0.0007845330392731486
0.0003639607177898593
-7.527749557528997e-05
0.0005219809778016756
-2.767427533753662e-05
0.0001760655630496537
0.0006233757064588639
-0.0001328659195466866
-0.0005626758932271037
0.0009277715254749849
-4.370105825509655e-05
-0.0006547265528329128
-0.001078490750058006
-0.0004741821857161232
-0.0002187506251193783
0.002030402865354206
0.0003237940783825659
9.860912357037997e-05
0.0003256602234738191
0.0008725442531300396
0.002298377482265533
-0.0007676316764827597
-0.00325689573661777
0.0003776115679096105
0.00258640169761768
-0.00454606704450414
-0.004262521275728759
-0.00107883233496383
0.004539898291969061
-0.001299696854706789
-0.001397921024841719
-0.00786533108818868
-0.004516628715303485
-0.0009782940404169029
0.0008341728699988579
0.003840238449260206
-0.002629267032571369
0.008316016124229024
-6.481474734056775e-07
-0.0142199310278159
0.0109679271946419
7.970234995818642
-0.01993289967359626
-0.01160133285671321
-0.005629098819897827
-0.005368658117165608
0.01122408948658296
-0.002551093424105832
-0.008931952436665985
0.01525519381167538
0.009417648637318256
0.006462816588113849
-0.00325366616368852
-0.02856732951437532
-0.001208546080561286

-0.003516271894311124
-0.005298489532629537
-0.002702022654591467
0.00213015238068613
0.002327596556319122
-0.001514232810520234
0.001370833420727926
-0.001912931354193391
-0.0009747384479706953
-0.0005805317774792352
0.0009957011925342373
-4.285737675130072e-05
0.0005240845563644894
-0.001076869721171121
0.0008596130850143161
-1.047067153850086e-06
-0.001142571279382173
-0.0006613782994309597
0.0004007836139914747
1.801164275652602e-06
-0.000791177107254473
0.000314913052365138
0.002318172752940526
0.001228813985062769
-0.001842980362643427
0.001312129446445064
0.000148159666316898
-0.0003776621171338737
-0.0008647855821094382
-0.00101112600771396
-0.004486949270897143
0.003470076916006816
0.0007388160204040652
-0.003407000726131708
0.005461470617195243
-0.001187828758405951
-0.0004836137031910182
-0.00117492262046072
0.006710444650936728
0.006266586564900148
0.01036286609292725
0.001127218490783839
0.007638691455225446
0.002731178798683916
-0.005969785029363501
-0.0003717665090267712
-0.0006319098113718091
-0.0187556154089771
0.01669390627230721
-0.0009478046407990297
-0.0191342269075362
8.685246401256403
-0.01227325173832253
-0.005279310436188759
-0.006614685952735191
0.002071311051168658
-0.01605438373820733
0.008600658951099535
-0.02396823213220749
-0.02781210982470654
-0.02433400636283031
0.01137544363688247
0.04125089579256461
0.001498967784970756

-0.002900257706514341
-0.004568837625358854
-0.002256245117146268
0.002152237689803172
0.001826823853735739
-0.001393753272710663
0.001543691617582159
-0.001269834190216344
-0.0009815221054346865
-0.0005679520558303614
0.0003491369316257636
-0.0001667978458893592
0.001200340758045142
-0.0007164378923793676
0.0009272631496011693
0.001002616973123131
-1.895306547417355e-05
-0.0008805058804538122
0.0001568465443740025
-6.002179382689654e-05
0.0007065377955583604
-0.001582727771141693
0.0008220014003409719
0.001025025074743473
0.0004555567371058218
-0.002965623142089644
0.0002592501045013668
0.001619106569460791
-0.001105324706333996
0.0006821272752341469
0.004826264577376606
0.0007939798067519964
0.0001785540163862187
-0.001463406526221258
-8.744721133553657e-05
0.01140187333482191
0.002017132632689138
0.002380466223594134
0.005023414794299541
-0.000545081491967951
-0.005512132689773856
-0.002831630296893936
-0.007252554293736021
0.001880970986174444
-0.0004236345504833256
-0.003727970197476126
0.01448363702727733
0.01572801516223236
0.01052505096070005
0.0005324131468545409
-0.01054231866713611
-0.01197670423373267
9.442410213923745
-0.005759737292285509
-0.00317470274393929
0.01230660575079339
0.02242481438050049
-0.01114018006570507
0.02317501880503157
-0.00577131143698182
0.002595680969952164
0.001009638122520742
0.002358093726973618
0.05713832935742986

-0.001072460961626333
-0.001251836081434312
-0.0009890257372783511
0.0003450526252789981
0.0008383427102938232
-0.0002394898022931163
0.0008331275070722108
-0.0005260957251484949
0.001137324073706949
2.08949413822339e-05
0.0003728241488018727
4.177646982065875e-05
0.0005810563225561029
-0.0004705382027616875
0.0007933820499979723
0.0006462212158145394
-0.000456490849124481
0.0002129803065919427
-0.0001224072533409502
-9.074799197390732e-05
-0.000543325103957466
-3.955910196139288e-05
4.743650995725132e-05
-1.77027974433109e-05
0.0004479566967570393
0.0007086932202152909
0.001922720449991156
-0.001265561961095617
-0.000237490266615506
-0.003261616000385672
0.002773678705237131
0.002457232118186969
-0.001835916905303478
0.001408398770078163
0.001601886386233442
-0.001899474111802165
0.004192992562598172
-0.005989262796308906
-0.004019805365273739
0.001701840077054589
-0.001047642522443709
-0.0005916116133392296
0.0005568232984773389
-0.00718305649202943
-0.002533589054401793
0.006909168018511197
-0.008906565861213193
0.007121749160334039
0.005614961711256128
0.0035006591073653
-0.004072864861096105
-0.005017413298516463
-0.006021516002640174
10.1390072215087
0.01583705082356732
-0.01370886396960979
-0.01220818590020701
0.005271632535395412
0.003399309032640414
0.003532206129403942
0.01068775681039787
-0.01521638145385762
0.008640357742240503
-0.01998930664277339

-0.002135433391894736
-0.003631637392552486
-0.001688388081805642
0.001562667625268754
0.001239056975563273
-0.001430067716271176
0.0008681948024664215
-0.0008626555490867302
-0.001677970430619616
-0.0008188992767241531
0.0006416390442240676
-0.0001068515086474556
0.0001571951102558505
-0.0005670124417210379
0.0005579220702767918
0.000725293675803569
-0.0004066317613366209
0.0004316829692836788
-5.556141347502172e-05
9.40971177398596e-05
-0.0004479619834389749
-0.0001511576856155879
0.0003075684625119886
6.659872120870931e-05
0.0002375569140852886
0.0003102815184161992
-0.00154660614302036
-0.00178696307436971
-1.596609660231845e-05
-0.00308011347420442
0.003129824352800304
0.001616997815943551
0.002795160586689429
0.001829911485736587
0.002681795373769907
-0.0004619036753914423
-0.005945319642535513
-0.003690956629173545
-0.002252936409117708
0.004343443052160798
-0.003137053125397018
-0.0002428769386314047
0.0005506356452403443
-0.009236140995544078
-0.005174032040052515
0.001194238415265705
-0.009099444539414766
0.008588549928269086
0.007619536198457872
-0.001107115357022953
-0.003349929147404328
-0.005947727974200665
-0.003147161488583579
0.016048190714589
10.28801047738051
-0.01197880514164791
-0.01710684347548326
-0.006018432456274515
0.005415780714121816
0.0003820367203497686
0.01836198054290614
0.005489730831256205
0.01247335097164042
-0.01319755005725888

0.001521599698532829
0.00266155793062348
0.001340057868318019
-0.001043415788632456
-0.001026478405481679
0.0009733968704818893
-0.0006454746899048471
0.0008222859332961906
0.0005599260435961688
0.0005106078379990104
-0.0007871488924698152
3.859710845375211e-05
-0.0002883343934229366
0.0004778950650839419
-0.0008432160404071209
-0.000584762241352644
0.0006321189465740824
-0.0002203168773183859
0.0001946119208376929
-5.562873188127638e-05
0.000570450921021854
-0.0005416098296228103
0.0006572066625189629
0.000366279295958733
-0.0001569969618106525
-0.001569172509387375
9.888357686362052e-05
0.0006394919538480585
0.0002660085332687771
0.004462125203334101
-0.002822363191555815
-0.001790369128113027
-0.001003807804351412
-0.0008226071811376645
-0.001296529356102689
0.001636365689588354
0.002515571143621652
0.004571547181524667
0.008599388883612757
0.001504634688917032
-0.0003640148477041891
-0.0003722788889072103
-0.0006660751260954313
0.006191831629606288
0.0002524035076357336
-0.006132809908575096
0.01786823556241334
-0.008170873251194507
-0.005554482662974773
0.0001194318966948895
0.008243092795996849
0.000610972104041374
0.0109913917023437
-0.01246719750395798
-0.01045938441949397
11.09615050392045
0.008993024500778234
-0.000695018649236343
0.005745288623720306
-0.01852190165559938
-0.01373180916510976
0.005824814655074363
-0.0006163815885081676
0.03987971639083554

-0.0007613075283756734
-0.001157310646037533
-0.0006403678871484087
0.0008109113628541894
0.0004778971173761287
-0.0002555085818039551
0.0004152939257197261
-0.0002674574477807232
-0.0007077627646774744
-0.000226515485493698
6.39833873936961e-05
-0.0001094907434756509
0.0007441371633254597
-0.0003510581786120003
0.000153573153405741
0.0005504521348007577
9.242102957510382e-05
-0.001063477906670275
0.0003536949641123852
-8.896117216549416e-05
0.001419595612560734
6.834613703605557e-05
-0.001167242319563046
-0.0007108251516638555
0.0004071763883779245
-0.0009816705026474267
0.0002967455891674239
0.004199997940764724
-0.003104876097480973
0.001673016563625697
0.002414646226371605
-0.0003140478015903475
-0.0003143229850976502
-0.00353596840685522
-0.003563895512204888
0.007315791462231174
-0.0003851144693780328
0.00122223333100376
-0.002855156787366488
-0.01431624845996545
0.004627993541463569
0.000462989068803394
-0.006855227066547143
0.01252970525968325
0.01622859940022386
-0.002620268129874158
0.006210110773681419
0.01421956531656912
0.006502277112270855
0.002242408162058025
-0.001932305819525032
-0.0116763203498789
0.01866915918356783
-0.01050513924927745
-0.01523332692776011
0.00892588800576887
12.01369267867767
-0.0008071618421440149
-0.01719440507023437
0.01777110780671661
-0.003147462787636958
-0.004450967343134016
-0.03607847797108045
0.01234493671184562

0.0003689896102358996
-0.0002153030027200742
0.0002603325893454973
0.0001845975493759295
-9.094002457832923e-05
-7.201804034743568e-05
-0.0006823429559145782
-0.0006283284406233034
-0.0001622393280548931
0.001668610228821453
-0.0002363580171359783
3.865514309689806e-05
-0.0004479032817319197
-0.0007530381767731373
0.0002097336054730905
8.086665026864239e-05
-0.0005486595738067654
-0.0001357153932773776
0.0002911500702417495
0.0001820783960766592
-0.0001964849262194916
0.0005749932949497619
0.0003289368251979686
-3.613452457445021e-05
-0.0005211374178792253
0.001239577341959005
0.001596838326559596
0.0002458041120939911
-0.0009804266174125421
-0.0007348251575792859
-0.001909192413717275
0.00226123951022742
-0.00448181175514302
-0.0007999400937501666
0.0005678682798009898
-0.001938884957589382
-0.002346006803274168
-0.001218902103965801
-0.0006470489138921498
-0.0006403963376985953
0.00639820795871016
0.005281642891884497
0.001573120602376198
0.003378734753615763
0.001376387816866866
0.0026569556434854
-0.003748652942325562
-0.005298504311934607
0.001742548974518608
0.009593294969737237
-0.005764998302844349
0.005582401686259899
-0.008568679852386721
0.004322240394678037
-0.004803604208126917
-0.0002228368685012754
-0.001255899405032516
12.67755861036551
-0.02640892666849445
-0.0008583486695450072
-0.006436057057368662
0.01631881763388129
0.003148586023757917
-0.01823175278268553

0.001043685963312495
0.001373521419827359
0.0007514064123651486
-0.0004748497477393257
-0.000582799787681043
0.0002390796924096132
-0.0003147758637161922
0.0003985119967785518
0.0003424692347237128
0.000993794710852847
-0.0005863239332031157
6.143263629380457e-06
-0.000367091709241915
0.0003769781091702097
-9.753164959721547e-05
0.0004524138335336842
0.0007978802009130257
0.0004696428480537107
-0.0001870719287112861
9.993606228888403e-05
-0.0001888564058561773
-0.001965983865401707
7.196147091905394e-05
0.0006203515509204167
0.001746726732862876
-0.002315416951192822
0.0003432892036203194
-0.002080456653690272
0.002913898880130363
0.001190079315039549
0.004631590396106817
-0.003234529596344131
-0.002647904893472174
0.003591358060902827
-0.001121299126689707
0.002821446949416034
0.001676710364795893
0.005084364803007926
0.002977231730142049
0.005696950729619544
-0.0200937855416044
-0.002328146940435095
-0.004828386571058108
-0.01274524785571464
-0.007885140546762233
-0.001776810435557064
0.01165262272952717
0.008157455651074707
-0.01142475672479713
0.004708586081661528
0.008892751021747497
-0.01601899368548797
0.01674142545524328
0.001901607658154044
0.003610826081622632
0.004491304920422191
-0.01547364508884667
-0.02630545979906937
13.00427284240143
0.002497635219044596
0.02893407364267406
0.003038861027211534
-0.009536400746370764
0.04348161510641567

0.0002112877110310607
0.0004500937273680111
-1.283194656028679e-05
-7.110050431595858e-05
-5.887593073421337e-05
3.346020797165092e-06
0.0001607805498376811
0.0001797751070335225
-0.0001667724246068742
-0.0004076290430858529
0.000145469728652873
-2.36687168594445e-05
0.00015310792358163
0.0001723867724153517
0.0001509477680764163
0.0003728588852077863
8.692704659884259e-05
-0.0001587725118451304
4.033907648965266e-05
1.671894765116882e-05
5.035726922232083e-05
9.503946601720453e-05
-0.001833736345639357
-0.0009262142452853132
0.001101782036743323
0.0005444840896311219
-4.676642571783107e-05
0.001301357206846474
-0.0004070644799704926
-0.0008310631985294365
0.002688836896146294
-0.002292488875227799
0.0002698146576941826
0.0003905910623958134
-0.003487781605668842
-0.0008787321959272966
-0.0005655812496854348
-3.322818537029111e-05
-0.008428307439942507
-0.008268180837561695
-0.003199117656961228
-0.001169506605984397
-0.004718923266332555
0.0004280501898827479
0.00934375558296021
0.001520366519679404
-0.006894189246217944
0.009798543419570404
-0.007839922096619772
-0.0001359255949893674
0.004912714896594409
-0.0167573978844081
-0.003960267214289449
0.002831210619516567
9.996720764047021e-05
-0.0156844181702851
0.01478993860783147
-0.0006865724865043259
0.002918407010898773
13.93911507339363
0.007932849798244873
-0.009847798881629427
-0.03793964603358489
-0.02034438973439583

-8.178020039425056e-05
-0.0001727780412702466
-0.000209077850490871
0.0001515952631203959
0.000116054800135061
-0.000309418664195835
0.0004030218834082689
0.0001223807670270833
-0.0002845667518586224
-0.0004335311793583207
-0.0002913762212416534
-6.945940473729374e-05
0.000101351827119637
0.0001919835682003138
0.0003386823550623791
0.0007110212733410836
9.382567552772937e-05
0.0003098585731292657
6.435978421316673e-05
0.0001897313284848534
-0.0002726728472170109
-0.0006488432191133738
-0.0006036000527181147
-0.0003399291001675236
0.001259864957486332
-0.0001913245271351309
-4.959892618732559e-05
-0.0009531795087247376
0.0007744705832217389
-0.001460088911611995
0.003904096802085366
-0.001026352024169501
0.000526893274298612
0.002766053826204281
-0.001386719069289999
-0.0004353899238610924
0.0002665511828670977
-0.0006963657808807928
-0.00378579861589375
-1.08400719252414e-05
-0.007549783815557265
-0.00167942417095607
-0.001197046762769978
-0.009723238011189312
-0.001803045944664644
0.0008770966984056582
-0.005923887370373719
0.00957209209776661
-0.004198790322880449
0.0002259759946421855
0.003266247869410213
-0.01458112702625289
0.002123234451580765
0.00734484958726013
0.01233199146674055
-0.01004439952315482
-0.00168487026734851
-0.00549135403974693
0.02562715823574037
0.006758284873104996
14.96762716892191
-0.004241369358438871
-0.0152253973998694
-0.01062725622445117

-0.001021124887567313
-0.0006417577842205386
-0.0007105052228509168
0.0002728225470450433
0.000381208307071681
-0.0001107486392716359
0.0005121901177337295
0.0005743662085105098
-0.0008115550962032393
-0.0003651439286519813
-0.002110317911757936
-0.0002122212910238064
-0.0003212060163543329
0.0001952022095097447
0.0006118230061207398
0.000251264769396433
-0.0004355724671773163
-0.0004143074814977142
0.0003508446922243118
0.001012185314350164
-0.0001624104381168494
-0.0003722743166779071
0.0008116833390150915
0.0006470230892262523
-0.0001125472906671728
-0.0001930429967946251
0.0008296671392222272
3.158282354626883e-05
-4.503026271150088e-05
0.0004652653989378067
-0.001035280084260762
0.0006674200490545572
0.0005057693246234618
-0.0008250853771705393
0.0007947789011325242
-5.319528277566998e-05
0.00396223837304948
-0.0001896979768732603
0.003246057783853173
0.002542378063977821
0.00107938359753443
-0.0001381099837162503
0.0009043843163875453
0.001176594718852677
-0.002938042082952918
-0.007613894192323071
0.001438896095274736
-0.003735453242354181
0.002752753108026269
-0.0005489023949963607
-0.001859150392183326
0.006153141698349735
0.0001802927694343952
-0.01019782404333961
0.003512196047409571
0.004561695531135862
-0.003964823610220389
0.01346320401188032
0.002624123941568123
-0.00921237154050358
-0.004552660058057836
15.34248755440282
0.01047677615192341
0.01143960467490381

-0.001614880171778974
-0.002398150251872734
-0.001096613112646512
0.0007926831318713775
0.001029483561831037
-0.0007678612327780463
0.0005680964008202891
-0.001028769716341575
-0.0003498650503336554
-0.0002145581352182891
0.0007830179092824489
4.119104182026007e-05
0.0001291454738231176
-0.0006767056727221966
0.0004112262881900581
-0.0001382655344428262
-0.0006373231864962829
0.0001696712121913028
-0.0002069569653603845
-9.80411517413825e-05
-0.0005888841406272632
0.0001580036581514998
0.00217005167109328
0.001214599675832966
-0.001705879556694026
0.0001586855537936215
-0.0002286319632611499
-0.00190394478736885
4.50433850430062e-05
-0.001866130958974719
-0.001785719870901102
0.004174600584365796
0.001152255890319345
-0.0008343834964176565
0.006260571637265327
9.927903218184559e-06
-0.0009417384238478053
-0.0029943458426794
0.007102992485331785
0.01009559160883714
0.005246766279371388
0.0003401885572403282
0.004508973197736971
-0.003131585970152432
-0.01364326575926017
0.001341173372251153
-0.0005507576009792254
-0.006580738606168072
0.01606595117976378
-0.001822085278070513
-0.01412159851355956
0.02212635396115031
0.0009488837995245492
0.005940379836370948
0.008186804044695744
-0.0002650388545509231
-0.0269115335042313
0.003022588516074929
-0.008388035746634444
-0.03338250545977303
-0.01462694590657909
0.01047449404318536
16.12563842621259
0.005350091576779193

-0.001585835593400078
-0.002640481903435355
-0.001142450694749593
0.001401556399188205
0.001035073022822188
-0.0008263902128361751
0.0009645458886734462
-0.0008295931148103629
-0.0006429993940785512
-0.0003910359332661127
0.0001819297572078654
-7.748151509559065e-05
0.0005463042511196004
-0.0002988475240480543
0.000224757299686762
0.0003705867451523783
0.0002456853829818712
-0.0009190824886367364
0.0002320220597784099
-7.281891711738493e-05
0.0006628931025517545
-0.001896175611962811
0.001493220781312225
0.001467016898420361
0.0003073911607061248
-0.003467484549489137
-0.000121320766212276
0.0009603062038293968
-1.600524004333659e-05
0.003322852287916276
0.001734807249651693
-0.0005568254742844571
-1.344005670615351e-05
-0.002098283527409569
0.0004515397147200593
0.009962756071148191
0.002553856944989585
0.006803420935344743
0.009983190297247676
0.003819467364122322
-0.007511562990714103
-0.00342437938190097
-0.006392123581949963
0.002043768881671318
-0.001781915122321499
-0.00836706038513269
0.02645217462730587
0.004843525995896352
0.009339077174653522
0.0002451909419270341
-0.0002171576177921975
0.0008025013064457726
0.03107890542310428
-0.01184720942555862
-0.008427808189332612
0.02527238423320204
0.008379341169915309
-0.01321287037022282
0.03292925977991317
-0.01569838427242189
-0.009745434149722808
0.01051796692786799
0.004410361460409861
17.29791793695589

