-0.1456771250249429
-0.2677980547225561
-0.07147125418564387
0.07681182900346993
0.0649596280998736
-0.0514439135201406
0.04564463787594584
-0.04696633818115281
-0.03050814521546305
-0.0246839409531298
0.02749003792545185
-0.004178037224189165
0.02641132017142741
-0.0192650210012722
0.02545977166868312
0.02194672458491996
-0.01792892060945957
-0.01962786915914093
0.01586349665261357
0.001445736144560441
-0.0142357653757861
-0.01508970871765907
0.01421538470322559
0.01295424618991033
0.01139731286854062
0.01271180397842695
0.0006429224297855655
0.01118434231765024
-0.01204988889729495
-0.01168553175281284
0.008143021455884573
0.01261892950851526
0.002726300330566021
-0.01102227335113449
-0.005911774936912867
-0.01009155331816335
0.001574919224954392
0.005147629735331973
0.01195790719203198
0.0120027049309127
6.309188498961581e-05
0.001637493147029673
0.01282958975853967
0.00821468549557583
0.002374054311318585
0.004367295554034032
-0.01113423441325647
-0.001236592992263579
0.01818779749115133
-0.003124565190077251
-0.01707629985274481
0.01175093886876839
-0.01185665748343876
-0.001040596646806928
-0.002334597319997922
0.003199772638290871
-0.01786432990572586
0.006875993196327944
-0.0149189885597732
-0.02301185907861267
-0.01851273947024413
0.006905106583375066
0.02598528130541183
-0.01500397819751995

-0.2676352991564491
-0.3138552000797802
-0.1474184704231807
0.1121115154014388
0.1059211411573427
-0.07496278006323107
0.07642783629069767
-0.0672621294496803
-0.05136137944703321
-0.03828247125865714
0.04251069616258095
-0.006974689626537745
0.04086328234063445
-0.03106844894666618
0.03934634110396774
0.03367869237001741
-0.02838939711628182
-0.0304920847239551
0.02451386837829894
0.001639224479284915
-0.02185052542029725
-0.02392407243348971
0.02230644595580493
0.02033277993967519
0.01854509724230366
0.01707711314299517
0.0008862122463104373
0.01907817625285628
-0.0191467900144975
-0.01704692339207507
0.01613633346269243
0.01911783411520683
0.003545045161914305
-0.01803661895125825
-0.01029224901971735
-0.007389391391597179
0.003131876325794743
0.01163378692194478
0.02016807105516883
0.01610712252195667
-0.006065886809387562
0.001462940931841851
0.01211472476827924
0.01467681289254484
0.007465282286955536
0.002090114273393224
-0.004189289729055872
0.01179545836974796
0.03468841593675433
-0.004152061943875171
-0.02646067882535948
0.007995720848102135
0.006188756631564396
-0.005055211305770526
-0.005747107979196447
0.0134847293867677
-0.005377910535605321
0.000519707568327686
-0.003121545111394914
-0.03199353977640761
-0.02397243526159755
0.01055303399799355
0.02794329794473249
0.0216774543615221

-0.07048954833869765
-0.1461480526235917
-0.03081429650991895
0.06966145680826492
0.05654203921840734
-0.03784844638020419
0.03705679848465995
-0.03598627532218153
-0.02597687737408123
-0.02179402249523728
0.02213364708198231
-0.003411610661584403
0.02137676684313428
-0.01656038907926015
0.02017175235061833
0.018255338349828
-0.01385796022578233
-0.01604812350815874
0.01258882125246533
0.0004511264164038666
-0.01072234030391215
-0.01366776305918159
0.01082097736358712
0.01069148697821871
0.01082895010676584
0.006807154055277259
0.0003709478053246034
0.01006881262215537
-0.0101525868051927
-0.009247059741091922
0.01497844097625802
0.00881873729144746
0.002104024231268042
-0.008553827381074703
-0.006313466975371475
0.003241091207690727
0.002550843226463412
0.007301384032097537
0.008058462070920447
0.005977338398616625
-0.01409424642732644
-0.002002185007191042
-0.00203448133478755
0.002473732210843127
0.00577317108735607
0.0006737522064333237
0.004028131068236526
0.02699338343634593
0.02288679153628013
-0.0003010712604820205
-0.01385948801928881
-0.01493321995112987
0.02671988706962143
0.003101815842817468
0.007012492044476076
0.00199201438386299
0.01238639015747979
-0.01266240997186594
0.03038399784418345
-0.003544350101349821
0.009018600166099053
-0.000985682398046655
-0.002173211462024048
0.04179152804649242

0.07524881443555068
0.1097391177414554
0.06896027592093132
0.006580473645303296
-0.05521384860497481
0.0385735002828665
-0.02905765229074257
0.03050140056098814
0.02284005421417187
0.01750147473920708
-0.02088999934456613
0.00238031112901336
-0.01745522789869336
0.01540231689565738
-0.01631160155728023
-0.01562812655513389
0.01360281776621123
0.01132285787459137
-0.01121368070097791
-4.348190370425786e-05
0.01111903438303694
0.00958687289543907
-0.009509907294735021
-0.008301812717029807
-0.008591707786116011
-0.01029289373813863
-0.0007542041106396048
-0.00548474113987147
0.007508411483660592
0.01365777616856735
-0.01057965883973363
-0.01012142811243993
-0.003015486721282181
0.004005600735761662
0.002845122171668937
0.009941464596074184
0.001599558857564564
0.002684012333889967
0.001281330451663196
-0.009288615241444684
0.00546062117415287
-0.001563543654747513
-0.009174653088837411
0.008328446674270185
0.002607435437523442
-0.01051029039607254
0.02819071078187358
-0.0136693944867891
-0.01431814616928864
0.00278359797952174
0.01704567847627571
0.004835679589399372
0.01437832611653009
-0.02323829454034524
-0.02467684490256263
0.03157410809594256
0.0273262861468576
-0.001147981385845007
-0.0002792586115605441
-0.003233586210997706
-0.01855396639325494
0.005860654996208045
-0.01688033679679241
0.05459863992084645

0.06254614796422023
0.1024429457615198
0.05540648220983348
-0.05473484380329898
0.02357415119191755
0.04241770420250796
-0.03531140870059176
0.02273102586442
0.02182959756806544
0.01862831747591792
-0.01536564459048126
0.003009918645007035
-0.01824277439087921
0.01421645640508665
-0.01539081784632563
-0.01357236886494269
0.01250903739358141
0.01207060199214154
-0.009412993966060795
0.0001032226473762476
0.009870287134532672
0.009485120190751695
-0.007132683481822037
-0.007748006488469353
-0.008768785642441313
-0.007678051984943722
-0.0007318042465110034
-0.009134826615340831
0.008645633921605521
0.00868666143297445
-0.01107563863584898
-0.006483116162244972
-0.001115723035951744
0.006430812284117878
0.007559771308182009
0.003076399043407584
0.0005300581119568287
-0.003165616585929383
0.002306287390623271
0.002446854495145923
0.005758594800041003
-2.68235869667835e-05
-0.0006142601152927842
-0.005158620183578497
-0.01263779687551632
-0.005016671938350734
0.01154186885147837
-0.02054417490014435
-0.009183983855204227
0.0002408475091825362
0.007340369815170627
0.01846037675897833
-0.0009074426051973797
-0.006149833724960037
-0.003535780808814273
0.0133670338574708
-0.02088594754778173
0.0008110407959039771
0.003641699593020564
-0.0208091723460999
-0.009108454969288166
0.01022190142387975
0.02629023921548154
0.02115610881261481

-0.0495927533557799
-0.07220591839048536
-0.03676710958279485
0.03800153447513396
0.0422516629898887
0.04321765119228609
0.0319185917917372
-0.02797563723797397
-0.01372804781242372
-0.01291629067071444
0.01520207788909065
-0.001199422569905442
0.0120998635308079
-0.011978593558114
0.01289391317385465
0.01109245768469543
-0.008330219181277592
-0.01141927732208675
0.008533063217370252
0.0002527880415650997
-0.005410074881760841
-0.00774209465586762
0.00596152842200234
0.005740130793584233
0.006267962434855239
0.005988974735465211
0.0004839885520330619
0.01013532131520538
-0.009585002567496965
-0.004505024027043107
0.004744532430683206
0.006321524260816473
0.0009152218682110466
-0.009537640303304029
-0.006756296967171454
0.0005325564677150212
0.0008634980604206076
0.003642532814325533
0.00142510688325673
-0.008476582188369121
0.008044285339516809
0.00132421939039772
0.0003194116795729746
0.01988728205848589
0.01993124682518634
-0.0003077033824119691
-0.001769418023516963
0.009181306882560698
0.0149675047161585
-0.0008125764238978762
-0.009440210532489321
-0.002762016627125897
0.002418117163052082
-0.009689553022933133
-0.0176664941926175
0.00415745713857227
0.0479873055824975
0.01018828888648866
-0.04187961884333435
0.01235093287928762
-0.02226109545749123
-0.003174513232209949
-0.02486438292063672
-0.006799659596963911

0.04456338742427354
0.07456415217596322
0.0361898696399187
-0.0288110242992347
-0.03536880652518053
0.03205272796988887
0.05157101045023984
0.03077674356797071
0.02055559158065665
0.009112046048389007
-0.01358361402069658
0.00243318627546187
-0.01279992532488169
0.009512666174549437
-0.01272908929156491
-0.01019441542684711
0.01014153250465775
0.008244668097474716
-0.008706911139889487
0.0001740647315220952
0.007292910042342796
0.004328864194006458
-0.007361693875387612
-0.005385414225448189
-0.004466936479392932
-0.008986722907280861
-0.0006735216066680636
-0.007163908291283172
0.007995868768183595
0.007262283010781721
-0.0008293133752223739
-0.007912110388512857
-0.00154176828101472
0.007804635329503811
0.003416715328682415
0.008252116420955439
0.0009978992244086087
0.001432794110636449
-0.0002320195647841361
0.002209201640601691
-0.01406459087970285
-0.004448015753042874
-0.00893532472045103
-0.01392694264906179
-0.01101692624336083
-0.003955355852333307
0.01816954140202087
0.004845764106931849
-0.01158588537002505
0.001946717931805505
0.0134157941392158
-0.01147529904969543
0.02246507409716549
0.001525330122585788
0.008713212566273842
0.008675201338046428
-0.01376230664637156
-0.01996463229828161
0.05806347440646236
-0.003118624241319509
0.02426745127190318
0.001537694563899739
-0.001830381618374895
0.05412124005524384

-0.0447883837240322
-0.06429534344837384
-0.0351387114818499
0.03002468822738507
0.02259213174745733
-0.02793901244336153
0.03058033421104853
0.05985617195892667
-0.02507732903352256
-0.0171143409112616
0.007644266433127292
-0.003132733796523379
0.01211120668029973
-0.01020617597756078
0.009091360003459502
0.01180600833449137
-0.008527529129355758
-0.008848737221984036
0.006341641374287357
-0.0001469815929036879
-0.007114101972772988
-0.00744639725659748
0.003018904469965003
0.005769045459526571
0.007703506919517621
0.004984604421300861
0.0002465083508846813
0.0073904041710508
-0.005306778128531845
-0.004942651497762575
0.01018314075848099
0.001289587864731684
5.432628341830753e-05
-0.002988655054096583
-0.009370501901255013
-0.0025017785511869
0.0006986769684676573
0.00529632381548946
-0.005397823106883625
-0.005662554789349563
-0.01174246828513469
-0.001122563766123773
-0.003373880539175287
0.002483366701088619
0.01384979400254847
0.00278320576822752
-0.005884376816328215
0.02037949609188248
-0.006910188350742831
0.002387178867091331
0.006077482861418902
-0.03050417958737555
0.001624988125337044
0.003007335343743992
-0.0009544149677494611
-0.00747756673525898
0.02264578257368842
-0.00790547889111945
0.01474118144049511
0.03260944184899341
0.01967416597119798
-0.01351767454512804
-0.04980661071434431
-0.01362194071938312

-0.03009651738219377
-0.05070474197114108
-0.02587205614776011
0.02306688992232522
0.02215074033249704
-0.01401397986096626
0.02072307053781478
-0.0253348385662441
0.07248607581495001
-0.01892606330881583
0.01545694084439385
-0.0003994751202116309
0.004874038196343198
-0.007792260836431419
0.009850711946181484
0.006626940672200511
-0.008244097686114314
-0.00687929246739612
0.005755681382292059
0.0001074923444317149
-0.005103566169055225
-0.006173674000877458
0.004933781433274868
0.003721866536749691
0.005851838420573756
0.005257011337380925
0.0003418609622462491
0.002301650622289392
-0.003702865180724502
-0.006901674718352943
0.005644881518842244
0.004898446927835127
0.001387963475809913
-0.001101230328167993
-0.001798840402263083
-0.006519215711512327
-0.0003810634585855173
-0.0007776197905399961
1.443357192670251e-05
0.006612999976392205
-0.005543900249561411
0.0004663177309515173
0.00538489335862307
-0.007014667397232512
-0.003550314684286548
0.005517638354596769
-0.01447141240434391
0.005704819754860938
0.003573148556124731
-0.001198978426921231
-0.005993197158373458
-0.003737367901952489
-0.009401911519524828
0.01384583013975022
0.0128999768469965
-0.01484498442797129
-0.02288650924769079
-0.001508257688319709
0.009376368269402142
0.0002167036171899697
0.01358279857958685
-0.003565922706508179
0.009925712346259484
-0.027685003163088

-0.02567966565451182
-0.03973946275561505
-0.02248413124044488
0.01820660119240328
0.01938800431917825
-0.01351871745571311
0.009636563295035936
-0.01761660205256404
-0.01914815675513222
0.08530554699312129
0.01728565263066381
0.000461713326502513
0.01289247148402818
-0.002678706297035032
0.007525805083063035
0.007184710959955493
-0.004530308408618702
-0.006789020195320381
0.005404847674195062
0.0008238821817739315
-0.004564887520165065
-0.003797785640554284
0.006883519486244865
0.00506809230469537
0.001700234262149037
0.00358010015100748
0.0002013504952409898
0.0023447156307711
-0.00358905331387733
-0.004138051905775588
0.002573560692450089
0.005935495333329341
0.001078768092791871
-0.004558449758416174
0.001991569844278709
0.001329091083745727
0.001295858723864949
0.002038431446172634
0.01059823408711147
0.01045146816341196
-0.0007512720617007711
7.048161685759021e-05
0.003372859331338371
0.0003556059647115261
-0.007157545601783994
-0.0009974321844547368
0.005175935848961649
-8.614266258057807e-06
0.01871654173769007
-0.001237641944342413
-0.013938749713248
0.01431414627057267
0.01126863899249661
-0.001147756338844536
0.003578311490925019
0.008267661774708774
-0.01533619410639019
0.0003833680943649237
0.008885617463646616
-0.02956850718158458
-0.01037520308164826
0.01102904799489981
0.038477446937009
0.0323394330727436

0.02785789101831285
0.04333699808219759
0.02279911694243534
-0.02130683582404994
-0.01600030655497156
0.01572580811874225
-0.01390358071613958
0.008108464811443148
0.01556650419935755
0.01720215602494912
0.09718573560854687
0.005794989610591763
-0.01708347649468816
0.01158602396140752
-0.00263911241181139
-0.006873610340797105
0.005918425198391087
0.005025656768044265
-0.00616086624728005
0.000894036940316859
0.004366225968965522
0.006444670542438954
-0.004340651205532781
-0.006002439426688749
-0.004176484810845975
0.0007572834749004038
-0.0003930358057097762
-0.005524200589081985
0.003331939340992616
-0.0001280876626371841
-0.005191459789994685
-0.002394042422158336
0.0001531264391024098
0.004604420815027655
0.002638782868765111
-0.006699066565077983
-0.003244160629825159
-0.008721134322144141
-0.01255486607605735
-0.00615499053508848
0.009541774781680553
0.002610227564795661
0.003687569218360458
-0.004639250950777451
0.0003447238201323474
0.006799399529286125
-0.02244856359401171
-0.00666275811511572
-0.01058906641622199
0.0001785916715682799
0.002065482545448562
0.0008541714808685467
-0.02824255233387128
0.01161583190331744
0.009072653464937745
-0.02754744722354562
-0.005979958002089806
0.01329755863598024
-0.03282280863153963
0.02167102960601916
0.007692746358073839
-0.01108356277583117
-0.007957607720067469
-0.07643374970809456

-0.004077242343936798
-0.006513014712032125
-0.003062967081541207
0.002606571493019147
0.0028279872459518
-0.001221674808724324
0.002532070753490735
-0.002960254170092005
-0.0003095601292222948
0.0005986222846259938
0.005982534303486659
0.04482666900555763
-0.007729825294710228
-0.00423888440367736
-7.188617529143784e-05
-0.0006707875451630379
-0.001445606865347709
-0.0003666309814829083
0.0003746153753001084
-0.0004282053402136414
-0.001199800088833473
-0.0002941147506785036
0.0007492296244926889
0.0006262402618916851
0.0003771362793321995
0.0008944341059348943
0.0004267035287557074
-8.019678119402769e-05
-0.00034696326933563
-0.0007557985691706444
-0.000264727773204975
0.0005169874117738597
0.001490923659495614
-0.000370409044322166
0.0001577961955666462
-0.001788313076284751
0.002390232896414318
-0.0008497169971476053
0.0004490785052580691
0.001658522828261455
0.0009327985766693832
-0.003477032280001544
0.002414019927950329
-0.0001445480904074998
-0.0009423577627388805
0.004114265737858986
-0.0009738956475076954
-0.001905900585606983
0.000354973234739062
-0.00753678949584535
0.001209046049202518
0.003741383686057244
-0.001028894665445674
0.02131519494453707
-0.01566345631529402
0.002149139969204449
-0.009686509442942786
-0.01806751067850768
-0.007358209324573795
-0.003812085720241851
-0.007409853739526658
-0.02775596031598879
0.009237130565064254
-0.003375899265549793

0.0263929938531261
0.04058419009830824
0.02114814628648067
-0.01764725448537677
-0.01840376456909616
0.01216663476260542
-0.01290362672710966
0.01224366525034669
0.004902424568765294
0.01264204680742109
-0.01686974723520784
-0.007443743576982104
0.1120718386768976
0.01507656703406344
-0.01170066953608213
-0.001301493371346233
0.005884642504494637
0.005731147756129405
-0.00337881372056026
9.107925721364083e-05
0.007011173040583121
0.004798695902686173
-0.005025255334282755
-0.003220261736851436
-0.004140458477201552
-0.005388680688824542
-0.0002399932230391632
0.0004084367000927302
0.002090020183876553
0.003603163396716262
0.0008645037266829746
-0.003347293485127949
-0.000471289417184962
0.0003333919664113344
0.001025042330442099
0.01164368776123952
0.00016495149323624
-0.001358526330481617
-0.00552033102530195
-0.01198618556467903
0.00242556184077443
-0.00121517749180953
-0.01105583244243732
0.005040899501479464
0.009321999121480464
-0.002121448012090283
0.009342948964050867
0.01608457987966885
0.008560020517666845
0.001243801420575755
-0.001412493309267202
-0.01013748426919096
0.02383505375912348
0.001457491294372924
-0.004831942762680595
-0.001739247496410421
0.04522397240520602
-0.004876430493909659
-0.007207560218064422
0.0192724129772321
0.002101700465257756
-0.01030677571499045
-0.02281496050587993
0.02462991272504464

-0.01691916621289935
-0.02767314645120679
-0.01525929682818649
0.01441098545096011
0.01343458199137684
-0.01132582007491427
0.008831520743991026
-0.009815474552164343
-0.007293306650092663
-0.002085662164141923
0.01104167462465553
-0.004140725067659338
0.01472175984041138
0.1345454585499266
0.01407889219707061
0.01024915897155045
0.0004243684539290615
-0.004465251193732106
0.005460464036600432
0.00194824218728761
-0.002853168706686101
-0.005762272327411776
0.002727234799864667
0.002729438734633611
0.00411618833172213
0.004193275407095947
-0.0005436168316024502
0.002355617475573325
0.001045609007087884
-0.0008978744094103545
0.001766245271143794
-0.003635956968121769
-0.001127469599732608
0.0005255639868295275
-0.008068789752258488
-0.008562497554263996
0.001607308673460614
0.008425498583227144
-0.0007130782945695162
0.001416882141698446
-0.0137316623991356
-0.001756363998848602
0.001945040693716274
-0.001181495076658696
0.003387805331217797
-0.001172734635853303
0.001611774837635143
-0.004562521051034283
-0.03024599058761115
0.0006062249721432753
0.02265166687438276
-0.01971436318082304
-0.01498094496940074
-0.007800557134839261
-0.01057596733401033
0.01214383345010472
-0.01399701490107195
-0.009694007820107094
0.03160514650811146
0.01277026966824328
0.01117447382325807
-0.006447997941754742
-0.03797236727507337
-0.007645162580818897

0.02326356924053898
0.03596741357193788
0.0184819578256019
-0.01489606603338571
-0.01440938225051728
0.0122895623990933
-0.01202767382402494
0.008548840270377358
0.009146150091104921
0.0068045773799729
-0.002075436063515877
-0.0003352419375099729
-0.01129463485115346
0.01409024446012867
0.15829246136978
-0.01404441188515288
0.009552343406153635
0.0009236572567365505
-0.004721187982915034
0.001395493202514301
0.004779805687893746
0.00282999353937688
-0.004548792616276284
-0.003992130660738064
-0.003889778069492897
-0.002204001080274577
-0.0009639136590187136
-0.005009385306956214
0.002370491816552096
-0.002494655049993727
0.0005757809814329455
0.000991006744778361
0.0005715402011015873
0.003135499310964664
0.006731148152836561
0.005495452511271214
-0.001572661757458245
-0.008041166514849695
-0.005870886078900403
-8.137212507347514e-06
0.001537554052623919
-0.0005245314260224254
-0.003535381677253091
-0.01032264931925629
-0.006831552939748453
0.004279178928148586
-0.008077221701270213
0.0127913812826901
0.01571486596235018
-0.0005693180971667265
-0.01347518181955693
0.0008347314534801491
0.01134301331179428
0.01995980167095628
0.02200753650338444
-0.02455744939123767
-0.002421472732831479
-0.001888136943051187
0.001406216565158081
0.004269230977402047
0.01623108917717704
-0.004968005599394159
0.02073138544488734
-0.007280485960130108

0.02042194693550416
0.03088650830503913
0.0162084394642169
-0.01414404941760716
-0.0123190232075391
0.01040388465439078
-0.009690783320246421
0.01080239876260281
0.00586675994456625
0.006579167016250087
-0.006245304442602038
-0.0004170166935098793
-0.0009516617400063894
0.01007605622183522
-0.01399294999383881
0.1894760396868871
0.01388683874736433
0.009346228480946765
0.0006399338073997084
-0.0006856812749940085
0.003856371149502035
0.003256260268935433
-0.003282843787661809
-0.004852809468563611
-0.001608307211093332
-0.003930011664194441
-1.021544000370312e-05
-0.002006284797566062
0.003878209609734219
0.0006079409806720739
0.006015251776082539
-0.005052638808369129
-0.0002466812870525996
0.004725304593362325
0.0001059345895037932
0.005941410267284957
-0.0003639875371242721
-0.00249475343994482
-0.009621896784817697
-0.005837038242663457
-0.01103655585787994
-0.002736736997240561
-0.008891860369022394
-0.01137133147144196
0.0003582170835878589
0.002043331784022727
-0.001975857733884764
0.02110969387173245
-0.003328781795172119
0.001787019805377548
0.004446440038927009
-0.02506491060254113
0.01455521681232729
0.01462941084204718
0.01677202339121964
-0.01881478262987017
0.01045607256172313
-0.01229306093148433
0.03083981821243783
0.02659553253850788
0.03469739208209507
-0.01251684296033785
-0.02529095613884844
0.002553488699729384

-0.01404959804494185
-0.02293027972619699
-0.01175144899591295
0.01130826022550344
0.01076641930192659
-0.006946472452716351
0.008409731911173677
-0.007563323155191493
-0.007125819892802012
-0.003608200863640218
0.005249327399523855
-0.001183367757773551
0.004989652652337017
0.0006545576801559143
0.009126151300852123
0.01350877373722636
0.2269223342126117
-0.01278185010733989
0.008134688893883676
0.002223143807788844
0.002643393830939677
-0.004352893532965021
0.002868363086918142
0.00109225698378976
0.004799335418185184
0.0006995455544723328
-0.0005135385031603696
0.002771524351564181
-0.0005041473715821844
-0.001006466984987383
0.005497210432458778
-0.001645635109067162
-0.0005401455814073613
-0.002309695866571372
-0.003748510224519862
0.003496424308033988
0.002324426694265933
0.0064265299836668
0.002494045784893936
0.0004157337599273881
-0.01232463537136604
-0.002745190303346301
-0.005316620806544172
-0.000179544066417132
0.003287834277735907
-0.00276317769548616
0.01081383770205458
0.01196579143030832
-0.002379613828433499
0.001246926221756661
0.005857572637747421
-0.01567285315340433
0.01768016121020697
-0.004120644993614471
-0.00201833655552816
0.01050497907404526
0.008375529982238191
-0.01306869051467031
0.03339254491152616
0.004398695777066359
0.00988616885499962
-0.004450820791465557
-0.01936320524682174
0.03766177782343271

-0.01630881662353281
-0.02508132560589162
-0.01346417644321961
0.01008037434577278
0.01027860032306176
-0.009369480193210353
0.006689926326828259
-0.007612875840856173
-0.00627570166904456
-0.005854233933290456
0.003820091113880963
-0.0003255399404655092
0.005173014686623059
-0.004010305858143533
0.0002531427252105093
0.008843579727542572
-0.01271930293633537
0.2722784644523054
0.01107785419564961
-0.002749798365747087
-0.008750525909821272
0.001957012276732914
0.002722214783501355
0.003109979868354045
0.00121842301390291
0.004168582781187057
0.001171763094733816
-0.0006061123097945344
-0.0006407505150267659
-0.005273136709390275
0.005915342635463038
0.003596282915896709
0.001337033167810773
0.002881694328352991
0.0004111116159565315
-0.004658799787567627
-0.001207374730467067
-0.003887122417278127
-0.00138321399167652
0.008584005156836239
-0.006978040673770971
7.169390651971092e-05
0.004844089250699694
-0.01456087862761727
-0.009842149314619741
0.006444774041336921
-0.01646211849665426
0.007308397151912612
0.005076527277322837
-0.001323511008806743
-0.007635874306133088
-0.002517462147394869
-0.006431501532023378
0.01978241607099932
0.0256037897482767
-0.02294816705014106
-0.03432443965520295
-0.00470500811344665
0.019296711892023
-0.002303168792656308
0.02318478571651544
-0.002107625103491915
0.02109005381520776
-0.02845466998819555

0.0128538910264387
0.0199056230172956
0.01051502609721398
-0.009695517799777177
-0.007851342760153786
0.007050635583468406
-0.007305851498731545
0.005129047158685773
0.004923721880868395
0.00468503970144609
-0.005217669070727993
0.000411834233256684
-0.002499570335971294
0.004654760294371314
-0.003888113438107822
0.001100540428553908
0.007990164254163342
0.01106268027446503
0.3245515273358
-0.008955012266127008
0.01053258270475869
0.007032463651697408
0.002403507229653872
-0.002197163957090991
-0.002121703191950815
9.751183505659884e-05
4.46029198014398e-05
-0.002164301407915579
0.002822502033997087
0.004504495084584248
-0.003738708535871619
-0.005164690406871646
-0.0007546068177245568
0.001373004250820545
-0.00302478195237171
-0.001043074945523328
0.0007905884717426652
0.002891961900764691
-0.0003543222747582194
-0.003894748811298671
0.00139642040580333
-0.0002856155641716506
5.218370097471656e-05
0.003960234037339474
0.003558975097924383
-0.003949840501919596
0.005777377248165351
-0.01164823082222716
-0.01673226407215362
5.763586653290814e-05
0.01371383584530344
-0.0009344721462573905
-0.009384801931005512
-0.01195743177137435
-0.01413062009049285
0.01427983986721065
0.00386165948844794
0.003935900613212569
-0.003378866519389139
0.004495081425243536
-0.006059114369051832
0.007572588112130758
-0.01914739259627561
-0.0009578169831124745

0.001220967755214521
0.001327816176372788
0.0003743750944579169
6.162673109500861e-05
-0.000113738774129622
0.0003924144628502586
0.0001211018119241891
-0.0001610063476563683
-0.0001320045651334236
0.0009120853113273319
0.0009545392180964412
-0.0001022139411270537
8.484693726631081e-05
0.002017184891403018
0.001396845174096582
-0.0007774738610589022
0.002097275140858647
-0.002777687135531207
-0.008916596047287522
0.2786477589488216
-0.005397999247242038
0.001042931202420896
4.062054170771361e-05
0.0008907386184577189
-0.0001566693978410113
0.0003591212663289135
0.001254282396301249
-7.325494759817026e-05
0.0001482758169112176
-0.0006564703052292735
-0.0001078961454417564
0.0002252918834801186
0.001121452642005587
-7.096742069440259e-05
0.0003645470356167128
-0.0007758819943533439
0.001962859397668776
-0.0008350177196247535
-0.0001891762432263826
0.0006719378955562437
0.0001479204834781
-0.002909476148083974
0.0007044065766983398
-0.0008678503140578663
-0.001158736128192731
-0.003427611287463486
-0.00212131321028297
0.0004219665349257748
0.000703705721355959
-0.006835970051650232
0.001310192493123668
0.0007742725060413659
-0.0003321228183573702
-0.003188882207239533
0.005251929081380589
-0.003044198052898131
-0.0001515578438822727
0.009593461605354152
0.002884474123738368
0.002771807235842473
0.013513237136019
0.05609198624526871
-0.005134338832148454
-0.002015314545326558

-0.0109771381993508
-0.01765205409620423
-0.009188953303092134
0.00853270887360107
0.008492331344423161
-0.005120380318934189
0.006086015762000609
-0.006165831809035036
-0.003629179939171865
-0.003748577170984148
0.00399622340224362
-0.0008786176042179635
0.005245164817948972
-0.001787787421662887
0.004142296098336752
0.003342662624383501
0.002560289557140201
-0.008362414824645148
0.01050785120613308
-0.005387756936194069
0.3890545828223648
-0.01114445953232428
0.006404877101277133
-0.003043346056027
0.001445658040932713
0.0001750643948384045
0.0003535520299364137
0.003338991198921412
-0.00571407787367186
-0.001133903413039528
0.004230129911746162
0.001916691185786294
0.0003727420474938967
-0.006102440443367102
-0.001270812874588726
0.01062776402483851
0.001952559161073116
0.002766724527323201
0.001691653440600313
-0.006801938077910974
0.002366059125054092
-0.0004145983803197461
-0.006872344308889948
0.01091002150971214
0.01137090322135639
-0.00311777748606336
0.01045553569047105
0.01616904870706969
0.020540150661435
-0.0001562285787665598
-0.01043909460454757
-0.003769942237442702
0.02557857296785438
-0.00555432709825162
-0.005984291934952069
0.005089183490450603
0.04524038970520573
-0.000370680894065074
-0.01195528110764107
0.004555059840737937
-0.009673226096213881
0.00262522650660154
-0.01084165228935986
0.03627260957091842

-0.01300300056747634
-0.01968522935880116
-0.01045704255377033
0.008386968628551717
0.008150339931139273
-0.007311148898302312
0.004752728044855324
-0.006035876191269228
-0.005269537897956992
-0.002635455158331869
0.004376203657032465
-0.0002452528491195406
0.004044507773077482
-0.004569313578962706
0.002184364086747844
0.003308155974318103
-0.003633807083276768
0.001991917626755754
0.007028738843119213
0.00108221166669061
-0.01114406672114181
0.4630963205467903
0.01052543870818791
0.00584488525835016
-0.004409225637636062
0.004449990889036677
0.00127442482679798
0.003162967089639732
-0.002434072366284207
-0.005561726338498162
-0.0008419635023842503
0.004958795774546687
0.0009220466052079317
-0.002341271597211811
-0.0003917889785205967
-0.005304745837925247
-0.002524412818113675
-0.006792598230416464
-0.002878520546544909
-0.004090169027770113
0.01490769403982158
0.004501741483945451
0.006747854793200804
0.00727596673272518
0.006238301262808963
0.005898430537187966
-0.01932931105424318
-0.00468081349200696
0.0105779965310493
-0.001948477230759847
-0.01281366325823897
0.01150226617696267
-0.0201934537447709
0.005249304677717494
0.0002428189055806316
-0.01794256238830703
0.009636910715682779
0.01801885589855849
-0.05547205478086869
0.006274622765285594
-0.01542639665876717
-0.004062162505619717
0.006461832562368599
-0.05762263274896475

0.009278358017442657
0.01499487806709435
0.008041168704712656
-0.007586481633853609
-0.006373898729301306
0.005203391009801034
-0.006134949481007946
0.003482814489883067
0.0038414387710525
0.004305341894791073
-0.002221574525724849
0.0005989056509307425
-0.003307809360837384
0.002893029011314716
-0.003874625234026259
-0.001813505312638335
0.002779329072049299
0.002416468871821421
0.002621003108264864
6.487142203396123e-05
0.006333631154527548
0.01043831167892871
0.5496520882029373
-0.008837739619198374
-0.00809413833367989
0.002186598306581389
0.0002883569449432088
-0.003424816281939832
0.00260370448645639
0.0008468521900883804
-0.006196184478662424
0.001383360113672281
0.0005297000009907803
-0.0002333746651250429
0.006047223792066857
0.004130881175414515
0.0006313147478170133
-0.0004378331327142054
0.01352743734782555
0.01056105393958082
0.004198867795696504
0.0001296765661891983
0.003700044001889525
-0.002574165584801875
-0.0150163527372959
-0.004525595399719704
0.01214211052445266
-0.01526400636981986
0.01424484561722353
-0.0009105567596569566
-0.009755860108481069
0.0286470658652857
0.009640476222725847
-0.004869337963268846
0.0006904526929643577
0.01723854544021683
-0.02867019154408428
0.000289667005972865
0.005805264432964248
-0.04544420844739594
-0.01914120451082194
0.0174042690229328
0.05735957812103277
0.04399367181701633

0.009614881589908295
0.01505805761585759
0.008225095007486504
-0.006936062832309654
-0.006931604581711337
0.005168931761303972
-0.004817714574827185
0.005531562713795867
0.002874964504710456
0.003210292811485055
-0.004063300774623703
0.0003683696505661412
-0.002028943265473382
0.002434497109973451
-0.003369332053707944
-0.003954121962278602
0.0008026901341171453
0.00293480867119949
-0.002067732194354885
0.0008241812357061252
-0.002988897955855451
0.005979545780990476
-0.009105335930203552
0.6449133771685696
-0.01101955248364381
-0.007188084824596213
-0.0002170617692422178
0.002433502019688007
0.002199135639130499
0.002994500216392657
-0.001108510892117895
-0.001665011615279372
-0.0002596543313807294
0.001296621618111279
0.003495365194172653
0.002012383783166316
0.0003711647141787514
0.0001061189998760792
0.006347485357751726
0.007282863346275861
0.0004604791003906569
-0.0009946841171370284
0.0004773521334464601
-0.002268164009820744
-0.008893383983790821
-0.003221175740903778
0.01027709987676603
-0.006573491760659149
0.003221645688750046
-4.399165586523729e-05
-0.002504717315618143
0.01139260355985468
0.009270505296264629
-0.003434898863112853
4.632363537879431e-05
0.01169602470773438
-0.01504724043897501
-0.00370879534683623
0.01410142494909512
-0.02212209673438252
-0.008090833703614228
0.009397404306577348
0.02519896226901815
0.03354023585478216

0.01141038517261069
0.0177915092198848
0.009091592739813083
-0.007634692553242599
-0.007247007177575948
0.006096303091198923
-0.005021999661467131
0.005296383293640099
0.004940698341413191
0.002102326441182093
-0.003491623269387924
0.0004642168709599246
-0.003760991911237761
0.002034814098523235
-0.003230558928545675
-0.00262702159936383
0.003918226632823758
0.00111259419137993
-0.002462654547463791
-0.0001261486806996352
0.00177972690968853
-0.003731667388934324
-0.007724581004019637
-0.01100917392180345
0.7571871762871351
-0.01075238161374066
-0.003593865106509753
-0.005957246919020133
-0.001903275994462714
0.002488829014803882
0.001147494471992606
-0.004025785286602866
-0.0007507903324587037
0.005123513012079958
-0.002855246114398346
-0.0002791799123205529
0.0003652651799039195
0.003402213030601601
-0.006596535633146496
-0.003911127866302096
-0.01208726789175733
-0.002933387276682359
-0.005681345220739755
-0.00515895568975169
0.002533285414555385
-0.0007418863466513573
0.002718219072491663
0.006210255430101645
-0.01894618706083376
0.001577113907671474
0.01651910174066786
-0.0221294159834805
0.001145314796554246
0.002125220902494084
0.0006828045655610253
-0.001144531026398418
0.002402388713183447
-0.009326043713294525
0.02958755054996793
0.02003534187275292
0.02088826381391512
-0.007957521877479334
-0.03652814913084024
0.0006042134317273477

0.009661407650093832
0.01477265011308828
0.00775661883853433
-0.007248322749331738
-0.006253706690316115
0.004864839812535756
-0.005577617173434105
0.00420289187246231
0.003588644424540687
0.00388664399201919
-0.001448589056934173
0.0005238157068478475
-0.003202861830254417
0.003225607029896006
-0.00148463532848663
-0.002734543381395888
0.002028447031568199
0.003515052247406917
-0.0002037745144692256
0.0003886207977148031
0.001349224154754332
0.003184993667933004
0.002528530589666856
-0.006868195918211565
-0.0106010992067039
0.8861922302738802
0.0006873384796520275
-0.01100436302405757
0.006180936211777778
-0.005613253380126807
-0.005024948851594193
-0.001490344534221877
0.0006207367848710227
0.0008550189022760934
0.001642079713754096
-0.008738813649410504
-0.002454378586858117
-0.005209112277167013
-0.006110082078731497
-0.003158638463982701
0.008989144576527558
0.002977730409816231
0.008335345247743826
-0.001938193713595013
0.000681121145557543
0.00505882991823864
-0.01906119662871018
-0.01345046011065266
-0.01163134956248844
-0.0005616754981909295
0.002919180466841871
0.006532643390047348
-0.03229424138808668
0.005624790025195833
0.001439325719319864
-0.01625404751644669
-0.01259300821395034
0.01314235642582706
-0.03246005525702728
0.009819376939826282
-0.003288961828632316
-0.005259721658055656
-0.002596806894153981
-0.06938569413215755

3.193349211694064e-05
-4.142709654949369e-06
-0.0002066715508411824
-0.0002239266115736487
-0.0003655640593620254
4.283200423942272e-05
-1.065005169544425e-05
-4.224629947372408e-05
0.00039672003222674
-0.0001744401699567612
-0.0002113382006911143
0.0001017595661658029
-0.0005106118685172445
-0.0004651181284369994
-0.0007621010460013622
4.653033585297166e-05
-0.0005299362765938112
0.001015318028979929
-6.260764864948358e-05
0.0003927274474416919
-4.277456468459166e-05
0.001060432167562753
0.0003469276784445241
-0.0001275504314722087
-0.003518439131885854
0.0007346831972323702
0.8811775734204749
0.005183725496275668
-0.0003601531759163768
-0.0001537261356950475
0.001313310237769343
0.0008653128617716112
-0.002781065134026769
-0.0004242827231360182
-0.0004050900222828248
0.000552133150463858
-0.001403022265009777
0.0001172891889500226
-0.0001129728710241504
-0.0008790513052722064
0.001557270255084909
-0.003608547979139604
0.0005195428796354287
0.001390724850213497
0.001361112903667674
0.006620171220572602
0.002061828087627835
0.0001561368744769081
0.001225362970648341
-0.007060828213369005
0.001709237698955969
0.002150310623563444
0.003173599409200765
0.02236170603248298
-0.01713085525388161
0.0004195438979679407
0.004643147510474572
0.02290829956103377
0.004135982726771711
0.0001595686617282599
0.0003167420595235065
0.01388072101791879
-0.003134660503150971
-0.001464420692427238

0.009137834814958782
0.01454104990244169
0.007450601095983778
-0.006146511714279577
-0.006247343134336332
0.00500995609080263
-0.004315506784772925
0.00484182509769424
0.003062036783013856
0.002441058905906625
-0.00401918453861655
0.0001079879388024429
-0.001325985043471018
0.00221426046945209
-0.003378328011880509
-0.001235115235897111
0.002151573390457743
0.001559197985275489
-0.002572218114785086
0.000126928095551632
0.001370590209698896
0.002536505839048818
-0.002547055008012121
0.002804072213203988
-0.005750398816791091
-0.01082031369306661
0.005129043181429251
1.030430553781824
0.007631916664551494
0.008147875676890865
0.003249915873563588
-0.002153822470133119
-0.0003532407855177501
-0.001956012188606321
-0.003576565032241754
0.006935270366138236
2.65476044518521e-05
0.001206278383833105
-0.002748503520202818
-0.01131945667527803
0.007796158924802276
0.0008888159510484328
-0.006148172532483011
0.01516350573641562
0.01329036368522083
-0.003860382357171751
0.007744769635593992
0.004354505621041259
0.001035784907130931
0.002097407815460818
0.002405761705828997
-0.004841011716140344
0.009041503970076614
-0.01400091327742597
-0.01702193133704617
0.008161408207363533
0.04711269631211758
0.0033170000196502
-0.02681411608363855
0.01639084973159803
-0.01482726853672986
-0.004608769154616945
-0.03127454751189693
0.01046923802163435

-0.007517458990531973
-0.01156620016845088
-0.00633749316454507
0.005255321844871818
0.005046096786291099
-0.004391960167642288
0.003854582594078808
-0.00347477373079842
-0.003155803538541154
-0.002331349209852771
0.002299569353322792
-0.0004317577965099119
0.003014810858010559
-0.0006708332626121573
0.002104560323827607
0.002722161643019993
-0.0005506529138659187
-0.00136266503580844
0.00206346915621339
-2.296492359332361e-05
-0.003478693102022153
-0.0007960457585899966
0.002124548308771517
0.001665567181206869
-0.002666647362481548
0.005908034763863822
-0.0002955984565970429
0.007814665967517153
1.190385591415748
-0.009386626962017253
0.005485322963982338
-0.00607478536469079
-0.00173391230322546
0.002058225291695486
-0.002201827006430502
-0.003849451205493598
0.00120010978297769
0.004163490485528621
0.00253107857033546
0.007106927605594998
-0.009080870764274433
-0.001163662128104545
0.003680681594584968
-0.007829704644552453
-0.008630781495287702
0.0004676968471890524
-0.0008096978450443464
-0.005241226174140679
-0.01397990080191494
-0.0007994874064701301
0.008999887624978676
-0.005189701216494418
-0.007290973236569659
0.0005712856754422492
0.002998818352129396
0.003180223560206735
-0.03027780224078499
-0.00798430680425263
0.03157707846000089
-0.006097910961432711
0.01165129131832293
0.002336048902307039
0.001842563576737088
0.002540002873390325

-0.005915554649888697
-0.009567067010383288
-0.005045144449643902
0.004953762821551812
0.004152527090058776
-0.003253070878930658
0.003659109934551937
-0.002843595164604917
-0.002573718718857791
-0.002562303287030198
0.001597830525307161
-0.0002531299139521267
0.001934041438251755
-0.002464301418984969
0.0002950690130112438
0.001492251876743868
-0.001843838272435908
-0.00125640061573189
0.001913458179189797
-0.0004869540148110193
-0.001357666359547424
-0.003298040813238528
1.790529543625887e-05
0.002149913610088578
0.001697579941212126
-0.005131467318102887
-9.579852717384138e-05
0.007317167908519995
-0.00933591624621774
1.373572095951589
0.00669587297201483
0.001907978067296861
-0.0008676042661072891
0.002548219493651415
-0.004611664711792769
0.0004656071391172805
0.002440258760216123
0.007534876151176012
0.008304009217349988
-0.0005127872505134589
-0.003200999899744384
-0.001412602169119389
-0.00249827121392963
0.01094873436470289
0.005534850912851343
-0.007795388356401244
0.02112547793654785
-0.007792977528365927
-0.01243467612350898
0.000621937173614602
0.01379434031410272
-0.002053213759580982
0.005129043855766381
-0.0226478428973211
-0.02342710926613804
0.03277274072901086
0.01296331251614155
-0.004489535461784236
0.01123205041056839
-0.008330204729972769
-0.01654954822209812
0.007182575395097954
-0.01896266676720199
0.04279823676329752

0.006587470241739793
0.009957960129913557
0.005374472744538946
-0.004294448253775084
-0.004480226076782078
0.003298580302308512
-0.002695142099959278
0.003659026816556815
0.002382799597860557
0.001694761439576085
-0.00264407307733238
0.0001533805122297107
-0.0014714092740585
0.001480475385310051
-0.002442611378574319
0.0003175370145817872
0.001999626113714177
0.002655804600058918
-0.0007800455733341771
-0.0001307360427836859
0.001829367082869885
0.000710476865640651
-0.003541517569478513
-0.0001125536917757584
-2.126755711493941e-05
-0.003183035532172031
0.001304822118571301
0.003555796681908047
0.005365655813940448
0.007051907808978616
1.57764333747904
-0.01007291046093412
0.0002040393119120739
0.007407135926811136
-0.004615527178534484
0.008296179015318353
-0.0004332074960083259
-0.002566846738191188
-0.006205750862150583
-0.005023633645035661
-0.0121038186321291
-0.002977358511940776
-0.009933649189017412
-0.01021907935215692
-0.0001508615950380839
0.002363802517771897
-0.0008581591649228137
0.0307294279598572
0.006429196449709625
0.002441038328542278
-0.003650673195952519
-0.0254643240102282
0.02522623743528897
0.01716194350337717
0.0209975412010668
-0.02020257842447291
0.01564987918033019
-0.01502317238185267
0.03652524311709524
0.0236492066384515
0.03588312947291699
-0.01245965251268164
-0.01771084435266138
0.0159664751475217

0.003983021184836818
0.006692120090672701
0.003649995485911977
-0.003477897958191758
-0.002988098642555269
0.002590420728151268
-0.002592842987889697
0.002049792040054853
0.002070142551623319
0.001644167779525074
-0.001430857057354617
0.0002696726158349633
-0.001887978720137496
0.0007768266524666135
-0.000906482917496864
-0.002525033126436434
-0.0001771276278222117
0.00139908633747253
-0.002184862109923576
0.0003329696116778026
0.0001845074906434412
0.001853659990352746
-0.000353204950349968
-0.001695478737810348
-0.001173538245047724
-0.001267316185685876
0.0004945274590183466
-0.001439882887575262
-0.005469712716774533
0.002573938346894543
-0.009895784361803859
1.789572937614032
0.01413333662192794
0.006553839503576183
0.01008660134598502
-0.001960230296585081
-0.001876442819943256
-0.006053463817311205
0.001044970654882042
0.003598800619461885
0.01067955520532546
0.00314391551923114
0.001417231214973171
-0.0006630129245014103
-0.00432898743812148
0.002240328379312197
-0.004804120366896688
9.254660122171151e-05
0.02287336465135882
0.002938188209587434
-0.01813691022046198
0.01643814181041871
0.003619785718023187
0.01189827687525651
0.007429347110921988
-0.01136232051352699
-0.001496949188368278
0.01440377354595593
-0.02147319071141316
-0.01594563847497902
-0.008708814316301002
0.003616284306464851
0.03627027509677488
-0.005564590475547426

0.001434967570505988
0.001836445726425084
0.00114932713996265
-0.001383909571070711
-0.0007216516338139374
0.000714594459434542
-0.0006147563432963668
0.0001493157594327197
0.0008151220131434442
0.0003467761760171692
0.0001730616933519904
0.0001765779498761231
-0.0007159666469483725
-1.828770191773067e-05
-0.0002135533523613809
-0.0004784641280307991
-0.0001765229050200415
0.0004343296809545243
-0.0003328345496232916
0.0002151030665961845
-4.305354152986732e-05
0.0003396578300495284
0.0001683829805016668
-0.0001441604111952525
-0.0002320290073880186
0.0005377786467932005
-0.001344952323415177
-0.0002069998984287368
-0.00150840015417717
-0.000599497433809285
0.0001402503910209931
0.01401341260705359
1.792920136688432
0.005521375741363169
0.002690842286837203
0.0003717196018580684
-0.001123976352712483
-0.002214901504602992
-0.0008786409879076022
0.0003837163138191458
0.002526247958765453
-0.006117348073871228
0.001301423195318754
-0.000502015107295175
-0.0006867282767167355
-0.001344791902994276
-0.003429019850900284
0.002657875979715785
0.007053107805917292
-0.01718633312300762
0.0001662647092848339
0.00317506010539329
6.260520762191828e-05
-0.01124402908795206
0.01485374320910838
-0.005600966527585745
-0.00269289985371678
-0.03221813777046224
-0.01788357238479521
0.00181849575233938
0.003581648726783977
0.00436899636815944
0.008997271377469173
-0.0008906060504430385

-0.004944097403530585
-0.007652076135784594
-0.004229815082630158
0.003542578245331956
0.003431634513309332
-0.002836462409665476
0.002825740961118141
-0.002260957300919722
-0.001758834706327236
-0.001994354830288032
0.001576641695168492
-0.0001670096726703851
0.001314168376643946
-0.001555093191719395
0.001387317700529327
0.001427986475577445
-0.002143623504968039
0.0003128845753889227
0.0009852805123791695
-0.0001595481138940147
-0.002440103887946497
-0.0003342819692190593
0.0004405099595224391
0.001147375333656228
0.002963368118025626
-0.0001521842593512495
-0.000305803482066592
-0.0004614609417707169
0.0009649027124179338
0.003094209395408231
0.006802597703134465
0.006762020275625027
0.005605614843905983
2.038794501716103
-0.01018333143307118
-0.008974848220537807
-0.001072353686477268
-0.004452639162625401
-0.001972955654535647
0.004152507635072546
-0.007143590677632641
-5.307781231771408e-06
0.002694442459015481
-0.008434233156114645
-0.004337127150200348
0.002840436633445239
-0.005525999292832587
0.0024666236851478
-0.01018618830484728
0.001252829967092179
0.007795276809611548
-0.009919678919210962
-0.006597461423634382
0.007963836670738942
0.009193692631336913
-0.006893388616467903
-0.02122381208689438
-0.003623029867212696
0.02364698677983011
0.004116624351509069
0.01888789668561463
-0.004719970201172916
-0.005624709670533875
-0.01607684069483399

-0.006333181769049076
-0.009821204278272638
-0.004926583008733608
0.004073738660262114
0.003995954856621005
-0.003350447627102422
0.002686191250172254
-0.003113221797732748
-0.002117739768296604
-0.001422858758306166
0.002161183164637126
-0.0001793660619488239
0.001525078764673853
-0.001679438435535896
0.002354316834957199
0.001163471716508708
-0.001404435308011829
-0.001957168050479643
-0.0003212648187567884
0.0001464219171468468
-0.001098663504268642
-0.001377205646294202
0.001329312164221598
0.00153872022805745
-0.0001778613092349214
0.001788979974035087
-0.0005242827122091038
-0.001963124432125126
-0.001775518175624454
-0.003108305245505275
-0.004405647679061916
0.009020209102385754
0.002384992485846248
-0.01014830871895093
2.309729187804105
-0.007476294654354336
0.001217797054648801
0.0007830874351082177
3.478747570042837e-05
0.007543402828982006
0.003697573191764291
0.001388045078950757
0.00211803292824068
-0.002005904639001141
-0.008141080464367022
0.002152417530136054
-0.002990232789736905
-0.001325347558946805
0.01945818621381559
-0.001816901961062828
-0.01555954614852454
0.0186047245269466
0.003965524978308683
0.007461816290006811
0.01136047759774886
-0.00628898329055177
-0.01640213768427529
0.003052059693814895
-0.005254715988651402
-0.02183929017266649
-0.006902093078598961
0.006813552291613383
0.04244241947260736
0.004700200656152966

-0.005469563541941783
-0.008291521686792822
-0.004266725514814552
0.004060737995329913
0.003459500473549663
-0.002562943979595675
0.003018956884914976
-0.002277647337646653
-0.002226589543405233
-0.00153427728977227
0.001016062722684084
-0.000348201843422212
0.002328662596771845
-0.001531888484129228
0.001460486339909102
0.002094772317367
-0.000562862084554307
-0.001437274520805908
0.001669765683118819
-0.0004587941247473303
0.00166490635119887
-0.001753216050356843
0.002048181815739339
0.0002623500816520917
0.0004128826629609145
-0.002315125352758792
0.0002755688584383568
0.003859415126910837
-0.00137507101093407
-0.0002976911449782608
0.005334016109236644
-0.002575134776915662
0.000245572284055662
-0.0081540052197039
-0.007670898122415323
2.611996249501604
0.00754892432347056
0.009561397928266695
0.00917707328997153
-0.007146127048208071
-0.002993557028263487
-0.001571487134608875
-0.008581703319779173
0.003640285273544574
0.005219824133056846
-0.00296747337468515
0.01669765293893581
0.01894246118972434
0.02276993505300488
-0.0003477921678298829
-0.01183546900210783
-0.003381290526403567
0.03943028110667009
-0.004638201397059587
0.0008849638904130127
0.007271625513035447
0.03332051736746491
-0.007707416283723835
0.01275585870790515
-0.005854348190173784
-0.003056095687313373
0.001072772945347488
0.002348707776928367
0.06495642523032343

0.001036936084120351
0.001111021976095623
0.0009975160375659718
-0.0002592640124540105
0.0003709554382765803
0.0005508422363684543
-0.000594134878474312
0.0003315530082176352
0.0004185990370891729
0.0006566337869482126
-7.805900909209601e-05
8.64554703309871e-05
-0.0003752926411128075
0.0004123963429718546
-0.0001186232654484582
-0.0002182710011192889
0.0007037372693277158
-0.0001619329359011827
-2.631668290652041e-05
0.0001822577416838507
0.0009046916995907958
-0.0004657952100568023
-0.0002091710880718589
-0.0002170083410329338
8.666944299952535e-05
-0.0008776562656968762
-0.0004309593138383581
-0.0002771755455796673
0.0009442204556230921
0.001219195840083956
-0.0004581575860733342
-0.001600479084070241
-0.0008663249120417502
-0.001012208777774512
0.001384871379003634
0.007491661668700736
2.807303996554231
0.01502617431233524
0.001621054806697892
-6.646172563847625e-05
-0.003749582849949784
0.00409531930015117
-0.002485819865402943
0.0003591446471075943
-0.001016957340989207
-0.01237058862616314
0.003060607350481438
-0.0004396613639016147
-0.002590965359615159
0.01587047122676088
-0.002287997938850118
-0.001299088828774388
0.00688096102567213
0.01575408807760306
-0.02059302830051741
0.009929804583472021
-0.001053345069753094
-0.01055774934029949
0.006826943389581634
-0.002564763210053614
0.002172574554967794
0.02131982653333878
-0.004587143897663428
0.01533396533823697

0.005363216037320486
0.008567148881480325
0.004270968790032303
-0.003624179015988411
-0.003678785137057915
0.002738267699519997
-0.002290170592617171
0.002651259217406676
0.00164969277835838
0.001505335308720288
-0.001878658789813752
0.0001098952422944954
-0.001193274427678056
0.001807907292075455
-0.001672335807739154
-0.001094344160798074
0.001907622355738816
0.0005771602843453706
-0.000345502038358743
-0.0001161718116627706
0.002005249465326502
-0.001172944894812267
-0.0006973280623022635
-0.001046509492826595
0.00120345589285172
-0.001994593450236789
0.0001502363155432695
-0.0001850253533655032
0.002635089030441279
0.003097255816209381
-0.001864566500444975
-0.003878214932629926
-0.001754339543652068
-0.004260095977881452
0.001555745587275286
0.009336522934533508
0.01499709727749653
2.929468584471928
-0.005102114952653017
-0.005323781549514412
-0.01048353482507458
-0.004266453943966404
-0.003442252540591412
0.002951312641387513
0.00326687584735794
-0.004119633181394041
0.0175501113740857
-0.003800996030066984
-0.01214215117506372
-0.002399426254575091
0.01385562047849233
-0.005282482715782248
0.007016416039546151
-0.02056339043152614
-0.01109264964126927
0.02056087835785905
0.005434136304502598
-0.005855830529385789
0.02215475880287461
-0.001619415665901586
-0.0031286390702504
-0.002127084366154251
-0.01618194902556966
0.03772529267178755

0.004153073850834065
0.006523752912534252
0.003646856893194637
-0.002940032958736045
-0.002751184204238216
0.002327786455384953
-0.002057902652937853
0.001768283432829086
0.00166220398453623
0.001396052836292429
-0.001730364109641553
0.0001792730243809037
-0.001313768251735109
0.0007836078571159739
-0.001629024505021715
-0.00145428063514519
0.0008666469955794907
0.00111420983539148
-0.0006495845747904526
5.794597106726528e-05
0.0007054806334397391
0.001135240935032137
0.002546179093311438
0.0007694994222132373
-0.002465697366332598
-0.001241407376168103
0.0002234204281449361
-0.001133129219242937
0.001461790482093226
0.004381769099820711
-0.002491223751538799
0.0001460177732715848
-0.0007597433731135107
-0.001000990194454931
-0.001278735783995334
0.008186141811254599
0.001456936858381028
-0.005476323416668732
3.284767613128834
-0.0004051174717496792
0.005972646405503058
-0.0006860878510479485
0.006102324109738402
0.001841777204316539
-0.008972512861180955
-0.005835749919035818
0.01624899349125748
-0.01318562198102423
0.007119551147559046
-0.0005427363911797091
-0.002976388613542124
0.01888457983476345
0.01265870374431534
-0.01308780900777809
-0.006885783501902196
0.02719876142272671
-0.01351291834082751
-0.002533660461016301
0.01109699885411387
-0.03553098422084094
-0.01880403799698027
0.01439838996029426
0.03541485881151575
0.05253151583317007

0.003297525058890294
0.005453942073865686
0.002927507016274151
-0.002858332198050223
-0.002381797289088541
0.001702907508641083
-0.001881431033061398
0.001527624848612644
0.001443446307768869
0.001483214184675292
-0.001079866556685536
0.0002241625033885476
-0.001521993579164859
0.0008666720642278521
-0.0007804670966740908
-0.001483410700984534
0.0005887867967839851
0.001268248401687744
-0.001363453221491626
0.0002820644104560118
-0.0002764585371571301
-7.286503093615932e-05
0.0002123820203424444
0.001647058645931721
-0.001207306732065795
-0.001549588619244398
-0.0001569760805398639
-0.002733612251567504
0.00251812812928649
0.000277799271949729
-0.003034318364333775
0.002321449306519229
8.065718412467903e-05
0.002733783807454527
0.004902763172356631
-0.006417629760440581
-6.610412278802149e-05
-0.005152800620436093
-0.001264346661201397
3.666240175286184
0.005123105681384542
-0.002204048385929609
0.000384133886277855
-0.005122784219527352
-0.01655291522098611
-0.001092377360617065
0.002737143315821611
-0.008907027245583718
0.001246456132565494
-0.001203870567497698
-0.003406287474438773
0.01465671759275178
-0.0002020499876983521
0.00342180532191871
0.01126805349115451
0.004736362579041324
-0.04499462046953753
-0.004304084175520236
0.02264086482995232
-0.03055138563862737
0.0001211521591060538
0.009637490563184935
0.04279248983666528
0.01859221706666069

-0.004770940983381666
-0.007197688307744921
-0.00363255891885914
0.002981173522959093
0.002979084510777175
-0.002011668230696137
0.001696802687577541
-0.002304282062570954
-0.001651118289448234
-0.001098550633717359
0.00170077966399511
-8.052247039951178e-05
0.001063745058783489
-0.001566298025899316
0.001182485072630727
0.0002046985562243843
-0.001856421744300416
-0.001208381524963865
0.0006563996619755138
1.375317029887032e-05
-0.0008539971061023726
0.001172575885254623
0.001003649399869459
0.001507019925673152
-0.002621655850069533
0.002392029024832736
0.0002545894894872227
0.002858626449337481
-0.002302253229293246
-0.001371715369986796
-0.004151029471499912
0.005573964728858822
0.001525124869667166
-0.003186167948019082
0.001689399283010915
-0.002099897865013264
-0.003095840771048808
-0.008677084633946733
0.005755325379804303
0.005548222077264544
4.080018687100555
0.0118154284078321
0.01269259944283544
0.01630108934985828
3.402772970432979e-05
0.0028148080653703
-0.008285232068375867
-0.01054622432674723
0.0137745514580405
-0.003641328368119325
-0.01446048674139278
0.02264342896302467
-0.01266879376643624
-0.002801276055074944
-0.00936360962198469
-0.002142653259568383
0.01363342666852841
0.01984008133871312
-0.06191364335256891
-0.008492863362294153
-0.02840071351548617
0.005220537948528475
0.02035473405437448
-0.03023461553496625

-0.0007318453831671531
-0.0004805330577270148
-0.0006108457331011018
-0.0001793468181862117
0.0004348934433608751
-0.0009889193290077503
0.0001737453399290866
-5.488065938102307e-05
0.0005093067869495624
-0.0001539862055120993
-8.695429896311305e-05
-3.126180789608534e-05
-9.438484726393808e-05
-0.0001956436765208554
-0.000139673927818458
-0.0002014933104410388
-0.0004173271372682591
0.0002859770107088654
-3.051921929825394e-05
-0.0001841011426809308
-0.0001431429802145912
0.0008473451682501635
0.0001415012455162332
-0.0002151834409047413
-0.0008792195260461844
0.0007153117592463994
-0.0007334665820429198
5.006398915751795e-05
8.622794327737334e-06
-0.0005466714775383137
-0.00134911401250179
0.001343193368104101
-0.002522002032454136
0.0003753376352679719
0.0009963375045205565
-0.0008225760694021742
0.002603761122287817
-0.003201794393715038
-0.0004933019045815694
-0.002006926981650024
0.01155676567731725
4.285787335220125
0.01170184307001555
0.001667018507989229
0.0005367370357627487
-0.003060121894404745
-0.005236931616898731
-0.002798520554271928
0.0008737291925991959
0.01704386620584661
-0.007685226313076471
0.002437708347836926
-0.005805030158085515
-0.001290194482542404
-0.0003796344888217066
-0.001713356864337917
0.001654840210656326
0.0155504962587034
-0.007195516537231625
-0.002736148754738154
-0.005770291058550953
-0.0005598254614059817
0.00179450450679183
-0.01302316874407265

0.003353581492134177
0.005169174065085751
0.002718097276575687
-0.002490320606794886
-0.002141799804587826
0.001947218731344289
-0.001812003815778557
0.001359599375125661
0.001282184029276066
0.001100145845906766
-0.0007487312914070514
0.0002083086541547908
-0.001409754040652532
0.000744560829859009
-0.001006617334690565
-0.001164516693712073
0.0002109996339746964
0.001215478381991033
-0.0004426070499296103
0.0001194948331125614
-0.0002603231150061264
0.001565092476782143
0.0001118119037280194
-0.0001079545269387558
-0.002173474364556325
0.002124103896184043
0.0002437399507034468
-0.001685812181676537
0.001703533675915242
-0.001252397491799419
-0.003585831801549838
0.0001663631391963264
0.0002786552269218845
0.001955664499348096
0.0004723321281950078
-0.00467523901303757
-0.00135013662064839
-0.002361797611420577
0.00565420132927007
-0.0004995092882487404
0.01210639104732707
0.01166463633473692
4.518768975187226
-0.00977905529664189
-0.009464639318927881
0.003633334272252079
-0.01131390855106921
-0.01291663597619116
-0.003226963372350907
-0.004597622323860207
-0.0007320024670582675
0.0133015734089144
-0.01582203253290778
0.0008901764880921762
0.00143637290771476
-0.002729118189809198
-0.01933584050960319
0.00387059283626974
-0.01403045042571862
-0.01269082334137841
-0.006447985872533687
0.002911549858991265
0.01645856013575976
-0.02454839244491104

0.002483826329968777
0.003931389725067665
0.002158513038693012
-0.001709680858657954
-0.001896735866464206
0.001562378319267872
-0.001535562463364012
0.001252377944289562
0.0007965181436883146
0.0009093335156863349
-0.0009620984453558889
7.712956627372698e-05
-0.0005937804533059124
0.0007411646670271829
-0.0009278317467856483
-0.001140424386090494
0.0005377591184871753
-0.0004509215122412359
-0.0004697812132372089
8.736592520815038e-05
0.001179120025221684
0.0008985357580002239
-0.0009964689201855934
-0.0005011856137908891
-0.0008897447996672009
-0.001510203602953614
0.0003572105727127285
0.003640814804610909
-0.001664906785094662
0.003707097581735166
-0.00267618796388028
-0.0003022247288581958
-0.0003550880181246199
-0.003083334442527644
-0.0002559913029493307
0.001299834001674872
0.0004236232588355198
0.001408405256211655
0.001119269479608342
-0.002545514979273465
0.01399616540441576
0.001516056493146136
-0.009649274117814403
5.002342063069593
0.002116385344247899
-0.006073507723142863
0.01140218629129911
-0.0008243196413372398
0.001454627712731779
-0.0005984928188676158
0.001086851832082771
0.005485301842349307
0.002277038546444875
-0.01515749755163477
-0.01928078723965143
0.01363722409140919
0.03127581550705162
0.00764131961978653
-0.03228967195706855
0.001485503329183244
-0.02758763689432392
0.00207429394542606
-0.01262621416041402
0.007395988568840248

0.002868268517380546
0.004439600875852958
0.002302015276274614
-0.001769111855160552
-0.001912085432579814
0.001758994576812972
-0.001247705913647451
0.001554295281119955
0.0008997520161758972
0.0006994536354951698
-0.0009699051393094593
6.185974701768339e-05
-0.0005502761590180479
0.0007295587667931598
-0.001062424403883888
-0.0004778290548524591
0.0008232855202072254
2.328646441784638e-05
-6.601670814930364e-05
-6.652301955554105e-05
0.001543761588643766
0.0007348561152015924
-0.001716471267918439
-0.001734440574528333
0.0001591061043589571
-5.143304296579166e-05
0.000325765200402811
0.001350501472062904
-0.002357239388690651
0.001629755824843489
-0.0006731234823971241
-0.0009173006290701517
-0.0002868014557267257
-0.001504357925593253
-0.003099862217612089
0.003165927706532063
-0.0002104606284414189
0.002274055905966284
-0.005611812901837423
-0.01111841201109775
-0.001218224443482727
0.0004916445740684166
-0.008569956857571531
0.001098896490159674
5.515051803136417
-0.005722689986992949
0.007662698239968218
0.0009867026459179067
0.0009833618050671686
0.0006036636451901437
0.005571926873477932
-0.009856345593684042
-5.021989762273482e-05
-0.005729882593044463
-0.01021930786571941
0.0008795875988095554
0.03544948778960926
0.003159624630206593
-0.02001159388584948
0.02278380768006299
-0.004867777300785598
-0.008914280733513798
-0.0382699185156314
-0.00827563128678593

0.00109805303755459
0.0009821601454963493
0.0007701325007390033
-0.00017536329411208
-0.001131173542009278
-8.73193796431416e-05
0.0006764389406694707
0.0006716103888432662
0.0001227994367958216
0.0006763384997143941
-0.0002230022195317837
7.500610719201451e-05
-0.0002942874991105851
0.000304221288017094
-0.000180850303874239
-7.014958574187802e-05
0.0001630425570706053
0.000519623872393063
-0.0004823195535100141
-0.0001263532737957555
-5.766148928494142e-06
0.0005722301312130271
-0.0007388819818091696
-0.0004091053646403678
-0.0003943048506490182
0.0004805895187300099
0.001012858968249331
-0.0007238109127611124
0.0005426037419623084
-0.001632303409677003
0.0006456064025922726
0.0002037485777404837
-0.0005417479084669517
0.001033729110392727
0.0008791786535280151
-0.0009878861889856629
-0.005942686005578202
-0.00247054661461976
-0.003207627501317369
-0.001059994171464542
0.002156513744681166
-0.002140598863522727
0.002978749300115478
-0.005592314450016057
-0.00574924172284483
5.875562384268469
-0.02720577215094434
0.001361124882428143
0.001003409647114992
-0.008714359761739818
-0.002734623048541255
-0.0003144367635492199
-0.005768399338596995
0.01210786670326499
0.002712149325770347
-0.0114662181408868
-0.00504615362630018
0.005693751882797022
-0.004329983211683881
0.004381998716391951
0.002225253403164791
-0.02003660591227382
0.00399907460584965
-0.02334582446662357

-0.002009450100535828
-0.003230736537112851
-0.001592400353737291
0.001956112257728008
0.001200190060952551
-0.001210785044681571
0.001797930635718852
-0.0007389808681202604
-0.001188260795355581
-0.0004639204451557776
0.0001086602935529321
-0.0001359810518556703
0.0009653203708113569
-0.0004331837789119247
0.0002336316956657264
0.0006488646212975356
0.0001852755459696095
-0.001273549876005544
0.0006182693419566884
-0.0001960199262868238
0.0006620177198147763
-0.002123385809166377
0.001130451420002672
0.001181938369727103
0.000934758303946441
-0.002778014991182243
0.0001792444299454098
0.001383077031153596
-0.001166869952565421
0.005451268730679359
-1.484262459067296e-05
-0.0009789295604737947
-0.0007544210168756661
-0.001287626848988331
-0.001158505372570737
0.007031725627372501
0.001403728173660198
0.009016290540937224
0.008163203920406661
0.001758595327177486
-0.005514565611069455
-0.004070165861222237
-0.009548676764025543
0.009995874345118946
0.007573250818999234
-0.02702119498247141
6.087216150411041
0.007753898533985643
0.005624121666384491
0.000342049702469611
0.009699947346607837
-0.0005217309394269969
0.0230178344796887
-0.01480787779721707
-0.01615153157923444
0.0315336736113039
0.01259809483939621
-0.007422731990338952
0.02508272012445442
-0.01693171800580752
-0.01353534816257937
0.003976708885550041
-0.001238325292733513
0.07393680935334178

0.002110646166394557
0.003408244917009088
0.001789355751347324
-0.001587041803138857
-0.001594828356778316
0.001219906657360201
-0.0009364126763333563
0.001309379996925839
0.0007396368949700125
0.0006616869814335117
-0.0008458101625791353
1.835378716090505e-05
-0.0002650564574851005
0.0005524991413727453
-0.0002809717543548065
0.0001821422714591481
0.001023247149219089
0.0006061848014642488
-0.0009575969710716872
9.941958524167694e-05
0.001283894826912043
-0.0002484330998687634
-0.001841708969305819
-0.0007944818518548914
0.000666370772397902
-0.002410867780811574
8.159175011092497e-05
0.0005560922151041999
-0.0009227733537127562
-0.0005484356950889219
0.007821732346806365
-0.0001197935734429298
0.0005768841727059777
0.001368338631441216
-0.001058988525167408
0.007399466693878205
-4.512556719149464e-05
-0.00194399804858956
-0.007116461727692677
-0.004354541143380429
-0.00627258753065762
-0.001618887165749901
-0.008916075826010037
0.0004833988652001055
0.0001101865776261387
0.001146887016063412
0.007840927122526938
6.666119790812415
0.002082483729066848
0.002831999756922095
-0.0007154634466782096
-0.02319278113476725
0.02201750833135083
0.01034324121324639
0.01317634585481681
-0.01447186608996207
0.02467424714206866
-0.01060939797992857
0.01598648765338073
0.02083236850745229
0.02251780086548096
-0.009677631140884799
-0.01681784674531698
0.01243214662345504

0.001410098965510845
0.002338389635228766
0.001493373331401493
-0.001247790778076007
-0.00112718402826733
0.001163162278848912
-0.000984072738751989
0.0005140057866685746
0.0007412199661354209
0.0006580119273871486
-0.0007451643823299071
6.301985233102594e-05
-0.0004232380702318784
-0.000170663702335265
-0.00019163640717183
-0.0005497543911541027
0.000231868607016402
0.00062641012284101
-0.0009264516914072225
5.802633582482197e-05
0.001424157978011794
0.0009431996647264968
0.001052751975930149
-0.0001998265139600137
-0.002059629673364669
-0.001425892951196237
0.0002260948137887388
-0.0003747153258934037
-0.002202167951793652
-0.002377281741170611
0.0003533745298929206
0.006199305334558872
0.001762873584955928
-0.00278672356660403
0.006688393225386941
0.007535895068154401
-0.0008669212080143888
-0.004862416438694124
0.002973165610177155
3.205558027950329e-05
0.007104222969747555
0.0006712346847749494
-0.002262391427917595
0.0009038293308807417
0.00184624878415109
0.0007538290726469008
0.005394590660338188
0.00118190449146041
7.300553256026606
0.003803665102249969
-0.01619303565968304
0.01900026668514385
0.01479628089816657
0.007267047286306118
0.01096642271461143
-0.00817410122212784
0.01151737748097294
0.002288716207783945
-0.01971524610586117
-0.01519133209173511
-0.008450491008028813
0.005229563052875088
0.03658295688131707
0.02105839429730049

-0.0005803063943682175
-0.001374229037074572
-0.0003728039887910501
0.0007924348503540479
-0.0001353933058655758
-0.0009398552022370745
0.0003364556984465647
0.001387888629580233
-0.0002723537532152641
-0.0002802086858355517
0.0004223713477832595
-0.0001198606895388763
0.0005100523287219516
-0.0003702430036311281
0.0001059360466285845
0.0004310136190123385
-0.0001961521453575345
-0.0002779882935095529
0.0003401765658410869
-0.0002885259591461737
-0.0001671605122806381
-0.0004284097331048904
9.745930492816084e-05
0.0001856026378546191
0.0004878812015183299
9.928518754713658e-05
-0.0008046851608360652
0.0004181988866758664
-0.0005005778748411159
4.239946847461168e-05
0.0007602716374254453
0.001164333827137799
-0.003846811852284258
0.0002723973175724308
-0.000730758132077786
-0.0005134628353786477
0.005727598774247699
-0.0007596174014222487
-2.734821618511675e-05
-0.0002649984078501018
-0.00232490082470001
0.00939820857397021
-0.002526043224787606
-5.942849776469344e-06
0.0008396076709621266
-0.006740222800665789
0.0003841449187993788
0.002887584709589654
0.004094063249680008
7.737740415519776
0.0107898774209679
-0.001274351809474456
0.0006292757660964878
0.004233374351690659
-0.002030470968620111
0.000608928536243085
0.003195087272817136
0.01564662065994108
0.008574186833117911
-0.0005619884340931744
0.0001795021649369991
-0.0009572831501421697
-0.004152741662473997
-0.0002133136007997091

-0.00155883743056985
-0.002537209195727621
-0.001566591487642414
0.00140638538728256
0.001311189046825767
-0.0009379781489667879
0.00115505327717801
-0.001143630290854154
-0.000666181014509107
-0.0007665820577592229
0.0003466121823668188
-7.260361786964784e-05
0.0005056126046189708
-1.20404239355922e-05
0.0001608000604938367
0.0006092299114898535
-0.0001192290091795476
-0.0005502119809872824
0.0009161586784279198
-4.321153695900099e-05
-0.0006440225088526756
-0.001067877854545905
-0.0004838724373002098
-0.0002284191469999833
0.00202175814332157
0.0003148044865016089
9.793970865179669e-05
0.000317452575814142
0.0008808619169407388
0.00230609916192821
-0.0007754915003530334
-0.003263806248060957
0.0003765218619320911
0.002593977026207281
-0.004539315635564314
-0.004255722062057102
-0.001080235996247304
0.004533526058681923
-0.001306343960073322
-0.001403989396588064
-0.007859261840388555
-0.004517195885174086
-0.0009843633549379996
0.0008281464736918142
0.00383454062790011
-0.002631631388558433
0.008322084887346204
-5.519905614010702e-06
-0.01422454195565115
0.01097392236742159
7.970270149377223
-0.01992944688006311
-0.01159731476598965
-0.005626247004828919
-0.005363959344865664
0.01121957005983655
-0.00254649006371389
-0.008931197261830068
0.01525078001966185
0.009422030341447601
0.006466862248476408
-0.0032543349934979
-0.02856303301196287
-0.001204411966444487

-0.003506304530068494
-0.00518688605060343
-0.002640840822242815
0.002077821885039334
0.002283255416350478
-0.001474193806508683
0.0013367357638641
-0.001880823073167223
-0.0009485099059654526
-0.0005584028919054687
0.0009739268002674445
-3.95052443088247e-05
0.0005041955342946867
-0.001057740143859549
0.0008414514646038307
-1.983112993443354e-05
-0.001126737991743009
-0.0006454477890619683
0.0003868938005272403
2.137048617499834e-06
-0.0007779599152818912
0.0003276542098811853
0.002306462870147066
0.001217847138895129
-0.001854237643783246
0.001301794740817609
0.0001472602724127448
-0.000388044051582698
-0.0008549512560478663
-0.001001587607159505
-0.004496258433366153
0.00346129616258304
0.0007372003062415394
-0.003398718393679671
0.005470325449119471
-0.001179875384950091
-0.000485417699717218
-0.001182573771256036
0.006702828677521025
0.006259141495559233
0.0103701349101402
0.001126766261534948
0.007631660445956052
0.002724096957798947
-0.005976831578143429
-0.000374280844562872
-0.0006258449475299052
-0.01876315455090961
0.01668828086488166
-0.0009456937054818679
-0.01912985687241762
8.685283406966247
-0.0122687488326698
-0.005276878065045293
-0.006610380023832894
0.00206490680364374
-0.01604904369626651
0.00860156119410652
-0.02397367555141103
-0.02780667091974689
-0.02432907279338362
0.01137474804176584
0.04125599069361566
0.001504022148959094

-0.002886158685205592
-0.004464866678519176
-0.002189745506765973
0.002102157524362144
0.001782479798358029
-0.001354466029996306
0.001511663155359764
-0.001237468109710427
-0.0009565061100391416
-0.0005460980613980557
0.0003280117548389505
-0.000163482727623116
0.001181250884856421
-0.0006980438336364159
0.0009092577080414149
0.0009853009439228667
-2.681671529710674e-06
-0.0008656800668107175
0.0001429969385050548
-5.95659579736592e-05
0.0007191771368100575
-0.001570502759368676
0.0008109317642071992
0.001014145422673208
0.0004453356998834515
-0.002976322220513021
0.0002583530128715228
0.001609622146228966
-0.001095480916828048
0.0006912670946832057
0.004817286085771196
0.000785721652492894
0.000177105384508554
-0.001454810145440049
-7.972806518435362e-05
0.0114101773771634
0.002015588358252043
0.002373387394740754
0.005016116853791976
-0.0005521705270654404
-0.005504993564062111
-0.00283213067136022
-0.007259277588773994
0.001874286429378339
-0.0004303237948343735
-0.003730355798973644
0.01448980240670485
0.0157218833725884
0.01051806616256096
0.0005339097863831981
-0.0105374729247328
-0.01197224393188443
9.44244623702139
-0.005758697869320834
-0.003170203307254351
0.01230192178927727
0.02243098540535556
-0.01113942263943471
0.02316999708633377
-0.00576600541602658
0.002600689994760337
0.001008889685300332
0.002363018713803948
0.05714309433285718

-0.00105082175202524
-0.001211443916502412
-0.0009638823602000176
0.0003214657147920815
0.0008189159381451375
-0.0002232603956717331
0.0008187381060624598
-0.0005123228583747997
0.00115181711900292
3.065764127521867e-05
0.000363446510231413
4.313017788215934e-05
0.0005732313325708162
-0.0004631388257112013
0.0007861912870554886
0.0006390793990765135
-0.0004503609430506248
0.0002194807009677052
-0.0001277624055002109
-9.06999105603603e-05
-0.0005382579657694628
-3.47570217645594e-05
4.287351793551026e-05
-2.186659106135025e-05
0.000443665105883267
0.0007047722577553705
0.001922478169706377
-0.001269760615983055
-0.0002337064093405084
-0.00325787706961951
0.002770154054006687
0.002453816841000156
-0.001836487713339941
0.001411701934759942
0.001605294265908901
-0.001896674465322925
0.004192317356147785
-0.005992377713904346
-0.004022609711425189
0.001699082663790308
-0.001044896989663838
-0.0005918184814038489
0.0005540482854243449
-0.007185643607483452
-0.002536155164217054
0.006908273845803958
-0.00890432303371589
0.007119296268599537
0.005612830663299796
0.003501521581129529
-0.004070338399477665
-0.005015899687672071
-0.006021284340485931
10.13902748720206
0.01584733284271358
-0.01371143010290961
-0.01220607735465397
0.005272224859068085
0.003396533700787257
0.00353455915872118
0.01069003743682135
-0.01521683422002987
0.008642651486894486
-0.01998723869598605

-0.002137941312169494
-0.003562654530246557
-0.001643510737547065
0.001526959102593274
0.001208301130287565
-0.001403838287948096
0.0008457425975738384
-0.0008406023392048872
-0.001662391289250459
-0.0008043976059493586
0.000626913257269269
-0.0001045103087726026
0.0001431423359598767
-0.0005530574595459679
0.0005450645188826154
0.0007122716791989345
-0.0003950172887966684
0.000443151353504221
-6.549746463103642e-05
9.445605023685072e-05
-0.0004384616045146409
-0.0001422532316546856
0.0002990947934220314
5.868505359033762e-05
0.000229712194005675
0.0003027782398293974
-0.001547331442946545
-0.001794520729060574
-8.924706269134537e-06
-0.003073142586471031
0.003123266868559229
0.001610671652047818
0.002794062222975289
0.001836117532170252
0.002688021320139861
-0.000456365660915234
-0.005946683397875031
-0.003696652645075785
-0.002258345034797766
0.004338182361825616
-0.003131770622886653
-0.0002432367469388682
0.0005453647722948716
-0.00924115628964753
-0.005179061407409384
0.001192435576600168
-0.009094843134237814
0.008583701075189777
0.007614778015329657
-0.001105821721446705
-0.003344883024339266
-0.005943732069911779
-0.003142967159319396
0.01605896762582736
10.28803747487946
-0.01198106006726938
-0.01710390318303751
-0.006017816475478454
0.005411515519670052
0.0003856687139773374
0.01836554970217777
0.005489200150897543
0.01247702926914218
-0.01319419161083996

0.001524747718227967
0.002612938778883286
0.001307589823802177
-0.001013553190321718
-0.001002473512849444
0.0009512746357635409
-0.0006270151805223611
0.0008035606572547622
0.0005450846661367814
0.000497172556185351
-0.0007749380123552338
3.657230799248089e-05
-0.0002761161404102444
0.0004662893478473499
-0.0008322616389019987
-0.0005741448118184987
0.0006221320992036692
-0.0002295815068340195
0.0002033232330372263
-5.606734062714928e-05
0.0005628291563909577
-0.000549445635085508
0.0006641507761140022
0.0003732462542146828
-0.0001506077855601934
-0.001562619857316041
9.943595230708555e-05
0.0006455726649229134
0.0002596295725869936
0.004456587344515841
-0.002816480454810478
-0.001785157545854184
-0.001002920424361125
-0.0008280516741975594
-0.001301507630903944
0.001631294956820444
0.002516558291622418
0.004575833733604152
0.008604392320054883
0.001508962276703271
-0.0003684978406402588
-0.000371967578247777
-0.0006617186008392015
0.00619634853866625
0.0002564816997496306
-0.006131384212511063
0.01786453404788719
-0.008166755831965064
-0.005550410956503183
0.0001184089941091134
0.008239572816226625
0.0006063962552750914
0.01098846575826001
-0.01246956518316552
-0.01046052801015727
11.09618344785095
0.008990965749229061
-0.0006949111355530647
0.005748061886414828
-0.01852605676959883
-0.0137348550182791
0.005825481074095818
-0.00061968907430729
0.03987661683323855

-0.0007510622753145428
-0.001125424598988875
-0.000616284827780704
0.0007947265189811267
0.0004598665160464091
-0.0002394453246508995
0.000400962565528826
-0.0002536519910225213
-0.0006964512940068886
-0.0002164114939292517
5.35190501283119e-05
-0.0001081362048777523
0.0007352400487492913
-0.0003419723487460821
0.0001450955909280813
0.0005421978503720815
9.989349025077974e-05
-0.001056440086272232
0.0003475083697736457
-8.877474634102299e-05
0.001426094843374303
7.400710113728416e-05
-0.00117302460345377
-0.0007159916121116895
0.0004019276191961677
-0.0009866428926684745
0.0002963513726089151
0.004195179782352849
-0.003100388846911376
0.001677893309729608
0.002410477760007136
-0.0003184140687552825
-0.0003150876236268773
-0.003532032358669585
-0.00355991059499127
0.007319590569880245
-0.0003858995776254267
0.001218491832507321
-0.002858451358612914
-0.01432015725597338
0.00463136009757392
0.00046264916487258
-0.006858682172787164
0.01252642787773461
0.01622527153682827
-0.002621304364307775
0.006213019333557308
0.01421653667593741
0.006499118701780118
0.002243263639102678
-0.001929388102644021
-0.01167354107040411
0.01867290345037849
-0.01050367327793086
-0.01523201147237391
0.008924489965728297
12.01372445275102
-0.0008084154248967825
-0.01719639972116601
0.01777311172035422
-0.00314429054011307
-0.004451815754883894
-0.0360760479361204
0.01234750282584168

0.0003401417866161241
-0.0002359065172145865
0.0002522758833840371
0.000190626756034164
-8.467727079330782e-05
-7.419116879393386e-05
-0.0006800623877135479
-0.0006312221939062702
-0.0001636880814824253
0.001671303652522314
-0.0002357656514633395
3.853937571792496e-05
-0.0004473967671532879
-0.0007544363485830587
0.0002116958844360169
8.262071462084676e-05
-0.0005499661178971286
-0.0001373376989553997
0.000292256736482599
0.000182315343369857
-0.0001975496457588436
0.0005740198140200733
0.0003300106147891166
-3.541742225200454e-05
-0.0005202209987098578
0.001240406854853272
0.001596877788040215
0.0002466973331633447
-0.0009812169118878112
-0.0007356872551312682
-0.001908599488926938
0.002262046023261196
-0.004481744574650238
-0.0008006119615416305
0.0005671546537378233
-0.001939497114469027
-0.002345854771849207
-0.001218245354374989
-0.0006465552794224039
-0.0006396732857450703
0.006397750087597112
0.005281740248192786
0.001573799846187783
0.003379321683853058
0.001376988694540356
0.00265708982363162
-0.003749200172351152
-0.005297874142642624
0.001743178251549598
0.009593125669026845
-0.005765639205198998
0.005581868887736189
-0.008569391002474629
0.00432218819108662
-0.004804091549138582
-0.0002216636385364589
-0.001258114414925099
12.67757308774008
-0.02641404127664904
-0.0008581795140312383
-0.006436264964976009
0.01631890023728856
0.003148834329913097
-0.01823190524839959

0.001041507869220141
0.001343702507853508
0.0007421601010205053
-0.0004627503011494855
-0.000572026684585942
0.0002276868085667985
-0.0003050541964459218
0.0003883336697222354
0.0003344410785206651
0.0009872947127035321
-0.0005792860191605256
5.127867050168811e-06
-0.0003599574855257169
0.0003702884705585915
-9.065263660558908e-05
0.0004589805330777253
0.0007922627959418881
0.0004642907554406127
-0.0001819412324525969
9.977510285679566e-05
-0.000193469020609279
-0.001971115729045221
7.618104780903639e-05
0.000624810804279006
0.001750860295804401
-0.002311356277793922
0.0003435911612016008
-0.002076809392685455
0.002910049081241372
0.001186632496631889
0.00463545777523065
-0.003231526530175782
-0.002647384017108999
0.003587965584786029
-0.001124409618993584
0.002818339149956207
0.001677371319721516
0.005087204301339568
0.002980342297475045
0.005699522133200336
-0.02009703284037333
-0.002328067866347329
-0.00482580534386295
-0.01274262313696255
-0.007882489405338608
-0.00177583274309341
0.01165015237197215
0.008159918240024601
-0.0114223266610963
0.00470792875400253
0.008890341716840862
-0.0160215828813946
0.01673913863114956
0.001899620255829
0.003608469739685016
0.004493035622006905
-0.0154752618279249
-0.02631133898241924
13.004301735452
0.002497001590659985
0.02893301047541049
0.003039271679214016
-0.009539046760311379
0.04347990762491622

0.0002211030137046482
0.0004480792424552792
-9.322869723190324e-06
-7.512200967741916e-05
-6.481944979177687e-05
8.117513282402855e-06
0.0001549719235199747
0.0001856662948864555
-0.000160755904771709
-0.0004028773693860239
0.0001400628129934848
-2.311979359354062e-05
0.0001482725212569346
0.0001773378579469163
0.0001467630548544381
0.0003688759170921707
9.053745628868723e-05
-0.000155088567565472
3.719371980153167e-05
1.684969052979361e-05
5.376270973202917e-05
9.805753116799082e-05
-0.001837181988784963
-0.0009290972196665771
0.001098761129967215
0.0005418803188165338
-4.691240246957569e-05
0.001298603707732907
-0.0004046497946323499
-0.0008284796334947361
0.002686701405555656
-0.002294978595297434
0.0002694408108290755
0.0003926334680080351
-0.003485476516876311
-0.0008767154411089464
-0.0005659968570196356
-3.536413260716545e-05
-0.008430331507937955
-0.008270437474846782
-0.003197520951104997
-0.001169760242085307
-0.004721074589645492
0.0004263426237707459
0.009341999699150378
0.001519874552424288
-0.0068925275264927
0.009796713800319278
-0.007841526209268052
-0.0001353779920679524
0.004914270222765678
-0.0167557126866349
-0.003958527302412177
0.00283227359137224
0.000101063570631272
-0.01568681420280373
0.01479085860799617
-0.0006856474522285022
0.0029184591560374
13.93914480578908
0.007932865633277893
-0.009848920893134413
-0.03793888641084681
-0.0203422931460134

-7.678422960579193e-05
-0.000165223372616552
-0.0001995247799269271
0.0001427828440954026
0.0001076956036708457
-0.0003019349130028188
0.0003960228081040458
0.0001309285669929413
-0.0002774438924899937
-0.0004270112196028711
-0.0002982017026958428
-6.865495489170718e-05
9.513338601704359e-05
0.0001976913892561238
0.0003335566687338033
0.0007067504394838227
9.846057408131642e-05
0.0003139783709174983
6.034100854552168e-05
0.0001899624223562339
-0.0002690155018838335
-0.0006450717592059274
-0.0006071080490409004
-0.0003435953946641187
0.00125678385955566
-0.000194700742827443
-4.980713435758833e-05
-0.0009561041896862653
0.0007775038186178447
-0.001457482316763743
0.003901449022762929
-0.001028774894862347
0.0005265281880063974
0.002768825710213827
-0.001384437194976322
-0.0004327882085226973
0.0002661102456447567
-0.000698632056742724
-0.00378826284881373
-1.300011334182246e-05
-0.007547518831011805
-0.001679520974249985
-0.001198867262147724
-0.009725572542847335
-0.001804904739742717
0.0008765276874990002
-0.00592209501501985
0.009570228931377774
-0.004200806448718295
0.000226453390738418
0.003267886047872978
-0.01457944368654458
0.002125143544152133
0.007346077019845943
0.0123333771644067
-0.01004604074997738
-0.00168248207622228
-0.005490798913240295
0.02562649754090804
0.006758538470098444
14.96765599368891
-0.004245004105676957
-0.01522457384755104
-0.01062627182845794

-0.0009921157641540909
-0.000603097199091681
-0.0006983943204563443
0.0002625233348157078
0.0003694461719703385
-0.0001029788796968325
0.000504539271668539
0.0005824538016764091
-0.0008072339860053247
-0.0003617183701371476
-0.002117931410537865
-0.0002117867486838732
-0.0003258124187014108
0.0001983972423234878
0.0006089025683451224
0.0002484557967219028
-0.0004337882298380192
-0.0004119102471992353
0.0003490803564594311
0.001011972290059438
-0.0001607884604066609
-0.0003705355288529588
0.0008102415412906455
0.0006458404197566554
-0.0001140066897645097
-0.000194303861916536
0.0008296586194217121
3.02866666429337e-05
-4.38635636514053e-05
0.0004664384919940902
-0.001036412171715405
0.0006664083769385275
0.0005055027366280119
-0.0008240869435524075
0.0007958612577191842
-5.232789180381148e-05
0.003962028404594035
-0.0001906453578041172
0.003245240234447356
0.002541592782021992
0.001080178474044706
-0.0001381396893135867
0.000903507802829449
0.001175996643581956
-0.002938807395882202
-0.007614144107724105
0.001439522331432945
-0.003736056471000611
0.00275218819590063
-0.0005486922717895425
-0.001858581531487145
0.006153609744907743
0.0001807410542040058
-0.01019765933233178
0.003512592222788802
0.004561358223617825
-0.003964707513943137
0.01346333587178241
0.002623720940965908
-0.009212595872500826
-0.004555442489432519
15.34250096286479
0.01047944545825299
0.01144090689772334

-0.001614632103634334
-0.002350296426948596
-0.00107371349536376
0.0007719886096622019
0.00101273534935937
-0.0007521191402048041
0.000553833806449993
-0.001015079748346528
-0.0003378218353776198
-0.0002042240297279586
0.000773263161714388
4.267470363641874e-05
0.0001199265687130923
-0.0006679814081934012
0.0004030894794801429
-0.0001467902847248639
-0.0006303739255443725
0.0001770118577241289
-0.0002133190896438222
-9.789214530839073e-05
-0.0005827102304021665
0.000164034989112158
0.002164456387232977
0.001209362105763752
-0.001711441628337064
0.0001537673085858454
-0.0002290552752060088
-0.001908972206383195
4.957662141961885e-05
-0.001861737072354001
-0.001789961135290121
0.004170601187447144
0.001151523882368543
-0.0008304712001333805
0.006264838994187854
1.362781539828372e-05
-0.0009426089170330808
-0.002998199751259065
0.007099450381782392
0.01009211283890339
0.005250195899277504
0.0003400378237580453
0.004505528886033477
-0.003134534554558329
-0.01364671607557267
0.001340128895347343
-0.0005480712448170666
-0.006583757750580069
0.01606303879405812
-0.001821420165607769
-0.01411877737596809
0.02212918510785957
0.0009516301494597345
0.005942215306573646
0.008188992134624104
-0.000267794023334145
-0.02690901112297804
0.003023668820509483
-0.008391138621208842
-0.03338061155216227
-0.0146252948168296
0.01047637240462888
16.12566830490066
0.005351154592072211

-0.001582466050877946
-0.002582850882231397
-0.001104557450919237
0.001375669021420834
0.001011022229134081
-0.0008039911122771232
0.0009465642730933859
-0.0008107988420068368
-0.000628395082362553
-0.0003779513069357627
0.0001694816255786086
-7.554343684446524e-05
0.0005348502050798326
-0.0002878905060086048
0.0002141570276757726
0.0003605384189029341
0.0002552500852668328
-0.000910668635213302
0.000223808590926605
-7.250828567766447e-05
0.000670526089457574
-0.001888850712968379
0.001486511387117009
0.001460353741092075
0.0003012189912801916
-0.003474059024334966
-0.0001218613234201494
0.0009547211309644596
-1.020725208263496e-05
0.003328223341853498
0.00172954517086096
-0.0005616463590070199
-1.431442982937915e-05
-0.002093251290130805
0.0004562310282227659
0.009967820988662177
0.00255300030269427
0.006799253598786795
0.009978703700847153
0.003815294101920973
-0.00750738612223964
-0.003424610485228326
-0.006396100715448926
0.002039735018356903
-0.001785391563594918
-0.008368454102315345
0.02645595709946093
0.004840084103997314
0.009335588437639913
0.0002460222906600615
-0.0002138282074688085
0.0008060173013159182
0.03108220690034038
-0.01184528604251314
-0.008425358353827099
0.02526920207284001
0.008382579723995153
-0.01321203212930453
0.03292654774992521
-0.01569463903818804
-0.009743110558653369
0.01051839727324492
0.004411995516528343
17.29794802123427

