-0.260648886215205
-0.4156725780407394
-0.1058322209490107
0.1189167313741369
0.1009218657675245
-0.07809795412179713
0.07127004545546965
-0.07213420241601314
-0.04698870285288315
-0.03768593725979823
0.0423566458155718
-0.006458273263605669
0.04131867095327598
-0.02856449823342853
0.03991751773609051
0.0338708747242766
-0.02716002626245021
-0.03058208355892342
0.02443677310151824
0.002389966611360953
-0.02168497448678121
-0.02384575472722579
0.02120959905930169
0.01965928646941892
0.01849674785880756
0.01901787161118419
0.0008612144522687386
0.01775648827742546
-0.01822089825862205
-0.01724165749977737
0.01405441040528513
0.01770121564027573
0.003698805589825465
-0.01631792247767804
-0.01123098959261135
-0.01479397871241384
0.002706365124876276
0.00986236325952052
0.01665365047454758
0.01616022282035522
-0.004511391903519459
0.001732059779816391
0.01712878979833934
0.01224206076407101
0.006485174092278826
0.005779544995308522
-0.01473236547394331
0.002504894348455525
0.02201975638052547
-0.004125576027908293
-0.02044784947510352
0.008258986842828244
-0.01525231948607607
-0.00279939722084284
-0.00515448330591681
0.006479545385774423
-0.02101661589536134
0.006184266787101069
-0.01186319434910936
-0.02615264153946153
-0.02150746173536247
0.007191407206495854
0.02298565887417293
-0.01793149097573152

-0.4153998069983716
-0.5389061140861602
-0.2261472113193748
0.1739349032308921
0.1683130056587289
-0.1179516977471454
0.1201390956799601
-0.1070858040990012
-0.07993091386753025
-0.05965990896685074
0.06745891431345803
-0.01078004171338813
0.06427645102787716
-0.04830360591937823
0.06189197125627017
0.05369146745402335
-0.04410633832551699
-0.0481729161941259
0.03875527542440532
0.002741156593668061
-0.03456307969539266
-0.03796344838298564
0.03415361771992673
0.03145634743144794
0.03019005799697206
0.02765329903177256
0.001511921196935627
0.02987967219477473
-0.02930322249351355
-0.02642186413811311
0.02572868632899825
0.02766960257851945
0.005212156093806304
-0.0267711590322988
-0.01904229180669647
-0.01526456264684003
0.004925331067203166
0.01943326839808034
0.02787624803757644
0.0231497334652085
-0.01353039281329844
0.00174123844275677
0.01925314226562594
0.02136558722875445
0.01424946937703384
0.004366291851002731
-0.01015542338234483
0.01804590309855729
0.04097129095099283
-0.005803736287613761
-0.03209699109561508
0.002234101670785468
0.0005371795832238794
-0.007973716352484176
-0.010391001215083
0.01892735840749257
-0.01060213195588238
-0.0006597518323252743
0.001930659616857009
-0.0371783055676648
-0.02894219345077787
0.01106630257566239
0.02299141586183206
0.01680748285222781

-0.1043354286695329
-0.224164826986069
-0.09371305600815324
0.1047826538343379
0.08614950241788248
-0.06325690302425131
0.05867245404427511
-0.05664389508528972
-0.04142129636598212
-0.03447462886636014
0.03449669232584996
-0.0056898469305087
0.03316416489829982
-0.02720837956399695
0.03112431510962829
0.0285178659024563
-0.02313304542427902
-0.02466687040729275
0.02032898698689026
0.0003686712752100299
-0.01782093528522284
-0.02069765838610268
0.01724053312318084
0.01678950831190717
0.01678603927341342
0.01261932127091624
0.0009280585472404374
0.01564576104855123
-0.01554603565154455
-0.01434187038114845
0.01994368996818661
0.01345711554181735
0.002890847239003012
-0.01320405323935835
-0.01082858716864845
-0.001079825408402181
0.003327714768493533
0.01139647045536997
0.01212558241320275
0.009855853926662998
-0.01798206175934975
-0.001690530193204723
0.00169941812225771
0.006103641493222619
0.009302802719325074
0.001808281691204928
0.0008178178752564838
0.0303378642703399
0.02618128065020688
-0.001124641669567189
-0.01687789825182286
-0.01801428765861376
0.02371717624389217
0.001506672375352824
0.004577499401630962
0.004871137286497663
0.009585911667994548
-0.01334326834359677
0.03302504682581718
-0.006290374619765134
0.006401208433507503
-0.0006265867757592383
-0.004812036724274338
0.03920329417187112

0.1164990722474566
0.1702025454343809
0.1036684791107658
-0.03305542042975589
-0.08208892388291149
0.0587929046256098
-0.04843111877202142
0.04767303474520908
0.03657585661182543
0.02817207158767218
-0.03179141023154598
0.004162927004927731
-0.02771637362108415
0.02408913689089867
-0.02603147890846174
-0.02442865668075734
0.02114232687514283
0.01917244900110431
-0.01768162990412615
-0.0001242116704154765
0.01717880275955135
0.01573869621567604
-0.01495137552429209
-0.01349176284498962
-0.01384466521164118
-0.01512234587850758
-0.001002159206561288
-0.01036639768919084
0.01212077271402797
0.01799987082155594
-0.01491104427171971
-0.0140867351222001
-0.003622711154186894
0.007967291363774501
0.006790690281634527
0.01356871836490844
0.0008024375211173097
-0.0008469362224196916
-0.002217390264216919
-0.01257676209542838
0.008814495068198907
-0.001740084992928221
-0.01238812578700971
0.00524521071865942
-0.0004695272227838269
-0.01151278022346179
0.03091389507895764
-0.01653578809169632
-0.01714936043516144
0.003457827746115117
0.01963854924088648
0.007482726414589596
0.01696516750552001
-0.02184951896206328
-0.02261522497119741
0.02909183084166606
0.02971498483212744
-0.0005676865382522392
-0.002561346671728642
-0.0008856928812276763
-0.01630353759855345
0.005553645750800128
-0.01461851668152066
0.05681989714703213

0.0972105317777882
0.1628506830850086
0.08435612171181482
-0.08134102946703414
-0.007522439289160965
0.06156335017809358
-0.05252341307012352
0.0392823131150374
0.03410049916182518
0.02864339966043986
-0.02554295333022931
0.004617792837698904
-0.0277880786466286
0.02209370554466278
-0.02437825857955995
-0.02169447737050489
0.01948551811753604
0.01917605868789504
-0.01556348344990848
4.922787970846242e-05
0.01534680546859668
0.01522217156612089
-0.01215942004044961
-0.01254505266540068
-0.01356173517676051
-0.01221288946195075
-0.0009536095979450047
-0.01356802487476377
0.01292797294231962
0.01268689088299525
-0.01507201517742208
-0.01011891445919781
-0.001786053652675021
0.01011308794825968
0.01116996249370756
0.006460247301909729
-0.000267404403823063
-0.006388463549577702
-0.0009396356106243231
-0.0005764863256778174
0.008860607309296416
-0.0002248085883031074
-0.003574085484072606
-0.00800138801259328
-0.01545831874627836
-0.005885686477413072
0.01409803637348502
-0.02317771235177589
-0.01180856190497493
0.0009134474310764061
0.009720499156564472
0.02089711494492626
0.001470945738919403
-0.004884854678206546
-0.00160663150437905
0.01108644240046544
-0.01866806934334879
0.001346485770561002
0.001542975618302869
-0.0186308849854223
-0.007032011838432032
0.009977249641988567
0.02837370543170897
0.0231988976698712

-0.07525358359166473
-0.1136182258548797
-0.06153627447774834
0.05789844642340991
0.06130805315567036
0.02307894767626054
0.04609105047397401
-0.04082110247811606
-0.02406348207837215
-0.0210533598630886
0.02344990410569837
-0.002491146515442074
0.0197158405551442
-0.01859698635096562
0.01989374995678263
0.01762612391805638
-0.0140454717703925
-0.01709630869616465
0.01340562450930196
0.000216098174021935
-0.01001681478286778
-0.01224230277457299
0.01008783635519252
0.00960753926331618
0.01013418693937368
0.009626957313976425
0.0006951704951789567
0.01373619137462517
-0.01299532543752724
-0.00777142003372413
0.007938952396339882
0.009284082470472925
0.001450475553392491
-0.01248986256602765
-0.0096654295506456
-0.002191571950295891
0.001398124072691853
0.006280290183282575
0.00402415681334995
-0.005996637536863131
0.005553695170895719
0.001551328501726482
0.002700072822002759
0.02218623055450858
0.02220433372554742
0.0004319836076460274
-0.003807248851673721
0.01132231493734074
0.01706434129186939
-0.001304243308681776
-0.01137979759712164
-0.004730429195414925
0.0004898335958830021
-0.01072922583101963
-0.01919849160081717
0.006005831111985415
0.04620275218621214
0.009736550618645111
-0.04018470970870533
0.01060308958134574
-0.02393761118376862
-0.002960527873749681
-0.02653979900734633
-0.008453158074307911

0.06958215119416224
0.1171962361875579
0.05729360641057209
-0.04802364912800509
-0.05260958705070758
0.04629582982198431
0.0347135658663746
0.04315218043936568
0.03004761737297799
0.01693647648847031
-0.02127505583789783
0.003590215056181051
-0.02014176081932321
0.01557454697195376
-0.01948669201421309
-0.01627770451262766
0.01546917184213118
0.01363079927683048
-0.01332800060240458
0.0001495490409974818
0.01150308468476647
0.008723077159297488
-0.01114412536094132
-0.009064037684317185
-0.008098220147525662
-0.01240578010090831
-0.0008660703200382623
-0.01053483150181143
0.01124556667643133
0.010279533800922
-0.00388037046744396
-0.01066183353700095
-0.002055999577053474
0.01059873751448773
0.006156708249210959
0.01081087290352816
0.0004977320581519699
-0.001038265187051559
-0.002699777679813731
-8.891035777900888e-05
-0.01170271208358165
-0.004576013912867501
-0.01118000043823327
-0.01609526333574015
-0.01316260483554643
-0.004700361582815909
0.02007461124955763
0.002842434677865225
-0.01357701509979534
0.002433380418883945
0.01521956540656701
-0.009617875845721225
0.02426840018269674
0.002490786509228267
0.01017296812239175
0.006940938704060606
-0.01207441362134058
-0.01953257614247387
0.05647895052462471
-0.001466939923946562
0.02583749199615563
0.001339225431089779
-0.0002461201050860673
0.05566893999450728

-0.06880563949838003
-0.1024404702477018
-0.05530579483384879
0.04692643487985549
0.03905096810297257
-0.04077012092532587
0.04285997992507944
0.04526555615962074
-0.03415602074590472
-0.02435000745852591
0.01511253144383401
-0.004185815523222376
0.01892218216087623
-0.01603072952038204
0.01539506645698961
0.01757780739474545
-0.01348972250485468
-0.01393438762876659
0.0106816258469556
-0.000125053680336299
-0.01113304424265828
-0.01148841707052739
0.006692267551217906
0.009164993414347143
0.01115051883994183
0.008192629683992252
0.0004307911948916619
0.01057244995402383
-0.00833496305420464
-0.00782903904189162
0.01300354317723093
0.003908526399222581
0.000554339643914905
-0.005605239642058672
-0.01195613971663582
-0.00490443136384845
0.00116934725171491
0.00763111919616691
-0.003092480110136635
-0.003477720274765808
-0.01393990011872411
-0.00100556527503338
-0.001243800585231186
0.004514652831392373
0.0158711503797512
0.003398607406829902
-0.00770707274421345
0.02227517488423581
-0.005037921210059987
0.001857669802693382
0.004380798169246891
-0.03223432894441952
-8.133282814160731e-05
0.002095742428798349
-0.002317387929540017
-0.005840615860546884
0.02106505263170817
-0.008291983574610317
0.01624672909209395
0.03105885277740467
0.01818090052515607
-0.0133543795552843
-0.05128544514385291
-0.01508446432902307

-0.04634685911800874
-0.07890499126985469
-0.04124859023718295
0.03690879073682751
0.03460007622704956
-0.02451271192766201
0.03032156516701701
-0.034564937945863
0.06250528152602974
-0.02501680621818275
0.02141202410965805
-0.001314245975021405
0.01055448899840937
-0.01257348520708106
0.01497734083998944
0.01128019062979731
-0.01236382958359436
-0.01094186074509923
0.009327547902672104
7.469156297190598e-05
-0.00838455647368911
-0.009483701371800032
0.007873650888940891
0.006570396792943325
0.008603332504770026
0.00790122683969534
0.0004775912950130642
0.004871069560857943
-0.006184758580861814
-0.00922965974609596
0.007969321726836157
0.007010633793381175
0.001770589816302761
-0.003250524722225474
-0.003886334850182615
-0.008490366287493351
-1.240926486590624e-05
0.001114431755698628
0.001899209461495462
0.008384231715043829
-0.007340560771139226
0.0005319250116249443
0.007106790968440156
-0.005342353167087317
-0.00191099932659913
0.006032224593729236
-0.01595553657924352
0.007244408361088412
0.005096155633245178
-0.001559603817083507
-0.007385548423628718
-0.005167694838121139
-0.01079063076519916
0.01304047802084737
0.01182578513878374
-0.01351999887675667
-0.02417734757911215
-0.001832650547791394
0.0105916436176509
-0.001049216191855291
0.01238107378867559
-0.003402217757696088
0.008708954606796743
-0.02887308970851722

-0.03920311670554966
-0.06191914395858256
-0.03554237185127781
0.02927912745504856
0.0298464674294911
-0.0220069761394141
0.01775604345632176
-0.02515931267905016
-0.02537335419743004
0.07793433590217519
0.0223903116341358
-0.0003352133305958469
0.01760541001979496
-0.00686097443867057
0.0118103932647067
0.01115912109749258
-0.008004410410799774
-0.01025984661799076
0.008375179188233174
0.000769146485245916
-0.007377147215191935
-0.006579784543240532
0.009395526057519098
0.007432891477039875
0.004088082146993128
0.005771356889187685
0.0003297677422903133
0.004543050385618433
-0.00566498705751971
-0.006121863804604579
0.004518740142760452
0.007743745052926554
0.00141326063313823
-0.006348337760993274
0.0002080583184609422
-0.0003247203060759794
0.001598812076875499
0.003650394238910383
0.01218106260674304
0.0119590127381898
-0.002260002385697192
0.0001499084571026076
0.004836073243199835
0.001755133379686023
-0.005763516230408737
-0.0005987435694818344
0.00391630967587646
0.001300539754882151
0.01999617380237883
-0.001538862673332789
-0.01512267424557109
0.0131123442596738
0.01008565872042111
-0.001789884158021986
0.002650335965548473
0.009399815996275708
-0.0164311704445602
4.84458111092872e-05
0.00989761909605511
-0.03062929171221826
-0.01139618228729271
0.01116481607072288
0.03745652819728557
0.03133041141833802

0.0429372835802484
0.06873549115554976
0.03550973741003132
-0.03250280998677708
-0.02655284404996042
0.02427660153980225
-0.02182080206507383
0.01583842916249472
0.02160889577524772
0.02225606652983563
0.09007966503567574
0.006454323679500581
-0.02188519053802455
0.01563616596060281
-0.007105266976062646
-0.010857741603344
0.009424380378684856
0.008515944401280114
-0.009190526627398856
0.0008908609120297103
0.007127690546545279
0.009276472484662984
-0.006851056044793956
-0.008394913568461827
-0.00653191889264209
-0.001505574242421485
-0.0005125150782613907
-0.007689138989919326
0.005446233313195618
0.001847180745528171
-0.007159408182998564
-0.004186126378186548
-0.0001936028805732793
0.006429404740237567
0.004407574623757196
-0.005018711058412875
-0.003570076826440697
-0.0103217254770768
-0.01415594274884979
-0.0076548904334154
0.01106666214270234
0.002548073712910486
0.002222786743298846
-0.006054054825541198
-0.001043809921538865
0.006376671649575526
-0.02117665199408398
-0.007964310236294174
-0.01188186141962842
0.0004670885626608477
0.003252551948824373
0.00206582244325151
-0.0270630795281642
0.01225320380614248
0.01002271143399973
-0.02867514641074545
-0.004875183058234206
0.01358243362238802
-0.03385449677779048
0.02275148933963096
0.008730036800377988
-0.01115069931576516
-0.006933681468569863
-0.07542831230586081

-0.006274268471116048
-0.01016069756116645
-0.005250722762325458
0.004343017575601352
0.004402804926684194
-0.002488173966007002
0.003661515147875641
-0.003991726517169808
-0.001189705478558546
-0.0001500584647881776
0.006599501603805621
0.04446970783170558
-0.006883903180020604
-0.004771632541252928
0.0005710834011202256
-7.612378167043442e-05
-0.001935408091572629
-0.0008724689184445764
0.0008002874376912233
-0.0004281011551554249
-0.001596095928423273
-0.000690397735259513
0.001109021027601806
0.0009617697977643421
0.0007166801754993081
0.001207256600671196
0.0004445772805437391
0.0002368865418016536
-0.0006417211664244333
-0.001039739843879545
1.212355423618825e-05
0.0007745920954475051
0.001535129193017713
-0.0006253770151077476
-9.710433320027096e-05
-0.00202229360737385
0.002435665543466285
-0.0006195057558054508
0.0006742588952859147
0.001872845599466477
0.000717520291550384
-0.003464198855919034
0.00262215982338716
5.433166108252002e-05
-0.0007438137938660092
0.004173444222716143
-0.001151211199238966
-0.001719287368838461
0.0005366052878591574
-0.007578826523911874
0.001040014064268336
0.003570627633068897
-0.001196356132650769
0.02122721487570635
-0.01579789814264227
0.002310795658013624
-0.009840838102350874
-0.01810835749812977
-0.007211083027789938
-0.003963313707129566
-0.00755505657040112
-0.02773353180794579
0.009090929416265527
-0.003520339745091935

0.04124606855427531
0.06382985732764067
0.03285620863323454
-0.02800487367766191
-0.02808877960036351
0.01988960523937733
-0.0203094617740126
0.01915592795121705
0.01055469002615836
0.01721466652712184
-0.02157748951646801
-0.006573715019539436
0.1058535617631903
0.01884723315343355
-0.01577736622609026
-0.005087532941436372
0.009102763607147943
0.009011538422340913
-0.006169627991400777
8.63525835575386e-05
0.009597281255155705
0.007397946637666949
-0.007368918358997851
-0.005430082593588071
-0.006351474546197763
-0.00743665051294165
-0.0003400633954202457
-0.00165455420891168
0.004015571250886269
0.005450232633025215
-0.0009511521634045731
-0.005020253521777235
-0.0007760776366794993
0.002006638293377658
0.002687199236209491
0.01317180759007234
-0.0001315380793072965
-0.002863091726168236
-0.006994749348972203
-0.01338343724586793
0.003835044965609262
-0.001278759715453845
-0.01241658726907228
0.003739149753245339
0.008022664633303395
-0.00250796388908511
0.01050595495560671
0.01486629823796601
0.007368797565786885
0.001513614529185523
-0.0003079837574672976
-0.009019120006170793
0.02492842888073473
0.002026977610246739
-0.003943637067602599
-0.002796744745221766
0.04623784099509447
-0.004609729531677592
-0.008171213935803423
0.02026722076504088
0.00306008603225022
-0.01041518553810603
-0.02186187366731388
0.02557261515930272

-0.02504585042231447
-0.04311124369726036
-0.0252115549340061
0.02258673700537673
0.02089660061962186
-0.01764225425106678
0.01456965728324603
-0.01536206137474649
-0.01179097430598841
-0.00595641804948863
0.01479410200139404
-0.0046617730182493
0.01828879990152622
0.1297041586326902
0.0173544293593233
0.01326777743690423
-0.002354275930547416
-0.007091031654038068
0.007779389024109613
0.001850656828424769
-0.005003751872273557
-0.007885000097249163
0.004638093958232427
0.004575543905258061
0.005904686370853605
0.00590281466897751
-0.0004338974131614218
0.004001868797027753
-0.0005693578538440431
-0.002392193010289914
0.003258822381398179
-0.002269062123910086
-0.0008743356665661564
-0.0008542397599629508
-0.009405520081393432
-0.009841636816156026
0.001837850744236091
0.00963567741351809
0.0005072247695684395
0.002565339648270942
-0.01488448200526876
-0.001697883692635314
0.003051341756790376
-0.0001045220765917994
0.004437118753953593
-0.0008623779832340533
0.0006453087495805854
-0.003573483127693549
-0.02926376258102093
0.0003966094185112249
0.02174784711057148
-0.02063524976797241
-0.01587427653379279
-0.008277033026464929
-0.01130123125298654
0.01300191768687253
-0.01483615212401069
-0.009886735388176098
0.03239495669858185
0.01194776299721036
0.01039336852589636
-0.006354275721293817
-0.03875612886370162
-0.008412940442222171

0.03655081027148079
0.05663246498722938
0.02856204135882692
-0.02395960685246109
-0.02289488905912015
0.01891831465285506
-0.01839198015896269
0.01453431649713794
0.0139263399546533
0.01070136419960922
-0.006187254113203205
0.0002879347040408514
-0.01511576146261566
0.01735292225012405
0.1531957487472579
-0.01731296829067136
0.0123791887151658
0.003857656856597927
-0.007176731281959584
0.001373295119126158
0.007062304290392233
0.005131023126316002
-0.006603819641746589
-0.005917792663679034
-0.005837201050884423
-0.004013659282860405
-0.001049432650339619
-0.006801694688905565
0.004066184235401857
-0.0008654650180144295
-0.0010030824960172
-0.0004804427614770934
0.0003002366077524583
0.004598151408214493
0.008181587148633285
0.006839565838485218
-0.001841256290133356
-0.009355974332812902
-0.007159683639978183
-0.001237159139328633
0.002770252990277959
-0.0005781067510713036
-0.004730829571987464
-0.0114594440199309
-0.007965907010417796
0.003941154541495431
-0.007056122347205507
0.01172548702289488
0.01467129179002451
-0.0003275573672506674
-0.01250587625722907
0.001811268960981395
0.01230289671799644
0.02045610474910778
0.02278560801722038
-0.02548066096777031
-0.001532655942627664
-0.00167546598659912
0.0005538699536505824
0.005138757821710085
0.01706570478978297
-0.005089123768828968
0.0215676959249292
-0.006453639304410091

0.03139712290215763
0.04918959497672415
0.02544571148595103
-0.02220702523075202
-0.01984645393612601
0.01648098273052093
-0.01533234697473367
0.01618968371575643
0.01013089986527422
0.01014146655136952
-0.009851247385091546
0.0001510784391055516
-0.004459012954775099
0.01302205590735448
-0.01721658133233228
0.1851165497368938
0.01646777937985874
0.01193571048379087
-0.001658871197367254
-0.0006621823782298711
0.005922115125992645
0.005362784925896743
-0.005141996446944739
-0.006626975073040609
-0.003352428890405722
-0.005588772021180451
-0.0001030515243032483
-0.003624177329539028
0.005431424984432634
0.002059109541061401
0.004548518341206741
-0.006359860387524169
-0.0004887609914682816
0.006067472772005571
0.001410871025035855
0.00717095405182105
-0.0006000292450987653
-0.003677025761530323
-0.01080507807302243
-0.006937528455948199
-0.009904868423455877
-0.00278394847593458
-0.009965108131031008
-0.01241135421118967
-0.0006635144746333808
0.001731875011104329
-0.001044906259191192
0.02014985980402247
-0.004281720936639936
0.001997253008158201
0.005317545898486322
-0.0241673512320997
0.0154194309712297
0.01508728104929936
0.01747983716759934
-0.01964736016274221
0.01126636171166282
-0.01210609882579405
0.03007028020018274
0.02739057894448491
0.03544678272720456
-0.01262212073236424
-0.02452653190445093
0.00329657760473656

-0.02133451804644173
-0.03558251878345141
-0.01961254004374114
0.01764666118232517
0.01671406647605537
-0.01187654326461315
0.0129723746795682
-0.01184939356468169
-0.01065725604761397
-0.006533825828863096
0.008217918037085306
-0.001618648398059202
0.007762922753198215
-0.001902415289947753
0.01171658051297168
0.01592259848964032
0.2234419736709457
-0.01490483390217579
0.009985436609186514
0.002150936232965207
0.0008426303581205393
-0.006064415922357908
0.004439707816173807
0.002569627148615078
0.006252677380973586
0.00206167074944703
-0.0004259542759925959
0.004117846197463288
-0.001784194854762448
-0.002226923862707028
0.006677552941375465
-0.0005281483828408773
-0.0003341482390151042
-0.003397236412919092
-0.00483596461409219
0.002481036867965143
0.00251018594918783
0.007410194967000981
0.003462311228966701
0.001347932159917842
-0.01323937010038917
-0.002693981461126158
-0.004418120080571708
0.0006756998327433323
0.004136986885131179
-0.002517972879467908
0.0100442671490903
0.0127649162629226
-0.001599858523311066
0.001073549146166289
0.005125714691231112
-0.0164055549178228
0.01695430677621192
-0.004496311924658099
-0.002599538228757463
0.01119948301526731
0.007707082036533973
-0.013227779948823
0.0340290871611
0.003746647236646894
0.00925963210221957
-0.004354685428328996
-0.01998824970678192
0.03704045704115378

-0.02540154028117569
-0.03967199265107332
-0.02053027279205891
0.01672638179699835
0.01630586695794976
-0.01419791245672543
0.01127083964630851
-0.01199016662046672
-0.009719266456222795
-0.008739778476297047
0.006742323476422944
-0.00077192603676541
0.007983129720510029
-0.006393947968725592
0.002934131387861023
0.0112384555601082
-0.01482870140868263
0.2689005773543617
0.01292665212492018
-0.002730532055784199
-0.01044798123386591
0.0001707069886746921
0.004264203209626737
0.004587782505358011
0.002671845508975937
0.005532727579099268
0.001232091881373131
0.000723963449789998
-0.001929550745937559
-0.006474216344123965
0.007111235270472363
0.004679841275230199
0.001535667085223227
0.001767428634930724
-0.0006561929059543726
-0.005674972247691434
-0.001009992717316758
-0.002914938304375574
-0.0004099482347258003
0.009490949463941703
-0.007906644006093502
0.0001051568639234917
0.005725571870093282
-0.01369893320101044
-0.00900046837061802
0.006697992173933588
-0.01722932017886083
0.008096752221696049
0.005861272136164222
-0.00149608226344958
-0.008354224717857767
-0.003255887469858141
-0.00714319396098676
0.01940323089834128
0.02501678824343931
-0.02226189987442068
-0.03499148574157804
-0.004860867352842337
0.01992713075094348
-0.002957054674114138
0.02256593393874315
-0.002018723449643394
0.02046000461742027
-0.02906415419258255

0.01973973710362723
0.03134209235937459
0.01679186131930023
-0.01497471937067349
-0.01294860117694636
0.01109305785029487
-0.01114110963680739
0.008763125973224331
0.007885084003898549
0.007092091993277868
-0.007700064203788754
0.0007780524956932128
-0.004831018367819297
0.0067082870167993
-0.006072071103250666
-0.0009853156156199149
0.00977982542053654
0.01286726128149561
0.3218231696233734
-0.008827128105687265
0.01199896102949871
0.00848921280519925
0.001030270304539433
-0.00345096443943011
-0.003370746971979866
-0.001068811980369028
-2.009224157131458e-05
-0.003307562568147046
0.00390118941567707
0.005542208651128558
-0.004750631647838587
-0.006099645321974141
-0.0009290438212831544
0.00230195352404208
-0.00209323246157397
-0.0001942546222666076
0.0006256631913719227
0.002052852662970049
-0.001172728542293966
-0.004676962161230846
0.002175909241510165
-0.0003224580017198574
-0.0007094178394636958
0.003238770312284025
0.002834315164381059
-0.004157223527662196
0.006426868057549508
-0.01232688034148511
-0.01739269658781822
0.0002044351111847345
0.01433189496922897
-0.0003121203640219705
-0.008770538307269531
-0.01163892481144271
-0.0136382192577672
0.01368914574410618
0.004424901512248511
0.004070663035007164
-0.003920263943959805
0.005047419358011418
-0.005528625441143412
0.007494036962967086
-0.01861595458224074
-0.0004315101685175814

0.002140367863305424
0.002394653284974043
0.0002783825418357309
-2.592825752504964e-06
-0.0001570110994554028
0.0003446231818102054
0.0001116686588325003
-0.000148118278007405
-0.0001790381198643551
0.0008397252196152722
0.00096622638812268
-0.0001042536671885396
9.481461589500113e-05
0.001913176165642048
0.001383912938250569
-0.0007409120187907338
0.002019726073617962
-0.002766301313872099
-0.008779970092345638
0.2783947540071097
-0.005373271142927476
0.001020058716442619
6.080396356818114e-05
0.0009016027368614937
-0.0001409165811295951
0.0003700313826922823
0.001256658347062114
-6.200923063464769e-05
0.0001386636015081196
-0.0006693448848496112
-9.944673371327953e-05
0.0002377270707687455
0.001123004814037382
-7.882677120982516e-05
0.0003537273963770289
-0.0007842688583563941
0.001961627797001265
-0.0008243042144304889
-0.0001813348176694422
0.0006842292244319463
0.0001414288494660663
-0.002906385378337333
0.0007132592465765868
-0.0008598954191630557
-0.001150077135599574
-0.003428671230814823
-0.002129001261281648
0.0004312862159527763
0.0007096832417203469
-0.00683491318895163
0.001301174875394373
0.0007670786666025863
-0.0003406960385536
-0.003193184639150357
0.005247423717193464
-0.003036028942162296
-0.0001580387703245463
0.009590131139403229
0.002890881323136075
0.002765902773642191
0.01350666515169947
0.0560944055827494
-0.005140208528943733
-0.002022281401127455

-0.01672958487678478
-0.02762905763070179
-0.01489421955630939
0.01336992996846486
0.01292248522421696
-0.008912366172859017
0.00950824630938174
-0.009472277136916125
-0.006290906501000186
-0.005999147282618147
0.006213944754088503
-0.001214200174390302
0.007365207841398174
-0.003658730764998386
0.006136611890201458
0.00518015541615985
0.0008458616281359435
-0.009986868197393001
0.01194869646960974
-0.005354707671987136
0.3865992805191475
-0.01247543877913097
0.007608134644787217
-0.001842079220433844
0.002579016398520277
0.001258491546993175
0.0004166721040170495
0.004381172593717799
-0.006714877383044264
-0.002071885769385189
0.005166134872160479
0.002772521088205703
0.0005307848912409663
-0.006961691633779883
-0.002102934293245011
0.009822754084341346
0.002091698275996189
0.003514866302980345
0.002451605855925262
-0.006090616000637306
0.001646690662784452
-0.0003813103363037461
-0.006183552309918286
0.01158159929711238
0.01202070078508644
-0.002923772335349822
0.009848811079322003
0.01678322588799593
0.02115088893057743
-0.0002871834912224835
-0.01100046670798449
-0.004345235815222564
0.02502163525492845
-0.00584902957550717
-0.006439918978391183
0.005621338943811201
0.04471493904386459
-0.0004920960278123536
-0.01146441522867344
0.004044004429537493
-0.0101549733200176
0.002695953437389472
-0.01133207689588854
0.03579418052160192

-0.02028834355544564
-0.03116168422934022
-0.01603448114273438
0.01342497088557757
0.01289759984741192
-0.01102190770186758
0.008399605552518096
-0.009390874212000223
-0.007973334018991418
-0.004852529310261335
0.006664424488352846
-0.0005820925870557335
0.006188366633015365
-0.00641792699381649
0.004214125291656443
0.005193422873514143
-0.005268750290760899
0.0002637157509688836
0.008466681765412581
0.001070289664656735
-0.01248101352180052
0.460671351100952
0.01173468945694447
0.00699502800633782
-0.003208725520468496
0.005527378764906762
0.001324476360988932
0.004235969660091207
-0.003449821413542031
-0.006519655119995245
9.878259020970441e-05
0.005830215893111247
0.00108499759305359
-0.003210361658642039
-0.001249421548222576
-0.006093401039497274
-0.002367513322819071
-0.00600936983296945
-0.002125917723180444
-0.003364240625629007
0.01418186931461339
0.00452929362709222
0.00745135076479164
0.007946186557921073
0.006911871675117981
0.00609667981704692
-0.01992712634357342
-0.004047616637279854
0.0111916585792096
-0.002085426033816408
-0.0133865851981286
0.01092479531740998
-0.02075921105662571
0.004956568118403923
-0.0002148125341565621
-0.01739508796303941
0.009114770310036012
0.0178926640943975
-0.05496594960032578
0.005762206700619129
-0.0159192632160218
-0.003989763801977894
0.005967638496036809
-0.05810899979870166

0.01411643161818217
0.02342642521891787
0.01289616792936533
-0.01172744867804668
-0.01023493887696227
0.00841398817940827
-0.009023744921443149
0.006341060225178224
0.006089642472902806
0.006194358859651824
-0.004112676824918175
0.0008868110745913356
-0.005115111225506375
0.004468588702241095
-0.005563019700421681
-0.003370184599424929
0.004196487401230756
0.003809190897786834
0.001341438052100177
8.142700188843111e-05
0.007472595461039726
0.01157244553776419
0.5476006269511673
-0.009815669536082523
-0.009052957409318963
0.001222760176621247
0.000231720177970285
-0.004322132387045057
0.003475009402397861
0.00166589833750009
-0.006997791898040642
0.0006520612772767729
0.000392704158396352
0.000512710964748041
0.006765909842905019
0.004810944471948452
0.0005091985875984174
-0.001084232070904254
0.01286808389867316
0.009956958358254525
0.00481833986703261
0.0001002728343867183
0.003110626976033532
-0.003149906599445132
-0.01557641360453567
-0.004689546331944992
0.01266254844841381
-0.01578972482779244
0.01371546915421491
-0.000797578042555111
-0.00927391887773877
0.02913943426374888
0.01011549487679255
-0.00461658289960852
0.001080842186857324
0.01678063858470264
-0.02821979875677921
0.0003919337846731779
0.005383599655507505
-0.04500167512777476
-0.01872677959616286
0.01734258521893646
0.05778087294635885
0.04440285995187956

0.0147054222285355
0.02356037667015522
0.01303796485413058
-0.01106910407598719
-0.01077809573717924
0.008274727608173845
-0.007754221726954559
0.008242751351166935
0.005125633238198809
0.005026680625775821
-0.005919279176119265
0.0006444868709102365
-0.003778762523023623
0.003992114429403268
-0.004996117239221011
-0.00548358379070816
0.002164882775180974
0.004308168746572961
-0.003261105945419357
0.0008275067216278703
-0.001823809065330737
0.007087072096918709
-0.01010617174540591
0.6429827272668962
-0.01195566257665267
-0.008074014260062802
-0.0002659956052428221
0.001512601277913088
0.003043552828427805
0.00380199716198213
-0.001895542153314621
-0.002389695252780509
-0.0003945926518119871
0.002011807717286123
0.004207494911130918
0.002674375350592315
0.000246536553403546
-0.0005342045763254218
0.005719745603546585
0.006673015056872698
0.00105120832332405
-0.001023058488049871
-0.0001091567048661102
-0.002824256878904505
-0.009448100589337025
-0.003383088986863876
0.01077660908832383
-0.007098180380132297
0.002715447668164698
6.779227590255211e-05
-0.002025966323248138
0.01186828752631514
0.009740635537205614
-0.003191466282772241
0.0004241238660783486
0.01124319848862478
-0.01461319234773478
-0.003604281660514968
0.01368295976035408
-0.02169675617925074
-0.007679903244061587
0.009334450862588734
0.02560696608013604
0.03394504449801071

0.01778358060555589
0.02808507049486467
0.01415413754034795
-0.01217666923555219
-0.01140765613024327
0.009430603633876791
-0.008143038242266512
0.008261731344926753
0.007236624123188625
0.004050497651628033
-0.005435986352550885
0.0007638668480727231
-0.005631662868940479
0.003614191038188896
-0.004995120970606222
-0.004226012491298357
0.005333461176045686
0.002550858106097156
-0.003720601608096835
-0.0001252035629500951
0.002937540563337788
-0.00250536744251695
-0.008763902061534816
-0.01199820658572302
0.7552568323085589
-0.01167587511526909
-0.003616976772705679
-0.006873314982217705
-0.0009789954583937803
0.003324606210774089
0.0003091496541003315
-0.004782729167197358
-0.0008897140399949953
0.005883825101312281
-0.002115727600453478
0.0004214271348948412
0.0002318006254239419
0.002729972400272904
-0.007262558228838938
-0.004531396913520591
-0.01144155961836237
-0.002957314823325138
-0.006281814336982827
-0.005751088142876466
0.001954982121878195
-0.0009166396359672071
0.003247063356628647
0.005666988377301245
-0.01948689595190277
0.001694773152972232
0.01700872189864211
-0.02161947733381831
0.001632716836727585
0.002383504916075005
0.001084873809612334
-0.0016146279512068
0.002862209775725223
-0.009218460043580227
0.02915232224761637
0.02048707396197728
0.02131251959569927
-0.008018910561811204
-0.03609152008245629
0.001024530167891865

0.01469422279982141
0.02334762432341737
0.01258944227505413
-0.01115843969034639
-0.009984125065589098
0.007848079859784193
-0.008347235045011794
0.006817242121359719
0.00569693889844098
0.005581837953200088
-0.003234698859192674
0.000785578645526989
-0.004836556570434738
0.00467389296059444
-0.003032164169325668
-0.004180029656085038
0.003293992895137077
0.004793906828974411
-0.001323056688620928
0.0003897187046630425
0.00240555995837638
0.004231206491641827
0.001536670598237021
-0.007759080442375546
-0.01148057546070145
0.8844464965422125
0.0006252502513679388
-0.01181531797157218
0.00696330296181921
-0.004821468283663185
-0.005764117838123294
-0.002179212925058889
0.0004872777270118166
0.001540437045967548
0.00231199265593945
-0.008114911438137707
-0.00257341399841516
-0.005817018369474061
-0.006706972222558485
-0.003726711913913028
0.00955196443089491
0.002947703090296159
0.007776626884427845
-0.00245715697694264
0.0001548878911893422
0.004907023769072563
-0.01858774079462626
-0.01394146757564341
-0.01210977044807987
-0.0004536213948038743
0.003369432265030188
0.006980133077324579
-0.03184600078875607
0.005854402419924779
0.001795612530174954
-0.01668111617793211
-0.0121825477836337
0.01323861487924964
-0.03285352410459496
0.01022090656088754
-0.002900828036445259
-0.005315871597569122
-0.00221182838658805
-0.06900031144674204

-9.74146105576945e-05
5.030787349259778e-05
5.485294513126666e-05
-0.0002196886337961613
-0.0003530044421349594
6.529308001293787e-05
-2.643215761963974e-05
-2.490752333586513e-05
0.0003974416035581964
-0.000160828244987346
-0.0002141146613165164
0.0001035484102380081
-0.0005043230675850481
-0.0004420525163086668
-0.0007545540475890753
3.696481552706033e-05
-0.0005115381101648121
0.001007766038403545
-6.967388440256797e-05
0.0003944929325953809
-3.288894721346247e-05
0.001057917369619214
0.0003352561693494796
-0.0001325322958772184
-0.003495296002461424
0.0007151850755445044
0.8809514229454091
0.005127579881191236
-0.0003438783205954024
-0.0001400849025352911
0.001293748400503398
0.0008538630845385787
-0.002782675625083982
-0.0004124510154494854
-0.0003929673880805743
0.0005612449615257853
-0.001403092483334961
0.0001077194263455055
-0.0001226465680436889
-0.0008875753832122935
0.001565223254498634
-0.003609444966318251
0.0005120516458132341
0.001383018114876619
0.001354354791474274
0.006618281030789877
0.002068272968191771
0.0001497731458391651
0.001219232887891159
-0.007059423061350346
0.001715115088308174
0.0021562101689108
0.003179304365613104
0.02236388536848608
-0.01712540835679642
0.0004140217090421749
0.004648397553428018
0.0229088696942915
0.004130946166454653
0.0001645965248660721
0.0003214428313821342
0.013879085047325
-0.003129679364626222
-0.001459645784221415

0.01421525008753905
0.02281666865667185
0.01168595656574516
-0.009957220266456261
-0.009680923803303002
0.007789334862037313
-0.006908475427086046
0.007304909918718652
0.005009354137102535
0.004069025418505043
-0.005625240942631464
0.0003610238057427063
-0.00290641939500429
0.003534427000421078
-0.004838594990652719
-0.002571208000135679
0.003340891720728944
0.002747799404012668
-0.003616254998158108
0.0001283597678198854
0.002337000955492327
0.003529896382949666
-0.003429204659093498
0.001919566000764694
-0.006579278913480905
-0.01159098699844584
0.005034791519449296
1.028790572387968
0.008358682911065132
0.008834900053619588
0.002521456274015504
-0.002790132788478948
-0.0004693830176359855
-0.001308550487325452
-0.002946284656127371
0.007521132687454003
-8.18605050534446e-05
0.0006448251891309998
-0.003314683441787932
-0.01184659694971042
0.008330578397695321
0.0008677956399009554
-0.006656789527991002
0.01465953749375197
0.01280988182321773
-0.004007269452895965
0.008190353509576854
0.003900160536745426
0.0005827609171849195
0.002196363985117889
0.002819857320901339
-0.004412805989729068
0.009449845495105837
-0.01378080115879427
-0.01668083122163436
0.007765344750903838
0.04749902075569266
0.003407610638815109
-0.02717785980722083
0.01677027721004259
-0.01446966694682612
-0.004661856167375334
-0.03090776769911821
0.01082131105665128

-0.01153510403644037
-0.01819202823923921
-0.009951256920258493
0.008395812712454449
0.007982051029942573
-0.006725281690829037
0.006081205815687044
-0.005560269290386953
-0.00484883577365825
-0.003708812893021594
0.003718324395399757
-0.0006394250028769373
0.004323579785870281
-0.001849776314674727
0.00333475808031703
0.003872391594690709
-0.00156723680760864
-0.002396784749781212
0.002947907190339462
-2.61056519471535e-05
-0.004316892364404734
-0.001641550893713588
0.002898850262853392
0.002397062713750357
-0.001904051373906752
0.006578443223706952
-0.0002470295389918234
0.008468224179288591
1.188906563475967
-0.009975861294699843
0.006071099323689319
-0.005490515238286379
-0.001622497225341468
0.00150281224057359
-0.002751210930672921
-0.004360394451439742
0.001294638515617229
0.004656178210291765
0.00301235783197112
0.007571361117601357
-0.009541525724063851
-0.001144697810091457
0.004126814925601829
-0.007405200490558157
-0.008200709441916903
0.0005884091589381442
-0.001184303737499623
-0.00484052994521175
-0.01359247954069624
-0.0008850932545701434
0.008636099401367029
-0.005554415480945434
-0.007653160235677591
0.0003849691422339564
0.002710545364592462
0.003529892365226972
-0.03060823366396504
-0.008063012790044106
0.03189661151449432
-0.006422677414948175
0.01133784628799549
0.002383247447322735
0.001530815085724932
0.002229875104723708

-0.009020361184384739
-0.01496783194532698
-0.008117210392557583
0.007542731582792621
0.006601563876660144
-0.005302425092815339
0.005513869355252119
-0.004656334692490331
-0.004009557735938388
-0.003773537245528299
0.002804250914274433
-0.0004358354927614856
0.003085651316072965
-0.003451593698718043
0.001379399969380317
0.002467639065527529
-0.002730598525519037
-0.002128234517096976
0.002694074382848686
-0.000494062568483906
-0.002075563326516659
-0.004026961999174161
0.0006837999810324749
0.002792675294244301
0.002324264834107103
-0.004499002170499326
-5.450800057952242e-05
0.007881448579252577
-0.009873372704235342
1.372232158429304
0.00719558762145182
0.002373789625733693
-0.0007745271197144605
0.002036365009313898
-0.005081928406637121
1.364858637471962e-05
0.002519828310115637
0.007964004514255607
0.008727913730633668
-0.0001155878725229036
-0.003606235538265778
-0.001394462743942781
-0.002111310189747811
0.01132019173732565
0.005894864787458993
-0.007688861795564004
0.02078262874887504
-0.007456945367248651
-0.01209162234958521
0.0005483129672561864
0.01348235403547858
-0.00237408061019919
0.004818590801931827
-0.02281259458620232
-0.02368287662290047
0.03306776525831412
0.01266745182529213
-0.004555867446786939
0.0115056558900087
-0.008616371400749289
-0.01681686221413242
0.007221949202390295
-0.01923610355036557
0.04253199835982151

0.0102944658939329
0.01573887931019225
0.008156538801598901
-0.006867407077950805
-0.006894973919959819
0.005239183995872958
-0.004579148238913385
0.005384426862567775
0.00379849394277467
0.002849617701563173
-0.003829019531249964
0.0003263268564244091
-0.002587259044787592
0.002443975777577102
-0.003470956936374236
-0.000662455101320656
0.002828300193635992
0.003514933108274594
-0.001522105127649563
-0.0001320090088816226
0.002531593121904039
0.001414205220309946
-0.004179404211465494
-0.0007245999421632881
-0.0006405606339818803
-0.003751853448312273
0.001260139353109862
0.002959325045022813
0.005890156948729058
0.007541477966904627
1.576350137779512
-0.01051249979027125
0.000110549701268896
0.007858370703999681
-0.0041268178308446
0.008723690242346691
-0.0005143807229707603
-0.002989053301423174
-0.006618996748325522
-0.00541151671843667
-0.0117163169774953
-0.002990544966813715
-0.01031189158835106
-0.01057734200291649
-0.0005070809090211648
0.002258969759217451
-0.000540766286139321
0.03038723693749782
0.00610861806383003
0.002512396272432132
-0.003342098711170026
-0.02515548142268305
0.02552894452088568
0.01731814660533797
0.02124144336140051
-0.02049691553983417
0.01592713775253357
-0.01495424654719124
0.0362524336283614
0.02392065239803024
0.03614530445906744
-0.01249902909189867
-0.01744812589611617
0.01622648189462669

0.006032275640597586
0.0103580536650617
0.005892328666549713
-0.005400350420579279
-0.004777168498522595
0.004100517396669438
-0.003962410141449543
0.003397436736527526
0.003148685740699615
0.002568510007471007
-0.002331313679817898
0.0004059680533412385
-0.002748721301050494
0.001538204970729548
-0.001710834977573891
-0.003242785129910621
0.000505029640515504
0.002045971337317116
-0.002768924164796339
0.0003431923876072731
0.0007325608428691804
0.00240480026681675
-0.000847855759164527
-0.002177565538432602
-0.001645816517363764
-0.001723450190852785
0.0004632565894948764
-0.001877139668770631
-0.005015775045546928
0.002961781751783231
-0.01026626838966668
1.78846452215622
0.01396029497171352
0.006907299419092978
0.01043136679127361
-0.001591383040549705
-0.001932032083492371
-0.006381806559522286
0.0007137887955567758
0.003286679216602651
0.01098466756516975
0.003130544378618201
0.001126419105568833
-0.000951211885114813
-0.004607138914462927
0.002162197604604582
-0.004547082731609369
-0.0001665060503331409
0.02260727197926188
0.002990260337986495
-0.017901699525523
0.01668516364015454
0.003855606983376057
0.01202408429634114
0.007624031828941834
-0.0115893893938359
-0.001271198294723183
0.01445399882141605
-0.02167945486844095
-0.01572507798621866
-0.008505188579644992
0.003584736646571768
0.03647911255495963
-0.005362323916610383

0.002124217512066925
0.00306110830336369
0.001738550567525424
-0.001825149964874769
-0.001250469583846433
0.001144100812312658
-0.001026034733285838
0.0005590776292416113
0.001122886223216347
0.0006140406902197621
-0.0001062570632700224
0.0002127659824030934
-0.0009628062006290595
0.0002028627722251147
-0.000446732107796316
-0.0006895867218522188
1.812626675718246e-05
0.0006218519885030059
-0.0005028530285980255
0.0002167143703630576
0.0001141656707107025
0.0005002928328955749
2.327783728489364e-05
-0.0002836512624471677
-0.0003669149239600646
0.0004014812841694154
-0.001352819667901277
-0.0003316014664236313
-0.001378091701501656
-0.0004810354432312064
2.052299367697667e-05
0.01380409207039596
1.792657629574025
0.00558655951894221
0.002779840071047309
0.0004629815004176518
-0.001138616429089571
-0.002299054368920342
-0.0009643484035371941
0.0003028437743689496
0.002607959304551692
-0.006120360421215613
0.00122407537239027
-0.0005791633745971997
-0.0007616472503533759
-0.0013661466777472
-0.003360369333374089
0.002587667189989998
0.006981316703803408
-0.01717048194110627
0.0002293549533354684
0.003242188319486218
0.0001265456928585248
-0.01120961417016664
0.01490625940537104
-0.005662869275283876
-0.002631502044602603
-0.03220331760329733
-0.01793978878561458
0.00187843438098188
0.003637438922025289
0.004361884721068848
0.009054026492681453
-0.0008354546374892595

-0.007563758176456201
-0.01200832482202999
-0.006673997800187612
0.005661184010290442
0.005418765772476723
-0.004435843189751908
0.004343599861649666
-0.003699015645260054
-0.002944448047300066
-0.002951929188652769
0.002565388124962125
-0.0003104774653431673
0.002232271083432135
-0.002370211168862568
0.002236996212755281
0.002228181877332422
-0.002834757874082719
-0.0004094887937224328
0.00159812605856963
-0.0001627458318054481
-0.003021505037428627
-0.0009163790059371997
0.0009783668510762893
0.001646694610458369
0.003465764169449947
0.0003253446342110439
-0.0002727588416271471
1.30537891537821e-05
0.000514778057947413
0.002637341677711955
0.007207792900376798
0.007137369636213987
0.005638096390099196
2.03766437835817
-0.01054310106617706
-0.009318920650017437
-0.00100332780800991
-0.004078715230190363
-0.001628599582655261
0.004482541965847951
-0.00746965094562849
5.983544488821313e-06
0.003008357523332254
-0.008135953551072005
-0.00403594369153362
0.002924598535167936
-0.005796719808017221
0.002746667669733311
-0.009913952669480039
0.001192109211505289
0.007533160289757345
-0.01017108405704501
-0.006853721527992126
0.00783257558431279
0.008989789037048217
-0.006648316236847679
-0.02145632873737868
-0.003678576257898383
0.02387282952598107
0.003889849874760847
0.01866489896786951
-0.004686232463949684
-0.005843213915181096
-0.01629532349055741

-0.00989428703480429
-0.01554020915455877
-0.007696004941753461
0.006566656112580197
0.006270130996631942
-0.005168801315658795
0.00440700436420269
-0.004743437672240641
-0.003399739256061729
-0.0024983194520257
0.003234678370612078
-0.0003450631061870866
0.002566041450802295
-0.002542289197590937
0.003320747259602017
0.002040459074778231
-0.002182143708027565
-0.002730696547914363
0.0003718841517559455
0.0001471594721759478
-0.001721087268918998
-0.002023938793273449
0.001900875211787841
0.002093184224830496
0.0003659354553282169
0.002306830720930934
-0.0004884474282124611
-0.001448941649640445
-0.002272233598251501
-0.003571133550181745
-0.003914228608529436
0.009429302322822923
0.002450080427219599
-0.01055180622853784
2.308586284131008
-0.007845376909595666
0.001281478505374228
0.001151033750380447
0.0004349356007801097
0.007895167871225609
0.003335033140390877
0.001397007342348305
0.002464680931166563
-0.001675037187594206
-0.007817496074795103
0.002250777375761559
-0.003289428998585872
-0.001018310203392664
0.01975961757030633
-0.00188212129094906
-0.01583427470533239
0.01831395428161818
0.003696258071210704
0.007315206541551916
0.01113199143166643
-0.006025673791939854
-0.01665949464924434
0.00299188471164404
-0.005011368685097002
-0.02209339952510404
-0.007138416424218876
0.006847911093634024
0.04219513319804213
0.004464721772030911

-0.00830041833099769
-0.0131514524908608
-0.007018514884346285
0.006240096337920893
0.005550070306143763
-0.004241128342478613
0.004570243618836848
-0.003744695263422103
-0.0034017761492524
-0.002494164567033694
0.00201664702803518
-0.0004947099810500865
0.003237427394341144
-0.002346331890311582
0.002320410518838536
0.002898763186903899
-0.001270051633732869
-0.002151185225661758
0.002275850011237862
-0.000457988227256585
0.001073237500059055
-0.002322535858294914
0.002572232610764176
0.0007592732534891949
0.0009139698839946029
-0.001847489387478498
0.0003074295887133271
0.004320844017204921
-0.001821679578461096
-0.0007291578271572145
0.005750432596440767
-0.002159508590364787
0.0003120195309712434
-0.008525766741923117
-0.008028537991781708
2.610933072432904
0.007577864785039043
0.009891498344428127
0.009503233581108817
-0.006797538715335719
-0.003317552316206418
-0.00155639440316287
-0.008262163255261534
0.003944358086758156
0.005517338958016604
-0.002883271153550518
0.01642703895991385
0.01922493417347942
0.02304412785777031
-0.0004074583439263844
-0.01209079586153119
-0.003636147803433498
0.03917067830189718
-0.004764815324150819
0.0006857780215377466
0.007515981989138374
0.03308725258904579
-0.007762012948771716
0.01297967709760794
-0.006082462248329206
-0.003278182677695484
0.001105617981452875
0.002130614648269589
0.06473397933541904

0.001585156404304433
0.00191501352465924
0.001235823709855434
-0.000617205858079236
-1.5049688191021e-05
0.0007493960664024521
-0.0007783668708555879
0.0005033327947261839
0.0005392218620235215
0.0007444483000283304
-0.0001893220463158853
0.0001029491963101908
-0.0004768853069530905
0.0004881871725449355
-0.0002246490215880808
-0.0003075960017088223
0.0007739239254237382
-7.81214117703896e-05
-9.499168295917142e-05
0.0001790050597118501
0.0009561538270984905
-0.0003983056174099335
-0.0002591840853809295
-0.0002688322914528528
3.396105997551825e-05
-0.000927250511466412
-0.000432784835407162
-0.0003235962094004033
0.0009908839689568454
0.001261763649063965
-0.0005040213094100216
-0.001635884737286554
-0.0008708187031483688
-0.0009679603842691369
0.001415094036942443
0.007491508604427308
2.807042421597989
0.0148754903074815
0.001571255253230817
-0.0001083114243964753
-0.003700058857813128
0.004094623218474318
-0.002526009112968133
0.0003179456073575484
-0.001055247977109347
-0.01238118547794115
0.003094331770039961
-0.0004740362522361349
-0.002625965802448536
0.01587744584829661
-0.002256899067261051
-0.00126709416263887
0.006909695398804538
0.01577002246567441
-0.02056603424230352
0.009901905209917379
-0.001024874261374993
-0.01055207469230801
0.00680009924277697
-0.002536804424863053
0.002198474848628614
0.0213160789111692
-0.004559770302579932
0.01535846767669336

0.008367199322866864
0.01344502973867373
0.006742590999875297
-0.00582507159107658
-0.005662592565869859
0.004358769061438746
-0.003803768846707307
0.004082371612462474
0.002778987059434405
0.002444584769932005
-0.00281562920395126
0.0002558770266289328
-0.002107024118826459
0.0025678907846171
-0.002524374597110954
-0.001867472278296003
0.002591960565026571
0.001263503443160964
-0.0009506290017076981
-0.0001152827611757654
0.002545597580171089
-0.00059900311364548
-0.001193567644738967
-0.001528210610995218
0.0007237974729897376
-0.002450123177204361
0.0001201257764061274
-0.0006275652929551814
0.003066635976690733
0.003506603027500179
-0.002276611971244426
-0.004252506908299004
-0.00181421086006683
-0.003858778185404295
0.001912387377030574
0.009666228928935847
0.01481772541600632
2.928476666276562
-0.005405689845885298
-0.005616943177373207
-0.01014829510557989
-0.004273426392581988
-0.003743577242611515
0.002656582928841241
0.002976184975503198
-0.004203205839053122
0.01781023261953771
-0.00406717639157023
-0.01241040996933044
-0.002342849858421643
0.01410076281149557
-0.005032907086734512
0.007254820339743338
-0.02043368127889205
-0.01089061017706273
0.02033362196767217
0.005662210164971467
-0.005803606564248994
0.02194096118450534
-0.001396457834396288
-0.002918650605580368
-0.002157593990797758
-0.01596489669334962
0.03793055972213469

0.006365788764260566
0.01018763583140302
0.005704885788425709
-0.004758907124407017
-0.004441948771321575
0.00367331927205951
-0.003329102405571318
0.002955846387010003
0.002621586576597227
0.002174904660699255
-0.002525680065684926
0.0002985064896191775
-0.002060782306827106
0.001455423595062131
-0.002326642880714336
-0.00211292847235133
0.001443425464732454
0.001698711659982664
-0.001149294583841137
6.095215206095861e-05
0.001181296567261062
0.001594902791107143
0.00210707633091878
0.0003676675402313831
-0.002869142211675762
-0.001622374988935056
0.0001968438115871537
-0.001515575154440834
0.001820636943897785
0.004729000003001644
-0.002835857273099623
-0.0001787380945548951
-0.0008116184002432464
-0.0006827082859601412
-0.0009429883755493309
0.008463594255447158
0.001389043838032309
-0.005732182556766417
3.283815005617083
-0.0006483589626317798
0.006223677482431685
-0.000696305394626922
0.005821499580844946
0.001592517691343794
-0.009221951545070059
-0.005905751738576019
0.01647459119231637
-0.01341598971306749
0.00689565811277998
-0.0004942757477072865
-0.002762712655905836
0.01909594833736336
0.01286449660563597
-0.0129821989382474
-0.00671914610579191
0.02699386041020862
-0.01332627429068395
-0.002486794201581622
0.01091035207395414
-0.03534275211416946
-0.01862180872228279
0.0143697389091738
0.03559490849343924
0.05271147509044904

0.004966403864579539
0.008472588139319099
0.00478656712358127
-0.004395110353807572
-0.003820818285763206
0.002918041409963795
-0.002965331949637375
0.002575768853562991
0.00227100249578893
0.002178381997945466
-0.001768741426947004
0.0003299685360456794
-0.002179217058054193
0.001450409812014183
-0.001403277634023762
-0.002045638028245548
0.001110888121976042
0.001765662523859497
-0.00180969289784165
0.0002891575744415936
0.0001351195113691823
0.0003444702235986289
-0.0001534901981510772
0.001278809725076638
-0.001553605471054136
-0.001888487190733576
-0.0001802216126682538
-0.003061461898631649
0.002841737143171622
0.0005790862596554117
-0.003334990936325885
0.002037835941744977
3.532053730172198e-05
0.003017226597012783
0.00517381990272562
-0.006134159417967508
-0.0001212470617104929
-0.005382854121340748
-0.001488425259989608
3.665346606868986
0.005334638958371
-0.002207898839084951
0.0001690764885234194
-0.005363475406591856
-0.01676758420571354
-0.001152335620161767
0.002940470275827652
-0.009112955415189845
0.001046607375127931
-0.001164144687211137
-0.003223285131683952
0.01484613869862528
-1.92415760846376e-05
0.003516507676853643
0.01141613230119967
0.004563814101049746
-0.04481770141536354
-0.004267723114065258
0.02248337270692
-0.03038010871976937
0.000278209348259067
0.009613109391202097
0.04295316708505072
0.0187482938775611

-0.007498649961889378
-0.01142443132275292
-0.00558970214074148
0.004750154812098287
0.004636097097229246
-0.003330087165007889
0.00296335460989922
-0.003456864152504126
-0.002569591451703502
-0.001843412858422326
0.002473632741111029
-0.0001961396301728762
0.001796200831159979
-0.002182149538599468
0.001868661124436081
0.0008475454602157954
-0.002392222813454377
-0.001774001393483336
0.001132965295489912
1.916394505477534e-05
-0.001301288854093056
0.0007181372758495051
0.001412395598165994
0.001882027645184694
-0.002222383357905711
0.002748526564296251
0.0002776678044906119
0.003219970550692669
-0.002646925827424162
-0.001703303320621246
-0.003826495569774142
0.005872541426474457
0.001575660704133531
-0.003488087951889151
0.001386875596595011
-0.002376459133265878
-0.00302816181685936
-0.008386778769791284
0.006007079179830674
0.005776863064888092
4.079120305148748
0.01177985887955382
0.01292403663274382
0.01652413364287211
0.0002911037313951693
0.002882126411736008
-0.008498710169050834
-0.01032057071733086
0.01399329038730869
-0.003686601697128813
-0.01466014990961492
0.02244152618845165
-0.01286885295585469
-0.002902995004596071
-0.009526174570237625
-0.001951413460157962
0.01345105416127517
0.01979487252300801
-0.06173026009076392
-0.00866782615366145
-0.02857483051078579
0.005247052592645901
0.02018146251483517
-0.03040546562104249

-0.001112453522363401
-0.0009523734119903357
-0.0006575497335263256
-3.188205287356341e-05
0.0005337916572178129
-0.0009974993344943736
0.0002690861591917105
-0.0001448049136502959
0.0004106374164492359
-0.0002106156249733585
-9.576983771576335e-06
-3.88684193109211e-05
-2.641362596878113e-05
-0.0002450816424169185
-7.329374510066822e-05
-0.0001405970908530578
-0.0004569581246398212
0.0002275110092787513
1.064317928864923e-05
-0.0001806637782860326
-0.0001819869188704256
0.000801090116822376
0.0001767216792223135
-0.0001811366977987113
-0.0008393922760985321
0.0007443259203855782
-0.0007323896771699938
8.537921165908838e-05
-2.397541457834998e-05
-0.0005755584661824078
-0.001316813446021923
0.001369595874108555
-0.002516401216123022
0.0003460111630463098
0.0009637913591091886
-0.0008467576198167563
0.002609608572728647
-0.003171298070162351
-0.0004678018653972582
-0.001977811064818775
0.01148799258381335
4.285550495092298
0.01165232457347509
0.001677092357086024
0.0005488676758595857
-0.003056421519571663
-0.005246548642556316
-0.002784642949747789
0.0008863130906803877
0.01704011189420263
-0.007696967138911824
0.002424457325174116
-0.005818362451183882
-0.001297417413823327
-0.0003901617152469051
-0.001700346692420564
0.001642684765497955
0.01554669604308069
-0.007181735290149381
-0.002747794311857735
-0.00578397438156756
-0.0005582755240977629
0.001782299489964443
-0.01303597332098909

0.005104574124101148
0.008190245360218408
0.004372732714547713
-0.003873661788819587
-0.003441559125556627
0.002999681383987074
-0.002790367822186895
0.002314954619182562
0.002034813260035001
0.001732677752263146
-0.001383990589968843
0.0003036301269311291
-0.002008234080179308
0.001263731153431249
-0.001569298356108959
-0.00167274473932431
0.0006764319515309917
0.001664275628009492
-0.0008479195835918699
0.0001228589503913945
0.0001099996953211201
0.001940585250524391
-0.0002231034773481165
-0.0004368686340661099
-0.002483151253841014
0.00180999609009591
0.0002231205352962699
-0.001978316080140712
0.001991592569175946
-0.0009788907827877791
-0.003857933876235441
-7.920137708889319e-05
0.0002387232458071837
0.002206271777128367
0.0007211436220618124
-0.004436475909626811
-0.001399308841536326
-0.002584516767034329
0.005407943578521816
-0.0006993899394609612
0.01230395810806057
0.01158414431699332
4.517943792797624
-0.009953242177325378
-0.009643959200666586
0.003574528249226056
-0.01111524156973875
-0.01309802983263121
-0.003409562036346937
-0.004560416336683897
-0.0005620578252687504
0.0134696416952482
-0.01565906728284443
0.0009771863652449633
0.001573872631037512
-0.002888398258262377
-0.01918076774678662
0.003904407305756088
-0.01417449170272062
-0.01253522336958411
-0.006309865556100483
0.002891042236816132
0.01660537833246131
-0.02440775907265906

0.003780400631319003
0.006124870958322906
0.00347934846907038
-0.002846901771601635
-0.002926813487193225
0.002399575656804018
-0.002332940273343791
0.002009812981502216
0.001434383314374145
0.001424607971661577
-0.001485814273824828
0.0001536897446706943
-0.001080958775078356
0.001177774307871631
-0.001372843693373206
-0.001560315256860361
0.0009077656921087062
-6.905861755464467e-05
-0.0007915299402644978
8.998129369960198e-05
0.001490081883814659
0.001201278160520823
-0.0012791639666572
-0.0007647506743595562
-0.001158472771031193
-0.001750724292194837
0.0003400475446913275
0.003385520487845232
-0.00143277763539941
0.003930091922633631
-0.00289482636333909
-0.0005112379759317789
-0.0003893791910007104
-0.002880936265021641
-5.251353909782467e-05
0.001494222666616627
0.0003798746448911584
0.001219477399692712
0.0009339945175644263
-0.002742373776059273
0.01415813363924617
0.001498575716315206
-0.009795294237048859
5.001558460635522
0.00197687036808401
-0.006104634743259551
0.01153919940007875
-0.0009951213958044733
0.001305913001226544
-0.0005700937498005515
0.001230278923340477
0.005628831625456696
0.002414490824016065
-0.0150870132689807
-0.01916916550303071
0.01350076049706987
0.03140339043200858
0.007669973649074804
-0.03241082753770101
0.001608328796278212
-0.02746391641642401
0.002053059928566396
-0.01251125852134657
0.007515947003958717

0.004486957186069518
0.00702202350279942
0.003538522985580874
-0.002929136108394048
-0.00295610563096528
0.002597287001495902
-0.002058059505040356
0.002327398109015582
0.001520728674082383
0.001222534921647304
-0.001486022862582611
0.0001401185932095416
-0.001052607709301281
0.001142089658251148
-0.001521110907544653
-0.0008917764053875234
0.001191923526452227
0.0003947203905141096
-0.0003971257039670643
-6.597164996580491e-05
0.001838048780696091
0.001049463763904438
-0.001988345954703118
-0.002001286323736416
-0.0001017782190817042
-0.0003033441859616791
0.0003100611622677154
0.001114241782958209
-0.002116138703084266
0.001843696107528022
-0.0008926459505739694
-0.001118065329765781
-0.0003200154681853852
-0.00129679094458492
-0.002901293083774592
0.003355381729628188
-0.0002516504504729706
0.002087269586648803
-0.005799171178623787
-0.01129013224972693
-0.001021183159770835
0.0004768568276540173
-0.008722506152615547
0.0009588315904407122
5.514285300807983
-0.005745120220171609
0.007792484323497853
0.0008493283890189298
0.0008170115406618186
0.0006296102098948986
0.005710503577359441
-0.009711810448422235
8.909294557522839e-05
-0.00565993542445457
-0.01010554645922914
0.0007499713345553541
0.03557803492851493
0.003188158764257576
-0.02013312466922896
0.02290721721231826
-0.004752365918150234
-0.008932216203010806
-0.03814553636672915
-0.008164627770618459

0.001594128060553151
0.001765111744348206
0.001123495766183123
-0.0004857042275353201
-0.001381279991539209
0.0001610951915913023
0.000398335991804554
0.0008530475536138749
0.000280085639915409
0.0007714396469772418
-0.000342829021242005
9.146047541028617e-05
-0.0003989022825660355
0.0003920618901708993
-0.0002795788683924069
-0.0001654955957600521
0.0002375491001879465
0.0006015049728643258
-0.0005466471582706094
-0.0001292628574143988
5.937532801576472e-05
0.000637571958422343
-0.0007958779069495103
-0.000463556887562483
-0.0004506174367329409
0.0004311586422643619
0.001009242861539942
-0.0007766520444883724
0.0005880549747213912
-0.001586160980126213
0.0005995932811572854
0.0001632705604474559
-0.0005483350744264967
0.001074318851537015
0.0009228214285520074
-0.0009516220668886839
-0.00595067838149567
-0.002507156676260876
-0.003244373240519323
-0.001093416175027024
0.002190381306565978
-0.002144792198832257
0.002941172680959712
-0.005611146293981266
-0.005758733424745182
5.875289255387877
-0.02705755198003099
0.00132396749460355
0.0009686727240064718
-0.008703984507708026
-0.002692759477506505
-0.0002796202652656258
-0.005733670832978805
0.01212486500318578
0.002740334263291767
-0.01149678934502402
-0.005016784679261362
0.005700145578984349
-0.004359328285066529
0.00441072280224008
0.002252303141611687
-0.02004071188399129
0.004025371696045176
-0.02331696493257272

-0.003066674622052111
-0.00507597292526217
-0.002664733511236338
0.002767746878512058
0.002044131987595646
-0.001889392636397503
0.002412770838305042
-0.00136372050289395
-0.001690195561726545
-0.0008923388009591857
0.0005504945624509447
-0.0001968811783104689
0.001356706182927349
-0.0007908417137802117
0.0005998706300397211
0.0009920516679947262
-0.0001199734437120506
-0.001576190811275183
0.0008830732396446904
-0.0001980283998870131
0.0004000996617777156
-0.002367931609761197
0.001367298924741497
0.001398909270385111
0.001154308470647642
-0.002571540266316943
0.0001935669766968072
0.001585667346898482
-0.001349972424895632
0.005258412253145946
0.0001597806092261996
-0.0008091994945634896
-0.0007261948442361713
-0.001455944631184851
-0.001327947376666471
0.006873148222316215
0.001436531600360241
0.009167829251449197
0.008317559041717616
0.001909714952731352
-0.005660296883625912
-0.004055370925244332
-0.009388029670018637
0.0101202790941674
0.007690125069805227
-0.02686566046416633
6.086537639165255
0.007853526936829988
0.005731630129050012
0.000314457038988439
0.009569430317418276
-0.0006365151387860177
0.02290068080190622
-0.01486439931359681
-0.01624677548311649
0.03164092980770058
0.01249429221848209
-0.007446202106336349
0.02518455397063669
-0.01703423611288477
-0.01363196476168521
0.00399234245215321
-0.001334190956829754
0.07383474920672715

0.003313441742480013
0.005332486861388504
0.002719131054456403
-0.002464197076320803
-0.002404276950196362
0.001899782791942765
-0.001579196771198998
0.001919456953840101
0.001229819379193877
0.001076488720745027
-0.001250914665320052
8.010965226719967e-05
-0.0006644413164448025
0.0008802075265828301
-0.0006485423464348058
-0.000148497151852329
0.001315467332324241
0.0008983086750270085
-0.001219196147948472
0.0001005920447189387
0.001520761433150023
5.720570171062673e-06
-0.002056918545663815
-0.001011327233564337
0.000457369756640496
-0.002608232130333453
6.956467775346687e-05
0.0003659586218448088
-0.0007332178869520306
-0.0003812033083178232
0.007637883525685623
-0.0002767478201207474
0.0005508321160253848
0.001531184654514697
-0.0008971489952547152
0.007553715573020824
-7.732805023419629e-05
-0.002087486795954654
-0.007263013370836503
-0.004495860796052757
-0.006126658525321857
-0.00162906028420956
-0.009048613722227209
0.0003349020780523595
-5.133704096878071e-06
0.00110404425592834
0.007932109235735924
6.665413237821929
0.00198589566256354
0.00284101656064511
-0.0006135367652442504
-0.02305993319383987
0.02212642861185061
0.01039989549528467
0.01326995890281195
-0.01458045817033771
0.0247753199169245
-0.01058822447314078
0.01588961877105764
0.02093410349248007
0.02261181352374316
-0.009693982423597413
-0.01672126782592542
0.01252329521827838

0.002137094047675705
0.003568169956855075
0.002266712540423245
-0.001957845894402569
-0.001801142880670114
0.001706926730145425
-0.001503876155918964
0.001013850107846847
0.001151518457300892
0.0009909623910360848
-0.001079206756431272
0.0001109918703120541
-0.0007335725812357044
0.0001213968432706296
-0.0004792856918025845
-0.0008228939994780089
0.0004736054739521563
0.000871025226071779
-0.001136152931165553
6.171391872423392e-05
0.001628160015736655
0.001139525796697263
0.0008607337691738079
-0.0003711293751595697
-0.002234159252160392
-0.001584896584935093
0.0002153694572501217
-0.0005354039607198138
-0.002051422110251079
-0.002226219598709479
0.0002178038154116936
0.006056533621482141
0.001739317358888553
-0.002654501643478475
0.006820088368559749
0.007661007895410288
-0.0008943432995619882
-0.004986202234647175
0.002854110393768895
-8.445852343110915e-05
0.007221327991553322
0.0006600571959955617
-0.00237614742278375
0.0007962221838018536
0.001721842943800754
0.0007205197379609638
0.005476616628518753
0.001103675197749295
7.299879225537595
0.003792153135614019
-0.01611193702180001
0.01908202237147765
0.01490431386933777
0.007309204438295911
0.01104501271740843
-0.008265800575615892
0.01160512161542838
0.002306046433577093
-0.01979628924195982
-0.01510965955874409
-0.008369006777432726
0.005214007222680715
0.036662706755099
0.02113597189016534

-0.0009925587737943237
-0.002070965899026108
-0.0007123317552631261
0.001042983292173866
0.0001478127658304186
-0.001115422384286564
0.0005201661943252736
0.001142822583208883
-0.0003956578458998871
-0.0003762353418069656
0.0005060207979990847
-0.0001342797988787349
0.0005918179922202936
-0.000432239117721045
0.000190295266250586
0.0004997454130434964
-0.0002580852695833952
-0.0003394300064457943
0.0003933048273353925
-0.0002860772405798245
-0.0002126700546625192
-0.0004777753751966958
0.0001395776018678401
0.0002258611957599685
0.0005265265601769361
0.0001387857790474542
-0.0008018611897151965
0.0004554388555606801
-0.0005374379735267442
7.595473680110107e-06
0.000794538704948956
0.001193152383684109
-0.003840862982228502
0.0002390904064065383
-0.0007606487597946938
-0.0005415576991336614
0.005733509340473097
-0.0007334900579471717
8.628718270128378e-08
-0.000241940336733773
-0.00234929362540084
0.009400128006618316
-0.002501932744452292
1.566805959779018e-05
0.0008584530421255818
-0.006729127382211533
0.0003603929246526144
0.002894596629274846
0.004085210230633672
7.737483818838238
0.01067955484809257
-0.001313186790253669
0.0006024431206399197
0.004216204291312461
-0.002056472392641405
0.0006356331871275025
0.003170334332469505
0.01564139486529989
0.008598162402711437
-0.0005857094325310804
0.0001584591795275174
-0.0009545196149850048
-0.004174826276389108
-0.000234671591000476

-0.002301486305341298
-0.003921367098072295
-0.002468780902789344
0.002177530807269778
0.002021292838808096
-0.001540856897564918
0.001684256904247422
-0.001649510683873787
-0.001083330053499546
-0.001118007527211863
0.0006953543387502419
-0.0001261698158022039
0.0008383878618699913
-0.0003115146003290032
0.0004738436299383214
0.0008913591243922404
-0.0003860552339157649
-0.0008020241782815872
0.001145208436371825
-4.87034862964473e-05
-0.0008542157527704102
-0.001280390868955239
-0.000292793955735608
-3.891857423644581e-05
0.002195240219252294
0.0004907597638165975
0.0001096973074585737
0.0004817568059472538
0.0007167641150329031
0.00215372000862895
-0.0006198144444848045
-0.003127068580735234
0.0003978457240389733
0.002445296097886966
-0.004674045188185379
-0.004388760983672794
-0.001052762100984547
0.004660011072080443
-0.001175549788727763
-0.001284890508550581
-0.007979600597839615
-0.004506052641582317
-0.000864886201072409
0.0009459735852080202
0.003947085816881652
-0.002586796789265954
0.00820408133268043
9.128094447570078e-05
-0.01413230586811363
0.01086281398689537
7.969631009199714
-0.01999977974609355
-0.0116778469803346
-0.00568078384397061
-0.005455741295834487
0.01130910545348255
-0.002636759072108069
-0.008947747373921438
0.01533729931826013
0.009336032678160846
0.00638695311334139
-0.003240244838847467
-0.02864749705098376
-0.001286193116116363

-0.005482643837499903
-0.008258845834520218
-0.004067502492283099
0.00334592186648088
0.003440529726607435
-0.002383289513027423
0.002204962806582788
-0.002659371750687195
-0.001573789377934093
-0.001059114643045819
0.001497089712390834
-0.0001194170522989141
0.0009992941734161742
-0.001467888766114284
0.001305774954823253
0.000417320550708806
-0.001489063238394868
-0.001030930389026408
0.0007092174436765069
7.788742758600611e-06
-0.001079188705774471
2.094026693933598e-05
0.002577386152406373
0.001471227881258865
-0.001587284824423301
0.001539014139487168
0.0001624870286326538
-0.0001415260076233118
-0.001083912191530213
-0.0012216145446725
-0.00427744128282665
0.003663893333566645
0.0007724517575884147
-0.003592405846368369
0.005263392575454819
-0.001361595596439418
-0.000444963436720162
-0.001002345435084122
0.006880213985302102
0.006428823409562988
0.01019927344287785
0.001138294010410431
0.007795190710766205
0.002885425185332628
-0.00581395577334178
-0.0003206651909202444
-0.000766846798937747
-0.0185946824383603
0.01682281909528518
-0.0009959569326552318
-0.01923702305473791
8.684589512107044
-0.01237936963454275
-0.005332397139938087
-0.006714032108394073
0.002209671767217238
-0.01617196747647471
0.008574751984110222
-0.02385012796557023
-0.02793033273643363
-0.02444346150486566
0.01139462206890455
0.04113851893206129
0.001386457601673467

-0.004402345654630957
-0.007082155192720875
-0.003614246095813818
0.003232140611655938
0.002832400701614144
-0.002193476429142582
0.002266604091517849
-0.001960541198066553
-0.001514106353763466
-0.001011112245172051
0.000800195375515917
-0.0002368621707557663
0.001620957292531448
-0.001075146217152199
0.001329661552058878
0.001366386013360376
-0.0003496519234850167
-0.001201750500567997
0.0004428998921278439
-5.95396766574048e-05
0.0004473360155082991
-0.001844763351765582
0.001052312774647301
0.001249159162914538
0.0006744027409708909
-0.002747932682078149
0.0002738114011028619
0.001822148288648386
-0.001309025960385787
0.0004929021743729936
0.005014794724053508
0.0009655688430577941
0.0002075004300442217
-0.001640753322605217
-0.0002520118795223685
0.01123374191083665
0.00204898133246618
0.002530594792766782
0.005175701847595975
-0.0003995915738440564
-0.00566152249650835
-0.002820752130574619
-0.007112363797964766
0.002018314832680197
-0.0002846772019048588
-0.003681572448756275
0.0143565487759101
0.0158552419301827
0.01066703049166
0.0004983508203030597
-0.01064464134386915
-0.01207311694432292
9.441778655510063
-0.005785687524135136
-0.003269493476586637
0.01240694699626603
0.02230119096943883
-0.01116047746989037
0.023278295697922
-0.005879543802458582
0.002492623902402643
0.001027516324175188
0.002256330660240796
0.05703870118671547

-0.001520498799717517
-0.001984814900320769
-0.001430069671574822
0.0007597292294608923
0.001183972833715506
-0.0005231968229938307
0.001088616537873353
-0.000768696261438638
0.0008846739756234591
-0.0001492689290464718
0.0005377619801005166
1.793771440442245e-05
0.0007199377039007873
-0.000598980808684678
0.0009215232423040614
0.0007717986803560405
-0.0005639286452529997
9.829560430383384e-05
-2.833340815054972e-05
-9.103518424536969e-05
-0.000632108286214318
-0.0001244842603852972
0.0001275271916162669
5.543189080465356e-05
0.0005236346620470102
0.0007774941100552832
0.001926785817413076
-0.00119167270874835
-0.0003039997872223639
-0.003327199623908236
0.002835762041080739
0.002517156482918066
-0.001825958888986685
0.001350372532730112
0.001541951547877733
-0.001948691264745515
0.004204802614613378
-0.00593452428117999
-0.003970430751413132
0.001750209126737642
-0.001096006977960399
-0.0005879509689586145
0.000605548602175203
-0.007137656528901614
-0.002488447025707407
0.00692470842725424
-0.008946036218442411
0.007164825338847497
0.005652601712619812
0.003485480390722312
-0.004116988481707572
-0.005044408738895561
-0.006026789046598877
10.13866316384483
0.01566157001413946
-0.01366401892505035
-0.01224515103084926
0.005261112519183781
0.003447520794571599
0.003491143646120698
0.01064793105167945
-0.01520837282756969
0.008600300863275508
-0.02002557283044409

-0.003361274629424121
-0.005555003897984191
-0.002680830833261445
0.002399921994291509
0.002015356476098849
-0.002009008037828772
0.001429528302418081
-0.001379143623629491
-0.00205104152056205
-0.001137735529578153
0.0009846073324525223
-0.0001604651580977137
0.0004928338515419222
-0.0008506681533658473
0.0008734653112151896
0.001016565915212764
-0.0006586215428212683
0.0001670600451165095
0.0001643685543095859
9.625570434382982e-05
-0.0006541413746419446
-0.0003571362676351986
0.0004940522710549162
0.0002406232305146471
0.0004163108587667684
0.0004739526513996135
-0.001534959569169155
-0.001616406897371607
-0.00017231855872543
-0.00323271502515935
0.003277468480860217
0.001755968547161973
0.00281818770698587
0.00169295043136245
0.002542402275424683
-0.0005832632226179287
-0.00591650750756643
-0.003564143309612059
-0.002132555174738792
0.004458045551141668
-0.003255090354603988
-0.0002343717126357975
0.0006663147629258867
-0.009126991903472983
-0.00506310532014945
0.001230782852701716
-0.009200116633236376
0.008694126086945888
0.007723871384633063
-0.0011377726002262
-0.003455731903954082
-0.006036355918054415
-0.003239280256045666
0.01585714626688531
10.2875342467293
-0.0119195515739868
-0.01717578275711852
-0.006036363079094088
0.005506308952499378
0.0003021039945127076
0.01828325538987293
0.005503939333540149
0.0123926438514427
-0.0132734143534157

0.00239545017979107
0.004036927462919453
0.002059825937911644
-0.001719184835256535
-0.001619769474110368
0.001446585354725264
-0.001090515229987476
0.001243988525081854
0.0008911782818198823
0.0007917264598541538
-0.001062380075827908
8.310098096528497e-05
-0.0005666692528730633
0.0007090600400864454
-0.001100247844095649
-0.0008163040366591361
0.0008416940329801548
-1.193606280126651e-05
9.296588439042014e-06
-5.421996465303214e-05
0.0007326462911036263
-0.0003685507417195413
0.0005081736231348449
0.0002190299055509407
-0.0002987661827218806
-0.001706915850766758
8.999395163114062e-05
0.0005053871869895943
0.0004011810922789823
0.004581173651419115
-0.002948754685974669
-0.001901911445965657
-0.001022072910847852
-0.0007070990422371934
-0.001187391218999632
0.001742411108790407
0.002494674482019841
0.004476763949900815
0.008493595985429862
0.001412687999045281
-0.0002671945552044269
-0.0003793150305637707
-0.0007591731393514379
0.006097622771002962
0.0001645050186100285
-0.006161351569209056
0.01794755462313382
-0.00825776207169595
-0.00564081191246056
0.0001431523287686374
0.008317575576805543
0.0007038104426004442
0.01105635672762069
-0.01242094759045842
-0.01042640354489473
11.09557670016808
0.00904188355417769
-0.0006913660671578796
0.005684952641694331
-0.01843804211063024
-0.01366685593672483
0.005809707257513827
-0.0005468977575093462
0.03994609965203846

-0.001089630573243124
-0.001789754170709034
-0.001076852830789348
0.001113544604166808
0.0008146199438535498
-0.0005441755682073294
0.0006802621127168296
-0.0005188694716641232
-0.0009127913850839282
-0.0004066918423519389
0.0002527455776096804
-0.0001341499156490986
0.0009068324394443524
-0.0005108143771586483
0.0003091766971988954
0.0006989700526725631
-4.096495625731275e-05
-0.001191337420743344
0.0004648442496370779
-9.111630262334228e-05
0.001303924288533369
-3.432425214140939e-05
-0.001064003327955144
-0.0006183855484324401
0.0005017293100346466
-0.0008929348150658201
0.0003033489044604064
0.004286845398037487
-0.003185450478042578
0.001586152468897639
0.00248975523604043
-0.0002361662384349622
-0.0003008241730895552
-0.003606561432775468
-0.003635571515627425
0.007248041341953384
-0.0003711118226543884
0.00128934460257419
-0.002795810891766125
-0.01424689048575597
0.004567452596303361
0.0004690440523986327
-0.006793449280405558
0.01258820312089291
0.01628814000397291
-0.002601973163699306
0.006158042990115948
0.01427375452624857
0.006558702703047098
0.002226842762953293
-0.001984234688692054
-0.0117259796079229
0.01860312752049644
-0.01053100907647872
-0.01525789314001318
0.008952150177433903
12.01315175050384
-0.0007868255886457169
-0.01715837134486953
0.0177348998207836
-0.003203457271563557
-0.004435950414198097
-0.03612190780808239
0.01229913004413065

0.0003717277900219316
-0.0001551376415296405
0.000308059685188577
0.0001713255465523072
-9.935264821103672e-05
-8.667908211782507e-05
-0.0006517050103121246
-0.0006339709736676083
-0.0001794668681584316
0.001594960804203706
-0.0002106090941589775
3.527788809897173e-05
-0.0004191367284822038
-0.0007473979421222005
0.0002138867629175417
7.817679116017205e-05
-0.0005476413974410818
-0.0001351384564325941
0.0002921363991555212
0.0001812221468130919
-0.00019574288240052
0.0005703940338703528
0.0003271623382474649
-3.300113885913708e-05
-0.0005191205417343964
0.001239503001146767
0.001595921029107499
0.0002469368706697799
-0.0009812129029986875
-0.0007334152223462011
-0.00190525438056576
0.0022597358025281
-0.004481260186468359
-0.0008007281996035822
0.0005669842893447109
-0.001939045241379424
-0.002346400361081934
-0.00121843303517028
-0.0006444137668673423
-0.0006429035112847071
0.006395045585406696
0.005280915150947243
0.001571702569639128
0.003378038440696294
0.00137604563547091
0.002656975482801844
-0.003748069420358469
-0.005300221221856693
0.001740960188709182
0.009592818225187295
-0.005761904328998309
0.005583423121094947
-0.00856468444129237
0.004319918045414369
-0.004802473523594863
-0.0002346613423386077
-0.001225674795959615
12.67731033458876
-0.02631524056844968
-0.0008682573781404268
-0.006439519943889599
0.01631941602415004
0.003137339657362379
-0.01823642799380708

0.001663452388453625
0.002225482301478457
0.00101462827215257
-0.0007865383730805488
-0.0008825763928281337
0.0004939254978957636
-0.0005626273532298918
0.0006366016635861433
0.0005286392392878237
0.001137529007185674
-0.0007485224291367544
2.975530433578322e-05
-0.0005327947001708703
0.000512021196907019
-0.0002589842549037396
0.0003086872761911277
0.0009184257624758741
0.0005926362522671892
-0.000297708923829993
9.887645824943861e-05
-8.992471921312576e-05
-0.001853702526220216
-1.925461962125786e-05
0.0005264376674623608
0.001655621661131601
-0.002401013626717151
0.0003384684765071803
-0.00216178738459636
0.002996155799179521
0.001264332225635167
0.004549267811975328
-0.003300018729549821
-0.002658760358261416
0.003663458976996845
-0.001053014329062615
0.002886756624584212
0.001662889307361281
0.00502232656238646
0.002911316800854023
0.005641677239326467
-0.0200256475641732
-0.002330593142660625
-0.004884241955290268
-0.01280082961256474
-0.007941878348752278
-0.001796133189426557
0.01170491651027217
0.008104966642558577
-0.01147682957202519
0.004723739691113894
0.008942904293550442
-0.01596550358960308
0.01678984935224968
0.001939140148305853
0.003659314571425855
0.00445230348915478
-0.01543746386639239
-0.02620236072046937
13.00377470200105
0.002516815707531105
0.02896047035900089
0.003029504501138515
-0.009483113326085838
0.0435192602018114

0.0004225314293245968
0.0007087376386357365
-3.320432981732725e-06
-7.199223680093682e-05
-3.40372345184162e-05
-3.75435093601238e-05
0.0002054273113201071
0.0001223882455965084
-0.0002363074473121824
-0.0004664354813231878
0.0002093271932457653
-2.882691756584362e-05
0.0002060655394165907
0.0001024871010545833
0.0001928265881446167
0.0004193719880427116
4.213528358080175e-05
-0.0002003105221391589
7.832223443812486e-05
1.204845655676707e-05
6.071937464467562e-06
6.026657161348236e-05
-0.001788087136998319
-0.0008892179857636893
0.00113935889126717
0.0005777588889157312
-4.409909698107579e-05
0.001335393254780024
-0.0004369819985687777
-0.0008646030597969929
0.002714172329420467
-0.002259735217021064
0.0002748389355995874
0.0003654265293163937
-0.00351677410885232
-0.0009047354869609193
-0.0005602320863287992
-6.031824789504798e-06
-0.008402541936408032
-0.008237500149747704
-0.00321770031486088
-0.001165923737989542
-0.004690296850836944
0.0004498097051611725
0.009365875059922455
0.00152692415679661
-0.006915606612581587
0.009822594797772517
-0.007819780604361816
-0.0001426090246768173
0.004892384901877508
-0.01677974325830379
-0.003983501428560051
0.002815682879126704
8.691992302620058e-05
-0.01565006491355102
0.01478002961347395
-0.0007000228012566129
0.002912095486827649
13.93861655062498
0.007938007613453707
-0.009830331898687374
-0.03794705736538969
-0.02037429090611884

-6.130480451939636e-05
-0.0002383154622356244
-0.0003517983903026798
0.00028174011854085
0.000236612093930963
-0.0004251366195888159
0.0005066770810656761
-1.068238146284742e-05
-0.0003962697107196896
-0.0005379952785380749
-0.0001834175592417791
-8.194056416711487e-05
0.0001986809618966537
9.913589502906983e-05
0.0004174746831432177
0.0007775679333520904
1.983026053073168e-05
0.0002458461214243677
0.0001282106324757457
0.0001851307763927779
-0.0003309260664787174
-0.00070820878211125
-0.0005476884322499229
-0.0002810892506532944
0.001308297177643297
-0.000137120088529943
-4.601588476910569e-05
-0.000907122485662616
0.0007261222833633014
-0.001501418054876648
0.003945953231163022
-0.0009879131613748468
0.0005327163556867627
0.002721701845923189
-0.00142259202715088
-0.0004772120985656692
0.0002735533496489955
-0.0006604590276651241
-0.003746407603069014
2.366650600988285e-05
-0.007585814502732838
-0.001677982684886865
-0.001168370710634135
-0.00968566702981213
-0.001773666145940175
0.0008862456368084982
-0.005952389165135018
0.009601735903866883
-0.004166578793097063
0.0002186073692009494
0.003240159370437215
-0.01460792853664795
0.00209261629653432
0.007324737311561367
0.01231004490497475
-0.01001832272607003
-0.001723768510912771
-0.005500143075500355
0.02563684636286714
0.006755509259758687
14.96714007406236
-0.004180189287755808
-0.01523783514827606
-0.01064237280858151

-0.001422468079366044
-0.001243354072619619
-0.0008992815819782002
0.0004308733513898629
0.0005624173968695886
-0.0002328807252205335
0.0006289977204800289
0.0004474407695634453
-0.0008770344378147163
-0.0004180068964697232
-0.001987915215010454
-0.0002185946674976709
-0.0002500663786813317
0.0001444007495959549
0.0006543722916924012
0.0002938523645387465
-0.0004618895295217593
-0.0004499381554577938
0.0003770815859241351
0.001015208804600662
-0.0001866874069376725
-0.0003978262076058124
0.0008330694371878404
0.0006642285689099988
-9.107171842948075e-05
-0.0001742699702250403
0.0008298577276110516
5.0528738855204e-05
-6.217067888752233e-05
0.000447834807555977
-0.001018690339724866
0.0006823069893021349
0.0005099740034291902
-0.0008397463404566539
0.0007788449469435868
-6.593979325942505e-05
0.003965391626634632
-0.0001757956355362885
0.003257870844855067
0.002553877007673123
0.001067940184475036
-0.00013777795073728
0.0009173653059234884
0.001185012784646632
-0.002926899101089013
-0.007610084351294146
0.001429896557773732
-0.003726894486321367
0.002760641486560847
-0.0005518420880214994
-0.001867348741149107
0.006146696750879454
0.0001741920719355644
-0.0102000199055284
0.003506805858560216
0.004565914397733255
-0.003965430597702852
0.01346150260774208
0.002629656002363738
-0.009207260085735585
-0.004504196511593457
15.34225989739766
0.01043283709117879
0.01141888031826486

-0.002580311571181645
-0.003780772270781085
-0.001660400620254204
0.001319268206558901
0.001506603325368722
-0.001136505141413533
0.0009468409146802779
-0.001368947577942924
-0.0006366071576154791
-0.000445069215977308
0.001019117364976386
5.486036027811967e-06
0.0003592533831662795
-0.0008602892425712256
0.000623116430301063
5.969374047938786e-05
-0.0007968880152101063
-7.978332786164576e-06
-6.00797848068097e-05
-9.432013201879014e-05
-0.0007277464081483361
1.405463432839986e-05
0.002297368763102362
0.001333605146358369
-0.001576903864401581
0.0002697038029666883
-0.0002219474699430857
-0.001786556910034682
-5.983568191758539e-05
-0.001966710703105478
-0.001686173240777769
0.004266445531994807
0.001168005334308087
-0.0009247722787760081
0.006162577001888867
-7.361884699160848e-05
-0.0009226666363420819
-0.002906085506372718
0.00718478497975969
0.01017383131651809
0.005167036688582748
0.0003445671115227044
0.004587313926840343
-0.003063313638475206
-0.01356532241148477
0.001363413760659621
-0.0006134775296083488
-0.006511840006940106
0.0161332645841581
-0.00183997478993887
-0.01418477826054831
0.02206252895992703
0.0008863998271866293
0.005902926622931556
0.008135618735246175
-0.0002023982440449599
-0.02696876422786924
0.002998600695693379
-0.008321624094767062
-0.03342852860251712
-0.0146687449611381
0.01044660479817222
16.12511804384091
0.005317722136768618

-0.002431489439673661
-0.004086167824241706
-0.001928844253471424
0.001984580585928187
0.001601265918825847
-0.001289585391207936
0.001381723363323119
-0.001236867163697373
-0.0009583164672418524
-0.0006582272686321063
0.0004509756295589
-0.0001189925822381949
0.0008010326861154415
-0.0005138659214343567
0.0004651158590657195
0.0005847693204438187
4.929171751463703e-05
-0.001105363845890528
0.0004032674031204445
-7.295961832149035e-05
0.0005054429741514683
-0.002054556755200583
0.001633590242182914
0.001604756401927898
0.0004404765571405349
-0.003333360092047764
-0.000112560633157886
0.001081368379113568
-0.0001372851365487786
0.003210396805402747
0.001846688662806942
-0.0004553758529091533
4.122502232616781e-06
-0.002203330883012223
0.0003509677593715592
0.009859814202185367
0.002571918700898929
0.006892874710501175
0.01007708447232927
0.003906017721285612
-0.007600078905518906
-0.003418965927402897
-0.00630833580610148
0.002127150942384799
-0.001707024038996689
-0.008339715101543009
0.02637396224977159
0.004916407290665128
0.009412935636338493
0.0002256719143833762
-0.0002861941802793653
0.0007299127816789471
0.03100987318027826
-0.01188501346017386
-0.008480897652870585
0.02533939979302986
0.008312571480375969
-0.01323173548483316
0.03298656465764005
-0.01577328787994173
-0.009796151735861177
0.01051391320297623
0.004371250726384394
17.29739620879331

