0.1170028844869434
0.02009152661459678
-0.001353891706545996
-0.006141309396787574
-0.009132885354837639
0.000355221234591835
-0.007099158425433558
0.002845719416305431
0.003000606864516435
0.001009649682215368
-0.002454606093188007
0.0003918448943221836
-0.003828876728578568
-0.001176090808946897
-0.00404509074620241
-0.001824209065224125
0.0004990831520305346
0.002518297898615458
-0.001269398475395871
-0.0005881322334345861
0.0006758444826489015
0.002547389897775835
0.0001880748381252943
-0.0004222132880359277
-0.0029711058114885
0.0001895634105509296
0.0003182037987203009
-0.002120796948562025
0.0002778110978429312
-0.0005195663375155707
-0.00372590911172614
0.002391849738679116
0.0008640412944623579
-0.000442344824764749
0.004828500086906566
-0.0007378227896376185
-0.0006238784282269182
-0.004386401483682562
0.002545993067066656
0.003666877254487085
0.00926248038608833
0.0013436050592877
0.004207660253938675
0.000169742384593352
-0.005898767007007125
0.001687373601474167
-0.003883449953355391
-0.008766632232459312
0.01049240776524095
-0.0009691366635390763
-0.01033664146049474
0.01872450905036139
-0.00503410227956758
0.002348873111796415
0.003395175504325068
-0.003431303942097416
-0.01155556780765433
0.008448534890520948
-0.021019469099028
-0.01676375838479591
-0.01251369287385553
0.006133841864876474
0.03199897450494427
-0.009075800644879917

0.02011623673713285
0.08448937357712512
-0.009150967449296863
0.001842913581497526
-0.006071499104210504
0.0007983145220476091
-0.002105933069289809
0.003538271072524005
-0.0003415490146636793
-0.0003979753184107141
-0.001980488846599603
-0.0001994687550164557
-0.001220751287973533
-0.0009211454410159321
-0.001306235226668751
-0.001863663176184749
-0.0004879021294514114
0.001176665825377052
-0.0008211821901049944
-0.0004656536159017695
0.0007382530543327977
0.001196188153830664
0.001228885570337497
0.0005561596010031798
-0.002296762005193307
-0.001677736529087973
-0.0001283243225887375
-0.0002535307119623399
-0.001069890634998122
-0.0003497239316755747
-0.0009890884137901692
0.003875839961925953
0.0006339415813487299
-0.002492244377759518
0.005350023923632115
0.006586534440557768
-3.210562021115825e-05
-0.002311945467966516
0.006427559810470045
0.003578885910762883
0.007264045922400107
0.0009202757793958256
-0.0006027966693365015
0.00277954277892736
-0.004643117783619378
-0.001882993001527738
0.006461475338771572
0.0006488484724399482
0.02347889549936998
-0.001120175499110313
-0.0164370437359892
0.01824741174967925
0.0162632316300105
6.252784798462988e-05
0.002575412705123599
0.003756075248776443
0.003922804139977201
0.002727384737807806
-0.01210850008068189
-0.02278295398750404
-0.01512221057135655
0.009526070191559415
0.0367677807299675
0.03038645799159592

-0.001450676408091156
-0.009201891674126741
0.07574765480786462
0.009111355973801839
0.004889300286307957
0.005613968310918747
-0.0005985561418108683
-0.0003083124244483371
0.0007218558711809723
-4.223060847515403e-05
0.0006991506874830208
0.0005046502628844491
0.0008548359144774887
0.001560069423795032
0.001031025711978642
0.0005337476520350945
0.002069558484613523
-0.001052688249517865
-0.0007592193327081069
0.000503340718860644
0.001498391630294595
-0.001460099025915796
-0.0002514727902480242
0.0001825007304168655
0.000492610347121326
-0.003193592035187516
-0.0005452776077455866
0.0003962679085836565
-0.0008402015399883952
-0.0004550997233241143
0.006380524255737095
0.0008105118864764884
0.0007555210944696131
-0.0005260661569495063
0.001512268805716141
0.0106796136856425
0.001205666851414863
0.0002082380829719746
0.001027912165144955
-0.0007076350299449192
-0.007362812019244905
-0.002543086673998971
-0.008489126826170579
-0.003785909423672208
-0.0003363684367743357
-0.001266755648107676
0.009577789346019418
0.02121398442176922
0.01718741337851803
0.001152480413520249
-0.008652116735468647
-0.009615859247300518
0.03190896330246392
0.005829663753540695
0.01123618997787766
-0.002992437763217989
0.01722061449565949
-0.0114579364515378
0.02582258435727941
0.001192183724733109
0.0135407771734876
-0.001633865963537313
0.002385653574170942
0.04627267492299396

-0.006029455392755912
0.001885412890512008
0.009100466666774861
0.07460435075105923
-0.008092466841271731
0.003709497700503167
0.004879877840772316
0.000600904098649454
-0.001026175093488107
-0.0009192220777323047
-0.001878564444917026
-0.0007146661632928972
0.0005364527626293558
0.0005314557610312498
0.0007851633813079563
-0.0003297366721493849
0.0005514227150504474
-0.00239706695912436
2.586221075414111e-05
0.0001744556497824667
0.0006200095248908384
-0.001165121242826869
-5.850401715266733e-05
0.0007021216309018102
0.0005773292729616148
-0.0019207744099632
-0.00035007916458629
0.003035210335564535
-0.0005093302842656178
0.006113371261973019
-0.003032496972682217
-0.00322877029850173
-0.0019645730819326
-0.002880940049853186
-0.00403647801294725
0.00365256839655274
0.002978166446619925
0.008842063828704318
0.00736972703676524
-0.003582090100396535
-0.0003857485496046991
-0.00124650133758312
-0.003582610792903894
0.01368202281384287
0.007966617469379758
-0.008788633186515762
0.02344845608029024
-0.008682409671505159
-0.009386674528974643
0.001577603690110525
0.01254361497116215
0.000237709258742624
0.009878550569803253
-0.02562411640653818
-0.02828166452396351
0.03590076133363001
0.02317457839466622
-0.002185725796574919
0.003687177658535044
-0.007310243401087783
-0.02246791146980106
0.006422455250998377
-0.02081431097776184
0.05072576457068644

-0.00891564531883555
-0.005968290444386035
0.004886001211407905
-0.008094690552923256
0.07790814676940719
0.009216619257079627
-0.004798569117101113
-0.006264811044289508
0.0002960460191885263
0.001230551431873218
0.00252676444635163
0.0001923970628454016
-0.001352919096525799
0.0006460515447564351
0.0005767739501959098
0.0006630038119774069
0.0003428001627884575
-0.0004771821147778817
0.001345064009756497
0.0002839766448171742
0.0002985148067403718
-0.0006272383341932591
0.001668641362426876
0.0006394530503381201
-0.0003223008344909234
0.0002374807448836495
-0.0003715544867080052
-0.001321166437862121
0.001142690444043745
0.00167887795622202
-0.004051971500176072
-0.0001089405227181327
4.352438136629653e-05
-2.025206047171976e-05
0.001204545738853768
-0.002832984328782831
0.001914138301432412
0.002508142430636355
0.00800066014561724
0.007736642019997823
0.0003048766040340515
0.0003278129452881428
0.004580306638195598
-0.000182578661552136
-0.007681283731319399
-0.003510957504984046
0.00705673503876979
-0.01592276506532985
-0.004574396693093167
-0.0009699684394105767
0.003173248376312131
0.01419277547761402
-0.005080029835803416
-0.008337798296601376
-0.006937192470847921
0.01737771910314666
-0.0247711531012512
-0.0001588626420864946
0.007320101669098716
-0.02462070513770848
-0.01274989579642974
0.01068489834935828
0.0226358876890502
0.01756254856006303

0.0002082921933270516
0.0007291102508571723
0.005595694726929941
0.003708816002173679
0.009218461134406004
0.07734945194537633
0.007402323232177746
-0.005877088014598606
0.004019529834495815
0.0009823583749092074
0.001002545177033316
0.001020352749374158
-0.001076009914473908
-0.0007441776170060395
0.0007377183976480003
-0.0001363462244547923
0.001453797475635307
-0.001611309370294435
0.0001657013202767069
0.0002661235497623456
0.002480703351809211
2.881084952263192e-05
-0.001120228151872547
-0.0008953824098445764
-0.0003998120897154886
-0.0002469744922686007
0.0001378914437853224
0.003926274815569584
-0.003723221769587673
0.00110390521265568
-0.0007567080624735724
0.001231450075147847
3.197677926380224e-06
-0.004464765600441826
-0.001742530784716945
0.005203003898960021
-5.488397476119855e-05
-0.0009010073241206291
-0.003045143030473521
-0.01273091798310669
0.01233369493002134
0.0009341540330688957
-0.003775651110628736
0.01594038558044895
0.01601817142792582
-0.001567376020822628
0.001736547011407332
0.00550019711742846
0.01135801399953202
5.208314691949558e-05
-0.006110686045485483
0.0006187252347273148
0.005733254319728234
-0.007919275241381401
-0.01502185006275963
0.0009746386953772273
0.05105317171005569
0.01097968133854521
-0.04479210668249754
0.01535178518384882
-0.01937910347700979
-0.003558972660343677
-0.02198356219534107
-0.003951709267215462

-0.007015589993616481
-0.002080610537141433
-0.0006203804819020252
0.004867772862396822
-0.004771912684332986
0.007386076215713995
0.0809399243981916
0.009137243730980444
0.003960892193488366
-0.004432248716879097
-9.654168075637392e-05
0.0004053405966547182
0.0001400590353760113
-0.0009054672199600873
-0.0007555588276642028
0.0004464082693937067
0.0008761657415945765
-0.001238783680218774
-0.0006407645776784546
0.0002805903119457279
-4.212107025537899e-05
-0.003389729920443967
-0.0007535425740166576
0.001026688298437896
0.001914247974718898
-0.003031718789295609
-0.0003597414390759255
-0.001240645743487653
0.0023173122117935
0.00198888297234636
0.004516166510452418
-0.003103473998812066
-0.0006546849617865588
0.002922551688433334
-0.001392744508871998
0.003794054107411485
0.001871964828078056
0.005768012126678922
0.004085022175196665
0.006219319892156383
-0.01820460675932799
-0.004216731644858522
-0.005006510529173023
-0.01014237790517959
-0.007257367919950389
-0.002673471189855987
0.01483271283958536
0.008351211212842302
-0.008098463546726335
0.001070789016472797
0.01026583199767602
-0.01471898118243592
0.01930982247877124
-0.0001407426322805793
0.006146580656295961
0.01171612137864065
-0.01671082971566749
-0.02074020409345317
0.06083395909503098
-0.006001325973448405
0.02152099576318162
0.001908133190773096
-0.004601318922567705
0.05140611299800656

0.002660212692923358
0.003447637622554383
-0.0003315878311316074
0.0006257660003684948
-0.00621265215816932
-0.005873004271925189
0.009146739492599816
0.08488716577578037
-0.009379720205373497
-0.00468756383983202
-0.005291181097820053
-0.001304205794140709
0.0002403928370490324
-0.0002729927917020621
-0.001940167846651613
0.001818638793854578
2.512324026129214e-05
1.127819483383568e-07
-0.001158531080132938
-0.0002331532194940985
-0.0001838259844926958
-0.0004184248769817391
-0.003325063193370892
-9.712634138929455e-05
0.001716789297274188
-0.0005497626112476227
-5.484163007431594e-05
0.001862744073729324
-6.721757278025113e-05
4.685203150596944e-05
0.005290816249550831
-0.003240549275673519
-0.000800610408294604
0.001537500983702103
-0.004882717446038037
0.001644161826286542
-0.0001154261033614063
0.001245803012478576
-0.009389919441813376
-0.009435467700386104
-0.007930363164355749
-0.001330935035528544
-0.007061545832049295
-0.001027187596001178
0.01034621244673552
0.001727665953905144
-0.00272816844855935
0.01709794518763973
-0.01015458739491224
0.003317071732190175
0.009010558292334788
-0.02751202587535023
0.004578583003201749
0.004567888823885315
0.001415665868339395
-0.0103163040408221
0.02537958659219358
-0.007219958717595332
0.01213704730310478
0.0352889009029313
0.02225792599732321
-0.01381968772259841
-0.04724607205212557
-0.01108481041139148

0.002966817513410953
-0.000338511869290654
0.0007218819752015471
-0.0009856535879955114
0.0002931615345794572
0.00402764697751716
0.003947391753793336
-0.009354302513476593
0.0895473710365487
-0.008483228684034231
0.00513997121368601
0.001183274678901661
-0.005007433650763277
0.0003561582346204282
0.0008858397700799822
-0.001422998018209385
-0.001152931297974488
0.0001906499321635453
-0.000410474166438412
0.0001218656158775675
0.0005501695729696018
-0.0004241163635367161
-0.0001437798104639229
-0.001189792715874472
0.001072127812829527
0.0007002452116411111
0.0001201623024379673
-0.002160305341739016
0.0005874978900666294
-0.002878456634886673
0.00161778164384223
0.001245795503488457
0.0007327678975612404
0.002612853980460872
0.001823179225803962
-0.003120943039778065
-0.001019346238750123
-0.004058456827659172
-0.003246651266497226
0.003555709938041521
-0.002429770755517621
0.0003459660984405723
0.002404951889451288
-0.009901706042981011
-0.0063902655727691
0.004636257532119068
-0.01190318030122886
0.003041166473119921
0.0009356354758908612
-0.0005593033206007679
-0.003588548283609279
-0.001266871666718579
-0.006999625053749064
0.01522038967544689
0.01476943271770862
-0.01714173982273387
-0.02065576490153812
-0.0009346047830721326
0.007274923384731027
0.002402629065945793
0.01566177405809133
-0.003862364753768513
0.01203015306462238
-0.02562517641229579

0.001087451016130448
-0.0004039212493198145
-5.550485055281968e-05
-0.0009331487372703465
0.001185948903046434
0.001004180505644066
-0.004435576066761055
-0.004631303227973226
-0.008460883975186875
0.09776706673331002
0.008508372821867592
0.001829722888911294
0.004750322162197425
0.004411450715434789
9.264439392149895e-05
0.0003582272310051608
0.001414086779331962
-0.0007978129105612563
0.0003073592675892411
0.0008861563363686388
0.0002490668905284097
0.0009999076610624868
0.002574826562213454
0.001013656228206556
-0.002412871972572483
-0.0001751804679881197
-9.142766386051695e-06
-0.001442989517987906
-2.303964891486117e-05
-0.0007332722496627202
-0.0007741247218177149
0.002830840283021263
0.0005094924411624827
-0.001484263229706604
0.005062542647077911
0.004163149513175533
0.0007743999180165493
-0.0007359856602330921
0.007877572032304388
0.00786665111552671
0.001845942416729995
-6.938487921373095e-05
0.0008583698124445169
-0.002045715985858169
-0.009555161991957375
-0.001678437089442807
0.007340489900749608
-0.002257747902345968
0.01651538687070608
-0.0007086159041271162
-0.01190779122620383
0.01637679078841449
0.01330062897645545
-5.530841327710994e-05
0.005179476953434631
0.006319834499388502
-0.01345667862072157
0.0009639559353895729
0.007146468383910252
-0.02774814578097915
-0.00862119897999334
0.01078619670453809
0.04023173717146946
0.03407607524932856

-0.002480518252164027
-0.001921353934251098
0.0007647348524503478
-0.001780828267112869
0.002557370370622173
0.000994061745591656
-2.484643402793975e-05
-0.005298812633822773
0.005096642698797841
0.008522008065581382
0.1093514898804589
0.004643986813793619
-0.008717922907958128
0.004677820785463908
0.00517128904221385
2.424933799228743e-05
-0.0001219228250363652
-0.001052814584477326
-0.0009247396945592187
0.0009341520471899121
-0.0003989573616544185
0.001521348364736005
-1.03695016054426e-06
-0.001870908306260734
-8.120022123557611e-05
0.004659760434799654
-0.0001978559549599986
-0.001758555496602775
-0.0003266079118841234
-0.003545700399926173
-0.001777463891179633
0.0007087019788999013
0.0007461267791712194
0.001447207436882817
-0.0004343366928792762
-0.009598633797785782
-0.002680201523316354
-0.005941842900188314
-0.009781485339133538
-0.003562911616816962
0.006895467091478048
0.002723366683659823
0.006225290587469639
-0.002193709932086819
0.002753354221486093
0.007524915368670486
-0.02465123703334332
-0.004407894540619427
-0.008347550598227149
-0.0003361971620829369
1.343485557623431e-05
-0.001241161314756344
-0.03028520326245102
0.01052470568204527
0.007420333601582418
-0.02559052107924367
-0.007890671829294288
0.01279400563684118
-0.03103676546285355
0.0198036827646803
0.005897442948701303
-0.01095031444311884
-0.009731265383030589
-0.07817929154115592

0.0003352430462389454
-1.108406903105032e-05
0.0007023111982053162
-0.0004111935786568466
6.387907353553198e-05
0.0009581172923260878
0.0005509514567627766
-0.001164700659649991
0.001214854494515638
0.001883285673596784
0.004903605056980571
0.04542645639164702
-0.009190450972737654
-0.003327655161583403
-0.001196423550860273
-0.001698860780601228
-0.000600683106844595
0.0005141092009904664
-0.0003618803386743512
-0.0004334066103372464
-0.0005158062860890634
0.0003958545820177944
0.0001271032266943324
4.614738920873058e-05
-0.0002132355849941372
0.0003540243784745578
0.0003974905230002926
-0.0006313308727556193
0.0001638351319752263
-0.0002644465415121147
-0.0007455568723154378
7.091001995331334e-05
0.001415007187216813
7.129093750584137e-05
0.0006006863164600838
-0.001383985125415573
0.002311499615957339
-0.001249515898387595
5.858655165791478e-05
0.001287988513190197
0.001306763011183015
-0.003499760057046776
0.002053177488616146
-0.0004886922930206206
-0.001286902718011217
0.004012592441013736
-0.0006663618163448164
-0.002229285514339413
3.967619410009477e-05
-0.007461832655348725
0.001501406952012174
0.004036967188627416
-0.0007386756383388572
0.0214660278526945
-0.015429423858483
0.001868532800037468
-0.00941923098656728
-0.01799528063447055
-0.007613040312259116
-0.003550389025595013
-0.007158211845170487
-0.02779629228298333
0.009490494373186538
-0.003125087070932168

-0.003784091907890565
-0.001234914373202036
0.0007354414737014719
0.0005290329095835933
-0.001240170774315942
-0.001216402915536421
0.0001584714103602151
0.0001669282533249023
-0.004939581287386666
0.004746897840369598
-0.00866105455430715
-0.008946097418775183
0.1228002871964496
0.008623351944416857
-0.004519004300184979
0.00528013415065107
0.0003118401325701214
-1.148030860745374e-05
0.001470309340007098
0.0001351566907889
0.002528841294817361
0.0002513524894733069
-0.0009546099300566449
0.0006153955813307651
-0.0002766718939655295
-0.001836043962938046
-7.707320942607976e-05
0.004012373430415874
-0.001262083345154198
0.0003920944710600838
0.004032351923255605
-0.0004365162918275713
5.298220887469077e-05
-0.00257779864180835
-0.001877154180792583
0.008991687331339428
0.000681128648312638
0.001266808874624895
-0.002951942838564816
-0.009559846870836419
-3.436212740870709e-05
-0.001099263446913561
-0.008685985394104132
0.007303216664674136
0.01158720680804771
-0.001454914174219179
0.007316871744953849
0.01820545534596047
0.01063725740234595
0.0007584893585939598
-0.003331204151192419
-0.01208179447448412
0.02193147336107416
0.0004774154529336135
-0.006385093103043378
0.0001049402787690837
0.04346063910464096
-0.005351143108543563
-0.005531137735435132
0.01754386530483406
0.0004340254202134403
-0.01010427824932335
-0.02447435453596988
0.02298509446191986

-0.001219033282460545
-0.0007694658659099537
0.001635545950636323
0.0004586345887308082
0.0006238132138835942
-0.0006257080642158123
-0.000992693601727023
-0.0003758958386120935
0.0003494396240537619
0.004455016664524561
0.004661012045802889
-0.003253045550804956
0.008641097945764089
0.142648212022948
0.008480810619332604
0.005124315692479095
0.005124387691597797
8.299791084604748e-06
0.001528332799005628
0.002095336325906745
0.0007889527199563184
-0.002148898382794691
-0.0005137387271341345
-0.0003989626371931709
0.001072735055950397
0.001297086059537206
-0.0007242232262733373
-0.0004463230881125253
0.003786043769629398
0.001638255809425361
-0.0007705615498248352
-0.005956239606986974
-0.001554570467257376
0.002867224945921234
-0.005794732781185441
-0.006395133643905098
0.001215360954792244
0.006367423170464405
-0.002785126229880978
-0.0005304249613606899
-0.01177176222947836
-0.001857487706284295
6.597217058284751e-05
-0.003008065230496943
0.001604299662212216
-0.001697392908526227
0.003252714986129226
-0.006242137228710367
-0.03191481486541464
0.0009688601344494854
0.02418461707661109
-0.01815206569128627
-0.01346403724789687
-0.006996524059760201
-0.009341763200573066
0.01068529678616688
-0.01257330043159463
-0.009361534455923132
0.03026465046579813
0.01416514555260546
0.01250054187617168
-0.006612451146912705
-0.03664168998429463
-0.00633991711387886

-0.003882238865649252
-0.00131686193382188
0.000845930121591537
0.001056600286397802
0.0006792815154301265
0.0007654044193201321
-0.0007532187148722786
-0.001943490912971714
0.000786337150791654
5.411145003165899e-05
0.005113900652384333
-0.001423886377360015
-0.004570640071251669
0.008494767639713284
0.1671301257037186
-0.008344332074345168
0.004646684759084807
-0.004220945380768139
-0.0004451929252847209
0.001465666577330995
0.0008159797714106932
-0.001204374474816453
-0.0009710582923164811
-0.000640926651978569
-0.0004784294986785623
0.0009412988421209365
-0.0008248741935071113
-0.001868478746188937
-0.0005881004039293464
-0.005332923238289428
0.003338806031964423
0.003557030426293782
0.001038822599236553
0.0005841052854254011
0.004191344823784751
0.003157731312065534
-0.001104658418396963
-0.005740606128805449
-0.003619870607055961
0.002130754032140903
-0.0006197055478708502
-0.0004260250007307861
-0.001448451735308151
-0.008341898556653776
-0.004848494084105101
0.004863324447239171
-0.009860415401647234
0.01465175859009366
0.01753936067184985
-0.001005149725382016
-0.01516293423133386
-0.0008674413106649125
0.009667815096014725
0.01910383644428168
0.02064340018458659
-0.02294296203758875
-0.003971074837857081
-0.002270764778278478
0.002891969077071141
0.002754541965544301
0.01477472710666201
-0.004746255806417203
0.01927175890316526
-0.008726855941444799

-0.001499408101267208
-0.001656280114750114
0.00022337224135181
-0.0001037524862984896
0.0009022110662452664
-5.885869123334096e-05
0.0001876530444196143
0.001457735439243632
-0.001518322234198202
0.0004629833944446286
3.351777734148745e-06
-0.001399120860187126
0.005145513190430574
0.005057004417650694
-0.008365266605452809
0.1969056337278114
0.009449056352358105
0.004849574424218963
0.004599720770015765
-0.0007002785114423967
0.0003012742209721215
-0.0003954487111192577
-7.672792437754409e-05
-0.001796357761247323
0.001415901118483359
-0.001074741504012378
0.0001416565628369542
0.0007989944647291147
0.001196262806949056
-0.001897536473926594
0.008552454328395244
-0.002793583000083488
0.0001673368487111007
0.00240837816269381
-0.002155589190664461
0.003823658827897238
4.382283896707756e-05
-0.0004470352407706
-0.007577357905540348
-0.003939043853612616
-0.01299519097712367
-0.002651424734200975
-0.007036330358651153
-0.009577391824262678
0.002126466528132013
0.002576897135663281
-0.003584816410877445
0.02276865212493107
-0.001680434674111201
0.001413016124313272
0.002943656604905962
-0.02661330676927847
0.01306162478342181
0.01384629450171167
0.01554470069584495
-0.01737357005848728
0.009057529739842118
-0.01262486121135002
0.03216834085497154
0.02522439538138783
0.03340225734862427
-0.01232706888023912
-0.02661133854347907
0.001266696697727997

0.0004222654740038912
-0.0005426671776639427
0.001709767644899546
0.0003691317747215483
0.0004307792298158828
0.001474692198145325
0.0005090115568483131
-0.0001931366861611542
-0.001069326576591224
0.001376404173434369
0.000154831157824886
-0.0004359440420475568
0.0002111364976630104
0.004979535642953289
0.004650195407740933
0.009376504848945789
0.2327919319991448
-0.009131959799175637
0.004971369913515125
0.002327115378329666
0.005711974022526292
-0.001413493647301066
0.0001841614592681825
-0.001430538648837862
0.0023050522485403
-0.001625912813957236
-0.00065739351128531
0.0004608388762673203
0.001686321999231816
0.001080539303523368
0.003472856919429489
-0.003556945849209104
-0.0008897459249296216
-0.0004480233252602036
-0.00188292929420074
0.00523046958212371
0.002005912014069607
0.004739697666512631
0.0008357519921283999
-0.001176684099374243
-0.01075540270044564
-0.002834587227210506
-0.006854929181786665
-0.001641969877221768
0.001832520666857335
-0.003180692080359974
0.01213158018425369
0.01059769266011516
-0.003716133576548103
0.001550678344618961
0.007108332575722577
-0.01441955652292939
0.01892240592951118
-0.003482511764179434
-0.001020342575581778
0.009314649548521634
0.009518990872598127
-0.01279095447606595
0.03230354154816072
0.005513605656560749
0.01095858922469649
-0.004619956231068507
-0.01829304594350067
0.03872690495781399

0.002121503812375128
0.001090277895680782
-0.001143760157812942
-0.00154456637235411
-0.0003826824528159479
-0.001014608033680905
-0.001378418724983291
1.682384488917545e-05
-0.0002819376027380464
-0.0008805388101229666
-0.001268558343809616
0.000450862960956127
0.000259430690664367
6.335201946034656e-05
-0.004446984045408481
0.004689092840544387
-0.009078815691192767
0.2780604600228527
0.00787862949995578
-0.002803617215466515
-0.005818769476495091
0.005062111775603281
5.407821523467551e-05
0.000556165005403857
-0.001310784233734135
0.001812057117978997
0.001073548842399262
-0.002922144808221955
0.001592327974105207
-0.00319205609672421
0.003837504222322423
0.001717055366728392
0.00099627949425801
0.004811772087880162
0.002269045017960488
-0.002902569424407194
-0.00154947071473555
-0.005577933716087222
-0.0030715989082519
0.007014095335253687
-0.005364183060134076
9.864115485161635e-06
0.003313959283142512
-0.01605274507258713
-0.01130459748560334
0.006009438187988284
-0.01513107060049679
0.005940367923155328
0.003713748749074481
-0.001014460242524082
-0.006392088045587495
-0.001238807818501687
-0.005196741187836955
0.02043273431117164
0.0266255240302508
-0.0241408343915526
-0.0331687881937329
-0.004426931489977687
0.01820399871304827
-0.001171258452109415
0.02425832554632669
-0.002268739538351985
0.02218245244557581
-0.02739476026197177

-0.0009025624186225816
-0.0004357716558283561
-0.0003119514918020372
-0.0005208811108039202
0.001064708178257313
0.0001056068176448883
-0.0006177853931494956
-0.001155010189981586
-0.0001837759136572909
0.0005625725685891567
-0.0009325540764763582
-0.000220591898433785
0.001542898497888171
0.001165757561745414
-8.9654108138589e-05
0.004686507427672318
0.004923556726518164
0.007943232327086054
0.3291663956048791
-0.009151565235858935
0.008019844667210205
0.004517450330215571
0.00475770738210119
-4.641702954031896e-05
3.21987070850808e-05
0.002097064915027486
0.0001505701090889775
-0.0001918044330429499
0.0009671679176962331
0.002721678491863694
-0.001994902669655753
-0.003557103128523379
-0.0004574751053068121
-0.0002246032470900798
-0.004630655871598608
-0.002500026462557886
0.001074347547904549
0.004338041217933239
0.001054502207020245
-0.002551870515162452
5.244150655652326e-05
-0.0002201198276098599
0.001362590509449221
0.005200020741121845
0.004806966689417396
-0.003595233779161985
0.004659516696100103
-0.0104807011274588
-0.01559441545214279
-0.0002017160709815258
0.01265245181157407
-0.002004080339658719
-0.01044129600686688
-0.01250052191942205
-0.01498071978374824
0.01529730752125085
0.002893289110238994
0.00369878320133688
-0.002448251436190305
0.003546127803631798
-0.006971650834217232
0.00771237190145399
-0.0200617075379863
-0.001864742376935934

-0.0007611625894330188
-0.0007123348349632991
0.0004494872049794173
0.0002519613675226206
5.024836582000608e-05
0.0004229675089524955
0.0002021714816484985
-0.0002339862585070566
-9.355973417497163e-05
0.001005528493341557
0.0009689840559512192
-0.0001038746495703166
0.000103594566101037
0.002172412363084243
0.001453586245183325
-0.0008124944112376699
0.002205792842050369
-0.002821976823697913
-0.00912428007642942
0.2790698454671769
-0.00545530945671059
0.001060903060373223
2.270500256779044e-05
0.0008871714532885353
-0.0001661851534559879
0.0003542488530357905
0.001250112190943013
-7.651133030906203e-05
0.0001508128524610538
-0.0006476162130889017
-0.0001086896158283182
0.0002161869453181993
0.001120478730481218
-6.944109218482293e-05
0.000370208318319932
-0.0007719337130931839
0.001966962448684738
-0.000841805768276876
-0.0001917808510215365
0.0006607869691735444
0.000148363400027323
-0.002913723844669346
0.0006992785854265496
-0.0008722946953045057
-0.001163781920506886
-0.003423690407838363
-0.002116782395855617
0.0004149968477439356
0.0007023724270753574
-0.006840881511434392
0.001317790592060654
0.000778628866569979
-0.0003255339166909186
-0.003184781785355289
0.005252661923007066
-0.003050114306016888
-0.000147733013671306
0.009596266327991746
0.002880462066362104
0.002774941796833047
0.01351752386884704
0.05608986647302014
-0.005131258239862242
-0.002010630970622705

0.0004988136487097531
3.221579423857382e-05
0.0006175568453023818
0.0001638687755173625
0.0007623802650377226
0.001367162427761703
0.0001395973978665828
-0.0004697848763347821
0.0009473082318593338
9.151469415715434e-05
0.0001792339137321035
-0.0003013571850396499
0.001583810767350816
0.001383769612339932
0.000688954218208233
0.0001905489579539753
0.005484791111939114
-0.005563685743013434
0.008042075095042331
-0.005455164087198684
0.3931910986926284
-0.008855245962299644
0.004345884187009004
-0.005094423591863022
-0.0005020446183738861
-0.001675600686705061
0.0002499883548914222
0.001547439179010544
-0.003999498572779106
0.0004727480923908294
0.00262365666891513
0.0004502748467443759
0.0001041720268078878
-0.00463036186933439
0.0001595852451888623
0.01200342739102714
0.001713328334044088
0.001480961728877374
0.0003887609905583175
-0.008019291598087034
0.003601409769186872
-0.0004734381073155773
-0.00805376283299835
0.009760525632808483
0.01025509058447927
-0.003448326792207666
0.0114953618686311
0.01511575838841727
0.01949213218544803
7.410076035838792e-05
-0.009478062146571042
-0.002784913177256418
0.02653341777600947
-0.005053320417830401
-0.005201008956116324
0.004175376526273112
0.04614010049252089
-0.0001580564865961249
-0.01279639052730725
0.005429802743839483
-0.008847228906079682
0.002500062366260382
-0.01000109950309254
0.03709420116732005

0.001735458402071851
0.0009127675770304339
-0.000730092968051411
-0.0004466779513829195
-0.0002503227197532347
-0.0008816135377447422
-0.001668932588741945
-0.0001781044918334332
-0.0005611693194488984
0.001190741167051831
0.0003891586310550651
0.0003420226475890897
0.000288187988555499
-0.00140784715178907
-0.001383302771790269
3.664671678310074e-05
-0.0008095808091808359
0.005002580704863777
0.004538435808881134
0.001084591598985089
-0.008834328049662679
0.4672290736322327
0.008432056468539211
0.003855783389055261
-0.006494278897942535
0.002588553508825704
0.001192878214590383
0.001296130962523013
-0.0006736597471266473
-0.003902372999339981
-0.002477073218380126
0.003448436420350581
0.0006428272593102778
-0.0008348052137004108
0.001100194397988132
-0.003940521910042249
-0.00279631615628462
-0.008153755097738533
-0.004185584628592406
-0.005346235451820124
0.01616996950797952
0.004451026658673628
0.005527047803104835
0.006114974685465677
0.005068453893498748
0.005557443831613299
-0.01829132866744534
-0.005778957820473245
0.009511647000553859
-0.001703237862809249
-0.01182192929878049
0.01250280210397428
-0.01921200025928644
0.005751817054056078
0.001040017243366169
-0.01889374895947895
0.0105420163250493
0.01824366787504878
-0.05634881300119039
0.007162081288772218
-0.01457157807736703
-0.00419307158858716
0.007319085867935882
-0.05677708457377947

-0.0003798767113548691
5.080036360408292e-05
-0.000301501540275773
-0.0004263947112089524
0.0003523911555115965
-0.0002890000301677115
-0.001115359982555344
-0.001436715413048046
-2.400117736399592e-05
0.001081597980783416
0.001032059078801237
0.0001039481566382884
-0.0001877804096021827
0.0002220357059307784
-0.0009513510169232632
0.0008565816515843053
0.0003604140240161726
1.83864712493334e-05
0.004807320032207674
4.813757996110376e-05
0.004388410762064891
0.008488315952469251
0.5531058805594293
-0.00716614123517606
-0.006446502184726308
0.003830453022516215
0.0003813358183953994
-0.001883379562153003
0.001112466496225655
-0.0005545492239241174
-0.00482105374369871
0.002635904562209662
0.0007623514263382257
-0.001510410182676873
0.004812824192422582
0.002968754327429088
0.0008409854135404892
0.000672159553447235
0.01465683446047623
0.01159470830400029
0.003135799716343726
0.0001815061939301818
0.004710553677372154
-0.001589186289005117
-0.01405532569643171
-0.004246259588068932
0.01125063253408628
-0.01436283716845617
0.01515243365806475
-0.001109022288857128
-0.01058047109224333
0.02780439148443535
0.008826354759550493
-0.005298861620778452
1.967726423159533e-05
0.01802433298975293
-0.02944100838691148
0.0001105520107145769
0.00652738518987551
-0.04620105853802072
-0.01985132635319682
0.01751320713911133
0.05663792241220976
0.04329130351053436

-0.0005114523376677009
-3.286515986845896e-05
-5.692360205772331e-05
0.0002199878394588852
-0.0002193677038808704
-0.0001551124262692441
0.0002880411282644672
0.0008500490843639424
-0.0009988663480717951
0.0001040111431145331
-0.0008641578219221134
-0.0001076036089002172
0.0009996757593839318
-0.0002086461517812892
-0.0005442965976193218
-0.001326328637050149
-0.001527323204852213
0.0005660214545410176
-2.218290292898585e-05
0.0008296907507968366
-0.004979184121296653
0.004071477345108916
-0.007390196989909751
0.6481647018641045
-0.009407719850058557
-0.005671864820244207
-0.0001368680509580472
0.004015688321713741
0.0007509954575399729
0.001610863932533213
0.0002438969792421665
-0.0004221663846148368
-3.023523428241995e-05
6.953344851937213e-05
0.002270484500209518
0.0008791225629536006
0.0005852230463018717
0.001207247164510266
0.007425633110892171
0.008327056025927673
-0.0005560877593210427
-0.0009444626391432874
0.001484088117324468
-0.001314791523919504
-0.007940192199709163
-0.002944982941276903
0.009419406368555726
-0.00567310154857551
0.00409176211062135
-0.0002408232402315375
-0.003324847421791449
0.01057675257397639
0.008463648311651915
-0.003849304471153333
-0.0006043236265377657
0.01247422942994382
-0.01579172689546972
-0.003891929223742928
0.01481896787256145
-0.02285118316104157
-0.008795889072489913
0.009508652194665346
0.02449860705600835
0.03284437229466462

-0.001551174282626648
-0.0006889956384424944
0.0002661740195560729
0.0003286965232203975
0.0001284574930617565
0.0003184962473116307
0.000490686345992398
0.0001139390712931053
0.0009308423543434438
-0.001263156198015536
-9.37748076166331e-05
-5.854023178888782e-05
-0.0004776047604674672
-0.0006707636404210599
-0.000122626598276013
0.0001554617732954136
0.001469476918888034
-0.001403045191020644
-0.0002812887734002455
-0.0001120783454676497
-0.000223795394340265
-0.005867315229568466
-0.0059216880930662
-0.009295291185316985
0.7604715952541612
-0.009153499913825823
-0.003556808561726451
-0.004359287019154405
-0.003504432554423657
0.001039054137120349
0.002605343043246782
-0.002711722462140418
-0.0005122996087518672
0.003803881082121595
-0.00414446303210766
-0.001491804023323862
0.0005971513798788933
0.004573163376245749
-0.00543889533043798
-0.002835428158411387
-0.01321086905920298
-0.0028891840159542
-0.00463673266777003
-0.004132363613359479
0.003539930812351818
-0.000441071565335389
0.001799230444195768
0.007154519871643793
-0.01800563849995764
0.001365660083050094
0.01566961406888732
-0.02301371413159591
0.0002980716048917717
0.001681527336402
-1.846305267507825e-05
-0.000325936655491472
0.001604510511421107
-0.009518458291844556
0.03034307308921786
0.01925224881565558
0.02015092614629708
-0.007845945787549654
-0.03728620522535638
-0.000127946406460867

-0.0002633414402102452
-0.0003756382095661453
-0.0005390892201307223
-0.0004809178476466844
0.0002449527644777583
-0.0002449744185449038
-0.0007634168093201499
-0.0003062960535252609
-4.023533555629504e-05
0.0009872149110305224
0.00162701444695577
7.278291862975187e-05
-0.0003747378925250525
0.0007675091329792487
0.001200963034340031
-0.0002517510079757508
-0.0001368706639739138
0.001308682166932007
0.001714742971908376
0.0003971310100169853
-0.0004571395594646609
0.001383085810696691
0.004225218986992784
-0.005342563699298208
-0.009086906926146786
0.889129664142831
0.0007893764480758955
-0.009607849414415757
0.00483867039649089
-0.006967983986322045
-0.003754870660899906
-0.0003094801863937086
0.0008473367254314156
-0.0003201073231029691
0.0004899610738263649
-0.009806685818105258
-0.002250060837594029
-0.004164213056562611
-0.005085432415506375
-0.002185771413449522
0.008021188224771512
0.003030488567484407
0.009293845226683271
-0.001048340946297762
0.00158498426731901
0.005317780904525292
-0.01987384000006793
-0.01260781722695618
-0.01080922268210267
-0.0007515990856504396
0.002147953278278059
0.00576524029156363
-0.03306308112616771
0.005233975638085564
0.0008258681403583787
-0.01552026794753817
-0.01329682743149315
0.01297352333040134
-0.03178544238242221
0.009131266546284959
-0.003954731290627842
-0.005160179501055484
-0.003257488276502424
-0.07004779597933221

0.0004061367760899636
7.343373701208505e-07
-0.0006106589229649113
-0.0002601901147271928
-0.0004185236861704901
2.255776626195778e-05
-7.304591163120538e-06
-5.298422955781719e-05
0.0004092731127390363
-0.0001877860320612499
-0.000218515285846186
0.0001005515726066132
-0.0005333101848651798
-0.0004973819073276617
-0.0007869044470053576
5.347689007849469e-05
-0.0005534671434515664
0.001036686465488067
-5.739318894406567e-05
0.0003887627250457204
-5.34546159821425e-05
0.001071534687768465
0.0003608552511299684
-0.0001243234943583169
-0.003562551105691575
0.0007623842759127133
0.8815522716327616
0.005271375072416485
-0.0003824503057966313
-0.0001719775639304994
0.001341115800445285
0.0008802751182258475
-0.00277895386428232
-0.0004398791010656346
-0.0004208995392454888
0.0005405030304639308
-0.001403624653605193
0.0001293236646799148
-0.0001005653451844072
-0.0008681396687821015
0.001547687225538947
-0.003607366029237836
0.0005286298144156404
0.001400449451815885
0.001369068564566257
0.006622548259577099
0.002054009719463692
0.0001637281951410083
0.001232533081557622
-0.007062054735122116
0.00170205877827847
0.002143171207095987
0.003166801218507356
0.02235915002227091
-0.01713753386496691
0.0004260382161020097
0.004636857821535357
0.02290829999041016
0.004142025996786898
0.0001535548387664912
0.0003112544228076045
0.0138827733136415
-0.003140598171203951
-0.001469941524878082

-0.001195186323573164
-0.0003101744074549274
8.350717662817058e-05
0.0005173906522309573
-0.0001731814207931965
0.0002024117089126745
0.0002537202588646541
0.0005455836082952866
-0.0003289126273604814
-0.0003662687457376896
-0.001217233656808129
-0.0003322624582281085
0.001439609080769102
-4.402092091090144e-05
-0.0008115393793135437
0.001085057836253118
9.798832324548639e-05
-0.0005161764185402306
-0.0007647580231351927
0.0001370572185977435
-0.0002987082387766822
0.0008075802434094328
-0.001020810043528585
0.004329659164866575
-0.004307954511449966
-0.009488435660846353
0.005284188748232879
1.033211529513852
0.00637199396752121
0.006957605413254239
0.004511879132310973
-0.001051657248662729
-0.0001541646782755065
-0.003076642666074163
-0.004671954991941242
0.005923160277436744
0.0002147617868096558
0.002182203086883712
-0.001767154313074325
-0.01040769453207792
0.006867731392266627
0.0009272874752907618
-0.005265725844819571
0.01603488622971611
0.01412520567361339
-0.003608000687135672
0.006972314739034684
0.005142579483376866
0.00182208838447778
0.001920254345785245
0.001689086649432694
-0.005581982757880483
0.008333217377293633
-0.01437819808801842
-0.0176151381142382
0.008849369856119175
0.04644382008333284
0.00315554903939086
-0.02618393889660257
0.01573450625305354
-0.01544726416214896
-0.004512927017049603
-0.03190992511088371
0.009857323342918724

0.0004857005754298142
0.0002106972937918529
-0.000104998333248547
-0.0001933281751305202
-8.829447431904124e-05
-0.0003841352081555764
-2.594610942324406e-05
0.0001313889927878321
-0.0002354306055929722
2.795595122378572e-05
-0.0001498445737700634
-7.29675332721668e-05
0.0007433495341485027
0.001332181236018622
-3.692468078773893e-05
0.0007418107945038175
0.001191840702427027
0.0004250120366439021
0.0005437072507953849
-2.653043688271022e-05
-0.00204221645717803
0.0006629839941138561
0.0007963547631228691
0.0004115013442479998
-0.003978562608604313
0.004758766545251534
-0.0003753643098336184
0.006686913923663357
1.192874876728392
-0.008373939785201026
0.004476237621813288
-0.007076375446560194
-0.001923161553428961
0.003011993720069928
-0.001255772878056403
-0.002973891030238166
0.001037465541780151
0.003315177876517078
0.001703363874505964
0.006310553356215378
-0.00828753747070479
-0.001197638488609375
0.002913662624958137
-0.008558523378504716
-0.009370494296270977
0.0002613838389131189
-0.000165085810187321
-0.005929842703364822
-0.01464681009202786
-0.0006484012805237212
0.009624052074702318
-0.004563365487318482
-0.006668659799040719
0.0008887994424810507
0.003496094611581792
0.002578637103443978
-0.02971016165793241
-0.007845966920826132
0.03102839026441588
-0.005540431066233676
0.01218988971416904
0.002252321449580976
0.002378468952301088
0.003073861376453656

0.0002989325946752205
1.615984354555449e-05
0.0002394798047135294
0.000469247878800317
-0.0001196738115849168
0.0002551067311425163
0.0004340087645817319
0.0002796745955819193
-0.0001031733730592244
-0.0004942496455728525
-0.0004794742852001659
6.128037127259209e-05
-5.586863389271703e-05
-0.00078904769707342
-0.001583533771747142
-0.0001830726928457187
-0.0003283918173233828
0.0002471212524432431
0.000576885907072157
-0.0004821454130376414
-0.0001303294211206941
-0.002044113320145112
-0.001121353254766544
0.00105151254894647
0.0006207973399253155
-0.006209944201536497
-0.0001636488547316639
0.006346572859319413
-0.008414387977894766
1.375820794981977
0.005837289922023297
0.001109545718160307
-0.001025512657556034
0.003422921137985428
-0.003804066421119019
0.001237479081667053
0.002303639005943435
0.006798457609311146
0.007577581567337935
-0.001192233986779027
-0.002505670402246182
-0.001444684806095838
-0.003161520894404259
0.01031303955362445
0.004916795756011122
-0.007976901218520991
0.02171255031195858
-0.008369371701427064
-0.01302293684324025
0.0007512703768692926
0.01432826880309115
-0.001504058244326124
0.005661069748400461
-0.0223678702796352
-0.02298772733899757
0.0322662644531273
0.01346953008529837
-0.004373328621859861
0.01076342160742053
-0.007840662812082061
-0.01609134522047123
0.007112948007913625
-0.01849422029430101
0.04325525839591402

-0.0009153683195509335
-0.0004278343970371125
0.0005170723482980772
0.0002166986786132059
-0.000206341403557331
-6.02216934930522e-05
0.0006198770553406175
0.0006477546342820374
-7.939110764302352e-05
-0.0002966177180969645
-0.0005809113203944172
-0.0001480516054099729
0.0004815790197753868
-0.000166189759695887
-0.0006343950685585395
0.002016683533295057
0.0005677836171347275
0.00115720930444984
0.0005044469214815152
-0.0001197665780427524
0.0006176213831076826
-0.0005143199460224337
-0.002438813060517609
0.0009440940091577357
0.001053782372198377
-0.002201640797988159
0.001378143300721792
0.004589462644215872
0.004457120699380121
0.006203926267306044
1.579824674746718
-0.009310626092641747
0.0003636447356648576
0.00662558064872806
-0.005461455123542516
0.007558514103564958
-0.0002926225042732086
-0.001834945313355151
-0.005490410029988084
-0.00435377863547982
-0.01277629460965827
-0.002952926087766165
-0.009278794882506103
-0.0095997176147238
0.0004668034547213879
0.002543878506113888
-0.001408253383200656
0.03132139403642938
0.006985647441497749
0.002313455570114195
-0.004183604431629628
-0.02599834381368079
0.02470221561403334
0.01689421826685466
0.02057355563103086
-0.01969241196818823
0.01517010413801104
-0.01514539574117817
0.03699673908760905
0.02317984542124025
0.0354292545534345
-0.01238882345851334
-0.01816573838495115
0.01551542878335834

-0.0001159527162446359
0.0002007889904865203
-0.0001931210219346093
-0.0001645658133852786
0.0001170899900050347
1.437366992203165e-05
-0.0002237697259397218
-0.0002617848602671782
0.0002230014227023048
7.246468537751565e-05
0.0001125998666223956
3.616813679122694e-05
-0.0004080692297257052
-0.0005105633308324898
0.0004801079254888269
-0.001296897590996869
-0.001337712561726847
0.0002885171288134606
-0.001188774771608849
0.0003206155914687311
-0.0007484166501779271
0.0009101432142753624
0.0004899848613337721
-0.0008747666472832898
-0.0003657811910341671
-0.0004914804397567964
0.0005459676931770838
-0.0006919896095501765
-0.006242194548029456
0.001912346054041275
-0.00926182314181739
1.791426650753377
0.01442242877035103
0.005950702576208402
0.00949669109202091
-0.002586481054388751
-0.001781195278749573
-0.00549275582537607
0.00160950413087478
0.004129954570957247
0.01015831966994584
0.003167402286766203
0.001913588014723833
-0.0001722146195462075
-0.003853968903380875
0.002373073465551391
-0.005242489291389237
0.000534655638298991
0.02332729165486567
0.002847082393762662
-0.01853779364369414
0.01601735239125541
0.003217471952142062
0.01168523397368259
0.007096527244339632
-0.01097449996122015
-0.001881507049019476
0.01431641533033117
-0.02112138913894995
-0.01632119240754675
-0.009056242743154426
0.003671438684382814
0.0359141458862153
-0.005910162141585566

0.0001492006583755199
-0.0002778194072364651
0.0001469659690048882
-0.0006266610953782359
0.0001832858996872835
-1.213001580925733e-05
8.705101381323118e-05
-0.0005456489049162702
0.0002929339219388627
-0.0001042344195715373
0.0006463542463828759
0.0001150516993129375
-0.0002960174899235396
-0.0003899731433508114
0.0001837855661252789
-0.0001207291564634234
-0.0005052141096603678
0.000115724306869938
-4.535359494120219e-05
0.0002133703833484383
-0.0003086135403222605
6.731893896174568e-05
0.0004136157465092712
9.143207387855785e-05
-3.391589460964464e-06
0.0007676955503884031
-0.001331993682390834
4.223118788503804e-06
-0.001728454595668912
-0.0007996407853227733
0.0003427200727072191
0.01436375549031064
1.793355478659908
0.005409793692105612
0.002539572344856311
0.0002174250054952669
-0.001099078185049367
-0.002072065702676502
-0.0007334093075605301
0.0005205695839195221
0.002387659053295596
-0.006112084670636706
0.001432540359584208
-0.0003714797974615005
-0.0005597093210414321
-0.001308738583273517
-0.003545312892000581
0.002776832377290438
0.007174717392219395
-0.01721358189387134
5.945418040745885e-05
0.003061490855167024
-4.569940119073971e-05
-0.0113019867218332
0.01476463907388171
-0.005496036385037366
-0.002796772981111103
-0.03224353793053833
-0.01778837980348943
0.001717122774253825
0.003487162688591765
0.004381368873974709
0.008901173014121447
-0.000984114661463049

0.0002565685552399487
7.594292405489518e-05
-2.366662505691993e-05
-0.0001243316401252439
-3.318143613036144e-05
-9.593406618391338e-05
0.0001886554298968358
0.0002180019817598586
0.0002791615196296229
-0.0003585973344403726
-0.0001246267549410243
8.009327833674149e-05
-0.0002727834096384273
-0.0001728429307608368
-8.640256498702328e-05
5.454713521738531e-05
-0.0009613713153541257
0.001557196166654484
-6.483794872323028e-05
-0.0001598534251577309
-0.001446344732428104
0.0006673041461323582
-0.0004795609415438416
0.0002932012196656536
0.002100049326346277
-0.0009679581270682425
-0.0003601020079670212
-0.001276330850657668
0.001735629992432349
0.003874408197796277
0.006106637779729105
0.006118692262060707
0.005548812070564166
2.040688092221214
-0.009564371866536619
-0.008386248456456004
-0.001190565319989872
-0.00509260152692849
-0.002562851233916501
0.003588529163877953
-0.0065841407951861
-2.564893526438175e-05
0.002156552903363391
-0.008944705850389308
-0.004853479135995189
0.002696963776329339
-0.005062168612694866
0.001986845130057585
-0.0106532115594764
0.001359343083291058
0.008243241114645552
-0.009489052072554793
-0.006158686229294367
0.008186943896862678
0.009544077925619168
-0.007313637349995924
-0.02082569147575782
-0.003525929236601008
0.0232604949121155
0.004504736879297489
0.01926967256671692
-0.004779398368135264
-0.00525030330432257
-0.01570206130882136

0.0009200601739866577
0.0004573489821051618
-9.159078110011137e-05
-0.0003033921762115638
-4.346649719433977e-05
-0.0001949718995537806
-0.0003573538007683095
-0.0002604929356675436
0.0001222903849419376
0.0004365632783748465
0.0002832373313367892
0.0001099741234274092
-0.0003032666500917125
-0.0001998062881848951
0.0006492568402977864
-0.0003645948572629496
-5.734794000589308e-05
-0.0006008186484148526
-0.001524428268246808
0.0001363934400120239
-1.94026156253484e-05
-0.0002471529752444647
0.0003367502489477522
0.0005776952080686713
-0.001127556637588922
0.0008922296908178153
-0.0005829520339027374
-0.00286020545628734
-0.0009132314761011459
-0.002304844834050357
-0.005258622403969426
0.008308647209996332
0.002272463572410707
-0.009446020001907796
2.311658564983052
-0.006835580862810334
0.001106224474424447
0.0001412633016239055
-0.0006586849971025252
0.006933542315516419
0.004328529223665279
0.001370626704506651
0.001515684795295568
-0.002579742054984871
-0.008704520058479635
0.001983099148225189
-0.002470417206204544
-0.001858930541065616
0.01893359438272471
-0.001699543679535519
-0.01508281185049639
0.01910868241852542
0.004434017464530576
0.007713601118556963
0.01175881449432135
-0.006747616963884216
-0.01595544408526164
0.003159738849240472
-0.005677290357088864
-0.02139875682083675
-0.006491158896153327
0.006751068868373677
0.0428716397767968
0.005110494804886278

8.959441325251113e-05
0.0002759863299645294
0.0004505513384234108
0.0002916095306663752
-0.0001783994537242332
0.0003090383519153906
0.0003252658403773967
0.0002503063038246801
-0.0002051219655670142
0.0001058098140746278
-0.0007054515860818523
-9.596753688270603e-05
0.0007565142304939189
-0.0001504345459039851
-3.087166953332345e-05
0.0007145648925034025
0.0006463614879770451
-0.0002065024733065612
0.0006304956543234364
-0.0004657875774874253
0.002675981590858177
-0.0007724197446023111
0.001150688519393597
-0.0005881270719139367
-0.0004485801567593486
-0.00311476065054469
0.0002232358932375474
0.003065932436643131
-0.0006099156405208928
0.0004406658042371359
0.004619219203518619
-0.003285397392476624
0.0001324755388846613
-0.00751641858682111
-0.00705523567967805
2.613776228242876
0.007497075066181184
0.00899382259054337
0.008617123022390955
-0.007741013424598906
-0.002437333325397761
-0.00159814167568975
-0.009129090159515926
0.003120051457863933
0.004709374183217881
-0.003111053869655727
0.01716146188004928
0.01845849960957431
0.02229950816428251
-0.0002429664442500669
-0.01139861356493636
-0.002944802648408478
0.03987473675968797
-0.004422735042536284
0.001227661226155521
0.006852419297623108
0.03372000758511658
-0.007611837814510086
0.01237259590581099
-0.005463891310348134
-0.002675704180435825
0.001014787996444666
0.002722558399860259
0.06533789854791018

-2.042090239990771e-06
-0.0002985735933715006
0.0005788515047504231
0.0003575922985799337
0.0010366760025986
0.0002080835557279312
-0.0002703060137026609
3.228514352817265e-05
0.0002075417087258546
0.0005036387176904274
0.0001158804833204849
5.769726095680299e-05
-0.000196955413297972
0.0002819876987855196
6.7074391979966e-05
-6.30258224625549e-05
0.0005817893643371351
-0.0003080124802722832
9.275494695558865e-05
0.000188496527604706
0.0008147866574469514
-0.0005832680704657837
-0.0001219030664087518
-0.0001270493452727657
0.0001787046519191532
-0.0007917410911594589
-0.0004280021799164016
-0.0001958997272273407
0.0008631072212642394
0.001145128551323005
-0.0003784212828193562
-0.001538554732517423
-0.0008584259015355399
-0.001088781833329786
0.001331313848596733
0.007489080543440139
2.807737881277721
0.01527890396617711
0.001706507475630436
5.486217385354368e-06
-0.003834557862759511
0.004096720790245934
-0.002416529266138479
0.0004298798076336555
-0.0009508797643502099
-0.01235241783146868
0.003002404489123054
-0.0003803065641646446
-0.002530545031629876
0.01585801711146248
-0.002341604376036035
-0.001354242739370698
0.006831193533105938
0.01572683011921786
-0.02063966212287202
0.009978189848080656
-0.001102476620275257
-0.01056792218606344
0.006873291611438596
-0.002612971155130784
0.002127790301951943
0.02132657238329809
-0.004634381432059053
0.01529142345693353

-0.0007727133697135529
-0.0002025019473120648
-3.518999677544481e-05
0.0002336614748193537
-0.0001594484261739314
-6.8880822183603e-05
0.0003824096254285132
0.0001502081748299147
-0.0003206686692697969
-0.0001172655162868637
-0.0002411814109979552
-0.0001446527055151869
0.0004094123687918301
0.0005058999792187929
-0.0001717213249808828
0.0002508625353890481
0.0007236466700838145
-0.0006239980438956781
0.0007039619706142187
-0.0001101022907157296
0.001068869854691607
-0.002173985305011461
0.0001638890890807633
-0.0002121258654199405
0.002039885435745028
-0.001206667236110508
0.0001995219268998126
0.0005868697342557002
0.001886421731837988
0.002387668621080591
-0.001148664545545675
-0.003229168742593118
-0.001651128397530277
-0.004953907277564239
0.0009339979880383454
0.008765246749715835
0.01529943647838071
2.931139372208317
-0.004573012863651261
-0.004814897458788803
-0.01106490193396232
-0.004252701064768613
-0.002919020802791886
0.00346159011449209
0.003771889948016597
-0.003975726487875027
0.01709849745331939
-0.00333867870199078
-0.01167613788931712
-0.002501128996710528
0.01343100385997725
-0.005715000555518553
0.006602271174033167
-0.02078589795273625
-0.01144432771756906
0.02095656500708732
0.005038876434781876
-0.005949190274891282
0.02252558862208371
-0.002005532342815716
-0.003493154727726238
-0.002071776583278611
-0.01655827414456148
0.03736794812631958

-0.0002624515254616267
8.635852056518765e-06
0.000100660247095378
0.0002100728306734192
0.0002003784146073365
1.950954852377672e-05
0.0001547658285563669
-0.000283248132911519
8.502887064775294e-06
6.273551668572043e-05
-0.0003576882335473809
-2.646758624217705e-05
-1.87486914639898e-05
-0.0003571358205748986
-0.0004157303965242607
-0.0003214923395881989
-0.0001213543147704121
0.0001044321248079381
0.0002086202679352733
5.784625547282677e-05
-0.0001094227869332848
0.0003412829600915787
0.003298910714378188
0.001458698082122113
-0.001770300691683247
-0.0005887777193633527
0.0002670614074637161
-0.0004744889106725186
0.0008455009264036233
0.00378619993465675
-0.001898775775870286
0.0007027577151753166
-0.0006712018899107699
-0.001546993042203944
-0.001854936818812465
0.007710301661036906
0.001572772856600316
-0.005034585322824312
3.286362562007083
1.286152111093855e-05
0.005539974513177652
-0.0006677364869775528
0.006583092668952929
0.002268937250541332
-0.008544124745842711
-0.005716256499547391
0.01586189192402073
-0.01279018018617831
0.007504423697076529
-0.0006281762064581655
-0.003342336083470544
0.0185221011316349
0.01230536857414653
-0.01326769392111954
-0.007172810432272305
0.02755062440718022
-0.01383338056405293
-0.002615726460587563
0.01141696609041776
-0.03585364481100416
-0.01911668486330894
0.01444893541436711
0.03510575807675986
0.05222220898939497

-1.098066085132411e-05
0.0001301760785225249
-0.0002514156054510926
-0.0002131922907942962
0.0001112961338842004
-0.0003675553178173863
-8.420446787120749e-06
-0.0002697965719926612
2.584810015606542e-05
0.0003003658004947303
0.0001012994075642413
4.292384323153912e-05
-0.0003915280810323803
-0.0001204982473065947
0.0002930645303162708
-0.0005218226411795226
-0.0002997008275524662
0.0004141585617567909
-0.000602177298328182
0.0002738517246852483
-0.0009776022635628397
-0.0007877778950607922
0.0008368309162500621
0.002274158868133491
-0.0006140244297538084
-0.0009725634421307201
-0.0001187478583598033
-0.00217232022605753
0.001966210440740045
-0.0002360565724977699
-0.002520611207154442
0.002804869466284269
0.0001576490913536678
0.002250644222236765
0.004439233501503949
-0.006898980571778056
2.768356899467334e-05
-0.004758735705095561
-0.0008808563981082991
3.667731275103292
0.004760484714440448
-0.002196637159385388
0.0007516727080698719
-0.004713732669250987
-0.01618630248717251
-0.0009904912034097981
0.002390611608723959
-0.008555876323663921
0.001587657554238028
-0.001273420915430727
-0.003718124619503383
0.01433398418171773
-0.0005138894491236799
0.003261344943350457
0.01101478689686719
0.005031210429894964
-0.04529587475020671
-0.004367529122708045
0.0229095701513743
-0.03084298015360928
-0.0001468306704689644
0.009680114334769625
0.04251845794013788
0.01832555338698795

0.0007817547934271454
0.0004186757798948517
-0.0002015676377305966
-0.0001382285558878986
2.631862318178712e-05
0.0002817711370192739
-0.0005486592616357793
-0.0002787523365545443
-4.076392471200868e-05
0.0001948090147646087
0.0003443967807039665
0.0001223455506987584
-0.0002289731732486365
-0.0005077009879572009
-3.370635967411243e-05
-0.0009177210224143574
-0.0009239617787798677
-0.0002141472808473233
-0.0001749961615947024
-1.937265031115291e-06
-7.622798524917749e-05
0.001970203335563804
0.0002916010663804351
0.0008533284540423549
-0.003320399286735308
0.001771767406811975
0.0002168884768256972
0.002225429528210229
-0.001701161347257482
-0.0007943410258587516
-0.004718350857719292
0.005053478362501574
0.001437813368039808
-0.002660158338165704
0.002218152340104351
-0.001619381631924548
-0.003212598667824351
-0.009182664359955493
0.005314910687700084
0.005148730107585389
4.081530069600662
0.01187238325368416
0.01228773987380218
0.01591195189059506
-0.000412764655021069
0.00269842036489972
-0.007913130706444799
-0.01093909710055557
0.01339291558936039
-0.003559212579078399
-0.01411320989178739
0.02299490502072194
-0.01232024600155675
-0.002625964404576578
-0.009079164809453564
-0.002476598922049073
0.01395108861915629
0.01992107998990823
-0.06223228929528956
-0.008188071517080207
-0.02809742093651474
0.005172363310307233
0.02065671639823298
-0.02993615516292381

-5.86657125379631e-05
0.0003264490631180424
-0.0005256758267632516
-0.0004314270411250225
0.0002624823476687714
-0.0009701875511559228
9.725224985007877e-06
9.887786946734383e-05
0.0006764242814199077
-5.772473674837621e-05
-0.0002182750509394313
-1.819322108232673e-05
-0.0002102561288644754
-0.0001121615513526465
-0.0002529152790562908
-0.000304744721365412
-0.0003498255887696347
0.0003851919651974433
-0.0001004361657846949
-0.0001900731166527353
-7.727646683411693e-05
0.0009258172493773253
8.171431890805635e-05
-0.0002729223095365967
-0.0009467361437177654
0.0006660235365234975
-0.0007352286746944176
-9.866189928051886e-06
6.386529198067865e-05
-0.0004976593648326158
-0.001403846553098297
0.001298387890049174
-0.002531428515943747
0.0004249846187227859
0.001051391207524626
-0.0007815955316510697
0.002593882778346383
-0.003253331356261205
-0.0005365075041324727
-0.002056014601024283
0.0116716459191075
4.286179577781245
0.01178298243667601
0.001649519804345953
0.0005157772965544399
-0.003066452657256281
-0.005220238690771518
-0.002822296939826961
0.0008520878157436256
0.01705037933498786
-0.007665094519819279
0.00246036108307386
-0.005782236735551124
-0.0012779486426551
-0.0003615707329063426
-0.001735616969828819
0.00167561779842559
0.01555704374325991
-0.007218959514031478
-0.002716240379759299
-0.005747010456395027
-0.0005625686414144499
0.001815339316222973
-0.01300131986706508

-0.000117740300087995
-0.0001745360804507199
-0.0001270941576391783
-9.444942245589347e-05
0.0001259951429317119
0.0001433835713865118
-0.0001099944463170277
-0.0002871302874033574
-1.360204842218781e-05
1.951231622914065e-05
0.0003455942843619919
4.414365744439626e-05
-0.000374539710089017
-0.0001366503437615934
-3.062938841558269e-05
-0.0002908867894308279
-0.000584779334436699
0.0004404375348488698
0.0002519603213849117
0.0001176336432513559
-0.0008940823916126067
0.0009183296542234647
0.0006858871014594863
0.000454829412737325
-0.001639887960216705
0.002660833210284673
0.000277604353711559
-0.00118217264570073
0.001209723788945361
-0.001720963757056535
-0.00311868138448314
0.0005874267688030652
0.0003467876420667721
0.001526246392495107
4.493565893824128e-05
-0.005083112600804402
-0.001266118910029087
-0.001979242158504019
0.006075036874387898
-0.0001569602538616056
0.01176630363853917
0.01179905470478371
4.520147738216489
-0.009479658295201535
-0.009156039251910924
0.003733438005905518
-0.01165319957704842
-0.01260563152342735
-0.002913836833015275
-0.004663183008873028
-0.001022638157304178
0.01301376984269089
-0.01610144639926298
0.000742282167803809
0.001200237918485172
-0.002455804717054571
-0.01960130965810308
0.003811207949361511
-0.01378364091311909
-0.01295683675348264
-0.006684985229660489
0.002947867344738316
0.01620709820780897
-0.02478987451088514

-7.926522976452991e-05
5.10308057108237e-05
-0.0001053392259287854
0.0002500474732835446
-0.0001069168190281963
0.0001316047482204476
-0.0001555065635561364
-4.899959970069749e-05
-0.0002958072475559209
3.189549950413336e-05
-6.398181197500959e-05
-5.42484204055628e-05
0.0002451119150211
2.483613382882745e-06
-0.0001587332907604322
-0.000421766155182651
-9.318514844933309e-05
-0.00110648227797277
8.004341198855581e-05
8.573568131487545e-05
0.0006492205854343313
0.00037903631008923
-0.0005141444400189054
-5.154602200440424e-05
-0.0004295978281214723
-0.001099848142767469
0.0003854289825478948
0.004077617268614713
-0.002061529801277179
0.003326422823162198
-0.002302077149445486
5.44048249335675e-05
-0.0002968392158786739
-0.003428996753338431
-0.0006041453909759768
0.0009688394495519011
0.0004979594627259184
0.001731278966148019
0.001435565635063085
-0.002211086073864014
0.01371854355136817
0.001545803029224675
-0.009398763790131067
5.003647990463278
0.002355903991068577
-0.00601998873537459
0.01116780682836402
-0.0005337251425437733
0.00170872006581205
-0.0006483954503394159
0.0008426245050587471
0.005240710101589027
0.002042461569543409
-0.01527699020084546
-0.01947177353517731
0.01387016615054744
0.03105823997136568
0.007591400275486977
-0.03208300537330201
0.001276034510150816
-0.02779855065714584
0.002111176168647486
-0.01282264352915028
0.007191073963215733

-0.0004314471117951627
-0.0002057588797056245
0.0001407592775960995
0.0002655310946767897
-5.835972471248485e-05
0.0003048965497596257
0.0001827740278242616
0.0002041185800562307
-0.0001820405399053985
-0.0002026116206624946
-6.943507582221124e-05
-7.456296789059994e-05
0.0003293202038745998
2.322744611705076e-05
-0.0002550450964389353
0.0002422715756381297
0.0001857806570269699
-0.0006262366925864191
0.000507562772324681
-6.341559781330814e-05
0.001034261195584384
0.0001868866920106554
-0.001245214957157648
-0.001272978321823964
0.0006135853499939254
0.0003836347805657849
0.000351463039166149
0.001762565269753566
-0.002774649395487337
0.001258568845413674
-0.0002917036419404662
-0.000569256891817216
-0.0002296318197178765
-0.001863670134089347
-0.003445302738385826
0.002838704530348303
-0.0001394519846398791
0.002598224099546427
-0.005287468581386113
-0.010821556450992
-0.001558508546623261
0.0005173146971706928
-0.008304417580750491
0.001342674950406611
5.516334029619545
-0.005682618293466118
0.007436658353737267
0.001225666189765703
0.001270460258288967
0.00055642670482298
0.005332491627702088
-0.01010594953424603
-0.000291242312989892
-0.00584982602607735
-0.01041681744180703
0.001104552115430084
0.03522724253839608
0.003108705626147625
-0.01980138900514018
0.0225704292900911
-0.005067843132889087
-0.008882028440059803
-0.03848490312692826
-0.008468742013210363

0.0002671714452134791
-0.0003202204752245866
0.0001831174975924537
0.0003403819866649667
-0.0007150355085301447
-0.0004997810968021061
0.001138418739529818
0.0003700362722532257
-0.0001385312006678958
0.0005182806456789658
-2.383551864925941e-05
4.764974060583506e-05
-0.0001202943198201572
0.0001583727814621922
-1.660636552556591e-05
8.830025416049287e-05
3.922794863418269e-05
0.000383480996202838
-0.0003753921742058406
-0.0001214738284240996
-0.0001139992127684582
0.0004635971078337701
-0.0006441585527460679
-0.0003186211265841107
-0.0003006923730565306
0.0005627327425105593
0.001018844371453132
-0.0006359729649990225
0.0004670489907796348
-0.001708987239223669
0.0007220883584750978
0.0002710297895934299
-0.0005308043020782378
0.0009662648922419179
0.0008066398281716355
-0.001048154317493635
-0.005929405411044028
-0.002409683424392594
-0.003146552755737868
-0.00100444680107823
0.002100208090356157
-0.002133635069807686
0.003041185183622659
-0.005560946697854686
-0.005733333061549029
5.876014863000455
-0.02745146026952471
0.001422844998546022
0.00106112085920063
-0.008731609354818337
-0.002804116392339642
-0.0003722597905307854
-0.005826078923231217
0.01207964932802674
0.002665327775748378
-0.0114154250730277
-0.005094939962919918
0.005683106590598447
-0.004281241474963535
0.004334285823122415
0.002180313908215768
-0.02002976668645565
0.003955382048245532
-0.02339376698195427

0.0001038131522809139
4.104722524244386e-05
0.0002500609849952405
0.0005454682476973662
-0.0002705709705080612
-4.836108508385657e-05
0.0007278515870826876
0.0003365902354411032
-0.0003256894162547446
0.0002665724780688463
-0.0006498916318286168
-3.112911829810836e-05
0.0002892031634053216
0.0001727311444936287
-0.0004008772853649131
6.023432632834113e-05
0.0007066332751895733
-0.0007521749110081569
0.000164937802123003
-0.0001950479333276896
0.001108776345859037
-0.001702601820797204
0.0007258766879262159
0.0008111574121479264
0.0005580007992639184
-0.003130440554927256
0.0001557040238569202
0.001035364920832199
-0.000853013858311377
0.005780570690038867
-0.000314509227566592
-0.001269150917574669
-0.0008024374999779266
-0.0009997532064002952
-0.0008681563120159003
0.007302244181632215
0.001347762382887864
0.008756625334896484
0.007899332330326641
0.001501003437974052
-0.005265037653245902
-0.004095361881255346
-0.009822308214675318
0.009782917147044991
0.00737231698098579
-0.02728054263362468
6.088346564562086
0.007582186383729785
0.005439282321643244
0.0003902491882649818
0.009921936212916031
-0.0003256340808883971
0.02321790221275567
-0.01471186579722461
-0.01598845675535499
0.03134999851607458
0.01277548909878786
-0.007381714982746697
0.02490882708061213
-0.01675666007397501
-0.01337009880437384
0.003949323166154262
-0.001074289816023023
0.07411127866299581

-0.000368402456205397
-6.852929100578072e-05
0.0001602729927620413
-4.505775921668502e-05
-0.0001561544999596897
4.217189363448528e-05
0.0001977116072245308
0.0002440682448447303
-0.0001141718519359785
-5.343362253274213e-05
-0.0001389324980057869
-8.928598286710846e-05
0.0004338931093660135
-8.428377856736271e-06
0.0003653411565384442
0.0007569143803353232
0.0005180493215945318
9.533477226174818e-05
-0.0005045067848549255
0.000100641415196201
0.000874202261022194
-0.0006905467500107785
-0.001468770839513246
-0.0004199846702800745
0.001030148587268744
-0.002069943519620819
0.0001012659929193803
0.0008873375834403054
-0.001250958663801363
-0.0008386724624525449
0.008140271007639931
0.0001523803753547928
0.0006217317408950525
0.001086403689002165
-0.001340068422535872
0.007133413723510251
1.040366371449176e-05
-0.001694696505661417
-0.006862692745079595
-0.004110686567678687
-0.006525246363724632
-0.001601111420465738
-0.008686421682950913
0.0007386391538910459
0.0003110670058439902
0.001220150735907716
0.007681188348645418
6.667299164709634
0.002251563250696996
0.002813713789278598
-0.0008920821789641948
-0.02342085621488112
0.02182901534735154
0.01024618565196157
0.01301414287788085
-0.01428391327148924
0.02449949573627527
-0.01064734591890719
0.01615394605187441
0.02065680068764971
0.02235507559525806
-0.009648544743797402
-0.01698486970707635
0.01227389297486367

-3.258401768504603e-05
0.0001595518985164896
0.0001687710871530123
-2.800390314335595e-05
3.716092440981537e-05
0.0002371858255841608
-8.90330502668203e-05
-0.0003407841764423838
4.106431895930136e-05
9.276990764646826e-05
-0.0001742663570219196
-1.906079298636846e-05
0.0001091307679222643
-0.000663325022945955
0.000303185775427191
-8.403155727179653e-05
-0.0001789160454971786
0.0002079979969142139
-0.0005694116243180047
5.346933276478445e-05
0.001077736607148079
0.0006076501278908047
0.001378890926387114
9.142328286656777e-05
-0.001761910168313925
-0.001155654588427127
0.000243739590580449
-0.0001005500448328242
-0.002458823908687184
-0.002633994971964518
0.000584798421490104
0.006441777052888911
0.00180272443648832
-0.003011712393495052
0.006463871402419828
0.007323486054174346
-0.0008204247711073227
-0.004651673024276349
0.003175768983155649
0.000229845113815835
0.006904888417108252
0.0006902036704877777
-0.002069001229107094
0.001086611704663694
0.002057156377282925
0.000810129094218973
0.005254457407346088
0.001315890138931968
7.301674229288811
0.003821092747720608
-0.01633118805023292
0.01886091552604695
0.01461337029241611
0.00719564405535254
0.01083274588911529
-0.008018245529552551
0.01136844346539974
0.002258599792455558
-0.01957756931521185
-0.01533007121842469
-0.008588897568726514
0.005256311924860806
0.03644740439919028
0.02092632552028083

0.0003863785691819686
-5.138923998656217e-05
0.0002414775183010843
0.0003255123364691437
-0.000661575176011557
-0.0006189830866434082
-8.308970574086056e-06
0.001825750487880535
-4.370822117048431e-05
-0.0001048113080251493
0.00026291260241609
-9.28607698424493e-05
0.0003528154167211927
-0.0002570009675186145
-5.56341025214659e-05
0.0003013716397552277
-8.123495466397401e-05
-0.0001604931884967724
0.0002406517135412855
-0.0002944277014387255
-8.166963397355641e-05
-0.0003343262247176657
1.80991005896681e-05
0.0001099963879008397
0.0004136184188926852
2.569414828034827e-05
-0.0008092181334484918
0.0003470099051181452
-0.0004312461799768644
0.0001077611448310719
0.0006953481399457314
0.0011094919074953
-0.003857653356690367
0.0003346732352328314
-0.0006736659534991435
-0.0004607774988897967
0.005716532902546229
-0.0008096706250619936
-7.921172933054326e-05
-0.0003088862436497544
-0.002278121745389149
0.009394489981686191
-0.002571876363945885
-4.713868250884258e-05
0.000802643636475511
-0.006759940448037106
0.0004285608189328605
0.002870735378995899
0.004103432291773273
7.738167419604807
0.01097716238409761
-0.001205349215488343
0.0006784290579881329
0.004263687026301807
-0.001983240012468943
0.0005599852446973763
0.003240361700024884
0.01565695350571701
0.008530391237913378
-0.0005185869961286266
0.0002184388880326902
-0.0009630277695600232
-0.00411205311379778
-0.0001736960652272262

-0.0001258311942563963
-0.0001237908218843648
-3.506556012326909e-05
9.189921286679859e-05
9.413727856874501e-05
8.216365247777529e-05
0.0002495277646343674
-0.0002828322289288608
4.225244915678014e-05
-0.0001727738168781935
-0.0002460052086127971
1.835524966097301e-05
-6.12053614174841e-05
0.0004915698084375726
-0.0003733588947599044
0.0001306048068665355
0.0003315784308980065
-0.0001218571532197086
0.0005285046830470416
-3.543241196676545e-05
-0.0002886202405184324
-0.0007070514783010307
-0.0008072446900965913
-0.0005487016521466037
0.001727065554651144
1.750275130816235e-05
7.856693025909997e-05
3.849584503241832e-05
0.001158603576034091
0.002564021464442634
-0.001039203458907134
-0.003495386398014204
0.000340493942475439
0.002845344332433812
-0.004310722783996003
-0.004030949592092719
-0.001126657086311197
0.004319165447389734
-0.001527592334311787
-0.001605342325575497
-0.007655365688153279
-0.004536039424517597
-0.00118648738010871
0.0006291077785425935
0.003644004698860618
-0.002706856422811982
0.008521182268606601
-0.0001696091475031176
-0.01438111652052097
0.01115936840094767
7.971332121099405
-0.01980960029596171
-0.01146055225135377
-0.005534569519080521
-0.005208949405411074
0.01106789234666091
-0.002393906397056304
-0.008902584505862687
0.01510454640429642
0.009567421609935043
0.006602145428888983
-0.003278508849783178
-0.02842018383750073
-0.001065914145049722

0.0004836501847188312
0.000327498054657215
-0.0001467166964310819
-0.0001537135880301358
0.0002222556124259464
0.0001075293399031293
-0.000203561046473934
-0.0005106430544391793
0.0001488262242410063
0.0003122223341285342
5.457657508820782e-05
0.0001007264358708043
-0.0003709179181486861
-0.0003517117726861626
1.722317837673322e-05
-0.0007838187444967499
-0.0004954524766691865
3.277076493495067e-05
-0.000176092870435747
-1.188341968065361e-05
-0.0002534712927611795
0.0008667811546767371
0.001833470229628382
0.0007756242393862269
-0.002322306904486164
0.0008882595346489624
0.0001224028958340686
-0.0008203809037011322
-0.0004548065369625238
-0.0006176559040175849
-0.004879315552233291
0.00310776364374802
0.0006763142079457607
-0.003059955687774996
0.005832236908178682
-0.0008633507034623332
-0.0005556485459229017
-0.001498217319321818
0.006392797931787517
0.005963696463964087
0.01066924346488317
0.001106309373946881
0.00734589616518249
0.00244324057196349
-0.006261139430782373
-0.0004664705731876643
-0.0003794828615244529
-0.01905543869953431
0.01645205793495561
-0.0008575022514852259
-0.01894088638610267
8.686444627517876
-0.01207363000509839
-0.005180192312474581
-0.006428185880941818
0.001813223486380226
-0.01583464499487014
0.008650201710947079
-0.02418862991293202
-0.02759146231987915
-0.02412929271306627
0.01133888166212247
0.04146094000519308
0.001709464165521806

0.0001296824373570036
0.0001704315696564986
0.0002620739010724567
0.0001381376514758152
-5.808596388965457e-05
8.874250216600019e-05
0.000189233776064021
1.700600259965182e-05
1.049843754282524e-05
0.0002532145863208116
-0.0004912829581432985
-3.639489968938281e-05
0.0004141534258466071
-5.463860049956769e-05
0.0001740690431509667
0.0003259828498945389
0.0005939756914688642
-0.0002810542091635287
-0.0003742594241613878
-6.288846213134266e-05
0.001187434079946668
-0.001094316590908809
0.0003940434526852356
0.0006089979675808075
4.768051235173502e-05
-0.003369146757482092
0.0002330038342597146
0.001240691978541453
-0.0007270426049685099
0.001033554820523545
0.004475612588610355
0.0004751832422004576
0.0001250021643481887
-0.001134173248424678
0.0002191246871449078
0.01171336443010102
0.001958007651824919
0.002100939167564709
0.004740359101994526
-0.000815030603556053
-0.005234379747010572
-0.002851936811970868
-0.007513112381909172
0.001626112362087712
-0.0006817974302598712
-0.003813543243507768
0.014719547662397
0.01549167575088342
0.01026189643300998
0.0005962842842477329
-0.01035188876252492
-0.01179684450936073
9.443560441137048
-0.005710665268263528
-0.002998337519957189
0.01211958432663504
0.02265357963270779
-0.01110156688027595
0.02298335132841382
-0.005570629903526635
0.002786948714607189
0.0009759615107430536
0.002547042696451789
0.0573235514133258

-0.0002407819034659329
8.866890458450844e-05
-0.0001857922267867636
-0.000410365519834761
0.0002077614008438851
0.0002769685774443049
0.0003671189888956445
-8.404535730861805e-05
0.001597093154407078
0.0003305438537176878
7.233375820738366e-05
8.521207272476804e-05
0.0003277574290666545
-0.0002369249989598664
0.0005595547709770762
0.0004174469117765965
-0.0002608488051160093
0.0004219986492850573
-0.0002937629510066132
-9.035327958883057e-05
-0.0003816532778105329
0.0001152621093238447
-9.843898542340971e-05
-0.0001509150619460334
0.000310038012489507
0.0005833904920697082
0.001915358911273477
-0.001400186493290034
-0.000116334325921726
-0.003142173265910347
0.00266055590516324
0.002348092079280323
-0.001854040389289532
0.001514093489410177
0.001711077565527166
-0.001809817024286272
0.004171491382377468
-0.006088977085285556
-0.004109766557554819
0.001613748497478979
-0.0009595159634367472
-0.0005982861451587529
0.0004680721606030662
-0.007265741606860954
-0.00261583288780269
0.006880899507459327
-0.00883465439606995
0.007043286063370968
0.005546353780142923
0.003528314404012007
-0.003992550061617571
-0.004968148455146165
-0.00601163399426221
10.13963119652676
0.01615551614737154
-0.01379049838155358
-0.01214087108292728
0.005290821853432854
0.003311612806144266
0.003606939249712034
0.01076024738989736
-0.0152309823457064
0.008713267385794202
-0.01992325953657852

0.0003938458723782345
3.804660740862331e-05
0.000167147701843611
-1.149014042325211e-05
-0.0002301789467613622
-0.0003478836712741782
-0.0001933283828112343
0.0001083041359171301
-0.0009751526959773727
-0.0002231542065456413
-2.815578449162382e-06
-6.276479658794473e-06
-0.0004749186771233256
-4.128343958321144e-05
-3.779464800266938e-05
0.0001800917679167684
6.358354113943706e-05
0.0009284865694751451
-0.0004667741681438828
8.818775531021531e-05
-6.31922519436446e-05
0.0002356138626585179
-4.093434782931804e-05
-0.0002585703794283203
-9.763749707938701e-05
4.705263590064573e-06
-0.001567567360926283
-0.002106487106833943
0.0002764641864171837
-0.002795081326202352
0.00285330559537704
0.001357335156514693
0.002752339859036859
0.002085918137907992
0.002942736000070232
-0.0002352190693122392
-0.005998940731621463
-0.003928217315330319
-0.002478141356977096
0.004129491207300341
-0.00291614754421486
-0.0002588821709595222
0.0003345138922152046
-0.009439877466956166
-0.005381377201518698
0.001126531569328449
-0.008911430948677506
0.008391460510202111
0.007424637598200538
-0.001049416012156443
-0.003153182828318436
-0.005781982808562135
-0.002975044941647697
0.01639661287175058
10.28887847418271
-0.01209133220812623
-0.01697723115406373
-0.005984108458712711
0.005247223807290628
0.0005314059218509779
0.01850913481972022
0.005462706580539546
0.01262412207517172
-0.01305541142707235

-0.0002878780620850174
3.397327841350032e-05
-6.14739872029584e-06
0.0002230352360910343
9.451775560864499e-05
9.158601600219517e-05
0.0001935482944205291
3.235082203387091e-05
-6.004455292661407e-05
-1.20652542068736e-05
-0.0002715305561579543
-4.456707634321456e-05
0.0002336223916390065
5.038254945694763e-05
-0.0003598567534698774
-0.0001524101599370479
0.0002423439517695092
-0.000610616945308221
0.00053975901499522
-5.67198307257254e-05
0.0002683447885043136
-0.0008651613144637131
0.0009350398759448129
0.0006403435626903569
0.0001081850608440048
-0.001312946924772537
0.0001148874389583193
0.0008901853784713013
1.435339875385561e-05
0.004240152962654915
-0.00258671940539052
-0.001582486725661023
-0.0009699065394832344
-0.001037679098013374
-0.001500428553451849
0.001439210272647211
0.002554472157459112
0.004748779570877797
0.008796302157473297
0.001675866619142159
-0.0005446225648410858
-0.0003590934406834586
-0.0004925954868793289
0.006366931217131373
0.0004163383657093101
-0.006079997002410974
0.01772039321520606
-0.008009175623719512
-0.005393750977205043
7.487282095375108e-05
0.008104443088876102
0.0004389321379698573
0.0108698658924657
-0.0125525413010565
-0.01052248362946311
11.09719466244931
0.008901046383924425
-0.0007029706748987192
0.005857925471674102
-0.01867721331645004
-0.01385281719032992
0.005853132684503316
-0.0007456253134432243
0.03975598934954535

-0.0001290885383624382
1.136587898235658e-05
0.0001578183705068904
0.0002554343131818557
-0.0001400748273710641
0.0002718051674101736
-7.041387002004681e-05
0.0001925475586901355
-0.0003328261974837409
0.0001022992952453538
-0.0002810035823900574
-6.437471355941e-05
0.0004463084556113112
-6.001101505870917e-05
-0.0001314016947495419
0.0002791009587165938
0.0003358757031673226
-0.0008295943920701642
0.0001506647823096106
-8.529429615827112e-05
0.001630649465722195
0.0002561055094860543
-0.00135568684259722
-0.000879593293219149
0.0002343965932840297
-0.001143624184458439
0.0002847911963360023
0.004041286952816164
-0.002957705437791883
0.001831524505975931
0.002277399902721387
-0.0004561896505252157
-0.0003389281352696334
-0.003407047728672544
-0.003432944112572032
0.007439433138972065
-0.0004106706055106119
0.001099663640744986
-0.002963595375370094
-0.01444275125764273
0.004738593214453727
0.0004519394590220668
-0.006968011456839453
0.01242293677696037
0.01611989074732893
-0.002653614002510637
0.006305177965917624
0.01412062662769246
0.006399279054368061
0.002270885968127279
-0.001837556465558983
-0.01158567197147277
0.01878950173593563
-0.01045798969869376
-0.01518824374010266
0.008877655682078187
12.01467404843529
-0.0008438171823389479
-0.01726027356199687
0.01783729303449574
-0.003045401413663953
-0.004478348280087759
-0.03599919823161229
0.01242854607538495

0.0004819471475073341
-0.0002542987596726685
0.0001953419586851663
0.0001871021402574032
-9.93940853733101e-05
-3.295091922156738e-05
-0.0007547048901243552
-0.0006048386849600886
-0.0001208651902545743
0.00180893630144303
-0.0002917291701869484
4.607282845524728e-05
-0.0005091173295837952
-0.0007588821076207671
0.0001931333733838516
7.918268256097621e-05
-0.0005453851592818872
-0.0001302298165196345
0.0002845763972399589
0.0001828639538683711
-0.0001936309683347374
0.0005884468869202782
0.0003281681561675687
-4.552102193257357e-05
-0.0005290529210050521
0.001236322709750835
0.001598561785886667
0.0002398016390916918
-0.0009755638128137689
-0.0007341778375379718
-0.00191972314486558
0.002261013628096611
-0.004483222198414578
-0.0007955600352055256
0.000572620639087455
-0.001936040827742624
-0.002345823126277953
-0.00122256754140474
-0.0006544935696204721
-0.0006382159601980865
0.006406589560197039
0.005282738347877077
0.001573242249176996
0.003377754893563373
0.001374620024953083
0.002656363750927916
-0.003747604235404114
-0.005297566379118672
0.001743229520219185
0.00959497126049347
-0.0057687230604779
0.005582490950667558
-0.008573969002467444
0.004327228401315789
-0.004803926105918045
-0.0002033528107229015
-0.001308928340886842
12.67800948297169
-0.02658049479967419
-0.0008386754623944861
-0.006428082946502755
0.0163172477140677
0.003170683773506088
-0.01822151439301051

-0.0002216502580218152
-0.0002554195514258935
0.0002482620050222271
0.0001161935818755374
-1.078149099910186e-05
-0.0002379984756318128
0.0001548085274843869
-4.911438207697864e-05
-7.264006604665172e-06
0.0007250274854499194
-0.0002818016168691113
-3.822425099461388e-05
-5.576557744146096e-05
0.0001268563772857961
0.0002061061176426174
0.0007208956751147031
0.0005731567626255878
0.000238789890460123
1.928254138045931e-05
0.0001027778487624637
-0.0003732805320311559
-0.00217571464576157
0.0002421396560369249
0.0007950864420519946
0.001917030625947598
-0.002156141872713484
0.0003519578950161718
-0.001928247705012774
0.002760622324046908
0.001051597928033503
0.004784929698846163
-0.003112240516458851
-0.002627729262311237
0.003457080131714062
-0.001248893987404492
0.002699960312772587
0.001702406807527172
0.005200231743718754
0.003099951523938685
0.005800012424349834
-0.02022051328282049
-0.002323442638904559
-0.004724168992702273
-0.01264177359573567
-0.00777939653077372
-0.001741106576302462
0.01155527322104624
0.008255239974568302
-0.0113276955611568
0.004680134920079257
0.008799549899059409
-0.01611831372896327
0.01665127586154145
0.001832620066698024
0.003520830946626711
0.004564370635801888
-0.01554138027224537
-0.02649323615826402
13.00517811042419
0.002460807547237683
0.02888417621192253
0.003056408390097682
-0.009635070312833002
0.04341124267032085

-0.0002636580262453566
-7.35260727979215e-05
-4.687215818794121e-05
-5.267401230399559e-05
-8.543654940474139e-05
6.775314176510843e-05
9.29257340948625e-05
0.0002734910614749267
-4.858968496570305e-05
-0.000306291963661156
3.644830432748532e-05
-1.532511076809056e-05
6.41451345638878e-05
0.0002957154938827613
8.208511433169968e-05
0.0002936329293988117
0.0001641500612354903
-8.854462645290135e-05
-2.480002287895471e-05
2.578491433261543e-05
0.0001273844723233911
0.0001541014642197408
-0.001913402665981827
-0.0009904062222900907
0.001036964988420039
0.0004867937571330007
-5.164980354288789e-05
0.001242718907464373
-0.0003554986380345865
-0.0007727442063645483
0.002645542709602728
-0.002349578161430428
0.0002610241038305688
0.0004339178309636563
-0.003437665779768986
-0.0008335745959549398
-0.0005748676726871429
-8.034791355286393e-05
-0.008472945820629227
-0.008321968540083191
-0.003167488355710876
-0.001175828727773523
-0.004768920641904849
0.0003903447214590601
0.009305508905545252
0.001508909867351124
-0.006856998281964483
0.009756627791857334
-0.007874726754610132
-0.0001244397089667658
0.004948108795319937
-0.0167183952392851
-0.00391966204232227
0.002858759355187607
0.0001222767883487541
-0.01574518381669833
0.01480652156596786
-0.0006627269612560272
0.002931172135627706
13.94001766842093
0.007922176946133268
-0.009879092406466283
-0.03792753809097194
-0.02029154481773028

-0.0001438823451768709
-6.878192079752023e-05
4.51363111907391e-05
-7.982435111167668e-05
-9.751575206124422e-05
-0.0001022362519057981
0.0002186379361584994
0.0003608496922104618
-8.417702046752002e-05
-0.0002455478644421476
-0.0004852848593951329
-4.710152163758551e-05
-7.321312255854982e-05
0.0003594038279327414
0.0001977318792600575
0.0005917513838084004
0.0002269141718171036
0.0004245400255494124
-5.040530657363898e-05
0.0001982362594828188
-0.0001679400234055721
-0.000542280798727391
-0.0007041323902796223
-0.0004458365022806292
0.001172951770766661
-0.000288893564123905
-5.61084469542838e-05
-0.001035851787289425
0.0008614109264558112
-0.001385831385927974
0.003828917819723832
-0.001095422301878883
0.0005164222241995132
0.002845850598815204
-0.001322342931149123
-0.0003600961795641126
0.0002539675376778298
-0.0007608742327943582
-0.003856660076894929
-7.290491099105803e-05
-0.007485011441600247
-0.001681989954691604
-0.001248522040366903
-0.009790888960756083
-0.001855810310524302
0.0008606248993271991
-0.005872652232148045
0.009518803820274022
-0.00425673219290232
0.000239164526336472
0.003313151156679055
-0.01453293992061812
0.002178336157073521
0.007381153673229533
0.01237142027955569
-0.01009126668441616
-0.001614714111670719
-0.005475565704090316
0.02560995183193841
0.006762957474713227
14.96851001376419
-0.004352198609950045
-0.01520320520250668
-0.01060022073909909

-0.0003154330110422538
0.0004359666049695898
-0.000372238529213594
-9.728041287113088e-06
5.706607451970657e-05
0.0001083694178564614
0.0003035324139123131
0.0008020307964119157
-0.0006947200696912415
-0.0002705605503875966
-0.002330638476418169
-0.0002009069402478215
-0.000448504873028006
0.0002864979027093396
0.000536367304466515
0.0001752694639822372
-0.0003888113920730241
-0.0003509210786318042
0.000304166300695626
0.001006846223320655
-0.0001191750461545973
-0.0003268993699483032
0.0007736498971904178
0.000616518660425108
-0.0001506920556806758
-0.0002264487134300997
0.0008293103090208477
-2.033004484081969e-06
-1.459367844060811e-05
0.0004962727061883611
-0.001064726969605691
0.0006409779878942794
0.0004982219091663707
-0.0007990536991948438
0.0008230825781899193
-3.056424051520271e-05
0.003956619749981773
-0.0002143803791460811
0.003225136752111004
0.002521969614177218
0.001099637962422447
-0.0001386702629958659
0.0008813043112404011
0.001161750242852839
-0.002957800834119332
-0.007620698266843448
0.001454820279824618
-0.00375056603119339
0.002738861149152723
-0.0005437236902528157
-0.001844636964254895
0.006164464800522565
0.0001909896129840124
-0.01019398782640031
0.003521646528911547
0.004554411007920019
-0.003964054771613768
0.01346615897462712
0.002614409686640662
-0.009221958724522736
-0.00464085105301537
15.34290043472313
0.0105561280044835
0.01147685348007927

0.0003678540078073216
0.0002468463538041943
-3.190937656695897e-05
-0.0002045704125199331
0.0001176752005715348
-7.486026874360383e-05
-0.0001517533418538583
-0.0003858577764564015
0.0001900264897549114
0.0002167574004052957
0.0003378155166525291
0.0001084780783764501
-0.0003059096588971563
-0.000335193257513549
9.173247274239294e-06
-0.0005101329946676854
-0.0003379222018187586
0.0005046540714182513
-0.0004826926276312325
-0.0001062996852941138
-0.0003288233996259565
0.0004290780577520677
0.001931344939236724
0.0009915275530523022
-0.001948129462143926
-4.92830352769579e-05
-0.000240633853065049
-0.002124572946774397
0.0002419745580586004
-0.001677446170104985
-0.001972890242327423
0.004002249182801182
0.001122889987925937
-0.0006646827366343435
0.006444461573762835
0.0001664400635966048
-0.0009773639288419202
-0.003159926327263306
0.006949438268069578
0.009949065354761037
0.005396542797828269
0.0003318072581894835
0.00436209886759377
-0.003259790497580136
-0.01378929872615746
0.001299753238701189
-0.0004328875274700536
-0.006709951873550806
0.01593956807629307
-0.001788048569011055
-0.01400332582614853
0.02224590219421033
0.001066032863954037
0.006009819030345647
0.008283014963368791
-0.0003824734431103999
-0.02680427013532344
0.003067456053276231
-0.008511794681780881
-0.03329569746771233
-0.01454781563704387
0.01052410769011921
16.12658534510936
0.005412254006670329

0.0001388528279879066
9.459033927650458e-05
0.0003184092597388589
0.0003094262600718858
-3.002082030779741e-05
3.373677097070503e-05
0.0001808426707679665
-6.960515324701125e-05
-5.48161836609427e-05
0.0001044471649879822
-0.0003199947921970496
-1.133580131603168e-07
6.973576091074324e-05
9.813683252407667e-05
-0.0002257806010312002
-2.841657303241071e-05
0.0006100977666762559
-0.0005707178035214693
-8.624699849227432e-05
-7.380816646262841e-05
0.0009551964532804047
-0.001600698397640603
0.00123223424488067
0.001211253852333029
5.917026909584553e-05
-0.00371618063576967
-0.0001371070205772168
0.0007343887973764735
0.0002094782839803288
0.003531955617037089
0.001526441202617898
-0.0007455649810535595
-4.595034240662473e-05
-0.001903021739187757
0.0006390076401568338
0.01015355505891245
0.002520247461602354
0.006636655451215678
0.009808613214763427
0.00365869535164417
-0.007346768726576179
-0.003434558609265792
-0.006548022618332383
0.001888940767972321
-0.001921583134564263
-0.008417545286863976
0.02659740884211463
0.004707847831186302
0.009201585810292174
0.0002819002440804614
-8.892116882541377e-05
0.0009372698632606272
0.03120724781371275
-0.01177740165748324
-0.00832874131235466
0.02514769716584675
0.008503288366304002
-0.01317753368406975
0.03282260296440614
-0.01555979884731905
-0.009650722190745541
0.0105245304337524
0.004484045417722323
17.29886679689255

